0.0,874.4119867349145
0.2,875.0220261408566
0.4,875.6104945956793
0.6,876.1775377648005
0.8,876.7233300729218
1.0,877.2480747103024
1.2,877.7520034420909
1.4,878.235376223893
1.6,878.6984806286005
1.8,879.1416310912715
2.0,879.56516798053
2.2,879.9694565064931
2.4,880.3548854766537
2.6,880.7218659124045
2.8,881.0708295399734
3.0,881.4022271704606
3.2,881.7165269843883
3.4,882.014212736708
3.6,882.2957818985549
3.8,882.5617437521848
4.0,882.8126174554861
4.2,883.048930092241
4.4,883.2712147239051
4.6,883.4800084581227
4.8,883.6758505484762
5.0,883.8592805391274
5.2,884.0308364670425
5.4,884.1910531334222
5.6,884.3404604548165
5.8,884.479581903177
6.0,884.608933042845
6.2,884.7290201711813
6.4,884.8403390682381
6.6,884.9433738595844
6.8,885.0385959951216
7.0,885.126463345492
7.2,885.2074194165021
7.4,885.281892680864
7.6,885.3502960255115
7.8,885.4130263117908
8.0,885.4704640449465
8.2,885.5229731485573
8.4,885.5709008388858
8.6,885.614577593543
8.8,885.6543172083824
9.0,885.6904169361651
9.2,885.7231577002625
9.4,885.7528043764748
9.6,885.7796061359466
9.8,885.8037968421521
10.0,885.825595494985
10.2,885.8452067151221
10.4,885.8628212620254
10.6,885.8786165792022
10.8,885.8927573606395
11.0,885.9053961326644
11.2,885.9166738458554
11.4,885.9267204720212
11.6,885.935655601672
11.8,885.9435890378319
12.0,885.9506213824633
12.2,885.9568446121988
12.4,885.9623426404909
12.6,885.9671918636978
12.8,885.9714616890114
13.0,885.9752150425077
13.2,885.9785088559497
13.4,885.9813945313035
13.6,885.9839183822293
13.8,885.9861220520893
14.0,885.9880429082683
14.2,885.9897144128222
14.4,885.9911664696799
14.6,885.9924257487888
14.8,885.9935159877494
15.0,885.9944582716109
15.2,885.9952712916026
15.4,885.9959715836592
15.6,885.9965737476649
15.8,885.9970906483862
16.0,885.9975335990945
16.2,885.9979125288971
16.4,885.9982361348007
16.6,885.9985120195197
16.8,885.9987468160341
17.0,885.9989462998672
17.2,885.9991154900324
17.4,885.9992587395557
17.6,885.9993798164423
17.8,885.9994819759146
18.0,885.9995680246983
18.2,885.9996403780923
18.4,885.9997011105077
18.6,885.9997520001127
18.8,885.9997945681779
19.0,885.9998301136652
19.2,885.9998597435667
19.4,885.9998843994491
19.6,885.9999048806271
19.8,885.9999218643447
20.0,885.9999359233118
20.2,885.9999475409052
20.4,885.9999571243183
20.6,885.999965015908
20.8,885.9999715029637
21.0,885.9999768261009
21.2,885.9999811864552
21.4,885.9999847518341
21.6,885.9999876619668
21.8,885.9999900329735
22.0,885.9999919611619
22.2,885.9999935262437
22.4,885.9999947940547
22.6,885.9999958188487
22.8,885.9999966452253
23.0,885.9999973097497
23.2,885.9999978423035
23.4,885.9999982672122
23.6,885.9999986041778
23.8,885.9999988690497
24.0,885.9999990744532
24.2,885.9999992302978
24.4,885.9999993441838
24.6,885.9999994217144
24.8,885.9999994667313
25.0,885.9999994814759
25.2,885.9999994666837
25.4,885.999999421616
25.6,885.999999344029
25.8,885.9999992300774
26.0,885.9999990741536
26.2,885.9999988686537
26.4,885.9999986036621
26.6,885.9999982665472
26.8,885.9999978414515
27.0,885.9999973086626
27.2,885.999996643843
27.4,885.9999958170956
27.6,885.9999947918366
27.8,885.9999935234424
28.0,885.9999919576306
28.2,885.9999900285299
28.4,885.9999876563843
28.6,885.9999847448327
28.8,885.9999811776883
29.0,885.999976815141
29.2,885.9999714892847
29.4,885.9999649988628
29.6,885.9999571031125
29.8,885.9999475145653
30.0,885.999935890647
30.2,885.9999218239011
30.4,885.9999048306314
30.6,885.9998843377435
30.8,885.9998596675293
31.0,885.9998300201155
31.2,885.9997944532639
31.4,885.9997518591781
31.6,885.9997009379321
31.8,885.999640167104
32.0,885.9995677671513
32.2,885.9994816620266
32.4,885.9993794344851
32.6,885.9992582754918
32.8,885.9991149270885
33.0,885.998945618034
33.2,885.9987459914817
33.4,885.9985110239146
33.6,885.9982349345113
33.8,885.9979110840684
34.0,885.997531862574
34.2,885.9970885644807
34.4,885.9965712507003
34.6,885.9959685963202
34.8,885.9952677230178
35.0,885.9944540151507
35.2,885.9935109184977
35.4,885.9924197206456
35.6,885.9911593120472
35.8,885.9897059268197
36.0,885.9880328624212
36.2,885.9861101774219
36.4,885.9839043666946
36.6,885.9813780134706
36.8,885.9784894178613
37.0,885.9751922016166
37.2,885.9714348890909
37.4,885.9671604646176
37.6,885.9623059067361
37.8,885.9568017000017
38.0,885.9505713254088
38.2,885.9435307307829
38.4,885.9355877828546
38.6,885.9266417030948
38.8,885.916582489783
39.0,885.9052903291863
39.2,885.8926349991417
39.4,885.8784752687582
39.6,885.8626582983806
39.8,885.8450190443759
40.0,885.825379673716
40.2,885.8035489937197
40.4,885.7793219026945
40.6,885.7524788675494
40.8,885.7227854347512
41.0,885.689991781255
41.2,885.6538323122279
41.4,885.6140253125301
41.6,885.5702726589755
41.8,885.5222596003892
42.0,885.469654612382
42.2,885.412109333578
42.4,885.3492585897613
42.6,885.2807205120258
42.8,885.206096754544
43.0,885.1249728169964
43.2,885.0369184760259
43.4,884.9414883293074
43.6,884.838222454959
43.8,884.726647188056
44.0,884.6062760149714
44.2,884.4766105851527
44.4,884.3371418387582
44.6,884.1873512473536
44.8,884.0267121635973
45.0,883.8546912745469
45.2,883.6707501519295
45.4,883.4743468914212
45.6,883.2649378317249
45.8,883.0419793430214
46.0,882.8049296732204
46.2,882.5532508393683
46.4,882.2864105506127
46.6,882.0038841482722
46.8,881.705156547852
47.0,881.389724167287
47.2,881.0570968252906
47.4,880.7067995934686
47.6,880.3383745858104
47.8,879.9513826693194
48.0,879.5454050798825
48.2,879.1200449280054
48.4,878.6749285797731
48.6,878.209706899292
48.8,877.7240563399657
49.0,877.2176798732053
49.2,876.6903077445853
49.4,876.1416980490023
49.6,875.571637118054
49.8,874.9799397146272
50.0,874.366449031519
