0.0,842.1260041651469
0.2,844.3947801039145
0.4,846.5244632785963
0.6,848.5134537764601
0.8,850.3625372945893
1.0,852.0747427144552
1.2,853.6551064141204
1.4,855.1103629874336
1.6,856.4485859611244
1.8,857.6788037332702
2.0,858.810615321139
2.2,859.8538278744113
2.4,860.8181337467486
2.6,861.7128398063481
2.8,862.5466562175031
3.0,863.3275467058068
3.2,864.0626377858907
3.4,864.7581808918828
3.6,865.4195589571472
3.8,866.051327742925
4.0,866.6572819964592
4.2,867.240537127329
4.4,867.803618284095
4.6,868.3485502460393
4.8,868.8769431958794
5.0,869.3900710318467
5.2,869.8889402870273
5.4,870.374348878207
5.6,870.846934779269
5.8,871.307215314463
6.0,871.7556181274539
6.2,872.1925050486825
6.4,872.618190105811
6.6,873.0329528467328
6.8,873.4370480118546
7.0,873.8307124335076
7.2,874.2141698779361
7.4,874.5876343939063
7.6,874.9513125996003
7.8,875.3054052293328
8.0,875.6501081736567
8.2,875.9856131785809
8.4,876.3121083188955
8.6,876.6297783237329
8.8,876.938804806374
9.0,877.2393664322734
9.2,877.5316390470808
9.4,877.815795778394
9.6,878.092007119769
9.8,878.3604410022227
10.0,878.6212628564136
10.2,878.8746356674533
10.4,879.120720023553
10.6,879.3596741592901
10.8,879.591653994028
11.0,879.8168131658894
11.2,880.0353030616135
11.4,880.2472728425829
11.6,880.4528694672898
11.8,880.6522377105016
12.0,880.8455201793727
12.2,881.032857326753
12.4,881.2143874619289
12.6,881.3902467590345
12.8,881.5605692633588
13.0,881.7254868957696
13.2,881.8851294554643
13.4,882.0396246212509
13.6,882.1890979515507
13.8,882.3336728833015
14.0,882.4734707299372
14.2,882.6086106785981
14.4,882.7392097867236
14.6,882.8653829781634
14.8,882.9872430389333
15.0,883.1049006127321
15.2,883.2184641963213
15.4,883.3280401348667
15.6,883.4337326173198
15.8,883.5356436719203
16.0,883.6338731618788
16.2,883.7285187813002
16.4,883.819676051395
16.6,883.9074383170173
16.8,883.9918967435636
17.0,884.0731403142601
17.2,884.1512558278525
17.4,884.2263278967192
17.6,884.2984389454094
17.8,884.3676692096134
18.0,884.4340967355607
18.2,884.4977973798425
18.4,884.5588448096464
18.6,884.6173105033924
18.8,884.6732637517532
19.0,884.7267716590392
19.2,884.7778991449288
19.4,884.8267089465204
19.6,884.8732616206788
19.8,884.9176155466535
20.0,884.9598269289387
20.2,884.9999498003473
20.4,885.0380360252699
20.6,885.0741353030877
20.8,885.1082951717124
21.0,885.140561011219
21.2,885.1709760475458
21.4,885.1995813562278
21.6,885.2264158661372
21.8,885.2515163632013
22.0,885.2749174940684
22.2,885.2966517696979
22.4,885.3167495688442
22.6,885.3352391414128
22.8,885.3521466116622
23.0,885.3674959812292
23.2,885.3813091319583
23.4,885.3936058285116
23.6,885.4044037207432
23.8,885.4137183458216
24.0,885.4215631300817
24.2,885.4279493905957
24.4,885.4328863364499
24.6,885.4363810697167
24.8,885.4384385861132
25.0,885.4390617753418
25.2,885.4382514211043
25.4,885.4360062007911
25.6,885.4323226848394
25.8,885.4271953357654
26.0,885.4206165068714
26.2,885.4125764406308
26.4,885.4030632667603
26.6,885.3920629999849
26.8,885.3795595375071
27.0,885.3655346561908
27.2,885.3499680094739
27.4,885.3328371240253
27.6,885.3141173961616
27.8,885.2937820880421
28.0,885.2718023236637
28.2,885.2481470846731
28.4,885.222783206023
28.6,885.195675371493
28.8,885.1667861091024
29.0,885.1360757864387
29.2,885.1035026059315
29.4,885.0690226000972
29.6,885.0325896267854
29.8,884.9941553644534
30.0,884.9536693075023
30.2,884.9110787617008
30.4,884.8663288397295
30.6,884.8193624568748
30.8,884.7701203269011
31.0,884.7185409581336
31.2,884.6645606497773
31.4,884.6081134885013
31.6,884.5491313453161
31.8,884.4875438727665
32.0,884.4232785024662
32.2,884.3562604429956
32.4,884.2864126781782
32.6,884.213655965759
32.8,884.1379088364923
33.0,884.0590875936522
33.2,883.9771063129726
33.4,883.8918768430178
33.6,883.803308805983
33.8,883.7113095989152
34.0,883.6157843953472
34.2,883.5166361473193
34.4,883.4137655877696
34.6,883.3070712332584
34.8,883.19644938699
35.0,883.0817941420819
35.2,882.9629973850314
35.4,882.8399487993104
35.6,882.7125358690209
35.8,882.5806438825256
36.0,882.444155935962
36.2,882.3029529365391
36.4,882.1569136055011
36.6,882.0059144806365
36.8,881.8498299181967
37.0,881.6885320940787
37.2,881.5218910041145
37.4,881.3497744632996
37.6,881.1720481037827
37.8,880.9885753714268
38.0,880.799217520744
38.2,880.6038336079956
38.4,880.4022804822395
38.6,880.1944127741044
38.8,879.9800828820564
39.0,879.7591409559226
39.2,879.5314348774305
39.4,879.2968102375139
39.6,879.0551103101337
39.8,878.8061760223467
40.0,878.5498459203379
40.2,878.2859561310954
40.4,878.014340319329
40.6,877.7348296391043
40.8,877.447252679423
41.0,877.1514354025463
41.2,876.8472010731384
41.4,876.5343701750652
41.6,876.2127603106637
41.8,875.8821860740313
42.0,875.5424588847185
42.2,875.1933867602366
42.4,874.8347739937027
42.6,874.4664206850583
42.8,874.0881220484096
43.0,873.699667381482
43.2,873.3008385328953
43.4,872.8914076357033
43.6,872.4711337884268
43.8,872.039758255635
44.0,871.5969976288927
44.2,871.1425342387913
44.4,870.6760029477813
44.6,870.1969732960558
44.8,869.7049258411275
45.0,869.1992214571234
45.2,868.6790623819182
45.4,868.143443965476
45.6,867.5910964303205
45.8,867.0204165502512
46.0,866.4293900188047
46.2,865.8155064234747
46.4,865.1756701391533
46.6,864.5061120331367
46.8,863.8023085109248
47.0,863.0589159514831
47.2,862.2697297635867
47.4,861.4276778975125
47.6,860.5248584288075
47.8,859.552629594136
48.0,858.5017582855801
48.2,857.3626295008436
48.4,856.1255147514081
48.6,854.7808922556388
48.8,853.3198063416837
49.0,851.7342484165184
49.2,850.0175377304472
49.4,848.1646775575811
49.6,846.1726617837616
49.8,844.0407085132146
50.0,841.7704011945916
