0.0,780.6580178263982
0.2,782.5731920443684
0.4,784.4737125835319
0.6,786.3610705279771
0.8,788.2364365943234
1.0,790.1006646491645
1.2,791.9543010671565
1.4,793.7975995139682
1.6,795.6305405865986
1.8,797.4528556174704
2.0,799.2640538525842
2.2,801.06345215069
2.4,802.8502063209978
2.6,804.6233432208627
2.8,806.3817927700358
3.0,808.1244191010273
3.2,809.8500501513338
3.4,811.5575051074455
3.6,813.245619226933
3.8,814.9132656876687
4.0,816.559374236772
4.2,818.1829465310218
4.4,819.7830681708635
4.6,821.3589175281905
4.8,822.9097715511999
5.0,824.4350087962412
5.2,825.934109985994
5.4,827.4066564257895
5.6,828.8523266263637
5.8,830.2708914833828
6.0,831.6622083536864
6.2,833.0262143476548
6.4,834.3629191287687
6.6,835.6723974776993
6.8,836.9547818413225
7.0,838.2102550489404
7.2,839.4390433403779
7.4,840.6414098149233
7.6,841.8176483773276
7.8,842.9680782279925
8.0,844.0930389194983
8.2,845.1928859808919
8.4,846.2679870946187
8.6,847.3187187984202
8.8,848.3454636755506
9.0,849.3486079908837
9.2,850.328539727377
9.4,851.2856469764761
9.6,852.220316636872
9.8,853.1329333781648
10.0,854.0238788290229
10.2,854.8935309530398
10.4,855.7422635794017
10.6,856.5704460594585
10.8,857.3784430241942
11.0,858.1666142212657
11.2,858.935314413686
11.4,859.6848933252778
11.6,860.4156956207278
11.8,861.1280609104201
12.0,861.8223237722317
12.2,862.4988137841614
12.4,863.1578555630691
12.6,863.7997688059535
12.8,864.4248683311225
13.0,865.0334641173672
13.2,865.6258613398232
13.4,866.2023604016748
13.6,866.7632569612007
13.8,867.3088419539296
14.0,867.8394016098705
14.2,868.3552174659288
14.4,868.8565663737159
14.6,869.3437205030349
14.8,869.8169473413643
15.0,870.2765096896885
15.2,870.722665655036
15.4,871.155668640086
15.6,871.5757673301952
15.8,871.9832056781881
16.0,872.3782228872361
16.2,872.7610533921323
16.4,873.131926839249
16.6,873.4910680654444
16.8,873.8386970761665
17.0,874.1750290229751
17.2,874.5002741806908
17.4,874.8146379243515
17.6,875.118320706146
17.8,875.4115180324698
18.0,875.6944204412331
18.2,875.9672134795373
18.4,876.2300776818178
18.6,876.4831885485356
18.8,876.7267165254933
19.0,876.9608269838305
19.2,877.18568020075
19.4,877.4014313410099
19.6,877.6082304392125
19.8,877.8062223829069
20.0,877.99554689652
20.2,878.1763385261205
20.4,878.3487266250158
20.6,878.5128353401742
20.8,878.6687835994644
21.0,878.8166850996953
21.2,878.9566482954407
21.4,879.0887763886265
21.6,879.2131673188576
21.8,879.3299137544615
22.0,879.4391030842205
22.2,879.5408174097676
22.4,879.6351335386172
22.6,879.7221229778057
22.8,879.8018519281127
23.0,879.8743812788365
23.2,879.9397666031012
23.4,879.9980581536669
23.6,880.0493008592227
23.8,880.0935343211406
24.0,880.1307928106693
24.2,880.1611052665513
24.4,880.1844952930481
24.6,880.2009811583569
24.8,880.2105757934113
25.0,880.2132867910557
25.2,880.2091164055845
25.4,880.1980615526478
25.6,880.1801138095154
25.8,880.155259415706
26.0,880.1234792739813
26.2,880.0847489517136
26.4,880.0390386826343
26.6,879.9863133689753
26.8,879.9265325840144
27.0,879.8596505750426
27.2,879.7856162667712
27.4,879.7043732651949
27.6,879.6158598619362
27.8,879.5200090390907
28.0,879.4167484746014
28.2,879.306000548183
28.4,879.187682347826
28.6,879.0617056769067
28.8,878.9279770619291
29.0,878.7863977609284
29.2,878.6368637725608
29.4,878.4792658459075
29.6,878.3134894910169
29.8,878.1394149902077
30.0,877.9569174101566
30.2,877.7658666147868
30.4,877.5661272789725
30.6,877.3575589030736
30.8,877.1400158283043
31.0,876.9133472529397
31.2,876.6773972493565
31.4,876.4320047818951
31.6,876.1770037255282
31.8,875.9122228853078
32.0,875.6374860165567
32.2,875.352611845758
32.4,875.0574140920871
32.6,874.75170148952
32.8,874.4352778094343
33.0,874.1079418836115
33.2,873.7694876275276
33.4,873.4197040638122
33.6,873.0583753457289
33.8,872.685280780521
34.0,872.3001948524444
34.2,871.9028872452895
34.4,871.4931228641757
34.6,871.070661856382
34.8,870.6352596309558
35.0,870.1866668768223
35.2,869.7246295790991
35.4,869.2488890332999
35.6,868.7591818570993
35.8,868.2552399993167
36.0,867.7367907457713
36.2,867.2035567216619
36.4,866.6552558901375
36.6,866.091601546747
36.8,865.5123023095042
37.0,864.9170621043692
37.2,864.3055801460514
37.4,863.6775509141826
37.6,863.0326641250989
37.8,862.3706046997447
38.0,861.6910527285493
38.2,860.9936834345926
38.4,860.2781671369512
38.6,859.5441692168583
38.8,858.7913500902363
39.0,858.0193651912997
39.2,857.227864973322
39.4,856.4164949343319
39.6,855.5848956774976
39.8,854.7327030182844
40.0,853.8595481531511
40.2,852.9650579075878
40.4,852.0488550846616
40.6,851.1105589388969
40.8,850.1497858041812
41.0,849.1661499083384
41.2,848.1592644108954
41.4,847.1287427041495
41.6,846.074200020664
41.8,844.9952553924336
42.0,843.8915340078021
42.2,842.762670011322
42.4,841.6083097886828
42.6,840.4281157730856
42.8,839.2217708005534
43.0,837.9889830291994
43.2,836.729491421062
43.4,835.4430717645549
43.6,834.1295431907816
43.8,832.7887751081047
44.0,831.4206944468575
44.2,830.025293070648
44.4,828.602635173377
44.6,827.152864443259
44.8,825.6762107384639
45.0,824.1729959855082
45.2,822.6436389833884
45.4,821.0886587760383
45.6,819.5086762453637
45.8,817.9044135791057
46.0,816.2766912841129
46.2,814.6264224477917
46.4,812.954603999523
46.6,811.2623047898994
46.8,809.5506503880987
47.0,807.8208045949808
47.2,806.073947779005
47.4,804.311252260295
47.6,802.5338550907418
47.8,800.7428286998525
48.0,798.9391499915389
48.2,797.123668580413
48.4,795.2970749417256
48.6,793.459869311576
48.8,791.612332208943
49.0,789.7544974550184
49.2,787.8861285361586
49.4,786.0066990939871
49.6,784.1153782308597
49.8,782.211021193828
50.0,780.2921658497658
