0.0,858.2804029048824
0.2,859.0511977485646
0.4,859.8059507020166
0.6,860.5448483046994
0.8,861.2680777591494
1.0,861.9758269144141
1.2,862.6682842472287
1.4,863.3456388409115
1.6,864.008080361964
1.8,864.655799034368
2.0,865.288985611582
2.2,865.9078313462437
2.4,866.5125279575944
2.6,867.1032675966502
2.8,867.6802428091468
3.0,868.2436464962998
3.2,868.7936718734215
3.4,869.3305124264479
3.6,869.8543618664304
3.8,870.3654140820624
4.0,870.8638630903058
4.2,871.349902985195
4.4,871.8237278849031
4.6,872.2855318771552
4.8,872.7355089630805
5.0,873.1738529996028
5.2,873.6007576404681
5.4,874.0164162760171
5.6,874.4210219718084
5.8,874.8147674062072
6.0,875.1978448070546
6.2,875.570445887532
6.4,875.9327617813435
6.6,876.2849829773368
6.8,876.6272992536827
7.0,876.9598996117411
7.2,877.2829722097326
7.4,877.5967042963438
7.6,877.9012821443874
7.8,878.1968909846431
8.0,878.4837149399962
8.2,878.7619369600015
8.4,879.0317387559857
8.6,879.2933007368076
8.8,879.5468019453907
9.0,879.7924199961388
9.2,880.0303310133423
9.4,880.2607095706834
9.6,880.4837286319371
9.8,880.6995594929697
10.0,880.9083717251249
10.2,881.1103331200883
10.4,881.3056096363129
10.6,881.4943653470859
10.8,881.6767623903118
11.0,881.8529609200776
11.2,882.0231190600687
11.4,882.1873928588899
11.6,882.3459362473459
11.8,882.4989009977287
12.0,882.6464366851518
12.2,882.788690650969
12.4,882.9258079683062
12.6,883.0579314097308
12.8,883.185201417077
13.0,883.3077560734398
13.2,883.4257310773444
13.4,883.5392597190922
13.6,883.6484728592804
13.8,883.7534989094825
14.0,883.8544638150775
14.2,883.9514910402065
14.4,884.0447015548309
14.6,884.1342138238616
14.8,884.2201437983248
15.0,884.3026049085236
15.2,884.3817080591523
15.4,884.4575616263136
15.6,884.5302714563862
15.8,884.599940866688
16.0,884.6666706478711
16.2,884.7305590679903
16.4,884.791701878173
16.6,884.850192319824
16.8,884.906121133293
17.0,884.9595765679269
17.2,885.0106443934321
17.4,885.0594079124688
17.6,885.1059479743913
17.8,885.150342990057
18.0,885.1926689476174
18.2,885.2329994292076
18.4,885.2714056284459
18.6,885.3079563686605
18.8,885.3427181217545
19.0,885.3757550276227
19.2,885.4071289140337
19.4,885.4368993168898
19.6,885.465123500781
19.8,885.491856479745
20.0,885.517151038151
20.2,885.5410577516227
20.4,885.5636250079206
20.6,885.5848990277
20.8,885.6049238850702
21.0,885.6237415278746
21.2,885.6413917976181
21.4,885.6579124489706
21.6,885.673339168774
21.8,885.6877055944866
22.0,885.7010433319999
22.2,885.7133819727634
22.4,885.724749110161
22.6,885.7351703550802
22.8,885.7446693506205
23.0,885.7532677858941
23.2,885.7609854088676
23.4,885.7678400382035
23.6,885.7738475740633
23.8,885.7790220078313
24.0,885.7833754307301
24.2,885.7869180412977
24.4,885.7896581516987
24.6,885.7916021928512
24.8,885.7927547183492
25.0,885.7931184071672
25.2,885.7926940651365
25.4,885.791480625188
25.6,885.7894751463575
25.8,885.7866728115563
26.0,885.7830669241121
26.2,885.7786489030885
26.4,885.7734082773987
26.6,885.7673326787276
26.8,885.760407833284
27.0,885.7526175524101
27.2,885.7439437220717
27.4,885.7343662912654
27.6,885.7238632593759
27.8,885.712410662525
28.0,885.6999825589517
28.2,885.686551013472
28.4,885.672086081068
28.6,885.6565557896563
28.8,885.6399261220953
29.0,885.6221609974867
29.2,885.6032222518352
29.4,885.5830696181295
29.6,885.5616607059127
29.8,885.5389509804121
30.0,885.5148937412988
30.2,885.489440101153
30.4,885.4625389637108
30.6,885.4341370019706
30.8,885.404178636239
31.0,885.3726060121988
31.2,885.3393589790811
31.4,885.3043750680248
31.6,885.2675894707104
31.8,885.2289350183531
32.0,885.1883421611412
32.2,885.145738948208
32.4,885.1010510082212
32.6,885.0542015306819
32.8,885.0051112480127
33.0,884.9536984185278
33.2,884.8998788103656
33.4,884.8435656864708
33.6,884.7846697907072
33.8,884.723099335183
34.0,884.6587599888705
34.2,884.5915548675952
34.4,884.5213845254711
34.6,884.4481469478565
34.8,884.3717375458982
35.0,884.2920491527353
35.2,884.208972021424
35.4,884.1223938246459
35.6,884.0321996562578
35.8,883.9382720347362
36.0,883.8404909085657
36.2,883.7387336636185
36.4,883.632875132565
36.6,883.5227876063527
36.8,883.4083408477852
37.0,883.2894021072287
37.2,883.1658361404671
37.4,883.0375052287243
37.6,882.9042692008622
37.8,882.7659854577648
38.0,882.6225089989053
38.2,882.4736924510929
38.4,882.3193860993887
38.6,882.1594379201747
38.8,881.9936936163522
39.0,881.8219966546445
39.2,881.6441883049688
39.4,881.4601076818375
39.6,881.2695917877468
39.8,881.0724755584991
40.0,880.8685919104059
40.2,880.6577717893072
40.4,880.4398442213438
40.6,880.2146363654092
40.8,879.9819735672035
41.0,879.7416794148082
41.2,879.493575795699
41.4,879.2374829550989
41.6,878.9732195555848
41.8,878.700602737842
42.0,878.419448182469
42.2,878.1295701727239
42.4,877.8307816581053
42.6,877.522894318653
42.8,877.2057186298595
43.0,876.8790639280692
43.2,876.5427384762532
43.4,876.1965495300361
43.6,875.8403034038554
43.8,875.4738055371324
44.0,875.0968605603333
44.2,874.7092723607961
44.4,874.3108441482054
44.6,873.9013785195926
44.8,873.4806775237435
45.0,873.0485427248932
45.2,872.6047752655976
45.4,872.1491759286621
45.6,871.6815451980226
45.8,871.2016833184674
46.0,870.7093903540996
46.2,870.2044662454375
46.4,869.6867108650586
46.6,869.1559240716955
46.8,868.6119057626992
47.0,868.0544559247863
47.2,867.4833746829963
47.4,866.8984623477886
47.6,866.2995194602164
47.8,865.6863468351182
48.0,865.0587456022788
48.2,864.4165172455123
48.4,863.7594636396327
48.6,863.0873870852797
48.8,862.4000903415774
49.0,861.6973766566098
49.2,860.9790497957042
49.4,860.244914067522
49.6,859.4947743479618
49.8,858.7284361018902
50.0,857.9457054027189
