0.0,492.26996893909745
0.2,498.1345105070185
0.4,503.9365821077139
0.6,509.6749690844738
0.8,515.3487691456434
1.0,520.9573562578763
1.2,526.5003352831427
1.4,531.9774939562146
1.6,537.3887577841363
1.8,542.7341515842952
2.0,548.0137693206391
2.2,553.2277521801332
2.4,558.3762737275443
2.6,563.459530502492
2.8,568.4777364267907
3.0,573.4311196644356
3.2,578.3199209404605
3.4,583.1443926625018
3.6,587.904798448844
3.8,592.6014128423137
4.0,597.2345210961777
4.2,601.8044189775563
4.4,606.3114125642674
4.6,610.7558180254894
4.8,615.1379613830637
5.0,619.4581782529399
5.2,623.7168135673335
5.4,627.9142212785749
5.6,632.050764045787
5.8,636.1268129055968
6.0,640.1427469281209
6.2,644.0989528594812
6.4,647.9958247521246
6.6,651.8337635842195
6.8,655.613176869409
7.0,659.3344782581927
7.2,662.9980871322016
7.4,666.6044281926155
7.6,670.1539310439583
7.8,673.6470297744778
8.0,677.0841625342952
8.2,680.4657711124768
8.4,683.7923005141483
8.6,687.0641985387308
8.8,690.2819153603402
9.0,693.445903111348
9.2,696.5566154700527
9.4,699.6145072533662
9.6,702.6200340153654
9.8,705.5736516525092
10.0,708.4758160162678
10.2,711.3269825338535
10.4,714.1276058376901
10.6,716.878139404198
10.8,719.5790352024194
11.0,722.2307433529483
11.2,724.8337117975749
11.4,727.3883859799986
11.6,729.8952085379067
11.8,732.3546190066667
12.0,734.76705353482
12.2,737.1329446115213
12.4,739.452720806011
12.6,741.726806519166
12.8,743.9556217471244
13.0,746.1395818569373
13.2,748.2790973741597
13.4,750.3745737822514
13.6,752.426411333625
13.8,754.4350048721398
14.0,756.4007436668134
14.2,758.32401125649
14.4,760.2051853051798
14.6,762.0446374677587
14.8,763.8427332657
15.0,765.5998319724878
15.2,767.3162865083457
15.4,768.9924433439056
15.6,770.6286424124254
15.8,772.225217030161
16.0,773.7824938244889
16.2,775.3007926693714
16.4,776.7804266277595
16.6,778.2217019005249
16.8,779.6249177815166
17.0,780.9903666183418
17.2,782.3183337784777
17.4,783.6090976203278
17.6,784.8629294688442
17.8,786.0800935953505
18.0,787.2608472012085
18.2,788.4054404049871
18.4,789.5141162328033
18.6,790.5871106115186
18.8,791.6246523644926
19.0,792.626963209607
19.2,793.5942577592891
19.4,794.5267435222835
19.6,795.4246209069305
19.8,796.2880832257314
20.0,797.1173167009924
20.2,797.9125004713571
20.4,798.6738065990517
20.6,799.4014000776798
20.8,800.0954388404247
21.0,800.7560737685218
21.2,801.383448699884
21.4,801.9777004377731
21.6,802.5389587594219
21.8,803.067346424523
22.0,803.5629791835119
22.2,804.0259657855803
22.4,804.4564079863641
22.6,804.8544005552609
22.8,805.2200312823367
23.0,805.5533809847897
23.2,805.8545235129442
23.4,806.123525755752
23.6,806.3604476457848
23.8,806.5653421637041
24.0,806.7382553421966
24.2,806.879226269369
24.4,806.9882870915962
24.6,807.0654630158158
24.8,807.1107723112705
25.0,807.1242263106927
25.2,807.1058294109329
25.4,807.0555790730269
25.6,806.9734658217076
25.8,806.8594732443547
26.0,806.7135779893885
26.2,806.5357497641038
26.4,806.3259513319506
26.6,806.084138509258
26.8,805.810260161412
27.0,805.504258198487
27.2,805.1660675703407
27.4,804.795616261184
27.6,804.3928252836375
27.8,803.957608672291
28.0,803.489873476789
28.2,802.989519754469
28.4,802.4564405625842
28.6,801.8905219501482
28.8,801.2916429494514
29.0,800.6596755673007
29.2,799.9944847760465
29.4,799.2959285044717
29.6,798.5638576286235
29.8,797.7981159626843
30.0,796.9985402499894
30.2,796.1649601543078
30.4,795.2971982515211
30.6,794.3950700218472
30.8,793.4583838427667
31.0,792.4869409828317
31.2,791.4805355965445
31.4,790.4389547205152
31.6,789.3619782711182
31.8,788.2493790438892
32.0,787.1009227149119
32.2,785.9163678444696
32.4,784.6954658832426
32.6,783.4379611813553
32.8,782.1435910005869
33.0,780.8120855300747
33.2,779.4431679058545
33.4,778.0365542345933
33.6,776.5919536218796
33.8,775.1090682054516
34.0,773.5875931937472
34.2,772.0272169101717
34.4,770.4276208434824
34.6,768.7884797046959
34.8,767.1094614909247
35.0,765.3902275565509
35.2,763.6304326921442
35.4,761.8297252115264
35.6,759.9877470473809
35.8,758.1041338557953
36.0,756.1785151301146
36.2,754.2105143244718
36.4,752.1997489873448
36.6,750.1458309054708
36.8,748.0483662584268
37.0,745.906955784165
37.2,743.7211949557636
37.4,741.4906741696195
37.6,739.2149789452883
37.8,736.8936901371336
38.0,734.5263841579138
38.2,732.1126332143978
38.4,729.6520055550554
38.6,727.1440657298276
38.8,724.5883748619335
39.0,721.9844909316253
39.2,719.3319690717514
39.4,716.630361874936
39.6,713.8792197121315
39.8,711.0780910622476
40.0,708.2265228525027
40.2,705.3240608090898
40.4,702.3702498176915
40.6,699.3646342933251
40.8,696.3067585589365
41.0,693.1961672321111
41.2,690.0324056192127
41.4,686.8150201162026
41.6,683.5435586153443
41.8,680.2175709169395
42.0,676.8366091451984
42.2,673.4002281672908
42.4,669.9079860145854
42.6,666.3594443050359
42.8,662.7541686656348
43.0,659.091729153818
43.2,655.3717006766675
43.4,651.5936634067303
43.6,647.7572031932469
43.8,643.8619119675548
44.0,639.9073881414215
44.2,635.8932369970422
44.4,631.819071067431
44.6,627.6845105059296
44.8,623.4891834435593
45.0,619.2327263329458
45.2,614.9147842775608
45.4,610.5350113450412
45.6,606.0930708633846
45.8,601.5886356988799
46.0,597.0213885148005
46.2,592.3910220102881
46.4,587.6972391399253
46.6,582.939753317178
46.8,578.1182886113212
47.0,573.2325799619304
47.2,568.2823734654339
47.4,563.267426847569
47.6,558.1875103423806
47.8,553.0424083739956
48.0,547.8319226973513
48.2,542.5558779916684
48.4,537.2141312643457
48.6,531.8065866972889
48.8,526.3332175717757
49.0,520.794096433806
49.2,515.1894335578676
49.4,509.51962204956146
49.6,503.7852858704205
49.8,497.98732520331976
50.0,492.12695256162027
