0.0,778.3023672558015
0.2,780.8102057056293
0.4,783.2657446717019
0.6,785.6700638973737
0.8,788.0242247293877
1.0,790.3292692917769
1.2,792.5862197523222
1.4,794.7960776838007
1.6,796.959823521422
1.8,799.0784161170116
2.0,801.1527923896828
2.2,803.1838670719359
2.4,805.1725325493643
2.6,807.1196587914169
2.8,809.0260933700007
3.0,810.8926615620823
3.2,812.7201665318976
3.4,814.5093895878936
3.6,816.2610905090999
3.8,817.9760079352961
4.0,819.6548598150614
4.2,821.298343905606
4.4,822.9071383181554
4.6,824.4819021026127
4.8,826.0232758652406
5.0,827.5318824131843
5.2,829.0083274198035
5.4,830.4532001049721
5.6,831.8670739247533
5.8,833.2505072651453
6.0,834.604044134914
6.2,835.9282148528861
6.4,837.2235367254524
6.6,838.490514710425
6.8,839.7296420638004
7.0,840.9414009663839
7.2,842.1262631276528
7.4,843.2846903646272
7.6,844.4171351539206
7.8,845.5240411555226
8.0,846.605843707221
8.2,847.6629702889264
8.4,848.6958409564667
8.6,849.7048687447253
8.8,850.6904600402605
9.0,851.6530149237836
9.2,852.5929274830914
9.4,853.5105860972345
9.6,854.4063736928612
9.8,855.2806679738155
10.0,856.1338416251735
10.2,856.9662624929928
10.4,857.7782937411093
10.6,858.5702939863653
10.8,859.3426174136722
11.0,860.0956138723265
11.2,860.8296289549859
11.4,861.5450040606978
11.6,862.2420764433384
11.8,862.9211792467835
12.0,863.5826415280827
12.2,864.2267882698567
12.4,864.8539403830746
12.6,865.4644147013114
12.8,866.0585239675136
13.0,866.6365768142425
13.2,867.1988777382911
13.4,867.7457270705092
13.6,868.2774209416041
13.8,868.7942512446194
14.0,869.296505594737
14.2,869.784467286984
14.4,870.2584152523733
14.6,870.718624012952
14.8,871.165363636181
15.0,871.5988996890266
15.2,872.0194931920922
15.4,872.427400574089
15.6,872.8228736268974
15.8,873.2061594614415
16.0,873.5775004645665
16.2,873.9371342570778
16.4,874.2852936530776
16.6,874.6222066207079
16.8,874.9480962443878
17.0,875.2631806886154
17.2,875.5676731633844
17.4,875.8617818912504
17.6,876.145710076069
17.8,876.419655873413
18.0,876.6838123626674
18.2,876.9383675207886
18.4,877.1835041977066
18.6,877.4194000933405
18.8,877.6462277361925
19.0,877.8641544634776
19.2,878.0733424027427
19.4,878.273948454923
19.6,878.4661242787827
19.8,878.6500162766802
20.0,878.8257655815987
20.2,878.9935080453806
20.4,879.1533742280993
20.6,879.3054893885084
20.8,879.4499734754992
21.0,879.5869411205035
21.2,879.7165016307762
21.4,879.8387589834931
21.6,879.9538118206011
21.8,880.0617534443578
22.0,880.1626718135002
22.2,880.2566495399836
22.4,880.3437638862338
22.6,880.4240867628573
22.8,880.4976847267583
23.0,880.5646189796113
23.2,880.6249453666458
23.4,880.6787143756952
23.6,880.7259711364735
23.8,880.7667554200401
24.0,880.8011016384211
24.2,880.8290388443558
24.4,880.8505907311433
24.6,880.8657756325664
24.8,880.8746065228739
25.0,880.8770910168088
25.2,880.8732313696695
25.4,880.8630244773994
25.6,880.846461876703
25.8,880.8235297451872
26.0,880.7942089015393
26.2,880.7584748057454
26.4,880.7162975593682
26.6,880.6676419058994
26.8,880.6124672312096
27.0,880.5507275641223
27.2,880.4823715771383
27.4,880.4073425873476
27.6,880.3255785575631
27.8,880.2370120977164
28.0,880.1415704665593
28.2,880.0391755737169
28.4,879.9297439821412
28.6,879.8131869110194
28.8,879.6894102391865
29.0,879.5583145091043
29.2,879.4197949314612
29.4,879.2737413904553
29.6,879.1200384498234
29.8,878.9585653596757
30.0,878.7891960642055
30.2,878.6117992103332
30.4,878.426238157354
30.6,878.232370987651
30.8,878.0300505185412
31.0,877.8191243153134
31.2,877.5994347055259
31.4,877.3708187946194
31.6,877.1331084829053
31.8,876.8861304839842
32.0,876.6297063446459
32.2,876.3636524662979
32.4,876.0877801279656
32.6,875.8018955108995
32.8,875.5057997248203
33.0,875.1992888358251
33.2,874.8821538959664
33.4,874.5541809745115
33.6,874.2151511908712
33.8,873.864840749183
34.0,873.5030209745147
34.2,873.1294583506372
34.4,872.7439145593064
34.6,872.3461465209666
34.8,871.9359064367686
35.0,871.5129418317779
35.2,871.0769955992157
35.4,870.6278060455501
35.6,870.1651069362256
35.8,869.6886275417836
36.0,869.1980926840899
36.2,868.6932227823473
36.4,868.1737338985284
36.6,867.6393377818167
36.8,867.0897419115988
37.0,866.5246495384947
37.2,865.9437597228633
37.4,865.3467673701582
37.6,864.7333632624553
37.8,864.1032340854052
38.0,863.4560624498057
38.2,862.7915269069248
38.4,862.1093019566354
38.6,861.4090580473643
38.8,860.6904615667933
39.0,859.9531748221856
39.2,859.196856009162
39.4,858.4211591676877
39.6,857.6257341239955
39.8,856.8102264171231
40.0,855.9742772087184
40.2,855.1175231747455
40.4,854.2395963777163
40.6,853.3401241180868
40.8,852.4187287634716
41.0,851.4750275543836
41.2,850.5086323852579
41.4,849.5191495596073
41.6,848.5061795182615
41.8,847.4693165397704
42.0,846.4081484122073
42.2,845.3222560757874
42.4,844.2112132359267
42.6,843.0745859465926
42.8,841.9119321640648
43.0,840.722801271501
43.2,839.5067335750172
43.4,838.2632597723158
43.6,836.9919003952507
43.8,835.6921652280822
44.0,834.3635527035552
44.2,833.0055492793267
44.4,831.6176287976635
44.6,830.1992518317265
44.8,828.7498650221498
45.0,827.2689004080062
45.2,825.7557747566108
45.4,824.2098888969606
45.6,822.6306270619198
45.8,821.0173562445367
46.0,819.3694255741201
46.2,817.6861657178872
46.4,815.9668883141387
46.6,814.2108854429918
46.8,812.4174291407226
47.0,810.5857709637215
47.2,808.7151416079479
47.4,806.8047505895833
47.6,804.8537859923256
47.8,802.8614142864336
48.0,800.8267802242309
48.2,798.7490068163123
48.4,796.6271953921563
48.6,794.4604257482596
48.8,792.2477563862557
49.0,789.9882248427849
49.2,787.6808481121493
49.4,785.3246231620112
49.6,782.9185275416087
49.8,780.4615200811519
50.0,777.95254168026
