0.0,755.9364682490722
0.2,758.6225235866049
0.4,761.2517872164805
0.6,763.8257875238496
0.8,766.3460152069044
1.0,768.8139221619717
1.2,771.2309205499179
1.4,773.5983820446414
1.6,775.9176372627383
1.8,778.1899753717852
2.0,780.4166438731289
2.2,782.5988485536152
2.4,784.7377535993514
2.6,786.8344818633993
2.8,788.890115278244
3.0,790.9056954029953
3.2,792.8822240945502
3.4,794.8206642913949
3.6,796.7219408983316
3.8,798.5869417602006
4.0,800.4165187126031
4.2,802.2114886977197
4.4,803.9726349335529
4.6,805.7007081252716
4.8,807.3964277078112
5.0,809.0604831094425
5.2,810.6935350266748
5.4,812.296216701564
5.6,813.8691351932611
5.8,815.4128726364224
6.0,816.9279874799159
6.2,818.4150157000631
6.4,819.874471983464
6.6,821.3068508752244
6.8,822.7126278891599
7.0,824.0922605772495
7.2,825.4461895562858
7.4,826.7748394902632
7.6,828.0786200276099
7.8,829.3579266928632
8.0,830.6131417328205
8.2,831.8446349175834
8.4,833.0527642972351
8.6,834.2378769151536
8.8,835.4003094791893
9.0,836.5403889921001
9.2,837.6584333427639
9.4,838.7547518597804
9.6,839.8296458291211
9.8,840.8834089775162
10.0,841.916327923259
10.2,842.9286825960911
10.4,843.9207466277851
10.6,844.8927877149936
10.8,845.8450679558659
11.0,846.7778441618661
11.2,847.6913681461489
11.4,848.5858869897758
11.6,849.4616432869766
11.8,850.3188753705867
12.0,851.1578175187191
12.2,851.9787001436619
12.4,852.7817499639293
12.6,853.5671901603356
12.8,854.335240516907
13.0,855.0861175474007
13.2,855.8200346081555
13.4,856.537201997962
13.6,857.237827045604
13.8,857.9221141856987
14.0,858.5902650234318
14.2,859.2424783887664
14.4,859.8789503806813
14.6,860.4998744019824
14.8,861.1054411852106
15.0,861.6958388101611
15.2,862.2712527135146
15.4,862.8318656910706
15.6,863.3778578930621
15.8,863.9094068130247
16.0,864.4266872706754
16.2,864.9298713892553
16.4,865.4191285677748
16.6,865.8946254485927
16.8,866.3565258807449
17.0,866.8049908794359
17.2,867.2401785820847
17.4,867.662244201313
17.6,868.0713399752447
17.8,868.4676151154778
18.0,868.8512157530723
18.2,869.2222848828872
18.4,869.5809623065826
18.6,869.9273845745925
18.8,870.2616849273544
19.0,870.5839932360726
19.2,870.8944359432744
19.4,871.1931360034041
19.6,871.4802128236864
19.8,871.7557822054764
20.0,872.0199562862983
20.2,872.2728434827643
20.4,872.5145484345464
20.6,872.745171949569
20.8,872.9648109505683
21.0,873.1735584231612
21.2,873.3715033655492
21.4,873.558730739974
21.6,873.7353214260328
21.8,873.9013521759464
22.0,874.0568955718711
22.2,874.2020199853287
22.4,874.3367895388293
22.6,874.4612640697475
22.8,874.5754990965071
23.0,874.679545787127
23.2,874.7734509301685
23.4,874.8572569081243
23.6,874.9310016732826
23.8,874.9947187260933
24.0,875.0484370960645
24.2,875.0921813252055
24.4,875.1259714540381
24.6,875.1498230101898
24.8,875.1637469995785
25.0,875.1677499001996
25.2,875.1618336585226
25.4,875.1459956885001
25.6,875.1202288731911
25.8,875.0845215689993
26.0,875.0388576125238
26.2,874.9832163300148
26.4,874.917572549431
26.6,874.8418966150858
26.8,874.7561544048685
27.0,874.6603073500283
27.2,874.5543124574983
27.4,874.4381223347382
27.6,874.3116852170676
27.8,874.1749449974599
28.0,874.0278412587588
28.2,873.8703093082764
28.4,873.7022802147242
28.6,873.523680847425
28.8,873.3344339177429
29.0,873.134458022663
29.2,872.9236676904455
29.4,872.7019734282684
29.6,872.4692817717638
29.8,872.2254953363451
30.0,871.9705128702103
30.2,871.7042293088948
30.4,871.4265358312393
30.6,871.1373199166229
30.8,870.8364654032991
31.0,870.5238525476645
31.2,870.1993580842691
31.4,869.8628552863689
31.6,869.514214026808
31.8,869.1533008389974
32.0,868.7799789777511
32.2,868.3941084797182
32.4,867.995546223141
32.6,867.5841459866507
32.8,867.1597585067987
33.0,866.7222315340083
33.2,866.2714098866148
33.4,865.8071355026507
33.6,865.3292474890158
33.8,864.8375821676617
34.0,864.3319731184044
34.2,863.8122512179665
34.4,863.2782446748383
34.6,862.7297790595363
34.8,862.16667732982
35.0,861.5887598504238
35.2,860.9958444068421
35.4,860.3877462126964
35.6,859.7642779102016
35.8,859.1252495632335
36.0,858.4704686424858
36.2,857.7997400021916
36.4,857.1128658478654
36.6,856.4096456945024
36.8,855.6898763146547
37.0,854.9533516757746
37.2,854.1998628661883
37.4,853.429198009037
37.6,852.6411421634791
37.8,851.8354772124089
38.0,851.0119817359027
38.2,850.170430869545
38.4,849.3105961467344
38.6,848.432245323998
38.8,847.5351421882751
39.0,846.619046345047
39.2,845.683712986111
39.4,844.7288926357013
39.6,843.7543308735634
39.8,842.7597680334935
40.0,841.7449388757501
40.2,840.709572231643
40.4,839.6533906185089
40.6,838.5761098231851
40.8,837.4774384520113
41.0,836.3570774453118
41.2,835.2147195542601
41.4,834.0500487779819
41.6,832.8627397587554
41.8,831.6524571331778
42.0,830.4188548372326
42.2,829.1615753632875
42.4,827.8802489672046
42.6,826.5744928239425
42.8,825.2439101302916
43.0,823.8880891537019
43.2,822.5066022265536
43.4,821.0990046856756
43.6,819.6648337574462
43.8,818.2036073894059
44.0,816.7148230299856
44.2,815.1979563586876
44.4,813.6524599698573
44.6,812.0777620140416
44.8,810.4732648018353
45.0,808.8383433760614
45.2,807.1723440591024
45.4,805.4745829831837
45.6,803.7443446123908
45.8,801.9808802661634
46.0,800.1834066549293
46.2,798.3511044394093
46.4,796.4831168259067
46.6,794.5785482105888
46.8,792.6364628863371
47.0,790.6558838261814
47.2,788.6357915576156
47.4,786.5751231422082
47.6,784.4727712748554
47.8,782.3275835167586
48.0,780.1383616757568
48.2,777.9038613469721
48.4,775.622791625865
48.6,773.2938150047211
48.8,770.9155474623345
49.0,768.4865587552107
49.2,766.0053729169979
49.4,763.4704689711157
49.6,760.8802818596616
49.8,758.2332035897149
50.0,755.5275845961113
