0.0,860.9070599097071
0.2,861.6477702643435
0.4,862.372295064114
0.6,863.0808226005427
0.8,863.7735423056159
1.0,864.4506447410874
1.2,865.1123215838858
1.4,865.7587656075967
1.6,866.3901706600018
1.8,867.0067316366683
2.0,867.6086444506026
2.2,868.1961059979875
2.4,868.7693141200418
2.6,869.3284675610508
2.8,869.8737659226307
3.0,870.4054096143014
3.2,870.9235998004547
3.4,871.4285383438184
3.6,871.9204277455254
3.8,872.39947108191
4.0,872.8658719381627
4.2,873.3198343389873
4.4,873.7615626764083
4.6,874.1912616348922
4.8,874.6091361139478
5.0,875.015391148384
5.2,875.4102318264037
5.4,875.7938632057266
5.6,876.1664902279306
5.8,876.5283176312142
6.0,876.8795498617778
6.2,877.2203909840345
6.4,877.551044589853
6.6,877.8717137070477
6.8,878.1826007073214
7.0,878.4839072138752
7.2,878.7758340088942
7.4,879.0585809411174
7.6,879.3323468337009
7.8,879.5973293925771
8.0,879.8537251155111
8.2,880.1017292020532
8.4,880.3415354645779
8.6,880.5733362405994
8.8,880.7973223065432
9.0,881.0136827931519
9.2,881.2226051026918
9.4,881.4242748281242
9.6,881.6188756743942
9.8,881.8065893819845
10.0,881.9875956528707
10.2,882.162072079009
10.4,882.3301940734749
10.6,882.4921348043653
10.8,882.6480651315653
11.0,882.7981535464717
11.2,882.9425661147554
11.4,883.0814664222362
11.6,883.2150155239319
11.8,883.3433718963353
12.0,883.4666913929614
12.2,883.5851272031989
12.4,883.6988298144893
12.6,883.8079469778472
12.8,883.9126236767263
13.0,884.0130020992266
13.2,884.1092216136287
13.4,884.2014187472323
13.6,884.2897271684678
13.8,884.374277672241
14.0,884.4551981684623
14.2,884.5326136737074
14.4,884.6066463059428
14.6,884.6774152822501
14.8,884.7450369194687
15.0,884.8096246376766
15.2,884.8712889664196
15.4,884.9301375535928
15.6,884.9862751768776
15.8,885.0398037576267
16.0,885.090822377091
16.2,885.1394272948731
16.4,885.1857119694934
16.6,885.2297670809471
16.8,885.2716805551331
17.0,885.311537590025
17.2,885.3494206834634
17.4,885.3854096624382
17.6,885.4195817137304
17.8,885.452011415788
18.0,885.4827707716987
18.2,885.511929243135
18.4,885.5395537851365
18.6,885.5657088816012
18.8,885.5904565813565
19.0,885.6138565346816
19.2,885.6359660301536
19.4,885.6568400316927
19.6,885.6765312156858
19.8,885.6950900080618
20.0,885.7125646212055
20.2,885.7290010905919
20.4,885.7444433110262
20.6,885.758933072384
20.8,885.7725100947376
21.0,885.7852120627724
21.2,885.7970746593871
21.4,885.8081315983857
21.6,885.8184146561651
21.8,885.8279537023129
22.0,885.8367767290265
22.2,885.8449098792771
22.4,885.8523774736393
22.6,885.8592020357147
22.8,885.8654043160815
23.0,885.8710033147077
23.2,885.8760163017672
23.4,885.8804588368056
23.6,885.8843447862046
23.8,885.8876863389006
24.0,885.8904940203167
24.2,885.8927767044713
24.4,885.8945416242324
24.6,885.8957943796913
24.8,885.8965389446332
25.0,885.8967776710869
25.2,885.8965112919432
25.4,885.8957389216318
25.6,885.894458054856
25.8,885.892664563384
26.0,885.8903526909086
26.2,885.8875150459793
26.4,885.8841425930308
26.6,885.8802246415224
26.8,885.8757488332171
27.0,885.8707011276298
27.2,885.8650657856801
27.4,885.8588253515891
27.6,885.8519606330628
27.8,885.844450679815
28.0,885.8362727604786
28.2,885.8274023379661
28.4,885.8178130433424
28.6,885.8074766482731
28.8,885.7963630361239
29.0,885.7844401717841
29.2,885.7716740702946
29.4,885.7580287643643
29.6,885.7434662708637
29.8,885.727946556385
30.0,885.7114275019678
30.2,885.6938648670878
30.4,885.6752122530102
30.6,885.6554210656175
30.8,885.6344404778179
31.0,885.6122173916485
31.2,885.5886964001886
31.4,885.5638197494009
31.6,885.5375273000207
31.8,885.5097564896178
32.0,885.4804422949525
32.2,885.449517194756
32.4,885.4169111330604
32.6,885.3825514832071
32.8,885.346363012667
33.0,885.3082678487998
33.2,885.2681854456836
33.4,885.2260325521472
33.6,885.1817231811341
33.8,885.1351685805283
34.0,885.0862772055699
34.2,885.0349546929879
34.4,884.9811038369749
34.6,884.924624567127
34.8,884.8654139284687
35.0,884.803366063679
35.2,884.7383721976344
35.4,884.6703206243754
35.6,884.5990966966066
35.8,884.524582817825
36.0,884.4466584371789
36.2,884.3652000471416
36.4,884.2800811840891
36.6,884.1911724318572
36.8,884.0983414283507
37.0,884.0014528752683
37.2,883.9003685510019
37.4,883.7949473267594
37.6,883.6850451859526
37.8,883.5705152468836
38.0,883.4512077887542
38.2,883.3269702810171
38.4,883.197647416072
38.6,883.0630811453077
38.8,882.9231107184784
39.0,882.7775727263923
39.2,882.6263011468817
39.4,882.4691273940161
39.6,882.305880370507
39.8,882.1363865232447
40.0,881.9604699018973
40.2,881.7779522204931
40.4,881.5886529218974
40.6,881.3923892450845
40.8,881.1889762950974
41.0,880.9782271155794
41.2,880.7599527637494
41.4,880.5339623876874
41.6,880.3000633057902
41.8,880.0580610882403
42.0,879.807759640336
42.2,879.548961287513
42.4,879.2814668618871
42.6,879.0050757901396
42.8,878.7195861825597
43.0,878.4247949230572
43.2,878.1204977599486
43.4,877.8064893973224
43.6,877.4825635867787
43.8,877.1485132193432
44.0,876.8041304173462
44.2,876.4492066260632
44.4,876.0835327049052
44.6,875.7068990179565
44.8,875.3190955236483
45.0,874.9199118633665
45.2,874.509137448789
45.4,874.0865615477552
45.6,873.6519733684677
45.8,873.2051621418399
46.0,872.7459172017998
46.2,872.2740280633707
46.4,871.7892844983567
46.6,871.2914766084654
46.8,870.780394895709
47.0,870.255830329937
47.2,869.7175744133564
47.4,869.1654192419111
47.6,868.5991575634009
47.8,868.0185828322269
48.0,867.4234892606695
48.2,866.8136718666086
48.4,866.188926517614
48.6,865.5490499713421
48.8,864.8938399121909
49.0,864.2230949841752
49.2,863.53661482
49.4,862.8342000663206
49.6,862.115652405194
49.8,861.3807745717365
50.0,860.6293703680188
