0.0,761.5153334226212
0.2,764.0376918699757
0.4,766.5082085193876
0.6,768.9285633381713
0.8,771.3003624989909
1.0,773.625137431526
1.2,775.904344631142
1.4,778.1393661866967
1.6,780.3315109737731
1.8,782.4820164463274
2.0,784.5920509494276
2.2,786.6627164686628
2.4,788.6950517280144
2.6,790.6900355473986
2.8,792.6485903734851
3.0,794.5715859023979
3.2,796.4598427200516
3.4,798.3141358946655
3.6,800.1351984658737
3.8,801.9237247852855
4.0,803.6803736738668
4.2,805.4057713716442
4.4,807.1005142646582
4.6,808.7651713825138
4.8,810.4002866671179
5.0,812.006381019161
5.2,813.583954133565
5.4,815.1334861385261
5.6,816.6554390550273
5.8,818.1502580949065
6.0,819.6183728159015
6.2,821.060198151719
6.4,822.4761353342487
6.6,823.8665727237311
6.8,825.2318865611171
7.0,826.5724416551624
7.2,827.888592015067
7.4,829.1806814377828
7.6,830.4490440575297
7.8,831.694004863615
8.0,832.9158801913663
8.2,834.1149781898807
8.4,835.2915992693464
8.6,836.4460365299221
8.8,837.5785761735254
9.0,838.6894978993889
9.2,839.7790752838661
9.4,840.8475761446882
9.6,841.8952628896786
9.8,842.9223928498009
10.0,843.9292185963452
10.2,844.9159882420225
10.4,845.8829457257373
10.6,846.8303310808329
10.8,847.7583806866506
11.0,848.6673275032862
11.2,849.5574012895004
11.4,850.4288288037992
11.6,851.2818339887671
11.8,852.1166381388068
12.0,852.9334600515008
12.2,853.7325161628733
12.4,854.5140206668917
12.6,855.278185619599
12.8,856.0252210283176
13.0,856.7553349264152
13.2,857.4687334341551
13.4,858.1656208061956
13.6,858.8461994663307
13.8,859.5106700300845
14.0,860.1592313158011
14.2,860.792080344879
14.4,861.4094123318125
14.6,862.011420664712
14.8,862.5982968769717
15.0,863.1702306107587
15.2,863.7274095729867
15.4,864.2700194844331
15.6,864.7982440226452
15.8,865.3122647592695
16.0,865.8122610924172
16.2,866.2984101746654
16.4,866.770886837271
16.6,867.2298635111504
16.8,867.6755101451581
17.0,868.1079941221682
17.2,868.5274801734424
17.4,868.9341302917372
17.6,869.3281036435785
17.8,869.7095564811053
18.0,870.0786420538561
18.2,870.435510520845
18.4,870.7803088632495
18.6,871.1131807980036
18.8,871.4342666925648
19.0,871.7437034811034
19.2,872.0416245823296
19.4,872.3281598191603
19.6,872.6034353404001
19.8,872.8675735445912
20.0,873.120693006168
20.2,873.3629084040329
20.4,873.5943304526521
20.6,873.8150658357569
20.8,874.0252171427138
21.0,874.2248828076246
21.2,874.4141570511923
21.4,874.5931298253882
21.6,874.7618867609377
21.8,874.9205091176393
22.0,875.0690737375188
22.2,875.207653000818
22.4,875.336314784807
22.6,875.4551224254109
22.8,875.5641346816308
23.0,875.6634057027419
23.2,875.7529849982465
23.4,875.8329174105601
23.6,875.903243090407
23.8,875.9639974749027
24.0,876.0152112683023
24.2,876.0569104253925
24.4,876.0891161375118
24.6,876.1118448211773
24.8,876.1251081093101
25.0,876.1289128450443
25.2,876.1232610781138
25.4,876.1081500638116
25.6,876.0835722645214
25.8,876.0495153538219
26.0,876.0059622231724
26.2,875.9528909911865
26.4,875.8902750155064
26.6,875.8180829072936
26.8,875.7362785483535
27.0,875.6448211109126
27.2,875.5436650800727
27.4,875.4327602789626
27.6,875.3120518966131
27.8,875.1814805185792
28.0,875.0409821603344
28.2,874.8904883034569
28.4,874.7299259346329
28.6,874.5592175874916
28.8,874.3782813872891
29.0,874.1870310984494
29.2,873.985376174968
29.4,873.7732218136747
29.6,873.5504690103485
29.8,873.3170146186612
30.0,873.0727514119264
30.2,872.8175681476099
30.4,872.5513496345513
30.6,872.2739768028309
30.8,871.9853267762002
31.0,871.6852729469796
31.2,871.3736850533111
31.4,871.0504292586305
31.6,870.715368233209
31.8,870.3683612375912
32.0,870.0092642077324
32.2,869.637929841622
32.4,869.2542076871472
32.6,868.8579442309322
32.8,868.4489829878631
33.0,868.0271645909804
33.2,867.5923268813921
33.4,867.1443049978418
33.6,866.6829314655316
33.8,866.2080362837753
34.0,865.7194470120304
34.2,865.2169888538352
34.4,864.7004847381413
34.6,864.1697553975209
34.8,863.6246194426931
35.0,863.0648934327958
35.2,862.4903919408112
35.4,861.9009276135291
35.6,861.2963112254205
35.8,860.6763517257755
36.0,860.0408562784511
36.2,859.3896302935663
36.4,858.7224774504717
36.6,858.0391997113277
36.8,857.3395973246169
37.0,856.6234688179346
37.2,855.8906109793984
37.4,855.1408188270441
37.6,854.3738855655879
37.8,853.5896025299617
38.0,852.7877591150559
38.2,851.9681426911404
38.4,851.1305385044714
38.6,850.2747295626363
38.8,849.4004965042388
39.0,848.5076174525788
39.2,847.5958678530354
39.4,846.6650202939309
39.6,845.7148443107034
39.8,844.7451061732953
40.0,843.7555686567123
40.2,842.745990794781
40.4,841.7161276171815
40.6,840.6657298698763
40.8,839.5945437190887
41.0,838.5023104389916
41.2,837.3887660832444
41.4,836.2536411404587
41.6,835.0966601735619
41.8,833.9175414428483
42.0,832.7159965122573
42.2,831.4917298380549
42.4,830.2444383386282
42.6,828.9738109434837
42.8,827.6795281187688
43.0,826.3612613656896
43.2,825.018672687045
43.4,823.6514140157564
43.6,822.259126597719
43.8,820.8414403195557
44.0,819.3979729699482
44.2,817.9283294211947
44.4,816.4321007155648
44.6,814.9088630389923
44.8,813.3581765627728
45.0,811.7795841323742
45.2,810.1726097813789
45.4,808.5367570481525
45.6,806.8715070732728
45.8,805.1763164572461
46.0,803.4506148607788
46.2,801.693802334014
46.4,799.9052463668024
46.6,798.0842786592949
46.8,796.2301916209094
47.0,794.3422346158994
47.2,792.4196099851259
47.4,790.4614688858742
47.6,788.4669070042331
47.8,786.4349602071464
48.0,784.3646002131501
48.2,782.2547303713961
48.4,780.1041816471813
48.6,777.9117089182106
48.8,775.6759876887055
49.0,773.3956113277554
49.2,771.0690889337327
49.4,768.6948439180292
49.6,766.2712133889293
49.8,763.7964484004036
50.0,761.2687151114961
