0.0,880.6819597358754
0.2,881.2843485965939
0.4,881.8409456725011
0.6,882.3520816779588
0.8,882.8185134880516
1.0,883.2414013054452
1.2,883.6222751567482
1.4,883.9629923183709
1.6,884.2656876167574
1.8,884.5327187739632
2.0,884.7666090683713
2.2,884.9699895528748
2.4,885.1455429288314
2.6,885.295950930786
2.8,885.4238467571829
3.0,885.5317737122683
3.2,885.6221508313569
3.4,885.6972458716817
3.6,885.7591556871782
3.8,885.8097936863364
4.0,885.8508838108867
4.2,885.8839602771056
4.4,885.9103721930395
4.6,885.9312921011892
4.8,885.9477274905694
5.0,885.9605343651249
5.2,885.9704320362722
5.4,885.9780184142854
5.6,885.98378519527
5.8,885.9881324676417
6.0,885.99138238604
6.2,885.9937916751329
6.4,885.9955628263957
6.6,885.9968539351802
6.8,885.997787192306
7.0,885.9984560944441
7.2,885.9989314720757
7.4,885.9992664548323
7.6,885.9995005038941
7.8,885.9996626422587
8.0,885.9997740084218
8.2,885.9998498493959
8.4,885.9999010567965
8.6,885.9999353363477
8.8,885.9999580876807
9.0,885.9999730584458
9.2,885.9999828250362
9.4,885.9999891418859
9.6,885.9999931924327
9.8,885.9999957674472
10.0,885.9999973903631
10.2,885.9999984044159
10.4,885.9999990325774
10.6,885.9999994183457
10.8,885.999999653214
11.0,885.9999997949773
11.2,885.9999998798061
11.4,885.9999999301288
11.6,885.9999999597238
11.8,885.9999999769789
12.0,885.9999999869523
12.2,885.9999999926672
12.4,885.9999999959138
12.6,885.9999999977421
12.8,885.9999999987629
13.0,885.999999999328
13.2,885.9999999996379
13.4,885.9999999998065
13.6,885.9999999998975
13.8,885.9999999999461
14.0,885.999999999972
14.2,885.9999999999856
14.4,885.9999999999925
14.6,885.9999999999961
14.8,885.9999999999981
15.0,885.9999999999991
15.2,885.9999999999997
15.4,885.9999999999999
15.6,886.0
15.8,886.0
16.0,886.0
16.2,886.0
16.4,886.0
16.6,886.0
16.8,886.0
17.0,886.0
17.2,886.0
17.4,886.0
17.6,886.0
17.8,886.0
18.0,886.0
18.2,886.0
18.4,886.0
18.6,886.0
18.8,886.0
19.0,886.0
19.2,886.0
19.4,886.0
19.6,886.0
19.8,886.0
20.0,886.0
20.2,886.0
20.4,886.0
20.6,886.0
20.8,886.0
21.0,886.0
21.2,886.0
21.4,886.0
21.6,886.0
21.8,886.0
22.0,886.0
22.2,886.0
22.4,886.0
22.6,886.0
22.8,886.0
23.0,886.0
23.2,886.0
23.4,886.0
23.6,886.0
23.8,886.0
24.0,886.0
24.2,886.0
24.4,886.0
24.6,886.0
24.8,886.0
25.0,886.0
25.2,886.0
25.4,886.0
25.6,886.0
25.8,886.0
26.0,886.0
26.2,886.0
26.4,886.0
26.6,886.0
26.8,886.0
27.0,886.0
27.2,886.0
27.4,886.0
27.6,886.0
27.8,886.0
28.0,886.0
28.2,886.0
28.4,886.0
28.6,886.0
28.8,886.0
29.0,886.0
29.2,886.0
29.4,886.0
29.6,886.0
29.8,886.0
30.0,886.0
30.2,886.0
30.4,886.0
30.6,886.0
30.8,886.0
31.0,886.0
31.2,886.0
31.4,886.0
31.6,886.0
31.8,886.0
32.0,886.0
32.2,886.0
32.4,886.0
32.6,886.0
32.8,886.0
33.0,886.0
33.2,886.0
33.4,886.0
33.6,886.0
33.8,886.0
34.0,886.0
34.2,886.0
34.4,886.0
34.6,885.9999999999999
34.8,885.9999999999997
35.0,885.9999999999991
35.2,885.9999999999981
35.4,885.9999999999961
35.6,885.9999999999925
35.8,885.9999999999856
36.0,885.999999999972
36.2,885.9999999999461
36.4,885.9999999998975
36.6,885.9999999998065
36.8,885.9999999996379
37.0,885.9999999993279
37.2,885.9999999987627
37.4,885.9999999977418
37.6,885.9999999959134
37.8,885.9999999926667
38.0,885.9999999869514
38.2,885.9999999769772
38.4,885.9999999597211
38.6,885.9999999301239
38.8,885.9999998797977
39.0,885.9999997949623
39.2,885.9999996531877
39.4,885.9999994183004
39.6,885.9999990324997
39.8,885.9999984042837
40.0,885.9999973901397
40.2,885.9999957670731
40.4,885.9999931918114
40.6,885.9999891408615
40.8,885.9999828233608
41.0,885.9999730557266
41.2,885.999958083302
41.4,885.9999353293513
41.6,885.9999010457044
41.8,885.9998498319466
42.0,885.9997739811828
42.2,885.9996626000643
42.4,885.9995004390332
42.6,885.9992663558876
42.8,885.9989313222807
43.0,885.9984558693762
43.2,885.9977868566785
43.4,885.99685343842
43.6,885.9955620966034
43.8,885.9937906109079
44.0,885.9913808455151
44.2,885.9881302539078
44.4,885.9837820371796
44.6,885.9780139413974
44.8,885.9704257464481
45.0,885.9605255830005
45.2,885.9477153148189
45.4,885.9312753381647
45.6,885.9103492740309
45.8,885.8839291561189
46.0,885.8508418395078
46.2,885.8097374619527
46.4,885.7590808705709
46.6,885.6971469698294
46.8,885.6220209411991
47.0,885.5316042212079
47.2,885.4236269962672
47.4,885.2956677768267
47.6,885.1451803522065
47.8,884.9695281084097
48.0,884.7660253275324
48.2,884.531984697585
48.4,884.2647698686727
48.6,883.9618515215668
48.8,883.6208650950188
49.0,883.2396680748915
49.2,882.8163946041569
49.4,882.3495051452738
49.6,881.8378290251766
49.8,881.2805979190215
50.0,880.6774686735205
