0.0,862.6795892702468
0.2,863.4001239909592
0.4,864.1043243156118
0.6,864.7923788978129
0.8,865.4644780371187
1.0,866.1208136738932
1.2,866.7615793784481
1.4,867.386970334432
1.6,867.9971833164451
1.8,868.5924166618879
2.0,869.1728702370651
2.2,869.738745397592
2.4,870.2902449431662
2.6,870.8275730667943
2.8,871.3509352985737
3.0,871.8605384441574
3.2,872.3565905180423
3.4,872.8393006718426
3.6,873.3088791177245
3.8,873.7655370471963
4.0,874.2094865454632
4.2,874.6409405015684
4.4,875.0601125145602
4.6,875.4672167959304
4.8,875.862468068589
5.0,876.2460814626411
5.2,876.6182724082497
5.4,876.9792565258703
5.6,877.3292495141524
5.8,877.6684670358081
6.0,877.9971246017526
6.2,878.3154374538233
6.4,878.6236204463887
6.6,878.9218879271579
6.8,879.2104536174985
7.0,879.4895304925753
7.2,879.7593306616129
7.4,880.0200652485867
7.6,880.2719442736382
7.8,880.5151765355088
8.0,880.7499694952745
8.2,880.976529161661
8.4,881.1950599782067
8.6,881.4057647125339
8.8,881.6088443479756
9.0,881.8044979777981
9.2,881.9929227022435
9.4,882.1743135286097
9.6,882.3488632745645
9.8,882.5167624748868
10.0,882.6781992918078
10.2,882.8333594291096
10.4,882.9824260501331
10.6,883.1255796998217
10.8,883.2629982309229
11.0,883.3948567344434
11.2,883.5213274744516
11.4,883.642579827297
11.6,883.758780225304
11.8,883.8700921049848
12.0,883.9766758597991
12.2,884.0786887974773
12.4,884.1762851019056
12.6,884.269615799562
12.8,884.3588287304774
13.0,884.4440685236826
13.2,884.5254765770918
13.4,884.6031910417577
13.6,884.6773468104267
13.8,884.7480755103094
14.0,884.815505499969
14.2,884.879761870228
14.4,884.9409664489743
14.6,884.9992378097509
14.8,885.0546912839939
15.0,885.1074389767879
15.2,885.1575897859902
15.4,885.2052494245805
15.6,885.250520446077
15.8,885.2935022728631
16.0,885.3342912272615
16.2,885.3729805651897
16.4,885.4096605122262
16.6,885.4444183019198
16.8,885.477338216166
17.0,885.5085016274783
17.2,885.5379870429814
17.4,885.565870149948
17.6,885.5922238627103
17.8,885.6171183707685
18.0,885.6406211879282
18.2,885.6627972022943
18.4,885.6837087269554
18.6,885.703415551192
18.8,885.721974992047
19.0,885.7394419460976
19.2,885.7558689412754
19.4,885.7713061885795
19.6,885.7858016335368
19.8,885.7994010072621
20.0,885.8121478769825
20.2,885.8240836958871
20.4,885.8352478521718
20.6,885.8456777171554
20.8,885.855408692342
21.0,885.864474255318
21.2,885.8729060043686
21.4,885.8807337017087
21.6,885.8879853152281
21.8,885.8946870586549
22.0,885.9008634300432
22.2,885.9065372485046
22.4,885.9117296890972
22.6,885.916460315801
22.8,885.9207471125064
23.0,885.9246065119511
23.2,885.9280534225456
23.4,885.9311012530316
23.6,885.9337619349205
23.8,885.9360459426713
24.0,885.9379623115607
24.2,885.9395186532153
24.4,885.9407211687706
24.6,885.9415746596328
24.8,885.9420825358204
25.0,885.9422468218693
25.2,885.9420681602878
25.4,885.9415458125571
25.6,885.9406776576702
25.8,885.939460188213
26.0,885.9378885039955
26.2,885.9359563032407
26.4,885.9336558713501
26.6,885.9309780672647
26.8,885.9279123074463
27.0,885.9244465475108
27.2,885.9205672615469
27.4,885.9162594191603
27.6,885.9115064602872
27.8,885.906290267828
28.0,885.9005911381535
28.2,885.8943877495448
28.4,885.8876571286302
28.6,885.8803746148881
28.8,885.8725138232915
29.0,885.864046605173
29.2,885.8549430073944
29.4,885.8451712299122
29.6,885.8346975818331
29.8,885.8234864360581
30.0,885.8115001826241
30.2,885.7986991808492
30.4,885.7850417104004
30.6,885.7704839214002
30.8,885.7549797837019
31.0,885.7384810354588
31.2,885.7209371311255
31.4,885.7022951890281
31.6,885.6824999386479
31.8,885.6614936677655
32.0,885.6392161696174
32.2,885.6156046902204
32.4,885.5905938760216
32.6,885.5641157220376
32.8,885.5360995206473
33.0,885.506471811203
33.2,885.4751563306348
33.4,885.442073965215
33.6,885.407142703657
33.8,885.3702775917237
34.0,885.3313906885176
34.2,885.2903910246284
34.4,885.2471845623126
34.6,885.2016741578747
34.8,885.1537595264269
35.0,885.1033372091917
35.2,885.0503005435162
35.4,884.9945396357609
35.6,884.9359413372235
35.8,884.8743892232518
36.0,884.8097635756948
36.2,884.7419413688388
36.4,884.6707962589636
36.6,884.596198577651
36.8,884.5180153289682
37.0,884.436110190642
37.2,884.3503435193279
37.4,884.2605723600732
37.6,884.1666504600593
37.8,884.0684282866987
38.0,883.9657530501522
38.2,883.8584687303199
38.4,883.7464161083461
38.6,883.6294328026667
38.8,883.507353309615
39.0,883.3800090485878
39.2,883.2472284117584
39.4,883.1088368183141
39.6,882.964656773174
39.8,882.8145079301366
40.0,882.658207159385
40.2,882.4955686192674
40.4,882.3264038322536
40.6,882.1505217649559
40.8,881.9677289120842
41.0,881.7778293841944
41.2,881.5806249990743
41.4,881.375915376594
41.6,881.1634980368402
41.8,880.9431685013352
42.0,880.7147203971293
42.2,880.4779455635481
42.4,880.2326341613574
42.6,879.9785747841032
42.8,879.715554571371
43.0,879.4433593237002
43.2,879.1617736188807
43.4,878.8705809293511
43.6,878.5695637404104
43.8,878.2585036689505
44.0,877.9371815824112
44.2,877.605377717655
44.4,877.2628717994572
44.6,876.9094431583073
44.8,876.5448708472103
45.0,876.168933757187
45.2,875.7814107311661
45.4,875.3820806759675
45.6,874.9707226720815
45.8,874.5471160809514
46.0,874.1110406494746
46.2,873.6622766114481
46.4,873.2006047856852
46.6,872.725806670552
46.8,872.2376645346721
47.0,871.7359615035678
47.2,871.2204816420146
47.4,870.6910100319054
47.6,870.1473328454275
47.8,869.5892374133817
48.0,869.0165122884815
48.2,868.4289473034896
48.4,867.8263336240739
48.6,867.2084637962715
48.8,866.5751317884807
49.0,865.9261330279128
49.2,865.2612644314598
49.4,864.5803244309529
49.6,863.8831129928055
49.8,863.1694316320617
50.0,862.4390834208818
