0.0,774.4700224612938
0.2,776.655182623809
0.4,778.8031750091769
0.6,780.9150479355312
0.8,782.9918064818718
1.0,785.0344114335617
1.2,787.0437784884203
1.4,789.0207777244469
1.6,790.9662333278316
1.8,792.8809235775758
2.0,794.7655810807961
2.2,796.6208932506279
2.4,798.4475030166375
2.6,800.2460097557754
2.8,802.0169704302157
3.0,803.7609009169197
3.2,805.4782775124644
3.4,807.1695385955911
3.6,808.8350864290665
3.8,810.4752890818131
4.0,812.0904824518612
4.2,813.6809723704844
4.4,815.247036767924
4.6,816.7889278813504
4.8,818.3068744861573
5.0,819.8010841323156
5.2,821.2717453683217
5.4,822.7190299362226
5.6,824.1430949222979
5.8,825.5440848491763
6.0,826.9221336964653
6.2,828.2773668383393
6.4,829.6099028879556
6.6,830.9198554400162
6.8,832.207334704259
7.0,833.4724490241159
7.2,834.7153062762072
7.4,835.9360151477243
7.6,837.1346862900913
7.8,838.3114333485482
8.0,839.4663738684882
8.2,840.5996300804607
8.4,841.7113295667535
8.6,842.8016058133503
8.8,843.8705986518403
9.0,844.9184545965353
9.2,845.9453270826042
9.4,846.9513766114983
9.6,847.9367708102861
9.8,848.9016844117658
10.0,849.8462991623794
10.2,850.7708036650132
10.4,851.6753931637496
10.6,852.5602692775432
10.8,853.4256396896249
11.0,854.2717177992225
11.2,855.0987223419055
11.4,855.9068769845488
11.6,856.6964099005569
11.8,857.4675533306079
12.0,858.2205431337834
12.2,858.9556183335296
12.4,859.6730206624851
12.6,860.3729941097831
12.8,861.0557844740297
13.0,861.7216389247482
13.2,862.370805574694
13.4,863.0035330650647
13.6,863.6200701652809
13.8,864.2206653886773
14.0,864.805566625139
14.2,865.3750207914302
14.4,865.9292734997056
14.6,866.468568744467
14.8,866.9931486080139
15.0,867.5032529842604
15.2,867.9991193206317
15.4,868.4809823776219
15.6,868.9490740054757
15.8,869.403622937377
16.0,869.8448545984439
16.2,870.2729909297809
16.4,870.6882502267985
16.6,871.0908469909878
16.8,871.4809917943209
17.0,871.8588911554526
17.2,872.2247474269038
17.4,872.5787586924224
17.6,872.9211186737477
17.8,873.2520166460226
18.0,873.5716373611396
18.2,873.8801609783396
18.4,874.1777630014194
18.6,874.4646142219459
18.8,874.7408806679168
19.0,875.0067235573432
19.2,875.2622992562764
19.4,875.5077592408351
19.6,875.7432500628319
19.8,875.9689133186288
20.0,876.1848856208935
20.2,876.3912985729528
20.4,876.5882787454786
20.6,876.7759476552636
20.8,876.9544217458745
21.0,877.1238123699928
21.2,877.2842257732774
21.4,877.4357630796006
21.6,877.5785202775326
21.8,877.7125882079582
22.0,877.8380525527343
22.2,877.9549938242989
22.4,878.0634873561651
22.6,878.1636032942348
22.8,878.2554065888818
23.0,878.3389569877583
23.2,878.4143090292888
23.4,878.4815120368197
23.6,878.5406101133973
23.8,878.591642137154
24.0,878.6346417572834
24.2,878.6696373905912
24.4,878.6966522186095
24.6,878.7157041852649
24.8,878.7268059950956
25.0,878.7299651120078
25.2,878.7251837585748
25.4,878.7124589158694
25.6,878.6917823238358
25.8,878.6631404821981
26.0,878.6265146519082
26.2,878.5818808571411
26.4,878.5292098878373
26.6,878.4684673028056
26.8,878.3996134333937
27.0,878.3226033877389
27.2,878.237387055615
27.4,878.143909113895
27.6,878.0421090326487
27.8,877.9319210819085
28.0,877.8132743391286
28.2,877.6860926973817
28.4,877.5502948743359
28.6,877.4057944220666
28.8,877.2524997377644
29.0,877.0903140754141
29.2,876.9191355585274
29.4,876.7388571940294
29.6,876.5493668874101
29.8,876.3505474592705
30.0,876.1422766634128
30.2,875.9244272066393
30.4,875.6968667704538
30.6,875.4594580348784
30.8,875.2120587046263
31.0,874.954521537902
31.2,874.6866943781268
31.4,874.4084201889256
31.6,874.1195370927398
31.8,873.8198784134728
32.0,873.5092727236079
32.2,873.1875438962817
32.4,872.8545111628339
32.6,872.5099891763953
32.8,872.1537880821166
33.0,871.7857135946804
33.2,871.4055670837769
33.4,871.013145668261
33.6,870.6082423197395
33.8,870.190645976366
34.0,869.7601416676475
34.2,869.3165106510783
34.4,868.8595305614284
34.6,868.3889755735129
34.8,867.9046165792548
35.0,867.4062213798321
35.2,866.8935548936591
35.4,866.366379380898
35.6,865.824454685126
35.8,865.267538492693
36.0,864.6953866101906
36.2,864.1077532603246
36.4,863.5043913963231
36.6,862.8850530348334
36.8,862.2494896070582
37.0,861.5974523276454
37.2,860.9286925805942
37.4,860.2429623211574
37.6,859.5400144924104
37.8,858.8196034548318
38.0,858.0814854268849
38.2,857.3254189342167
38.4,856.5511652647075
38.6,855.7584889261948
38.8,854.9471581032881
39.0,854.1169451092711
39.2,853.2676268286751
39.4,852.3989851456918
39.6,851.5108073532
39.8,850.6028865368032
40.0,849.6750219279206
40.2,848.7270192196594
40.4,847.7586908389255
40.6,846.7698561680018
40.8,845.7603417086628
41.0,844.7299811818009
41.2,843.6786155555086
41.4,842.6060929946344
41.6,841.5122687249686
41.8,840.3970048054684
42.0,839.2601698022737
42.2,838.1016383587144
42.4,836.9212906560687
42.6,835.7190117604963
42.8,834.4946908523434
43.0,833.2482203348961
43.2,831.9794948206429
43.4,830.688409994184
43.6,829.3748613520968
43.8,828.0387428213156
44.0,826.6799452589028
44.2,825.2983548374651
44.4,823.8938513218876
44.6,822.4663062444974
44.8,821.015580987226
45.0,819.5415247807729
45.2,818.0439726321913
45.4,816.5227431936692
45.6,814.9776365865687
45.8,813.4084321959843
46.0,811.8148864521611
46.2,810.1967306160614
46.4,808.5536685871715
46.6,806.8853747522683
46.8,805.1914918943082
47.0,803.4716291808535
47.2,801.7253602514864
47.4,799.9522214234843
47.6,798.1517100346273
47.8,796.3232829413863
48.0,794.4663551898807
48.2,792.5802988759308
48.4,790.6644422092413
48.6,788.7180687952649
48.8,786.7404171466206
49.0,784.7306804340918
49.2,782.688006485236
49.4,780.6114980365044
49.6,778.5002132425446
49.8,776.353166444048
50.0,774.1693291931446
