0.0,860.0277664186553
0.2,860.7785390962106
0.4,861.5131827930418
0.6,862.2318853529391
0.8,862.9348355710492
1.0,863.6222231809439
1.2,864.2942388384508
1.4,864.951074102217
1.6,865.5929214109916
1.8,866.2199740576192
2.0,866.83242615975
2.2,867.4304726272851
2.4,868.014309126583
2.6,868.5841320414647
2.8,869.1401384310677
3.0,869.6825259846071
3.2,870.2114929731135
3.4,870.727238198227
3.6,871.2299609381339
3.8,871.7198608907464
4.0,872.1971381142297
4.2,872.6619929649912
4.4,873.1146260332561
4.6,873.5552380763565
4.8,873.9840299498729
5.0,874.4012025367703
5.2,874.8069566746774
5.4,875.2014930814653
5.6,875.5850122792815
5.8,875.9577145172049
6.0,876.3197996926866
6.2,876.6714672719484
6.4,877.0129162095075
6.6,877.3443448670057
6.8,877.6659509315141
7.0,877.9779313334908
7.2,878.2804821645672
7.4,878.5737985953366
7.6,878.8580747933202
7.8,879.1335038412822
8.0,879.4002776560638
8.2,879.6585869081028
8.4,879.908620941802
8.6,880.1505676969093
8.8,880.38461363106
9.0,880.610943643638
9.2,880.8297410010971
9.4,881.0411872638839
9.6,881.2454622150996
9.8,881.4427437910235
10.0,881.6332080136237
10.2,881.8170289251683
10.4,881.9943785250434
10.6,882.1654267088805
10.8,882.3303412100823
11.0,882.4892875438353
11.2,882.6424289536824
11.4,882.7899263607276
11.6,882.9319383155305
11.8,883.068620952745
12.0,883.2001279485464
12.2,883.326610480881
12.4,883.4482171925689
12.6,883.5650941572792
12.8,883.6773848483865
13.0,883.7852301107179
13.2,883.8887681351815
13.4,883.9881344362677
13.6,884.0834618324043
13.8,884.1748804291375
14.0,884.2625176051067
14.2,884.3464980007737
14.4,884.4269435098571
14.6,884.503973273421
14.8,884.5777036765585
15.0,884.6482483476038
15.2,884.7157181598043
15.4,884.780221235375
15.6,884.8418629518584
15.8,884.9007459506994
16.0,884.9569701479521
16.2,885.0106327470215
16.4,885.0618282533435
16.6,885.1106484909062
16.8,885.1571826205071
17.0,885.2015171596425
17.2,885.24373600392
17.4,885.2839204498872
17.6,885.3221492191628
17.8,885.3584984837606
18.0,885.393041892491
18.2,885.4258505983277
18.4,885.4569932866249
18.6,885.4865362040717
18.8,885.5145431882685
19.0,885.5410756978123
19.2,885.5661928427808
19.4,885.5899514154992
19.6,885.6124059214844
19.8,885.6336086104548
20.0,885.6536095072986
20.2,885.6724564428993
20.4,885.690195084711
20.6,885.7068689669867
20.8,885.7225195205602
21.0,885.7371861020868
21.2,885.7509060226515
21.4,885.7637145756547
21.6,885.7756450638905
21.8,885.7867288257346
22.0,885.7969952603645
22.2,885.8064718519331
22.4,885.8151841926286
22.6,885.82315600455
22.8,885.8304091603356
23.0,885.8369637024845
23.2,885.8428378613155
23.4,885.8480480715114
23.6,885.8526089872021
23.8,885.856533495543
24.0,885.8598327287501
24.2,885.8625160745587
24.4,885.8645911850722
24.6,885.8660639839815
24.8,885.8669386721274
25.0,885.8672177313956
25.2,885.8669019269278
25.4,885.8659903076442
25.6,885.8644802050742
25.8,885.8623672304957
26.0,885.8596452703912
26.2,885.8563064802297
26.4,885.8523412765917
26.6,885.8477383276556
26.8,885.8424845420705
27.0,885.8365650562438
27.2,885.8299632200781
27.4,885.8226605811941
27.6,885.8146368676806
27.8,885.8058699694205
28.0,885.7963359180408
28.2,885.786008865542
28.4,885.7748610616685
28.6,885.7628628300772
28.8,885.7499825433765
29.0,885.7361865971044
29.2,885.7214393827185
29.4,885.7057032596795
29.6,885.6889385267065
29.8,885.6711033922904
30.0,885.6521539445547
30.2,885.6320441205531
30.4,885.6107256750995
30.6,885.5881481492273
30.8,885.564258838378
31.0,885.5390027604202
31.2,885.512322623605
31.4,885.4841587945637
31.6,885.4544492664545
31.8,885.4231296273709
32.0,885.3901330291217
32.2,885.355390156493
32.4,885.3188291971094
32.6,885.2803758120051
32.8,885.23995310702
33.0,885.1974816051345
33.2,885.1528792198583
33.4,885.1060612297842
33.6,885.0569402544222
33.8,885.0054262314211
34.0,884.951426395293
34.2,884.8948452577433
34.4,884.8355845897147
34.6,884.7735434052485
34.8,884.7086179472631
35.0,884.6407016753475
35.2,884.5696852556636
35.4,884.4954565530469
35.6,884.4179006253928
35.8,884.3368997204092
36.0,884.2523332748119
36.2,884.164077916036
36.4,884.072007466528
36.6,883.975992950679
36.8,883.8759026044572
37.0,883.7716018877817
37.2,883.662953499687
37.4,883.549817396307
37.6,883.4320508117105
37.8,883.3095082816084
38.0,883.1820416699445
38.2,883.0495001983795
38.4,882.911730478662
38.6,882.7685765478816
38.8,882.619879906583
39.0,882.4654795597179
39.2,882.3052120604003
39.4,882.1389115564233
39.6,881.9664098394886
39.8,881.7875363970894
40.0,881.6021184669822
40.2,881.4099810941718
40.4,881.2109471903307
40.6,881.0048375955597
40.8,880.7914711423957
41.0,880.5706647219612
41.2,880.3422333521428
41.4,880.1059902476833
41.6,879.8617468920602
41.8,879.609313111019
42.0,879.3484971476264
42.2,879.0791057386996
42.4,878.800944192463
42.6,878.5138164672819
42.8,878.2175252513135
43.0,877.911872042919
43.2,877.5966572316669
43.4,877.2716801797671
43.6,876.9367393037611
43.8,876.5916321563018
44.0,876.2361555078473
44.2,875.8701054281004
44.4,875.4932773670147
44.6,875.1054662352019
44.8,874.7064664835649
45.0,874.2960721819876
45.2,873.8740770969157
45.4,873.4402747676635
45.6,872.9944585812855
45.8,872.5364218458562
46.0,872.0659578620064
46.2,871.582859992568
46.4,871.0869217301874
46.6,870.5779367627704
46.8,870.0556990366321
47.0,869.5200028172304
47.2,868.9706427473693
47.4,868.4074139027656
47.6,867.8301118448857
47.8,867.238532670961
48.0,866.6324730611071
48.2,866.0117303224741
48.4,865.3761024303736
48.6,864.7253880663301
48.8,864.0593866530206
49.0,863.3778983860753
49.2,862.6807242627192
49.4,861.9676661072533
49.6,861.2385265933764
49.8,860.493109263365
50.0,859.7312185441382
