0.0,480.0927312400495
0.2,485.6315871080112
0.4,491.1292180965968
0.6,496.5845932541133
0.8,501.996720386819
1.0,507.3646469033597
1.2,512.6874605402847
1.4,517.9642899676667
1.6,523.1943052745459
1.8,528.3767183346107
2.0,533.5107830531886
2.2,538.595795497277
2.4,543.631093910966
2.6,548.6160586191902
2.8,553.5501118233044
3.0,558.4327172924882
3.2,563.2633799554488
3.4,568.0416453973139
3.6,572.7670992669728
3.8,577.4393666004405
4.0,582.0581110660834
4.2,586.6230341377519
4.4,591.1338742020246
4.6,595.5904056058686
4.8,599.9924376510724
5.0,604.3398135418083
5.2,608.632409291636
5.4,612.870132596166
5.6,617.0529216774704
5.8,621.1807441061546
6.0,625.2535956067991
6.2,629.2714988522431
6.4,633.234502251916
6.6,637.1426787391371
6.8,640.996124562
7.0,644.794958082133
7.2,648.5393185852995
7.4,652.2293651074629
7.6,655.8652752795994
7.8,659.4472441941994
8.0,662.9754832960613
8.2,666.4502192996496
8.4,669.8716931349651
8.6,673.240158923565
8.8,676.5558829860703
9.0,679.8191428822163
9.2,683.0302264842321
9.4,686.1894310840893
9.6,689.2970625349251
9.8,692.3534344267348
10.0,695.3588672962352
10.2,698.3136878706246
10.4,701.2182283448138
10.6,704.0728256915622
10.8,706.8778210038363
11.0,709.6335588686086
11.2,712.3403867712286
11.4,714.9986545294277
11.6,717.6087137559698
11.8,720.1709173489141
12.0,722.6856190084311
12.2,725.1531727790945
12.4,727.5739326165639
12.6,729.9482519775792
12.8,732.2764834321898
13.0,734.5589782971664
13.2,736.7960862895598
13.4,738.9881551994013
13.6,741.1355305805677
13.8,743.238555458871
14.0,745.2975700564672
14.2,747.3129115317166
14.4,749.2849137336684
14.6,751.21390697038
14.8,753.1002177903234
15.0,754.9441687761669
15.2,756.746078350261
15.4,758.5062605911944
15.6,760.2250250608195
15.8,761.9026766411841
16.0,763.5395153808391
16.2,765.1358363500176
16.4,766.6919295042192
16.6,768.2080795557515
16.8,769.6845658528144
17.0,771.121662265731
17.2,772.5196370799556
17.4,773.8787528955087
17.6,775.1992665325051
17.8,776.481428942466
18.0,777.7254851251133
18.2,778.9316740503705
18.4,780.1002285852973
18.6,781.231375425706
18.8,782.3253350322182
19.0,783.3823215705278
19.2,784.4025428556525
19.4,785.386200299961
19.6,786.3334888647756
19.8,787.2445970153548
20.0,788.1197066790742
20.2,788.9589932066261
20.4,789.7626253360693
20.6,790.5307651595662
20.8,791.2635680926529
21.0,791.9611828458925
21.2,792.6237513987707
21.4,793.2514089756971
21.6,793.8442840239849
21.8,794.4024981936846
22.0,794.926166319157
22.2,795.4153964022747
22.4,795.8702895971485
22.6,796.2909401962801
22.8,796.6774356180525
23.0,797.02985639547
23.2,797.3482761660706
23.4,797.6327616629378
23.6,797.8833727067458
23.8,798.1001621987779
24.0,798.2831761148625
24.2,798.4324535001831
24.4,798.5480264649165
24.6,798.6299201806679
24.8,798.6781528776729
25.0,798.6927358427429
25.2,798.6736734179395
25.4,798.6209629999694
25.6,798.5345950402929
25.8,798.4145530459525
26.0,798.2608135811296
26.2,798.0733462694445
26.4,797.8521137970229
26.6,797.5970719163572
26.8,797.3081694509958
27.0,796.9853483011038
27.2,796.6285434499406
27.4,796.2376829713085
27.6,795.8126880380325
27.8,795.3534729315379
28.0,794.8599450525965
28.2,794.3320049333219
28.4,793.7695462504981
28.6,793.1724558403321
28.8,792.5406137147281
29.0,791.8738930791881
29.2,791.172160352447
29.4,790.4352751879592
29.6,789.6630904973597
29.8,788.855452476028
30.0,788.0122006308892
30.2,787.1331678105962
30.4,786.2181802382403
30.6,785.2670575467442
30.8,784.2796128171033
31.0,783.2556526196404
31.2,782.1949770584548
31.4,781.0973798192484
31.6,779.9626482207225
31.8,778.790563269746
32.0,777.5808997205094
32.2,776.333426137881
32.4,775.0479049651993
32.6,773.7240925967437
32.8,772.3617394551367
33.0,770.9605900739474
33.2,769.5203831857763
33.4,768.0408518161183
33.6,766.52172338332
33.8,764.9627198049576
34.0,763.363557610992
34.2,761.7239480640677
34.4,760.0435972873528
34.6,758.3222064003354
34.8,756.5594716630225
35.0,754.7550846290117
35.2,752.9087323079367
35.4,751.0200973378203
35.6,749.0888581678955
35.8,747.1146892525006
36.0,745.097261256676
36.2,743.0362412741414
36.4,740.9312930583603
36.6,738.7820772674432
36.8,736.5882517236773
37.0,734.3494716885125
37.2,732.0653901538707
37.4,729.7356581506849
37.6,727.3599250756081
37.8,724.9378390368714
38.0,722.4690472202952
38.2,719.9531962764902
38.4,717.3899327303033
38.6,714.778903413583
38.8,712.1197559223452
39.0,709.4121390994276
39.2,706.6557035437057
39.4,703.8501021469368
39.6,700.9949906592586
39.8,698.090028284339
40.0,695.1348783051111
40.2,692.1292087409639
40.4,689.0726930371716
40.6,685.9650107872465
40.8,682.8058484887786
41.0,679.594900333193
41.2,676.3318690296957
41.4,673.0164666635103
41.6,669.6484155883111
41.8,666.2274493525452
42.0,662.7533136591086
42.2,659.2257673575886
42.4,655.6445834680173
42.6,652.0095502348008
42.8,648.3204722091865
43.0,644.5771713583205
43.2,640.7794881986257
43.4,636.9272829508967
43.6,633.0204367141702
43.8,629.0588526550891
44.0,625.042457209138
44.2,620.9712012897829
44.4,616.8450615012284
44.6,612.6640413501723
44.8,608.4281724516417
45.0,604.137515723701
45.2,599.7921625655639
45.4,595.3922360133982
45.6,590.9378918679106
45.8,586.4293197876242
46.0,581.8667443416305
46.2,577.2504260155042
46.4,572.5806621640232
46.6,567.8577879043391
46.8,563.0821769432897
47.0,558.2542423326544
47.2,553.3744371463018
47.4,548.4432550733943
47.6,543.4612309220714
47.8,538.4289410283563
48.0,533.3470035653921
48.2,528.2160787485384
48.4,523.0368689323202
48.6,517.8101185957408
48.8,512.5366142130111
49.0,507.2171840073504
49.2,501.8526975861278
49.4,496.44406545626464
49.6,490.9922384194904
49.8,485.49820684772936
50.0,479.9629998395915
