0.0,830.0527621080915
0.2,832.0790192665078
0.4,834.049935042586
0.6,835.9651433177944
0.8,837.8243973089841
1.0,839.6275730943264
1.2,841.3746719014819
1.4,843.0658211525187
1.6,844.7012742775286
1.8,846.281409325795
2.0,847.8067264194477
2.2,849.2778441094981
2.4,850.6954947077535
2.6,852.0605186801242
2.8,853.3738581970941
3.0,854.636549945489
3.2,855.8497173120496
3.4,857.014562053661
3.6,858.1323555713934
3.8,859.2044299058261
4.0,860.2321685695292
4.2,861.2169973291782
4.4,862.1603750447463
4.6,863.0637846667088
4.8,863.9287244844227
5.0,864.7566997100097
5.2,865.5492144724157
5.4,866.3077642860503
5.6,867.033829047776
5.8,867.7288666052126
6.0,868.3943069285909
6.2,869.0315469078837
6.4,869.6419457868726
6.6,870.2268212363116
6.8,870.7874460595458
7.0,871.3250455159657
7.2,871.8407952405742
7.4,872.335819731797
7.6,872.8111913744868
7.8,873.2679299608801
8.0,873.7070026690418
8.2,874.1293244560543
8.4,874.5357588218071
8.6,874.9271188986894
8.8,875.3041688226773
9.0,875.6676253421821
9.2,876.0181596224833
9.4,876.356399205541
9.6,876.682930087347
9.8,876.9982988776788
10.0,877.3030150100561
10.2,877.5975529727898
10.4,877.8823545351974
10.6,878.15783094625
10.8,878.4243650860765
11.0,878.682313553805
11.2,878.9320086781565
11.4,879.1737604399556
11.6,879.4078582982874
11.8,879.6345729143725
12.0,879.8541577693495
12.2,880.0668506740361
12.4,880.2728751703886
12.6,880.4724418257977
12.8,880.6657494225532
13.0,880.8529860457975
13.2,881.0343300740735
13.4,881.2099510771839
13.6,881.3800106265189
13.8,881.5446630233122
14.0,881.7040559504476
14.2,881.8583310535042
14.4,882.0076244566859
14.6,882.1520672191697
14.8,882.2917857372316
15.0,882.4269020972766
15.2,882.5575343846392
15.4,882.6837969527294
15.6,882.8058006567896
15.8,882.9236530562137
16.0,883.0374585890586
16.2,883.1473187220703
16.4,883.2533320792331
16.6,883.3555945515658
16.8,883.4541993906043
17.0,883.5492372877535
17.2,883.6407964414431
17.4,883.7289626138024
17.6,883.8138191783593
17.8,883.8954471600852
18.0,883.9739252689329
18.2,884.0493299278706
18.4,884.1217352962691
18.6,884.1912132893899
18.8,884.2578335946068
19.0,884.321663684904
19.2,884.3827688301126
19.4,884.4412121062725
19.6,884.497054403451
19.8,884.550354432291
20.0,884.6011687295165
20.2,884.6495516625896
20.4,884.695555433672
20.6,884.7392300830222
20.8,884.7806234919324
21.0,884.8197813852894
21.2,884.8567473338303
21.4,884.8915627561432
21.6,884.924266920459
21.8,884.9548969462649
22.0,884.9834878057659
22.2,885.0100723252128
22.4,885.0346811861093
22.6,885.0573429263086
22.8,885.0780839410041
23.0,885.0969284836182
23.2,885.1138986665912
23.4,885.1290144620689
23.6,885.1422937024871
23.8,885.1537520810544
24.0,885.1634031521255
24.2,885.1712583314674
24.4,885.1773268964129
24.6,885.1816159859
24.8,885.1841306003947
25.0,885.1848736016957
25.2,885.1838457126186
25.4,885.1810455165609
25.6,885.1764694569443
25.8,885.1701118365382
26.0,885.1619648166616
26.2,885.1520184162666
26.4,885.1402605109066
26.6,885.1266768315874
26.8,885.1112509635067
27.0,885.093964344684
27.2,885.0747962644825
27.4,885.0537238620269
27.6,885.0307221245175
27.8,885.0057638854423
28.0,884.9788198226889
28.2,884.9498584565524
28.4,884.9188461476385
28.6,884.8857470946546
28.8,884.8505233320792
29.0,884.8131347277002
29.2,884.773538979998
29.4,884.7316916153546
29.6,884.687545985052
29.8,884.6410532620204
30.0,884.5921624372814
30.2,884.5408203160204
30.4,884.4869715132025
30.6,884.4305584486307
30.8,884.3715213413149
31.0,884.309798203003
31.2,884.2453248306795
31.4,884.1780347978089
31.6,884.1078594440506
31.8,884.0347278631209
32.0,883.9585668884166
32.2,883.8793010759437
32.4,883.7968526840153
32.6,883.7111416490878
32.8,883.6220855570001
33.0,883.5295996087629
33.2,883.433596579907
33.4,883.3339867722536
33.6,883.230677956796
33.8,883.1235753062024
34.0,883.012581315243
34.2,882.8975957072187
34.4,882.7785153242353
34.6,882.6552339989005
34.8,882.5276424047491
35.0,882.3956278824114
35.2,882.259074238236
35.4,882.1178615117685
35.6,881.9718657081701
35.8,881.82095849135
36.0,881.6650068332788
36.2,881.5038726146604
36.4,881.337412171881
36.6,881.1654757849285
36.8,880.987907100794
37.0,880.804542486767
37.2,880.6152103079829
37.4,880.4197301236575
37.6,880.2179117965951
37.8,880.0095545108661
38.0,879.7944456929788
38.2,879.5723598324815
38.4,879.3430571987086
38.6,879.1062824513617
38.8,878.8617631438055
39.0,878.6092081193611
39.2,878.3483058025132
39.4,878.0787223888179
39.6,877.800099939392
39.8,877.5120543881911
40.0,877.2141734728231
40.2,876.9060146023736
40.4,876.5871026786235
40.6,876.2569278900738
40.8,875.9149435013194
41.0,875.5605636634809
41.2,875.1931612745575
41.4,874.8120659216266
41.6,874.4165619397304
41.8,874.0058866249573
42.0,873.5792286415883
42.2,873.1357266651124
42.4,872.6744683043717
42.6,872.1944893469524
42.8,871.6947733721389
43.0,871.1742517751748
43.2,870.6318042452085
43.4,870.0662597370236
43.6,869.4763979734639
43.8,868.8609515113033
44.0,868.218608398176
44.2,867.5480154420826
44.4,866.8477821079491
44.6,866.1164850478015
44.8,865.3526732623924
45.0,864.5548738827002
45.2,863.7215985497343
45.4,862.8513503606683
45.6,861.9426313386825
45.8,860.9939503731831
46.0,860.0038315665277
46.2,858.9708229132084
46.4,857.8935052278656
46.6,856.7705012297563
46.8,855.6004846835941
47.0,854.3821894902308
47.2,853.1144186156573
47.4,851.7960527434448
47.6,850.4260585341575
47.8,849.0034963755948
48.0,847.5275275099987
48.2,845.9974204286824
48.4,844.41255643085
48.6,842.772434251678
48.8,841.0766736748968
49.0,839.325018057032
49.2,837.5173357039454
49.4,835.6536200551604
49.6,833.7339886473924
49.8,831.7586808454687
50.0,829.7280543461069
