0.0,869.1409290671706
0.2,869.7922944975429
0.4,870.4259887933016
0.6,871.0421912422183
0.8,871.6410879518722
1.0,872.2228718827715
1.2,872.7877428521595
1.4,873.3359075085119
1.6,873.8675792768881
1.8,874.3829782754499
2.0,874.8823312036133
2.2,875.3658712024428
2.4,875.8338376880384
2.6,876.2864761588014
2.8,876.724037977592
3.0,877.1467801299146
3.2,877.5549649593762
3.4,877.9488598817692
3.6,878.3287370792244
3.8,878.6948731759637
4.0,879.0475488972542
4.2,879.3870487132318
4.4,879.7136604693154
4.6,880.0276750049676
4.8,880.3293857625972
5.0,880.6190883884101
5.2,880.8970803270274
5.4,881.1636604116849
5.6,881.4191284518154
5.8,881.6637848197905
6.0,881.8979300385655
6.2,882.1218643719269
6.4,882.3358874189915
6.6,882.5402977145436
6.8,882.7353923367311
7.0,882.921466523563
7.2,883.0988132995722
7.4,883.2677231139191
7.6,883.4284834911201
7.8,883.5813786954863
8.0,883.7266894102642
8.2,883.8646924323626
8.4,883.9956603834473
8.6,884.119861438083
8.8,884.2375590694957
9.0,884.3490118134204
9.2,884.4544730504023
9.4,884.5541908068101
9.6,884.6484075747276
9.8,884.7373601507866
10.0,884.8212794939159
10.2,884.9003906018891
10.4,884.9749124064685
10.6,885.0450576868643
10.8,885.1110330011497
11.0,885.1730386352061
11.2,885.2312685687036
11.4,885.2859104575675
11.6,885.3371456323254
11.8,885.3851491116819
12.0,885.4300896306306
12.2,885.4721296823705
12.4,885.5114255732722
12.6,885.5481274901103
12.8,885.5823795787592
13.0,885.6143200335413
13.2,885.644081196404
13.4,885.6717896651028
13.6,885.6975664095647
13.8,885.7215268956207
14.0,885.743781215295
14.2,885.7644342228662
14.4,885.7835856759207
14.6,885.8013303806503
14.8,885.817758340662
15.0,885.8329549085992
15.2,885.8470009399006
15.4,885.8599729480527
15.6,885.8719432607263
15.8,885.8829801762179
16.0,885.8931481196544
16.2,885.9025077984513
16.4,885.9111163565536
16.6,885.9190275270216
16.8,885.9262917825591
17.0,885.9329564836202
17.2,885.9390660237619
17.4,885.9446619719455
17.6,885.9497832115226
17.8,885.9544660756745
18.0,885.9587444791033
18.2,885.9626500458036
18.4,885.9662122327734
18.6,885.9694584495461
18.8,885.9724141734549
19.0,885.9751030605622
19.2,885.9775470522095
19.4,885.9797664771636
19.6,885.9817801493557
19.8,885.9836054612225
20.0,885.9852584726799
20.2,885.9867539957698
20.4,885.9881056750346
20.6,885.9893260636836
20.8,885.990426695627
21.0,885.9914181534582
21.2,885.9923101324747
21.4,885.99311150083
21.6,885.9938303559142
21.8,885.9944740770648
22.0,885.9950493747082
22.2,885.9955623360343
22.4,885.9960184673055
22.6,885.9964227328998
22.8,885.9967795911862
23.0,885.9970930273238
23.2,885.9973665830782
23.4,885.9976033837374
23.6,885.997806162207
23.8,885.99797728036
24.0,885.9981187477081
24.2,885.9982322374531
24.4,885.9983190999739
24.6,885.9983803737922
24.8,885.9984167940564
25.0,885.9984287985717
25.2,885.9984165313975
25.4,885.9983798440252
25.6,885.9983182941397
25.8,885.9982311419606
26.0,885.9981173441493
26.2,885.9979755452616
26.4,885.9978040667143
26.6,885.9976008932285
26.8,885.9973636567046
27.0,885.9970896174723
27.2,885.9967756428586
27.4,885.9964181830018
27.6,885.9960132438401
27.8,885.9955563571931
28.0,885.9950425478488
28.2,885.9944662975691
28.4,885.9938215059149
28.6,885.9931014477946
28.8,885.9922987276362
29.0,885.9914052300779
29.2,885.9904120670752
29.4,885.9893095213239
29.6,885.988086985893
29.8,885.9867328999729
30.0,885.9852346806406
30.2,885.9835786505535
30.4,885.9817499614878
30.6,885.9797325136453
30.8,885.9775088706613
31.0,885.9750601702594
31.2,885.9723660305076
31.4,885.9694044516475
31.6,885.9661517134817
31.8,885.9625822683231
32.0,885.9586686295269
32.2,885.9543812556482
32.4,885.9496884302907
32.6,885.9445561377321
32.8,885.9389479344422
33.0,885.9328248166331
33.2,885.9261450840098
33.4,885.9188641999199
33.6,885.9109346481314
33.8,885.9023057865019
34.0,885.8929236978303
34.2,885.8827310382229
34.4,885.8716668833358
34.6,885.8596665728934
34.8,885.8466615539152
35.0,885.832579223124
35.2,885.8173427690384
35.4,885.8008710142918
35.6,885.7830782587522
35.8,885.7638741240521
36.0,885.7431634001696
36.2,885.7208458947307
36.4,885.6968162857362
36.6,885.6709639784367
36.8,885.6431729671093
37.0,885.6133217025078
37.2,885.5812829657759
37.4,885.5469237496293
37.6,885.5101051476217
37.8,885.4706822523174
38.0,885.4285040631939
38.2,885.3834134050976
38.4,885.3352468580662
38.6,885.2838346993191
38.8,885.2290008582008
39.0,885.170562884836
39.2,885.1083319332282
39.4,885.0421127594958
39.6,884.9717037359036
39.8,884.8968968812944
40.0,884.8174779084775
40.2,884.7332262890704
40.4,884.6439153362277
40.6,884.5493123056167
40.8,884.4491785149324
41.0,884.3432694821563
41.2,884.2313350826835
41.4,884.1131197253545
41.6,883.9883625473302
41.8,883.856797627658
42.0,883.7181542192753
42.2,883.5721569990933
42.4,883.4185263357052
42.6,883.2569785741549
42.8,883.0872263370989
43.0,882.908978841591
43.2,882.7219422306117
43.4,882.5258199183708
43.6,882.3203129483014
43.8,882.1051203625788
44.0,881.8799395818976
44.2,881.6444667941596
44.4,881.3983973506377
44.6,881.1414261681123
44.8,880.873248135404
45.0,880.5935585226671
45.2,880.3020533917577
45.4,879.998430005945
45.6,879.6823872372017
45.8,879.3536259692847
46.0,879.011849494804
46.2,878.6567639044738
46.4,878.2880784667484
46.6,877.905505996062
46.8,877.5087632079244
47.0,877.0975710591629
47.2,876.6716550716517
47.4,876.2307456379368
47.6,875.7745783072353
47.8,875.3028940503681
48.0,874.815439502288
48.2,874.3119671809566
48.4,873.792235681446
48.6,873.2560098442517
48.8,872.7030608969395
49.0,872.1331665683742
49.2,871.5461111749252
49.4,870.9416856781852
49.6,870.3196877138871
49.8,869.6799215918558
50.0,869.0221982669855
