0.0,877.0175649123028
0.2,877.6179289468475
0.4,878.1917358563466
0.6,878.7391083301567
0.8,879.2602411561801
1.0,879.7554006030837
1.2,880.2249230642472
1.4,880.6692129910462
1.6,881.0887401537832
1.8,881.4840362783833
2.0,881.8556911157151
2.2,882.2043480078844
2.4,882.5306990219766
2.6,882.8354797263694
2.8,883.1194636878768
3.0,883.3834567695686
3.2,883.6282913091834
3.4,883.8548202566549
3.6,884.0639113465022
3.8,884.2564413768049
4.0,884.4332906613399
4.2,884.595337715367
4.4,884.7434542286757
4.6,884.8785003720604
4.8,885.0013204755309
5.0,885.1127391085128
5.2,885.2135575842025
5.4,885.3045509023015
5.6,885.3864651367093
5.8,885.4600152675547
6.0,885.5258834502899
6.2,885.5847177085739
6.4,885.6371310323944
6.6,885.6837008583724
6.8,885.7249689054853
7.0,885.7614413365468
7.2,885.7935892136715
7.4,885.8218492146063
7.6,885.8466245761834
7.8,885.8682862311707
8.0,885.8871741054218
8.2,885.9035985433597
8.4,885.917841831403
8.6,885.9301597908774
8.8,885.9407834141662
9.0,885.9499205202675
9.2,885.9577574084702
9.4,885.964460491465
9.6,885.9701778918173
9.8,885.975040988285
10.0,885.9791659009265
10.2,885.9826549062744
10.4,885.9855977760178
10.6,885.9880730346231
10.8,885.9901491331059
11.0,885.9918855377566
11.2,885.9933337339891
11.4,885.9945381466575
11.6,885.99553697916
11.8,885.9963629744285
12.0,885.9970441015264
12.2,885.9976041720186
12.4,885.9980633906016
12.6,885.9984388446574
12.8,885.9987449374782
13.0,885.9989937698948
13.2,885.9991954749424
13.4,885.999358510056
13.6,885.9994899110765
13.8,885.9995955121194
14.0,885.9996801350935
14.2,885.99974775238
14.4,885.999801625904
14.6,885.9998444255401
14.8,885.9998783295223
15.0,885.9999051092543
15.2,885.999926200663
15.4,885.9999427639988
15.6,885.9999557337586
15.8,885.9999658602043
16.0,885.9999737437618
16.2,885.9999798634129
16.4,885.9999846000433
16.6,885.9999882555697
16.8,885.9999910685534
17.0,885.9999932268969
17.2,885.9999948781334
17.4,885.9999961377335
17.6,885.9999970957879
17.8,885.9999978223638
18.0,885.9999983717838
18.2,885.9999987860317
18.4,885.9999990974526
18.6,885.9999993308875
18.8,885.9999995053549
19.0,885.9999996353699
19.2,885.9999997319755
19.4,885.9999998035469
19.6,885.9999998564164
19.8,885.9999998953567
20.0,885.9999999239539
20.2,885.9999999448935
20.4,885.9999999601813
20.6,885.99999997131
20.8,885.9999999793874
21.0,885.9999999852331
21.2,885.9999999894511
21.4,885.9999999924858
21.6,885.9999999946627
21.8,885.9999999962197
22.0,885.9999999973301
22.2,885.9999999981196
22.4,885.9999999986794
22.6,885.999999999075
22.8,885.9999999993539
23.0,885.9999999995498
23.2,885.9999999996871
23.4,885.9999999997829
23.6,885.9999999998494
23.8,885.9999999998954
24.0,885.9999999999269
24.2,885.9999999999484
24.4,885.9999999999627
24.6,885.9999999999716
24.8,885.9999999999765
25.0,885.999999999978
25.2,885.9999999999765
25.4,885.9999999999716
25.6,885.9999999999627
25.8,885.9999999999484
26.0,885.9999999999269
26.2,885.9999999998954
26.4,885.9999999998494
26.6,885.9999999997829
26.8,885.9999999996871
27.0,885.9999999995498
27.2,885.9999999993539
27.4,885.999999999075
27.6,885.9999999986793
27.8,885.9999999981195
28.0,885.9999999973298
28.2,885.9999999962192
28.4,885.999999994662
28.6,885.9999999924846
28.8,885.9999999894494
29.0,885.9999999852306
29.2,885.9999999793838
29.4,885.9999999713048
29.6,885.9999999601736
29.8,885.9999999448825
30.0,885.9999999239384
30.2,885.9999998953351
30.4,885.9999998563861
30.6,885.9999998035048
30.8,885.9999997319171
31.0,885.9999996352892
31.2,885.9999995052434
31.4,885.9999993307338
31.6,885.9999990972415
31.8,885.9999987857427
32.0,885.9999983713891
32.2,885.9999978218261
32.4,885.9999970950579
32.6,885.9999961367446
32.8,885.9999948767974
33.0,885.999993225097
33.2,885.9999910661351
33.4,885.9999882523293
33.6,885.9999845957129
33.8,885.9999798576413
34.0,885.9999737360895
34.2,885.9999658500327
34.4,885.999955720309
34.6,885.999942746262
34.8,885.999926177334
35.0,885.9999050786511
35.2,885.9998782894818
35.4,885.9998443732894
35.6,885.9998015578981
35.8,885.9997476640992
36.0,885.9996800207915
36.2,885.9995953645106
36.4,885.9994897209491
36.6,885.9993582657956
36.8,885.9991951619447
37.0,885.9989933698472
37.2,885.998744427481
37.4,885.9984381961536
37.6,885.9980625680768
37.8,885.9976031314258
38.0,885.9970427883859
38.2,885.9963613215405
38.4,885.9955349038585
38.6,885.9945355475277
38.8,885.9933304869502
39.0,885.9918814914072
39.2,885.9901441032038
39.4,885.9880667975646
39.6,885.985590061155
39.8,885.982645386892
40.0,885.9791541836781
40.2,885.975026600861
40.4,885.9701602685956
40.6,885.9644389568635
40.8,885.9577311576948
41.0,885.9498885971133
41.2,885.9407446855039
41.4,885.9301129174164
41.6,885.9177852342942
41.8,885.9035303661622
42.0,885.8870921709248
42.2,885.8681879925265
42.4,885.8465070617734
42.6,885.8217089660293
42.8,885.7934222162141
43.0,885.7612429414675
43.2,885.7247337434175
43.4,885.6834227431375
43.6,885.6368028544941
43.8,885.5843313176262
44.0,885.5254295256688
44.2,885.459483176501
44.4,885.3858427791895
44.6,885.3038245419161
44.8,885.2127116644747
45.0,885.1117560539316
45.2,885.0001804767743
45.4,884.8771811548843
45.6,884.7419308060302
45.8,884.5935821223841
46.0,884.4312716729336
46.2,884.254124207725
46.4,884.0612573338038
46.6,883.8517865246633
46.8,883.6248304171698
47.0,883.3795163424885
47.2,883.1149860306643
47.4,882.830401422434
47.6,882.5249505166913
47.8,882.1978531780122
48.0,881.8483668258629
48.2,881.4757919257223
48.4,881.0794772024137
48.6,880.6588244975186
48.8,880.2132931958726
49.0,879.7424041507837
49.2,879.2457430437232
49.4,878.7229631217149
49.6,878.1737872643741
49.8,877.5980093423403
50.0,876.9954948395265
