0.0,857.4073444228374
0.2,858.189772019705
0.4,858.955565193528
0.6,859.7051137042474
0.8,860.4387542578813
1.0,861.1567787797766
1.2,861.8594440609064
1.4,862.5469812629509
1.6,863.2196041745278
1.8,863.8775156605458
2.0,864.5209122426809
2.2,865.1499870756962
2.4,865.7649317219148
2.6,866.365937120747
2.8,866.9531940696224
3.0,867.5268934336436
3.2,868.0872262164253
3.4,868.634383564902
3.6,869.1685567445221
3.8,869.6899371015455
4.0,870.1987160195307
4.2,870.6950848728135
4.4,871.1792349780333
4.6,871.6513575441114
4.8,872.1116436208617
5.0,872.5602840463421
5.2,872.9974693930403
5.4,873.423389912986
5.6,873.8382354818754
5.8,874.242195542308
6.0,874.6354590462266
6.2,875.0182143966636
6.4,875.3906493888894
6.6,875.7529511510703
6.8,876.1053060845333
7.0,876.447899803746
7.2,876.7809170761158
7.4,877.1045417617111
7.6,877.4189567530128
7.8,877.724343914798
8.0,878.0208840242619
8.2,878.3087567114782
8.4,878.5881404003026
8.6,878.8592122498187
8.8,879.1221480964223
9.0,879.3771223966423
9.2,879.6243081707926
9.4,879.8638769475417
9.6,880.0959987094942
9.8,880.3208418398624
10.0,880.5385730703151
10.2,880.7493574300782
10.4,880.9533581963615
10.6,881.1507368461824
10.8,881.3416530096539
11.0,881.526264424795
11.2,881.7047268939247
11.4,881.8771942416896
11.6,882.0438182747753
11.8,882.2047487433433
12.0,882.3601333042338
12.2,882.5101174859672
12.4,882.6548446555732
12.6,882.7944559872727
12.8,882.9290904330308
13.0,883.0588846949954
13.2,883.1839731998307
13.4,883.3044880749512
13.6,883.4205591266547
13.8,883.5323138201494
14.0,883.639877261468
14.2,883.74337218125
14.4,883.8429189203792
14.6,883.9386354174488
14.8,884.0306371980294
15.0,884.1190373657079
15.2,884.2039465948627
15.4,884.2854731251347
15.6,884.3637227575529
15.8,884.4387988522681
16.0,884.5108023278445
16.2,884.5798316620583
16.4,884.6459828941439
16.6,884.7093496284355
16.8,884.7700230393374
17.0,884.8280918775631
17.2,884.8836424775768
17.4,884.9367587661704
17.6,884.9875222721059
17.8,885.036012136754
18.0,885.082305125656
18.2,885.1264756409365
18.4,885.1685957344919
18.6,885.2087351218813
18.8,885.2469611968443
19.0,885.2833390463683
19.2,885.3179314662339
19.4,885.3507989769578
19.6,885.3819998400611
19.8,885.4115900745886
20.0,885.439623473803
20.2,885.4661516219818
20.4,885.4912239112447
20.6,885.514887558341
20.8,885.5371876213261
21.0,885.5581670160602
21.2,885.5778665324624
21.4,885.5963248504547
21.6,885.613578555536
21.8,885.6296621539219
22.0,885.6446080871954
22.2,885.6584467464108
22.4,885.671206485599
22.6,885.6829136346213
22.8,885.693592511327
23.0,885.7032654329658
23.2,885.7119527268175
23.4,885.719672739994
23.6,885.7264418483855
23.8,885.7322744647083
24.0,885.737183045634
24.2,885.7411780979663
24.4,885.7442681838486
24.6,885.7464599249761
24.8,885.7477580058036
25.0,885.7481651757306
25.2,885.7476822502566
25.4,885.746308111102
25.6,885.7440397052899
25.8,885.7408720431923
26.0,885.7367981955454
26.2,885.7318092894407
26.4,885.7258945033057
26.6,885.7190410608886
26.8,885.7112342242664
27.0,885.7024572858976
27.2,885.6926915597458
27.4,885.681916371504
27.6,885.6701090479498
27.8,885.6572449054679
28.0,885.6432972377783
28.2,885.628237302912
28.4,885.6120343094783
28.6,885.5946554022704
28.8,885.5760656472597
29.0,885.556228016033
29.2,885.5351033697245
29.4,885.512650442505
29.6,885.4888258246826
29.8,885.463583945482
30.0,885.4368770555637
30.2,885.4086552093503
30.4,885.3788662472265
30.6,885.347455777684
30.8,885.3143671594805
31.0,885.2795414838844
31.2,885.2429175570804
31.4,885.2044318828082
31.6,885.164018645309
31.8,885.1216096926559
32.0,885.0771345205429
32.2,885.0305202566093
32.4,884.9816916453734
32.6,884.930571033853
32.8,884.8770783579453
33.0,884.8211311296428
33.2,884.7626444251573
33.4,884.7015308740243
33.6,884.6377006492597
33.8,884.5710614586371
34.0,884.5015185371558
34.2,884.4289746407626
34.4,884.3533300413944
34.6,884.2744825234006
34.8,884.1923273814059
35.0,884.1067574196705
35.2,884.017662952999
35.4,883.9249318092511
35.6,883.8284493335001
35.8,883.7280983938817
36.0,883.6237593891777
36.2,883.5153102581652
36.4,883.4026264907692
36.6,883.2855811410437
36.8,883.164044842008
37.0,883.0378858223564
37.2,882.9069699250585
37.4,882.7711606278611
37.6,882.6303190656974
37.8,882.4843040550062
38.0,882.3329721199585
38.2,882.1761775205836
38.4,882.0137722827818
38.6,881.8456062302077
38.8,881.6715270180011
39.0,881.4913801683383
39.2,881.3050091077729
39.4,881.1122552063295
39.6,880.9129578183079
39.8,880.7069543247522
40.0,880.4940801775368
40.2,880.274168945009
40.4,880.0470523591335
40.6,879.8125603640738
40.8,879.5705211661411
41.0,879.3207612850409
41.2,879.0631056063414
41.4,878.7973774350833
41.6,878.5233985504506
41.8,878.2409892614157
42.0,877.9499684632692
42.2,877.6501536949461
42.4,877.3413611970509
42.6,877.0234059704894
42.8,876.696101835607
43.0,876.3592614917349
43.2,876.012696577043
43.4,875.6562177286003
43.6,875.2896346425356
43.8,874.9127561341999
44.0,874.5253901982256
44.2,874.12734406838
44.4,873.7184242771117
44.6,873.2984367146862
44.8,872.8671866878137
45.0,872.424478977669
45.2,871.970117897205
45.4,871.5039073476696
45.6,871.0256508742273
45.8,870.5351517206026
46.0,870.0322128826514
46.2,869.5166371607717
46.4,868.9882272110447
46.6,868.446785594927
46.8,867.8921148270963
47.0,867.3240174204013
47.2,866.74229592514
47.4,866.1467529556405
47.6,865.5371911875752
47.8,864.9134132899036
48.0,864.2752217192875
48.2,863.6224182456616
48.4,862.9548029934941
48.6,862.2721726850975
48.8,861.5743176924491
49.0,860.8610174985895
49.2,860.1320343060528
49.4,859.3871048536768
49.6,858.625930994971
49.8,857.8481701362027
50.0,857.0534270356693
