0.0,586.957756664122
0.2,587.4112233570811
0.4,588.27702633958
0.6,589.5483362634734
0.8,591.2136348830209
1.0,593.2570453927572
1.2,595.6587752494444
1.4,598.3956516658186
1.6,601.4417264806882
1.8,604.768925031615
2.0,608.3477130498414
2.2,612.1477564205059
2.4,616.1385507632448
2.6,620.2900009657897
2.8,624.57293476462
3.0,628.9595388992348
3.2,633.423710953304
3.4,637.9413244413374
3.6,642.4904087500948
3.8,647.0512490033657
4.0,651.6064136558131
4.2,656.1407195720761
4.4,660.6411455096364
4.6,665.0967053500855
4.8,669.4982922068106
5.0,673.8385037989333
5.2,678.1114583566294
5.4,682.3126089481759
5.6,686.4385626215502
5.8,690.4869092437457
6.0,694.4560634881392
6.2,698.3451221295616
6.4,702.153737700072
6.6,705.882008656438
6.8,709.5303855156451
7.0,713.0995919161868
7.2,716.5905592394047
7.4,720.0043732500133
7.6,723.3422311588758
7.8,726.6054075451958
8.0,729.7952276728283
8.2,732.9130468732011
8.4,735.9602348262915
8.6,738.9381637364335
8.8,741.8481995606273
9.0,744.6916955962909
9.2,747.4699878687395
9.4,750.1843918741687
9.6,752.8362003312909
9.8,755.4266816749766
10.0,757.9570790898932
10.2,760.4286099332476
10.4,762.8424654354046
10.6,765.1998105974361
10.8,767.501784227375
11.0,769.7494990737665
11.2,771.9440420273445
11.4,774.0864743704602
11.6,776.1778320601252
11.8,778.2191260348834
12.0,780.2113425387503
12.2,782.1554434575067
12.4,784.0523666640336
12.6,785.9030263702997
12.8,787.7083134842446
13.0,789.4690959702008
13.2,791.1862192117816
13.4,792.860506376339
13.6,794.4927587802256
13.8,796.0837562541778
14.0,797.6342575082067
14.2,799.1450004954308
14.4,800.616702774324
14.6,802.0500618688892
14.8,803.4457556262983
15.0,804.8044425715666
15.2,806.1267622588603
15.4,807.4133356190546
15.6,808.6647653031938
15.8,809.8816360215203
16.0,811.0645148777659
16.2,812.2139516984224
16.4,813.3304793567262
16.6,814.414614091114
16.8,815.4668558179266
17.0,816.4876884381554
17.2,817.4775801380445
17.4,818.4369836833787
17.6,819.3663367073021
17.8,820.266061991531
18.0,821.1365677408335
18.2,821.9782478506684
18.4,822.7914821678817
18.6,823.5766367443784
18.8,824.3340640836902
19.0,825.0641033803773
19.2,825.7670807522076
19.4,826.443309465067
19.6,827.0930901505615
19.8,827.7167110162802
20.0,828.3144480486964
20.2,828.8865652086832
20.4,829.4333146196374
20.6,829.9549367481955
20.8,830.4516605775458
21.0,830.9237037733287
21.2,831.371272842133
21.4,831.7945632825908
21.6,832.1937597290818
21.8,832.5690360880518
22.0,832.9205556669631
22.2,833.2484712958815
22.4,833.5529254417195
22.6,833.8340503151443
22.8,834.0919679701673
23.0,834.3267903964265
23.2,834.538619604175
23.4,834.7275477019895
23.6,834.893656967208
23.8,835.0370199091101
24.0,835.1576993248464
24.2,835.2557483481272
24.4,835.3312104906778
24.6,835.3841196764621
24.8,835.4145002686834
25.0,835.4223670895597
25.2,835.4077254328763
25.4,835.3705710693139
25.6,835.310890244548
25.8,835.2286596701157
26.0,835.1238465070427
26.2,834.9964083422213
26.4,834.846293157531
26.6,834.6734392916866
26.8,834.4777753948051
27.0,834.2592203756723
27.2,834.0176833416949
27.4,833.7530635315222
27.6,833.4652502403147
27.8,833.1541227376463
28.0,832.8195501780152
28.2,832.4613915039462
28.4,832.0794953416627
28.6,831.673699889308
28.8,831.2438327976963
29.0,830.7897110435737
29.2,830.3111407953702
29.4,829.8079172714266
29.6,829.279824590679
29.8,828.7266356157897
30.0,828.1481117887117
30.2,827.5440029586813
30.4,826.9140472026305
30.6,826.2579706380236
30.8,825.5754872281188
31.0,824.8662985796656
31.2,824.130093733052
31.4,823.3665489449248
31.6,822.575327463309
31.8,821.7560792952637
32.0,820.9084409671201
32.2,820.0320352773525
32.4,819.1264710421481
32.6,818.191342833748
32.8,817.2262307116476
33.0,816.2306999467512
33.2,815.2043007385934
33.4,814.1465679257526
33.6,813.0570206895951
33.8,811.9351622515059
34.0,810.7804795637776
34.2,809.5924429943477
34.4,808.3705060055905
34.6,807.1141048273901
34.8,805.8226581247428
35.0,804.4955666601551
35.2,803.1322129511254
35.4,801.7319609230224
35.6,800.2941555576949
35.8,798.8181225381703
36.0,797.3031678898273
36.2,795.7485776184527
36.4,794.1536173456177
36.6,792.5175319418428
36.8,790.8395451580462
37.0,789.1188592558107
37.2,787.35465463704
37.4,785.5460894736312
37.6,783.6922993378491
37.8,781.7923968341795
38.0,779.8454712335654
38.2,777.8505881111086
38.4,775.8067889885988
38.6,773.7130909836404
38.8,771.5684864677688
39.0,769.3719427368793
39.2,767.1224016986853
39.4,764.8187795839722
39.6,762.4599666914321
39.8,760.0448271802107
40.0,757.5721989305317
40.2,755.0408935015445
40.4,752.4496962277733
40.6,749.7973665123338
40.8,747.082638397789
41.0,744.3042215257552
41.2,741.4608026359977
41.4,738.5510478068062
41.6,735.5736057030165
41.8,732.5271121781491
42.0,729.4101966744099
42.2,726.2214909796537
42.4,722.9596410336121
42.6,719.6233226247907
42.8,716.2112619801632
43.0,712.7222624149333
43.2,709.1552383684227
43.4,705.5092582897821
43.6,701.7835979346613
43.8,697.9778056680411
44.0,694.0917813124483
44.2,690.1258699058368
44.4,686.0809714103259
44.6,681.958666914987
44.8,677.7613611819881
45.0,673.492440484438
45.2,669.1564435788779
45.4,664.7592423661467
45.6,660.3082273631344
45.8,655.8124915999715
46.0,651.2830050613665
46.2,646.7327704175362
46.4,642.1769496667245
46.6,637.6329505738902
46.8,633.1204615737463
47.0,628.6614242319016
47.2,624.2799335188037
47.4,620.0020580993971
47.6,615.8555755753262
47.8,611.8696210719216
48.0,608.0742516081683
48.2,604.4999331281286
48.4,601.1769616537808
48.6,598.134834446674
48.8,595.4015910227674
49.0,593.0031470387357
49.2,590.9626461777084
49.4,589.2998559848996
49.6,588.0306329977517
49.8,587.1664804393146
50.0,586.7142182644445
