0.0,853.3255436507328
0.2,854.1989342131892
0.4,855.052579543061
0.6,855.8868744843131
0.8,856.7022071260149
1.0,857.4989586631829
1.2,858.2775032828933
1.4,859.0382080754954
1.6,859.7814329705773
1.8,860.5075306971798
2.0,861.2168467675876
2.2,861.9097194838859
2.4,862.5864799663287
2.6,863.2474522024409
2.8,863.892953115661
3.0,864.523292652242
3.2,865.1387738850298
3.4,865.7396931326837
3.6,866.3263400928474
3.8,866.8989979877359
4.0,867.457943720592
4.2,868.0034480414542
4.4,868.535775720689
4.6,869.0551857287606
4.8,869.5619314207513
5.0,870.056260724187
5.2,870.5384163287886
5.4,871.0086358768314
5.6,871.4671521528742
5.8,871.9141932717057
6.0,872.3499828634392
6.2,872.7747402547878
6.4,873.188680645642
6.6,873.5920152801757
6.8,873.9849516118029
7.0,874.3676934614051
7.2,874.7404411683497
7.4,875.1033917339093
7.6,875.4567389567884
7.8,875.8006735605417
8.0,876.1353833127605
8.2,876.4610531359709
8.4,876.7778652102619
8.6,877.085999067726
8.8,877.3856316788512
9.0,877.6769375310564
9.2,877.9600886996058
9.4,878.2352549111775
9.6,878.502603600397
9.8,878.762299959665
10.0,879.0145069826413
10.2,879.2593855017524
10.4,879.4970942201076
10.6,879.727789738211
10.8,879.9516265758614
11.0,880.1687571896275
11.2,880.3793319862848
11.4,880.5834993325882
11.6,880.7814055617478
11.8,880.9731949769576
12.0,881.1590098523205
12.2,881.338990431487
12.4,881.5132749243177
12.6,881.6819995018546
12.8,881.8452982898731
13.0,882.0033033612648
13.2,882.1561447274848
13.4,882.3039503292779
13.6,882.4468460268782
13.8,882.5849555898653
14.0,882.7184006868329
14.2,882.84730087502
14.4,882.9717735900315
14.6,883.0919341357628
14.8,883.2078956746302
15.0,883.3197692181923
15.2,883.4276636182386
15.4,883.5316855584058
15.6,883.6319395463768
15.8,883.7285279067015
16.0,883.8215507742743
16.2,883.9111060884907
16.4,883.9972895881002
16.6,884.0801948067657
16.8,884.1599130693303
17.0,884.2365334887899
17.2,884.3101429639629
17.4,884.3808261778437
17.6,884.4486655966234
17.8,884.5137414693568
18.0,884.5761318282495
18.2,884.6359124895409
18.4,884.6931570549506
18.6,884.7479369136576
18.8,884.8003212447783
19.0,884.8503770203075
19.2,884.8981690084858
19.4,884.9437597775552
19.6,884.9872096998657
19.8,885.0285769562919
20.0,885.0679175409211
20.2,885.1052852659739
20.4,885.1407317669145
20.6,885.1743065077166
20.8,885.2060567862395
21.0,885.2360277396813
21.2,885.2642623500669
21.4,885.2908014497367
21.6,885.315683726797
21.8,885.3389457304994
22.0,885.3606218765127
22.2,885.3807444520563
22.4,885.399343620862
22.6,885.4164474279344
22.8,885.4320818040816
23.0,885.4462705701899
23.2,885.4590354412146
23.4,885.4703960298668
23.6,885.4803698499707
23.8,885.4889723194741
24.0,885.4962167630945
24.2,885.5021144145808
24.4,885.5066744185823
24.6,885.5099038321082
24.8,885.5118076255704
25.0,885.5123886834011
25.2,885.5116478042393
25.4,885.509583700683
25.6,885.5061929986069
25.8,885.5014702360437
26.0,885.4954078616349
26.2,885.4879962326546
26.4,885.4792236126144
26.6,885.4690761684581
26.8,885.457537967358
27.0,885.4445909731274
27.2,885.430215042263
27.4,885.4143879196356
27.6,885.3970852338505
27.8,885.3782804922955
28.0,885.3579450759031
28.2,885.3360482336494
28.4,885.3125570768175
28.6,885.2874365730551
28.8,885.2606495402536
29.0,885.2321566402812
29.2,885.201916372604
29.4,885.1698850678266
29.6,885.1360168811897
29.8,885.1002637860594
30.0,885.0625755674456
30.2,885.0228998155884
30.4,884.9811819196492
30.6,884.9373650615485
30.8,884.8913902099858
31.0,884.8431961146871
31.2,884.7927193009131
31.4,884.7398940642731
31.6,884.6846524658826
31.8,884.6269243279006
32.0,884.5666372294894
32.2,884.5037165032298
32.4,884.4380852320301
32.6,884.3696642465617
32.8,884.2983721232551
33.0,884.224125182886
33.2,884.1468374897782
33.4,884.0664208516511
33.6,883.9827848201295
33.8,883.8958366919389
34.0,883.8054815107954
34.2,883.7116220700008
34.4,883.614158915749
34.6,883.5129903511404
34.8,883.4080124408945
35.0,883.2991190167483
35.2,883.1862016835174
35.4,883.0691498257861
35.6,882.9478506151892
35.8,882.8221890182333
36.0,882.6920478045969
36.2,882.5573075558372
36.4,882.4178466744189
36.6,882.273541392965
36.8,882.1242657836204
37.0,881.9698917673985
37.2,881.8102891233701
37.4,881.6453254975347
37.6,881.4748664111987
37.8,881.2987752686685
38.0,881.1169133640443
38.2,880.9291398868885
38.4,880.7353119265184
38.6,880.5352844746595
38.8,880.3289104261729
39.0,880.1160405775563
39.2,879.8965236229011
39.4,879.6702061469697
39.6,879.436932615046
39.8,879.1965453591979
40.0,878.9488845605812
40.2,878.693788227403
40.4,878.4310921681646
40.6,878.1606299597947
40.8,877.8822329102912
41.0,877.5957300154924
41.2,877.3009479096122
41.4,876.9977108091866
41.6,876.6858404501041
41.8,876.3651560174122
42.0,876.0354740676333
42.2,875.6966084433541
42.4,875.3483701799025
42.6,874.9905674039746
42.8,874.6230052241334
43.0,874.2454856131636
43.2,873.8578072823354
43.4,873.4597655477103
43.6,873.0511521886958
43.8,872.6317552991509
44.0,872.2013591314222
44.2,871.759743933797
44.4,871.3066857819448
44.6,870.8419564050222
44.8,870.3653230072148
45.0,869.8765480855826
45.2,869.3753892451762
45.4,868.8615990124825
45.6,868.3349246483468
45.8,867.7951079616001
46.0,867.2418851246994
46.2,866.6749864927544
46.4,866.0941364273715
46.6,865.4990531267937
46.8,864.8894484638527
47.0,864.2650278332677
47.2,863.6254900098367
47.4,862.9705270190595
47.6,862.2998240217115
47.8,861.6130592138476
48.0,860.9099037436679
48.2,860.1900216466065
48.4,859.4530697999224
48.6,858.6986978979734
48.8,857.9265484492439
49.0,857.1362567960712
49.2,856.3274511578785
49.4,855.4997526985759
49.6,854.6527756186335
49.8,853.7861272721684
50.0,852.8994083092144
