0.0,798.6342664400875
0.2,800.7838851348027
0.4,802.8938177933506
0.6,804.964430580369
0.8,806.9960919454304
1.0,808.9891727398627
1.2,810.9440463228634
1.4,812.8610886564925
1.6,814.7406783891782
1.8,816.5831969274043
2.0,818.3890284952967
2.2,820.1585601818723
2.4,821.8921819757546
2.6,823.5902867872085
2.8,825.2532704573928
3.0,826.8815317547763
3.2,828.4754723587071
3.4,830.0354968301698
3.6,831.5620125698157
3.8,833.0554297633889
4.0,834.5161613147195
4.2,835.9446227664937
4.4,837.3412322090566
4.6,838.7064101775383
4.8,840.0405795376353
5.0,841.3441653604127
5.2,842.6175947865315
5.4,843.861296880333
5.6,845.0757024742456
5.8,846.2612440040066
6.0,847.4183553352175
6.2,848.5474715817755
6.4,849.6490289167425
6.6,850.7234643762341
6.8,851.7712156569265
7.0,852.7927209077906
7.2,853.7884185166752
7.4,854.7587468923709
7.6,855.7041442427872
7.8,856.6250483498816
8.0,857.521896341983
8.2,858.3951244641419
8.4,859.2451678471424
8.6,860.0724602758031
8.8,860.8774339571817
9.0,861.6605192892908
9.2,862.4221446309181
9.4,863.1627360731269
9.6,863.8827172130012
9.8,864.5825089301719
10.0,865.2625291666515
10.2,865.9231927104724
10.4,866.5649109836088
10.6,867.1880918346293
10.8,867.7931393365121
11.0,868.3804535900165
11.2,868.9504305329875
11.4,869.5034617559346
11.6,870.0399343242001
11.8,870.5602306070037
12.0,871.0647281136205
12.2,871.5537993369165
12.4,872.0278116044425
12.6,872.4871269372505
12.8,872.9321019165735
13.0,873.3630875584763
13.2,873.7804291965583
13.4,874.1844663727604
13.6,874.5755327363019
13.8,874.9539559507424
14.0,875.320057609146
14.2,875.6741531572885
14.4,876.0165518248353
14.6,876.3475565643871
14.8,876.6674639982699
15.0,876.9765643729295
15.2,877.2751415207613
15.4,877.5634728291992
15.6,877.8418292168578
15.8,878.1104751165182
16.0,878.3696684647202
16.2,878.6196606977222
16.4,878.8606967535658
16.6,879.0930150799824
16.8,879.3168476478581
17.0,879.5324199699744
17.2,879.7399511247272
17.4,879.9396537845238
17.6,880.1317342485537
17.8,880.3163924796195
18.0,880.4938221447192
18.2,880.6642106590616
18.4,880.8277392332024
18.6,880.984582922982
18.8,881.1349106819545
19.0,881.2788854159928
19.2,881.4166640397624
19.4,881.5483975347568
19.6,881.6742310085945
19.8,881.7943037552811
20.0,881.9087493161462
20.2,882.0176955411705
20.4,882.1212646504285
20.6,882.2195732953753
20.8,882.3127326197176
21.0,882.4008483196158
21.2,882.4840207029719
21.4,882.562344747572
21.6,882.6359101578535
21.8,882.7048014200856
22.0,882.7690978557553
22.2,882.8288736729654
22.4,882.8841980156587
22.6,882.9351350104952
22.8,882.9817438112193
23.0,883.0240786403648
23.2,883.0621888281557
23.4,883.0961188484741
23.6,883.1259083517748
23.8,883.1515921948408
24.0,883.1732004672814
24.2,883.1907585146894
24.4,883.2042869583826
24.6,883.2138017116681
24.8,883.2193139925774
25.0,883.2208303330335
25.2,883.2183525844215
25.4,883.2118779195462
25.6,883.2013988309698
25.8,883.1869031257381
26.0,883.1683739165105
26.2,883.1457896091218
26.4,883.1191238866197
26.6,883.088345689824
26.8,883.0534191944748
27.0,883.0143037850419
27.2,882.9709540252793
27.4,882.9233196256247
27.6,882.871345407549
27.8,882.8149712649763
28.0,882.7541321229033
28.2,882.6887578933616
28.4,882.6187734288719
28.6,882.5440984735558
28.8,882.4646476120766
29.0,882.3803302165963
29.2,882.2910503919402
29.4,882.1967069191762
29.6,882.0971931978236
29.8,881.9923971869138
30.0,881.8822013451404
30.2,881.7664825703397
30.4,881.6451121385534
30.6,881.5179556429347
30.8,881.384872932766
31.0,881.2457180528638
31.2,881.1003391836526
31.4,880.948578582198
31.6,880.790272524493
31.8,880.6252512492982
32.0,880.4533389038381
32.2,880.2743534916643
32.4,880.0881068229934
32.6,879.8944044678336
32.8,879.693045712215
33.0,879.4838235178343
33.2,879.2665244854295
33.4,879.040928822196
33.6,878.8068103135497
33.8,878.5639362995456
34.0,878.3120676562461
34.2,878.0509587823365
34.4,877.7803575912706
34.6,877.5000055092231
34.8,877.2096374791174
35.0,876.9089819709816
35.2,876.5977609988793
35.4,876.275690144642
35.6,875.942478588619
35.8,875.5978291476441
36.0,875.2414383203984
36.2,874.8729963403338
36.4,874.4921872362985
36.6,874.098688900988
36.8,873.6921731673199
37.0,873.2723058928109
37.2,872.8387470520084
37.4,872.3911508370046
37.6,871.9291657660362
37.8,871.4524348001427
38.0,870.9605954678353
38.2,870.4532799976938
38.4,869.9301154587845
38.6,869.3907239087619
38.8,868.8347225494881
39.0,868.2617238899755
39.2,867.6713359164253
39.4,867.0631622691093
39.6,866.4368024258118
39.8,865.791851891518
40.0,865.1279023940069
40.2,864.4445420849834
40.4,863.7413557463477
40.6,863.017925001186
40.8,862.2738285290275
41.0,861.5086422849005
41.2,860.7219397216891
41.4,859.9132920152746
41.6,859.0822682919223
41.8,858.2284358573597
42.0,857.3513604269701
42.2,856.4506063565161
42.4,855.5257368727897
42.6,854.5763143035779
42.8,853.6019003063218
43.0,852.6020560948423
43.2,851.5763426634982
43.4,850.524321008146
43.6,849.4455523432654
43.8,848.3395983146206
44.0,847.206021206833
44.2,846.0443841452484
44.4,844.8542512914925
44.6,843.6351880321218
44.8,842.3867611597938
45.0,841.1085390463952
45.2,839.8000918075941
45.4,838.4609914582983
45.6,837.0908120585315
45.8,835.6891298492674
46.0,834.2555233777883
46.2,832.7895736121723
46.4,831.2908640445407
46.6,829.7589807827421
46.8,828.1935126301759
47.0,826.5940511535088
47.2,824.9601907380725
47.4,823.2915286307716
47.6,821.5876649703796
47.8,819.8482028051382
48.0,818.072748097626
48.2,816.2609097169043
48.4,814.412299417992
48.6,812.526531808775
48.8,810.6032243044882
49.0,808.6419970699698
49.2,806.6424729499165
49.4,804.6042773874258
49.6,802.5270383311437
49.8,800.4103861313903
50.0,798.2539534256651
