0.0,794.563750804042
0.2,796.7510721868987
0.4,798.8988824460279
0.6,801.0075584424416
0.8,803.0774784484208
1.0,805.1090222258321
1.2,807.1025710969991
1.4,809.0585080078454
1.6,810.9772175830415
1.8,812.8590861729239
2.0,814.7045018919787
2.2,816.5138546487099
2.4,818.2875361667443
2.6,820.025939997054
2.8,821.7294615212053
3.0,823.398497945574
3.2,825.0334482864995
3.4,826.6347133463747
3.6,828.2026956807044
3.8,829.7377995561887
4.0,831.2404308999215
4.2,832.7109972398183
4.4,834.1499076364203
4.6,835.5575726062417
4.8,836.9344040368619
5.0,838.2808150939788
5.2,839.5972201206748
5.4,840.8840345291602
5.6,842.1416746852863
5.8,843.3705577861381
6.0,844.5711017310372
6.2,845.7437249863
6.4,846.8888464441178
6.6,848.0068852759329
6.8,849.0982607807049
7.0,850.1633922284675
7.2,851.2026986995883
7.4,852.2165989201536
7.6,853.2055110939027
7.8,854.169852731146
8.0,855.1100404751016
8.2,856.0264899260885
8.4,856.9196154640117
8.6,857.7898300695788
8.8,858.6375451446786
9.0,859.4631703323529
9.2,860.2671133367835
9.4,861.0497797437117
9.6,861.8115728416967
9.8,862.5528934446136
10.0,863.2741397157748
10.2,863.9757069940526
10.4,864.657987622364
10.6,865.3213707788647
10.8,865.9662423111876
11.0,866.5929845740392
11.2,867.2019762704575
11.4,867.7935922970125
11.6,868.3682035932138
11.8,868.9261769953745
12.0,869.4678750951554
12.2,869.9936561030012
12.4,870.5038737166559
12.6,870.9988769949258
12.8,871.4790102368427
13.0,871.9446128663523
13.2,872.396019322642
13.4,872.8335589561942
13.6,873.2575559306374
13.8,873.6683291304466
14.0,874.0661920745239
14.2,874.4514528356729
14.4,874.824413965963
14.6,875.1853724279596
14.8,875.534619531782
15.0,875.8724408779319
15.2,876.1991163058199
15.4,876.5149198479023
15.6,876.820119689327
15.8,877.11497813297
16.0,877.3997515697338
16.2,877.6746904539673
16.4,877.9400392838501
16.6,878.1960365865801
16.8,878.4429149081874
17.0,878.680900807791
17.2,878.9102148561078
17.4,879.1310716380121
17.6,879.3436797589399
17.8,879.5482418549255
18.0,879.7449546060533
18.2,879.9340087531021
18.4,880.1155891171586
18.6,880.2898746219689
18.8,880.4570383188017
19.0,880.6172474135891
19.2,880.7706632961165
19.4,880.9174415710272
19.6,881.0577320904142
19.8,881.1916789877685
20.0,881.3194207130587
20.2,881.4410900687176
20.4,881.5568142463165
20.6,881.66671486371
20.8,881.7709080024407
21.0,881.8695042451968
21.2,881.9626087131221
21.4,882.0503211027825
21.6,882.1327357226019
21.8,882.2099415285844
22.0,882.2820221591501
22.2,882.349055968914
22.4,882.4111160612545
22.6,882.4682703195159
22.8,882.5205814367044
23.0,882.5681069435446
23.2,882.6108992347708
23.4,882.6490055935391
23.6,882.6824682138513
23.8,882.7113242209
24.0,882.7356056892411
24.2,882.7553396587225
24.4,882.7705481480995
24.6,882.781248166281
24.8,882.7874517211602
25.0,882.7891658259925
25.2,882.7863925032968
25.4,882.779128786262
25.6,882.7673667176551
25.8,882.7510933462364
26.0,882.7302907206964
26.2,882.7049358811403
26.4,882.6750008481569
26.6,882.6404526095181
26.8,882.6012531045652
27.0,882.5573592063492
27.2,882.5087227016026
27.4,882.4552902686257
27.6,882.3970034531897
27.8,882.3337986425548
28.0,882.265607037726
28.2,882.1923546240654
28.4,882.1139621403962
28.6,882.0303450467418
28.8,881.9414134908469
29.0,881.8470722736434
29.2,881.7472208138239
29.4,881.6417531116988
29.6,881.5305577125181
29.8,881.4135176694446
30.0,881.2905105063733
30.2,881.1614081807991
30.4,881.026077046935
30.6,880.8843778192953
30.8,880.7361655369559
31.0,880.5812895287136
31.2,880.4195933793654
31.4,880.2509148973344
31.6,880.0750860838683
31.8,879.8919331040435
32.0,879.7012762597997
32.2,879.5029299652406
32.4,879.2967027244282
32.6,879.0823971118995
32.8,878.859809756133
33.0,878.6287313261901
33.2,878.3889465217501
33.4,878.1402340667577
33.6,877.8823667068929
33.8,877.6151112110686
34.0,877.3382283771564
34.2,877.0514730421303
34.4,876.7545940968124
34.6,876.447334505394
34.8,876.1294313298953
35.0,875.8006157597184
35.2,875.4606131464337
35.4,875.1091430439291
35.6,874.7459192540379
35.8,874.3706498777485
36.0,873.983037372082
36.2,873.5827786127104
36.4,873.1695649623723
36.6,872.7430823451255
36.8,872.3030113264584
37.0,871.8490271992681
37.2,871.3808000756873
37.4,870.8979949847338
37.6,870.4002719757292
37.8,869.887286227417
38.0,869.3586881626936
38.2,868.8141235688404
38.4,868.253233723132
38.6,867.6756555236695
38.8,867.0810216252744
39.0,866.4689605802521
39.2,865.8390969838221
39.4,865.1910516239872
39.6,864.5244416355971
39.8,863.8388806583442
40.0,863.1339789984113
40.2,862.4093437934722
40.4,861.6645791807325
40.6,860.899286467679
40.8,860.1130643051928
41.0,859.3055088626693
41.2,858.4762140047687
41.4,857.6247714694168
41.6,856.7507710466593
41.8,855.8538007579649
42.0,854.9334470355651
42.2,853.9892949014098
42.4,853.0209281453134
42.6,852.0279295018601
42.8,851.0098808256379
43.0,849.9663632643644
43.2,848.8969574294722
43.4,847.8012435637202
43.6,846.6788017054038
43.8,845.5292118487382
44.0,844.3520540999986
44.2,843.1469088290071
44.4,841.9133568155686
44.6,840.6509793904659
44.8,839.3593585706393
45.0,838.0380771881901
45.2,836.6867190128647
45.4,835.3048688676884
45.6,833.8921127374434
45.8,832.4480378697023
46.0,830.9722328681476
46.2,829.4642877779362
46.4,827.9237941628849
46.6,826.350345174285
46.8,824.7435356111712
47.0,823.1029619719055
47.2,821.4282224969587
47.4,819.7189172028002
47.6,817.9746479068398
47.8,816.1950182433882
48.0,814.379633670638
48.2,812.5281014686929
48.4,810.640030728704
48.6,808.715032333201
48.8,806.752718927738
49.0,804.7527048839986
49.2,802.7146062545391
49.4,800.638040719373
49.6,798.5226275246282
49.8,796.3679874135402
50.0,794.1737425500619
