0.0,872.1750632047873
0.2,872.7998517553057
0.4,873.405321306482
0.6,873.9916358447798
0.8,874.5589742001973
1.0,875.1075300988751
1.2,875.6375121359563
1.4,876.1491436692677
1.6,876.6426626349461
1.8,877.1183212866868
2.0,877.5763858608153
2.2,878.0171361698924
2.4,878.4408651280368
2.6,878.8478782115933
2.8,879.2384928591845
3.0,879.6130378155481
3.2,879.9718524238932
3.4,880.3152858717845
3.6,880.643696395801
3.8,880.9574504504023
4.0,881.2569218465703
4.2,881.5424908658888
4.4,881.8145433557602
4.6,882.0734698114513
4.8,882.3196644506098
5.0,882.5535242857917
5.2,882.7754482004034
5.4,882.9858360332756
5.6,883.1850876768772
5.8,883.3736021939168
6.0,883.551776956808
6.2,883.7200068141573
6.4,883.8786832881077
6.6,884.0281938060232
6.8,884.1689209696265
7.0,884.3012418643365
7.2,884.4255274111626
7.4,884.5421417631294
7.6,884.6514417478193
7.8,884.7537763572409
8.0,884.8494862858553
8.2,884.9389035172304
8.4,885.0223509594418
8.6,885.1001421290088
8.8,885.1725808828322
9.0,885.2399611973138
9.2,885.3025669935533
9.4,885.3606720072798
9.6,885.4145397019392
9.8,885.4644232231639
10.0,885.5105653926745
10.2,885.5531987395117
10.4,885.5925455663732
10.6,885.6288180487329
10.8,885.6622183643391
11.0,885.6929388506443
11.2,885.7211621876837
11.4,885.7470616039155
11.6,885.7708011025461
11.8,885.7925357058967
12.0,885.8124117154118
12.2,885.8305669849775
12.4,885.8471312052887
12.6,885.8622261971001
12.8,885.8759662112853
13.0,885.8884582337481
13.2,885.8998022933331
13.4,885.9100917710091
13.6,885.9194137087239
13.8,885.9278491164508
14.0,885.9354732760794
14.2,885.9423560409288
14.4,885.9485621297878
14.6,885.954151414515
14.8,885.9591792003442
15.0,885.9636964981694
15.2,885.9677502881858
15.4,885.9713837743775
15.6,885.9746366294421
15.8,885.9775452298367
16.0,885.9801428807215
16.2,885.9824600306579
16.4,885.9845244759965
16.6,885.9863615549544
16.8,885.9879943314519
17.0,885.9894437688274
17.2,885.9907288936021
17.4,885.9918669495087
17.6,885.9928735420385
17.8,885.9937627737878
18.0,885.9945473709139
18.2,885.9952388010353
18.4,885.9958473829196
18.6,885.9963823883234
18.8,885.9968521363502
19.0,885.9972640807006
19.2,885.9976248901896
19.4,885.9979405229042
19.6,885.9982162943692
19.8,885.9984569400856
20.0,885.9986666727959
20.2,885.9988492348185
20.4,885.9990079457868
20.6,885.9991457461134
20.8,885.9992652364846
21.0,885.9993687136805
21.2,885.9994582029987
21.4,885.9995354875446
21.6,885.9996021346373
21.8,885.9996595195659
22.0,885.9997088469116
22.2,885.9997511696432
22.4,885.9997874061714
22.6,885.9998183555387
22.8,885.9998447109048
23.0,885.9998670714754
23.2,885.9998859530072
23.4,885.9999017970114
23.6,885.9999149787647
23.8,885.999925814224
24.0,885.9999345659324
24.2,885.9999414479893
24.4,885.999946630149
24.6,885.9999502411025
24.8,885.9999523709844
25.0,885.9999530731386
25.2,885.9999523651686
25.4,885.999950229283
25.6,885.9999466119443
25.8,885.9999414228149
26.0,885.9999345329842
26.2,885.9999257724562
26.4,885.9999149268621
26.6,885.9999017333539
26.8,885.999885875627
27.0,885.9998669780053
27.2,885.9998445985175
27.4,885.9998182208736
27.6,885.9997872452506
27.8,885.9997509777718
28.0,885.9997086185629
28.2,885.9996592482474
28.4,885.9996018127366
28.6,885.9995351061499
28.8,885.9994577516936
29.0,885.9993681803069
29.2,885.9992646068704
29.4,885.9991450037608
29.6,885.9990070715148
29.8,885.9988482063542
30.0,885.998665464308
30.2,885.998455521652
30.4,885.998214631371
30.6,885.9979385753369
30.8,885.9976226118797
31.0,885.9972614184179
31.2,885.9968490288023
31.4,885.9963787650178
31.6,885.9958431628785
31.8,885.9952338913455
32.0,885.994541665093
32.2,885.9937561499459
32.4,885.992865860812
32.6,885.9918580517418
32.8,885.9907185977488
33.0,885.9894318680427
33.2,885.9879805903406
33.4,885.9863457059427
33.6,885.9845062152853
33.8,885.9824390137187
34.0,885.980118717288
34.2,885.9775174783441
34.4,885.9746047908595
34.6,885.9713472853791
34.8,885.9677085135976
35.0,885.9636487226272
35.2,885.959124619092
35.4,885.9540891232699
35.6,885.9484911135897
35.8,885.9422751618916
36.0,885.9353812599528
36.2,885.9277445378956
36.4,885.9192949752023
36.6,885.9099571051806
36.8,885.8996497138447
37.0,885.8882855343
37.2,885.8757709378483
37.4,885.8620056231551
37.6,885.8468823049526
37.8,885.8302864038742
38.0,885.812095739144
38.2,885.7921802259639
38.4,885.770401579555
38.6,885.7466130279196
38.8,885.7206590354879
39.0,885.6923750399042
39.2,885.6615872042821
39.4,885.6281121873255
39.6,885.5917569337548
39.8,885.5523184875153
40.0,885.5095838302534
40.2,885.4633297475407
40.4,885.4133227252977
40.6,885.3593188788174
40.8,885.3010639167179
41.0,885.2382931420491
41.2,885.1707314926606
41.4,885.0980936227867
41.6,885.0200840276292
41.8,884.936397212521
42.0,884.8467179080266
42.2,884.7507213320891
42.4,884.6480735000601
42.6,884.5384315831519
42.8,884.4214443155423
43.0,884.2967524500272
43.2,884.1639892617651
43.4,884.0227810993
43.6,883.8727479816732
43.8,883.713504240057
44.0,883.5446592019558
44.2,883.3658179156402
44.4,883.1765819120901
44.6,882.9765500013592
44.8,882.7653190998961
45.0,882.5424850850209
45.2,882.3076436724158
45.4,882.0603913121877
45.6,881.8003260987743
45.8,881.5270486897184
46.0,881.240163228115
46.2,880.9392782633579
46.4,880.6240076646686
46.6,880.2939715217956
46.8,879.9487970272137
47.0,879.5881193341517
47.2,879.2115823848092
47.4,878.8188397032177
47.6,878.4095551473337
47.8,877.9834036151404
48.0,877.5400716997648
48.2,877.0792582888972
48.4,876.6006751041264
48.6,876.1040471761646
48.8,875.5891132523503
49.0,875.0556261332498
49.2,874.503352935661
49.4,873.9320752798202
49.6,873.3415893991398
49.8,872.7317061713547
50.0,872.1022510705084
