0.0,854.3900724768558
0.2,855.2417759341349
0.4,856.0741267029583
0.6,856.8875286485337
0.8,857.6823772165264
1.0,858.4590592980312
1.2,859.2179531330252
1.4,859.959428251755
1.6,860.6838454531772
1.8,861.3915568192513
2.0,862.082905763586
2.2,862.7582271126721
2.4,863.4178472176827
2.6,864.0620840946201
2.8,864.6912475904031
3.0,865.3056395723466
3.2,865.9055541383808
3.4,866.491277845285
3.6,867.0630899521759
3.8,867.6212626764924
4.0,868.1660614597492
4.2,868.6977452403994
4.4,869.2165667312345
4.6,869.7227726988742
4.8,870.2166042430331
5.0,870.6982970734138
5.2,871.168081782253
5.4,871.6261841107266
5.6,872.0728252076212
5.8,872.5082218788762
6.0,872.9325868268012
6.2,873.346128877973
6.4,873.7490531990109
6.6,874.1415614996205
6.8,874.5238522224702
7.0,874.896120719636
7.2,875.2585594155065
7.4,875.6113579561835
7.6,875.9547033455377
7.8,876.2887800681996
8.0,876.6137701998596
8.2,876.9298535053401
8.4,877.2372075249683
8.6,877.5360076498371
8.8,877.8264271865878
9.0,878.108637412374
9.2,878.3828076206889
9.4,878.6491051587487
9.6,878.907695457125
9.8,879.1587420523105
10.0,879.4024066028891
10.2,879.6388488999634
10.4,879.868226872464
10.6,880.09069658794
10.8,880.3064122493968
11.0,880.5155261887146
11.2,880.7181888571465
11.4,880.9145488133571
11.6,881.104752709432
11.8,881.2889452752464
12.0,881.4672693015552
12.2,881.6398656221235
12.4,881.8068730951934
12.6,881.9684285845501
12.8,882.1246669404152
13.0,882.2757209803799
13.2,882.4217214705549
13.4,882.5627971070977
13.6,882.6990744982518
13.8,882.8306781470174
14.0,882.9577304345501
14.2,883.0803516043723
14.4,883.198659747464
14.6,883.312770788289
14.8,883.422798471796
15.0,883.5288543514308
15.2,883.6310477781765
15.4,883.7294858906384
15.6,883.8242736061778
15.8,883.9155136130921
16.0,884.0033063638348
16.2,884.0877500692606
16.4,884.1689406938782
16.6,884.246971952088
16.8,884.3219353053769
17.0,884.3939199604414
17.2,884.4630128682048
17.4,884.5292987236938
17.6,884.5928599667343
17.8,884.6537767834282
18.0,884.7121271083677
18.2,884.7679866275441
18.4,884.8214287819053
18.6,884.8725247715174
18.8,884.9213435602813
19.0,884.967951881159
19.2,885.01241424186
19.4,885.0547929309398
19.6,885.0951480242612
19.8,885.1335373917707
20.0,885.1700167045409
20.2,885.2046394420314
20.4,885.237456899519
20.6,885.2685181956513
20.8,885.2978702800768
21.0,885.3255579411062
21.2,885.351623813359
21.4,885.3761083853533
21.6,885.3990500069951
21.8,885.4204848969284
22.0,885.4404471497025
22.2,885.4589687427219
22.4,885.4760795429407
22.6,885.4918073132671
22.8,885.5061777186445
23.0,885.5192143317786
23.2,885.530938638482
23.4,885.5413700426066
23.6,885.5505258705426
23.8,885.5584213752583
24.0,885.5650697398601
24.2,885.5704820806573
24.4,885.5746674497124
24.6,885.5776328368644
24.8,885.5793831712139
25.0,885.5799213220619
25.2,885.5792480992942
25.4,885.577362253209
25.6,885.5742604737851
25.8,885.5699373893921
26.0,885.5643855649465
26.2,885.5575954995184
26.4,885.5495556233982
26.6,885.5402522946347
26.8,885.5296697950545
27.0,885.5177903257827
27.2,885.5045940022798
27.4,885.4900588489153
27.6,885.4741607931012
27.8,885.4568736590096
28.0,885.4381691609013
28.2,885.4180168960928
28.4,885.3963843375946
28.6,885.3732368264517
28.8,885.348537563822
29.0,885.3222476028274
29.2,885.2943258402165
29.4,885.2647290078784
29.6,885.2334116642471
29.8,885.2003261856411
30.0,885.1654227575783
30.2,885.1286493661141
30.4,885.0899517892459
30.6,885.0492735884312
30.8,885.0065561002674
31.0,884.9617384283788
31.2,884.9147574355611
31.4,884.8655477362316
31.6,884.8140416892331
31.8,884.7601693910403
32.0,884.7038586694194
32.2,884.6450350775855
32.4,884.5836218889104
32.6,884.5195400922239
32.8,884.4527083877574
33.0,884.3830431837748
33.2,884.310458593935
33.4,884.2348664354271
33.6,884.1561762279221
33.8,884.0742951933771
34.0,883.9891282567311
34.2,883.900578047524
34.4,883.808544902472
34.6,883.7129268690248
34.8,883.6136197099311
35.0,883.510516908828
35.2,883.4035096768732
35.4,883.2924869604252
35.6,883.1773354497772
35.8,883.0579395889391
36.0,882.9341815864568
36.2,882.8059414272478
36.4,882.6730968854238
36.6,882.535523538059
36.8,882.393094779852
37.0,882.245681838615
37.2,882.093153791509
37.4,881.9353775819303
37.6,881.7722180369317
37.8,881.6035378850445
38.0,881.4291977743477
38.2,881.2490562906049
38.4,881.0629699752649
38.6,880.8707933430985
38.8,880.6723788992124
39.0,880.4675771551501
39.2,880.2562366437634
39.4,880.0382039324973
39.6,879.8133236347055
39.8,879.581438418571
40.0,879.3423890131758
40.2,879.0960142112273
40.4,878.8421508679146
40.6,878.5806338953336
40.8,878.3112962518894
41.0,878.0339689260586
41.2,877.7484809138639
41.4,877.4546591894012
41.6,877.1523286677369
41.8,876.8413121594948
42.0,876.5214303164449
42.2,876.1925015674218
42.4,875.8543420439172
42.6,875.5067654947227
42.8,875.1495831890422
43.0,874.7826038075509
43.2,874.4056333209433
43.4,874.0184748556017
43.6,873.6209285461124
43.8,873.2127913744682
44.0,872.7938569959286
44.2,872.3639155516447
44.4,871.9227534683155
44.6,871.4701532453068
44.8,871.0058932298422
45.0,870.5297473810622
45.2,870.0414850239416
45.4,869.5408705942523
45.6,869.0276633759566
45.8,868.5016172326176
46.0,867.9624803346017
46.2,867.4099948840359
46.4,866.8438968396571
46.6,866.2639156438423
46.8,865.6697739542574
47.0,865.0611873826705
47.2,864.4378642435734
47.4,863.7995053153159
47.6,863.1458036164929
47.8,862.4764442003185
48.0,861.791103969696
48.2,861.0894515156137
48.4,860.3711469813964
48.6,859.635841955195
48.8,858.8831793929271
49.0,858.1127935736619
49.2,857.3243100892091
49.4,856.5173458693965
49.6,855.6915092442262
49.8,854.8464000437856
50.0,853.9816097364553
