0.0,509.8868704344811
0.2,515.7541248591891
0.4,521.5507176023932
0.6,527.276648847052
0.8,532.9319405540281
1.0,538.5166369047012
1.2,544.0308046665436
1.4,549.4745334810367
1.6,554.8479360736656
1.8,560.151148386089
2.0,565.384329630938
2.2,570.5476622700482
2.4,575.641351917271
2.6,580.6656271673519
2.8,585.6207393526801
3.0,590.5069622300248
3.2,595.3245915996729
3.4,600.0739448596539
3.6,604.7553604980035
3.8,609.3691975262507
4.0,613.9158348575363
4.2,618.3956706329623
4.4,622.8091214999477
4.6,627.1566218465103
4.8,631.4386229955234
5.0,635.6555923630885
5.2,639.8080125852473
5.4,643.8963806172945
5.6,647.9212068099878
5.8,651.8830139669411
6.0,655.7823363874684
6.2,659.6197188990923
6.4,663.3957158838673
6.6,667.1108903025663
6.8,670.7658127206724
7.0,674.3610603399854
7.2,677.8972160394975
7.4,681.3748674290322
7.6,684.7946059189541
7.8,688.1570258090646
8.0,691.4627233995901
8.2,694.7122961269557
8.4,697.9063417268075
8.6,701.0454574265185
8.8,704.1302391691752
9.0,707.1612808707996
9.2,710.1391737123254
9.4,713.0645054675964
9.6,715.9378598684256
9.8,718.7598160075074
10.0,721.530947779748
10.2,724.2518233623517
10.4,726.923004733778
10.6,729.5450472314792
10.8,732.1184991481208
11.0,734.6439013657979
11.2,737.1217870275817
11.4,739.552681245559
11.6,741.9371008443743
11.8,744.2755541391392
12.0,746.5685407464471
12.2,748.8165514271128
12.4,751.0200679591562
12.6,753.1795630394615
12.8,755.29550021247
13.0,757.3683338242029
13.2,759.3985089998665
13.4,761.3864616432558
13.6,763.3326184561546
13.8,765.2373969759217
14.0,767.1012056294562
14.2,768.9244438017489
14.4,770.707501917255
14.6,772.4507615323569
14.8,774.154595437231
15.0,775.8193677654858
15.2,777.445434109999
15.4,779.0331416434503
15.6,780.5828292421165
15.8,782.0948276115802
16.0,783.5694594130794
16.2,785.0070393893207
16.4,786.4078744886597
16.6,787.7722639866495
16.8,789.1004996040517
17.0,790.3928656204935
17.2,791.6496389830531
17.4,792.8710894091477
17.6,794.0574794831853
17.8,795.2090647465421
18.0,796.3260937805035
18.2,797.4088082818986
18.4,798.457443131242
18.6,799.472226453266
18.8,800.4533796698115
19.0,801.4011175451084
19.2,802.3156482235463
19.4,803.1971732600961
19.6,804.0458876436006
19.8,804.8619798132021
20.0,805.6456316682245
20.2,806.3970185718669
20.4,807.1163093491016
20.6,807.8036662792072
20.8,808.4592450833838
21.0,809.0831949079292
21.2,809.6756583034658
21.4,810.2367712007244
21.6,810.7666628833952
21.8,811.2654559585615
22.0,811.7332663252332
22.2,812.1702031414875
22.4,812.5763687907213
22.6,812.9518588475023
22.8,813.2967620434932
23.0,813.6111602339058
23.2,813.8951283649162
23.4,814.1487344424505
23.6,814.3720395027228
23.8,814.5650975848777
24.0,814.7279557060566
24.2,814.860653839177
24.4,814.9632248936757
24.6,815.0356946994319
24.8,815.0780819940475
25.0,815.0903984136256
25.2,815.072648487145
25.4,815.0248296344924
25.6,814.9469321681718
25.8,814.8389392986675
26.0,814.7008271434057
26.2,814.532564739207
26.4,814.3341140580941
26.6,814.1054300262733
26.8,813.8464605460756
27.0,813.5571465206001
27.2,813.2374218807763
27.4,812.8872136145218
27.6,812.5064417976412
27.8,812.0950196260853
28.0,811.6528534491622
28.2,811.1798428032641
28.4,810.6758804456551
28.6,810.1408523878468
28.8,809.5746379280699
29.0,808.9771096823406
29.2,808.3481336136119
29.4,807.6875690584933
29.6,806.9952687510237
29.8,806.2710788429863
30.0,805.5148389202585
30.2,804.7263820147083
30.4,803.9055346111597
30.6,803.0521166489765
30.8,802.1659415178358
31.0,801.2468160473018
31.2,800.2945404898361
31.4,799.3089084969342
31.6,798.289707088117
31.8,797.2367166125593
32.0,796.1497107031975
32.2,795.0284562232142
32.4,793.8727132048692
32.6,792.6822347807117
32.8,791.456767107287
33.0,790.1960492815275
33.2,788.8998132500992
33.4,787.5677837120617
33.6,786.1996780152855
33.8,784.7952060471631
34.0,783.3540701202401
34.2,781.8759648534856
34.4,780.3605770500174
34.6,778.8075855721881
34.8,777.2166612150342
35.0,775.5874665791785
35.2,773.919655944371
35.4,772.212875144935
35.6,770.4667614484699
35.8,768.6809434392449
36.0,766.8550409077831
36.2,764.9886647482138
36.4,763.0814168650202
36.6,761.1328900908716
36.8,759.1426681172697
37.0,757.110325439775
37.2,755.0354273196037
37.4,752.9175297634039
37.6,750.7561795230192
37.8,748.5509141170448
38.0,746.3012618759543
38.2,744.0067420125491
38.4,741.6668647194318
38.6,739.2811312951446
38.8,736.8490343005425
39.0,734.370057746881
39.2,731.8436773169985
39.4,729.2693606208557
39.6,726.6465674865656
39.8,723.9747502879085
40.0,721.2533543091641
40.2,718.4818181479316
40.4,715.6595741564213
40.6,712.7860489215185
40.8,709.8606637837092
41.0,706.8828353947554
41.2,703.8519763137789
41.4,700.7674956411972
41.6,697.6287996897117
41.8,694.435292691319
42.0,691.1863775390726
42.2,687.8814565620845
42.4,684.5199323320074
42.6,681.1012084990081
42.8,677.6246906549975
43.0,674.0897872216553
43.2,670.4959103605626
43.4,666.8424769025349
43.6,663.1289092930494
43.8,659.354636550454
44.0,655.5190952334756
44.2,651.6217304143726
44.4,647.6619966539251
44.6,643.6393589743302
44.8,639.5532938259489
45.0,635.4032900437672
45.2,631.1888497893573
45.4,626.9094894740748
45.6,622.5647406592118
45.8,618.1541509288149
46.0,613.6772847309054
46.2,609.1337241828885
46.4,604.5230698370112
46.6,599.8449414018232
46.8,595.0989784157267
47.0,590.2848408688423
47.2,585.4022097695936
47.4,580.4507876526086
47.6,575.4302990247529
47.8,570.3404907463479
48.0,565.1811323448889
48.2,559.952016258852
48.4,554.6529580094773
48.6,549.2837962987192
48.8,543.8443930318863
49.0,538.3346332638187
49.2,532.7544250678018
49.4,527.1036993267614
49.6,521.3824094466452
49.8,515.5905309922489
50.0,509.72806124611094
