0.0,689.7797221172553
0.2,694.2033994162944
0.4,698.4830299507058
0.6,702.6229210833135
0.8,706.6274209249109
1.0,710.5009165340741
1.2,714.2478302237503
1.4,717.87261400972
1.6,721.3797422803681
1.8,724.7737028089934
2.0,728.0589862680591
2.2,731.2400744383442
2.4,734.3214273340994
2.6,737.3074694874069
2.8,740.2025756505548
3.0,743.0110561841396
3.2,745.7371424007778
3.4,748.384972129909
3.6,750.9585757585915
3.8,753.4618629869109
4.0,755.8986105153626
4.2,758.2724508560693
4.4,760.5868624308397
4.6,762.8451610877861
4.8,765.0504931354092
5.0,767.2058299596858
5.2,769.3139642566097
5.4,771.3775078806927
5.6,773.398891279839
5.8,775.380364459408
6.0,777.3239993937005
6.2,779.2316937819166
6.4,781.105176028136
6.6,782.9460113111846
6.8,784.7556086004307
7.0,786.535228467493
7.2,788.2859915413981
7.4,790.0088874556087
7.6,791.704784139259
7.8,793.3744373114905
8.0,795.0185000465796
8.2,796.6375322881582
8.4,798.2320102028245
8.6,799.8023352763933
8.8,801.3488430695568
9.0,802.8718115634388
9.2,804.3714690390849
9.4,805.8480014480813
9.6,807.3015592439449
9.8,808.732263655526
10.0,810.1402123942217
10.2,811.525484796241
10.4,812.8881464094053
10.6,814.2282530410012
10.8,815.5458542890165
11.0,816.8409965837559
11.2,818.1137257703667
11.4,819.364089265329
11.6,820.5921378215488
11.8,821.7979269374375
12.0,822.9815179453935
12.2,824.1429788145072
12.4,825.2823847012104
12.6,826.3998182800805
12.8,827.4953698851816
13.0,828.569137490277
13.2,829.6212265540408
13.4,830.6517497541132
13.6,831.6608266315394
13.8,832.6485831648516
14.0,833.6151512908345
14.2,834.5606683869065
14.4,835.4852767280453
14.6,836.3891229293318
14.8,837.2723573834787
15.0,838.135133701146
15.2,838.9776081604523
15.4,839.7999391708339
15.6,840.6022867553004
15.8,841.3848120541726
16.0,842.1476768525496
16.2,842.8910431330393
16.4,843.6150726546775
16.6,844.3199265584576
16.8,845.0057649994698
17.0,845.6727468053133
17.2,846.3210291601691
17.4,846.9507673137103
17.6,847.562114313867
17.8,848.1552207623454
18.0,848.7302345917191
18.2,849.2873008628629
18.4,849.8265615814742
18.6,850.3481555324248
18.8,850.852218130698
19.0,851.3388812876943
19.2,851.8082732917218
19.4,852.2605187015369
19.6,852.6957382518455
19.8,853.114048769731
20.0,853.5155631010309
20.2,853.9003900457385
20.4,854.2686343015662
20.6,854.6203964148607
20.8,854.9557727381159
21.0,855.2748553933841
21.2,855.5777322409368
21.4,855.8644868525754
21.6,856.1351984890407
21.8,856.3899420810138
22.0,856.6287882132432
22.2,856.8518031113745
22.4,857.0590486310963
22.6,857.2505822492487
22.8,857.4264570565792
23.0,857.586721751858
23.2,857.7314206370944
23.4,857.8605936136264
23.6,857.9742761788783
23.8,858.0724994236068
24.0,858.1552900294797
24.2,858.222670266851
24.4,858.2746579926197
24.6,858.3112666480775
24.8,858.3325052566687
25.0,858.338378421607
25.2,858.3288863233087
25.4,858.3040247166211
25.6,858.2637849278423
25.8,858.2081538515426
26.0,858.1371139472227
26.2,858.0506432358522
26.4,857.9487152963565
26.6,857.8312992621366
26.8,857.6983598177277
27.0,857.5498571957179
27.2,857.3857471740757
27.4,857.2059810740521
27.6,857.0105057588522
27.8,856.7992636332905
28.0,856.5721926446755
28.2,856.3292262851977
28.4,856.0702935961208
28.6,855.7953191741149
28.8,855.5042231801017
29.0,855.1969213510174
29.2,854.873325014943
29.4,854.5333411100894
29.6,854.1768722081691
29.8,853.8038165427387
30.0,853.414068043136
30.2,853.0075163746982
30.4,852.5840469859932
30.6,852.1435411638573
30.8,851.6858760970887
31.0,851.2109249497043
31.2,850.7185569447306
31.4,850.2086374595577
31.6,849.6810281339431
31.8,849.1355869918133
32.0,848.5721685780609
32.2,847.9906241115864
32.4,847.390801655873
32.6,846.7725463084168
32.8,846.1357004103517
33.0,845.4801037776099
33.2,844.8055939549456
33.4,844.1120064941022
33.6,843.399175257333
33.8,842.6669327473764
34.0,841.915110464834
34.2,841.1435392936966
34.4,840.3520499155044
34.6,839.5404732522948
34.8,838.7086409380859
35.0,837.8563858181523
35.2,836.9835424747517
35.4,836.0899477772649
35.6,835.1754414538879
35.8,834.239866681066
36.0,833.2830706857739
36.2,832.3049053545052
36.4,831.3052278414569
36.6,830.2839011668442
36.8,829.2407947945917
37.0,828.1757851767994
37.2,827.088756250393
37.4,825.9795998692625
37.6,824.8482161529752
37.8,823.6945137308658
38.0,822.5184098579899
38.2,821.3198303771164
38.4,820.0987094987041
38.6,818.8549893687078
38.8,817.5886193921745
39.0,816.2995552790006
39.2,814.9877577770299
39.4,813.6531910569569
39.6,812.2958207133963
39.8,810.9156113470634
40.0,809.5125236944086
40.2,808.0865112733554
40.4,806.6375165170987
40.6,805.1654663723097
40.8,803.6702673436355
41.0,802.1517999730994
41.2,800.609912750934
41.4,799.0444154634806
41.6,797.4550719940099
41.8,795.8415926035658
42.0,794.2036257310692
42.2,792.5407493647344
42.4,790.8524620501405
42.6,789.138173613763
42.8,787.3971956941006
43.0,785.6287321853597
43.2,783.8318697106071
43.4,782.0055682519506
43.6,780.1486520742571
43.8,778.2598010857206
44.0,776.3375427828923
44.2,774.3802449291715
44.4,772.3861091139418
44.6,770.3531653342527
44.8,768.2792677320097
45.0,766.162091606978
45.2,763.9991318095273
45.4,761.787702597092
45.6,759.5249390150344
45.8,757.2077998363649
46.0,754.8330720660578
46.2,752.3973769851411
46.4,749.8971776779979
46.6,747.3287879542186
46.8,744.6883825447061
47.0,741.9720084214764
47.2,739.1755970625918
47.4,736.2949774588211
47.6,733.3258896377625
47.8,730.2639984650442
48.0,727.1049074715042
48.2,723.8441724504374
48.4,720.4773145704494
48.6,716.9998327573452
48.8,713.4072151128063
49.0,709.694949158132
49.2,705.8585307176699
49.4,701.8934712880987
49.6,697.7953037757185
49.8,693.5595865233867
50.0,689.1819055906966
