0.0,565.3401219170411
0.2,572.1485303999591
0.4,578.8095158648589
0.6,585.3258199130731
0.8,591.7001633773439
1.0,597.9352448166622
1.2,604.0337390759255
1.4,609.9982959116647
1.6,615.8315386848835
1.8,621.5360631218325
2.0,627.1144361433409
2.2,632.5691947631227
2.4,637.9028450552754
2.6,643.1178611910002
2.8,648.2166845443853
3.0,653.2017228669137
3.2,658.0753495301841
3.4,662.839902836168
3.6,667.4976853941653
3.8,672.0509635634709
4.0,676.5019669606215
4.2,680.8528880299556
4.4,685.105881676092
4.6,689.2630649568179
4.8,693.3265168347613
5.0,697.2982779861317
5.2,701.1803506647116
5.4,704.9746986192058
5.6,708.6832470619818
5.8,712.3078826871666
6.0,715.8504537360184
6.2,719.3127701074362
6.4,722.6966035114442
6.6,726.003687663452
6.8,729.2357185170775
7.0,732.3943545333068
7.2,735.4812169837636
7.4,738.4978902858652
7.6,741.4459223676578
7.8,744.3268250601408
8.0,747.1420745149182
8.2,749.8931116450518
8.4,752.5813425870241
8.6,755.2081391817718
8.8,757.7748394727968
9.0,760.2827482194152
9.2,762.7331374232726
9.4,765.1272468663075
9.6,767.4662846584184
9.8,769.751427793159
10.0,771.983822709855
10.2,774.1645858606158
10.4,776.2948042807856
10.6,778.3755361614564
10.8,780.4078114227481
11.0,782.3926322866314
11.2,784.3309738481545
11.4,786.2237846440067
11.6,788.0719872174351
11.8,789.8764786785973
12.0,791.6381312595213
12.2,793.3577928628999
12.4,795.0362876040334
12.6,796.6744163452912
12.8,798.2729572225378
13.0,799.8326661630258
13.2,801.3542773943245
13.4,802.8385039439088
13.6,804.2860381290859
13.8,805.6975520369962
14.0,807.073697994465
14.2,808.4151090275358
14.4,809.7223993105523
14.6,810.9961646046994
14.8,812.2369826859496
15.0,813.4454137623904
15.2,814.6220008809469
15.4,815.7672703235294
15.6,816.8817319926721
15.8,817.9658797867409
16.0,819.0201919648109
16.2,820.0451315013328
16.4,821.0411464307144
16.6,822.0086701819619
16.8,822.9481219035281
17.0,823.8599067785275
17.2,824.7444163304781
17.4,825.6020287197368
17.6,826.4331090307943
17.8,827.2380095505978
18.0,828.0170700380646
18.2,828.7706179849523
18.4,829.4989688682442
18.6,830.2024263942034
18.8,830.8812827342471
19.0,831.5358187527845
19.2,832.1663042271532
19.4,832.7729980597858
19.6,833.356148482729
19.8,833.9159932546295
20.0,834.4527598502921
20.2,834.9666656429125
20.4,835.4579180790734
20.6,835.9267148465864
20.8,836.3732440352595
21.0,836.7976842906538
21.2,837.2002049608939
21.4,837.5809662365841
21.6,837.9401192838807
21.8,838.2778063707586
22.0,838.5941609865116
22.2,838.8893079545131
22.4,839.1633635382673
22.6,839.4164355407664
22.8,839.6486233971763
23.0,839.8600182608591
23.2,840.0507030827464
23.4,840.2207526840667
23.6,840.3702338224354
23.8,840.4992052513059
24.0,840.6077177727858
24.2,840.6958142838163
24.4,840.7635298157104
24.6,840.8108915670516
24.8,840.837918929945
25.0,840.8446235096187
25.2,840.8310091373714
25.4,840.7970718768587
25.6,840.7428000237144
25.8,840.6681740985014
26.0,840.5731668329862
26.2,840.4577431497293
26.4,840.3218601349871
26.6,840.165467004917
26.8,839.9885050650777
27.0,839.7909076632163
27.2,839.572600135332
27.4,839.3334997450044
27.6,839.073515615975
27.8,838.7925486579652
28.0,838.4904914857123
28.2,838.1672283312051
28.4,837.8226349490949
28.6,837.4565785152528
28.8,837.0689175184448
29.0,836.6595016450879
29.2,836.2281716570454
29.4,835.7747592624191
29.6,835.2990869792832
29.8,834.800967992306
30.0,834.280206002194
30.2,833.7365950678885
30.4,833.1699194414394
30.6,832.5799533954685
30.8,831.9664610431339
31.0,831.3291961504949
31.2,830.6679019411717
31.4,829.9823108931845
31.6,829.2721445278522
31.8,828.537113190621
32.0,827.776915823686
32.2,826.9912397302676
32.4,826.1797603303885
32.6,825.3421409080019
32.8,824.4780323493103
33.0,823.587072872112
33.2,822.6688877460102
33.4,821.7230890033169
33.6,820.7492751404819
33.8,819.7470308098826
34.0,818.7159265018045
34.2,817.655518216455
34.4,816.5653471258526
34.6,815.4449392254434
34.8,814.2938049753077
35.0,813.1114389308289
35.2,811.8973193627127
35.4,810.6509078662634
35.6,809.3716489598386
35.8,808.05896967243
36.0,806.7122791203428
36.2,805.3309680729715
36.4,803.9144085077027
36.6,802.4619531540095
36.8,800.9729350268386
37.0,799.4466669494321
37.2,797.8824410657683
37.4,796.2795283428536
37.6,794.6371780631473
37.8,792.9546173074522
38.0,791.2310504286614
38.2,789.4656585168119
38.4,787.6575988559512
38.6,785.806004373396
38.8,783.9099830820219
39.0,781.9686175162948
39.2,779.9809641628268
39.4,777.9460528863115
39.6,775.862886351767
39.8,773.7304394440954
40.0,771.5476586860407
40.2,769.3134616557049
40.4,767.0267364048652
40.6,764.6863408794062
40.8,762.2911023432678
41.0,759.8398168073763
41.2,757.3312484651125
41.4,754.764129135936
41.6,752.137157718865
41.8,749.4489996575726
42.0,746.6982864189345
42.2,743.883614986922
42.4,741.0035473737935
42.6,738.0566101505955
42.8,735.0412939990312
43.0,731.9560532868015
43.2,728.7993056685609
43.4,725.569431714665
43.6,722.264774569913
43.8,718.883639644506
44.0,715.4242943394577
44.2,711.8849678086946
44.4,708.2638507600828
44.6,704.5590952976079
44.8,700.7688148069071
45.0,696.8910838863371
45.2,692.9239383257094
45.4,688.8653751347905
45.6,684.7133526235993
45.8,680.4657905364775
46.0,676.1205702418273
46.2,671.6755349793343
46.4,667.1284901663946
46.6,662.4772037653703
46.8,657.7194067131808
47.0,652.8527934146239
47.2,647.8750223006876
47.4,642.7837164529811
47.6,637.5764642952666
47.8,632.2508203529234
48.0,626.8043060810121
48.2,621.234410761445
48.4,615.5385924695888
48.6,609.7142791104487
48.8,603.7588695243955
49.0,597.6697346622024
49.2,591.4442188289629
49.4,585.0796409962567
49.6,578.573296181719
49.8,571.9224568949627
50.0,565.1243746485809
