0.0,553.5169338793686
0.2,559.5851424027056
0.4,565.5238985369175
0.6,571.3323273615714
0.8,577.0100960950506
1.0,582.5574114517674
1.2,587.9750100235414
1.4,593.2641419419211
1.6,598.4265481979731
1.8,603.4644321058141
2.0,608.3804254934905
2.2,613.1775502876301
2.4,617.859176224984
2.6,622.4289754733761
2.8,626.8908749760178
3.0,631.2490073464583
3.2,635.5076611369406
3.4,639.6712312814072
3.6,643.7441704770343
3.8,647.7309422165487
4.0,651.6359761195627
4.2,655.4636261368557
4.4,659.2181321192191
4.6,662.9035851545095
4.8,666.5238969853223
5.0,670.0827737274955
5.2,673.58369401872
5.4,677.0298916388643
5.6,680.4243425610476
5.8,683.7697563165657
6.0,687.0685714887342
6.2,690.3229550915597
6.4,693.5348055395256
6.6,696.7057588750589
6.8,699.8371978905152
7.0,702.9302637615891
7.2,705.985869798535
7.4,709.0047169198331
7.6,711.9873104591985
7.8,714.9339779301936
8.0,717.8448873921743
8.2,720.7200660858316
8.4,723.5594190351209
8.6,726.3627473438479
8.8,729.1297659485929
9.0,731.8601206240604
9.2,734.5534040714773
9.4,737.2091709545554
9.6,739.8269517801384
9.8,742.4062655514028
10.0,744.9466311499531
10.2,747.4475774290134
10.4,749.9086520229421
10.6,752.3294288983637
10.8,754.7095146892838
11.0,757.048553872656
11.2,759.3462328521239
11.4,761.6022830261966
11.6,763.8164829231566
11.8,765.9886594887439
12.0,768.1186886143757
12.2,770.2064949935954
12.4,772.2520513928487
12.6,774.2553774198352
12.8,776.2165378687986
13.0,778.1356407174462
13.2,780.0128348449285
13.4,781.8483075346627
13.6,783.642281819904
13.8,785.3950137240216
14.0,787.1067894415247
14.2,788.7779225001306
14.4,790.4087509386403
14.6,791.9996345301546
14.8,793.5509520752787
15.0,795.0630987854483
15.2,796.5364837723903
15.4,797.9715276560075
15.6,799.3686602996644
15.8,800.7283186789074
16.0,802.0509448871078
16.2,803.3369842793037
16.4,804.5868837536525
16.6,805.8010901683356
16.8,806.9800488904748
17.0,808.1242024725857
17.2,809.2339894512835
17.4,810.3098432623584
17.6,811.3521912658956
17.8,812.3614538748427
18.0,813.3380437802754
18.2,814.2823652665716
18.4,815.1948136097587
18.6,816.0757745524214
18.8,816.9256238487494
19.0,817.7447268735355
19.2,818.5334382892067
19.4,819.292101765267
19.6,820.0210497448405
19.8,820.7206032533358
20.0,821.3910717445675
20.2,822.03275298001
20.4,822.645932937169
20.6,823.2308857433759
20.8,823.7878736316081
21.0,824.3171469152289
21.2,824.8189439788114
21.4,825.2934912824744
21.6,825.7410033773966
21.8,826.1616829304044
22.0,826.55572075574
22.2,826.9232958523098
22.4,827.264575444894
22.6,827.5797150279648
22.8,827.8688584109102
23.0,828.1321377636015
23.2,828.3696736613654
23.4,828.5815751285415
23.6,828.7679396799062
23.8,828.9288533593445
24.0,829.0643907752329
24.2,829.1746151320823
24.4,829.2595782580572
24.6,829.3193206280603
24.8,829.3538713821292
25.0,829.3632483389571
25.2,829.3474580043984
25.4,829.3064955748808
25.6,829.2403449356918
25.8,829.1489786541664
26.0,829.0323579678486
26.2,828.890432767759
26.4,828.7231415769526
26.6,828.5304115246129
26.8,828.31215831599
27.0,828.0682861985572
27.2,827.7986879248343
27.4,827.5032447124087
27.6,827.1818262017655
27.8,826.8342904126413
28.0,826.4604836997156
28.2,826.0602407085736
28.4,825.6333843329928
28.6,825.1797256747584
28.8,824.6990640073465
29.0,824.1911867449944
29.2,823.65586941885
29.4,823.0928756620873
29.6,822.5019572060891
29.8,821.882853890023
30.0,821.2352936863779
30.2,820.558992745291
30.4,819.8536554607645
30.6,819.1189745621637
30.8,818.3546312346863
31.0,817.5602952728087
31.2,816.7356252710312
31.4,815.8802688565754
31.6,814.9938629690126
31.8,814.0760341921213
32.0,813.1263991435936
32.2,812.1445649284992
32.4,811.1301296626899
32.6,810.0826830725589
32.8,809.0018071777617
33.0,807.8870770636266
33.2,806.7380617500393
33.4,805.5543251635446
33.6,804.3354272192598
33.8,803.0809250189149
34.0,801.7903741709047
34.2,800.4633302376313
34.4,799.099350314611
34.6,797.697994744787
34.8,796.2588289702061
35.0,794.7814255216548
35.2,793.2653661449797
35.4,791.7102440606203
35.6,790.1156663503242
35.8,788.4812564620895
36.0,786.8066568210633
36.2,785.0915315304023
36.4,783.3355691419982
36.6,781.5384854724484
36.8,779.7000264347784
37.0,777.819970851198
37.2,775.8981332066495
37.4,773.9343662971578
37.6,771.9285637210943
37.8,769.8806621555166
38.0,767.7906433538823
38.2,765.658535795786
38.4,763.4844159141204
38.6,761.2684088203929
38.8,759.010688445048
39.0,756.7114770068
39.2,754.3710437233873
39.4,751.9897026760935
39.6,749.5678097420939
39.8,747.1057585124292
40.0,744.6039751194393
40.2,742.0629119060201
40.4,739.4830398803064
40.6,736.8648399134732
40.8,734.2087926554004
41.0,731.5153671629928
41.2,728.7850082589492
41.4,726.0181226646058
41.6,723.2150639789196
41.8,720.376116606379
42.0,717.5014787691911
42.2,714.5912447729544
42.4,711.6453867295289
42.6,708.6637359751734
42.8,705.6459644554056
43.0,702.5915663794774
43.2,699.4998404758559
43.4,696.3698732046067
43.6,693.2005233020225
43.8,689.9904080461802
44.0,686.7378916383724
44.2,683.4410760935997
44.4,680.0977950227968
44.6,676.7056106695582
44.8,673.2618145344175
45.0,669.7634318800624
45.2,666.2072303612853
45.4,662.5897329643727
45.6,658.9072353726739
45.8,655.1558277992245
46.0,651.331421244819
46.2,647.4297780523459
46.4,643.4465465373565
46.6,639.3772993827379
46.8,635.2175753942169
47.0,630.9629241255509
47.2,626.6089528000292
47.4,622.1513748806913
47.6,617.5860595777145
47.8,612.9090815298603
48.0,608.1167698595474
48.2,603.2057557796248
48.4,598.1730179254262
48.6,593.015924598997
48.8,587.7322721437995
49.0,582.320318717557
49.2,576.778812797531
49.4,571.107015835269
49.6,565.304718575092
49.8,559.3722506602375
50.0,553.3104832702007
