0.0,770.4861044004904
0.2,772.7733566638243
0.4,775.020213606415
0.6,777.2276161759281
0.8,779.3964794142248
1.0,781.5276916873878
1.2,783.6221140336352
1.4,785.6805796305957
1.6,787.7038933826019
1.8,789.692831627843
2.0,791.6481419644252
2.2,793.5705431935999
2.4,795.4607253776738
2.6,797.3193500093923
2.8,799.1470502889049
3.0,800.9444315037949
3.2,802.7120715070578
3.4,804.450521287394
3.6,806.1603056257024
3.8,807.8419238312478
4.0,809.4958505506348
4.2,811.1225366424309
4.4,812.7224101100637
4.6,814.2958770854735
4.8,815.8433228559039
5.0,817.3651129262034
5.2,818.8615941090413
5.4,820.3330956355486
5.6,821.779930279043
5.8,823.2023954847153
6.0,824.6007744984066
6.2,825.9753374879118
6.4,827.3263426505895
6.6,828.6540373014366
6.8,829.9586589361958
7.0,831.2404362644969
7.2,832.4995902084935
7.4,833.736334862916
7.6,834.9508784129532
7.8,836.143424006848
8.0,837.3141705805821
8.2,838.4633136325047
8.4,839.5910459462281
8.6,840.6975582605716
8.8,841.7830398857793
9.0,842.8476792656577
9.2,843.8916644856783
9.4,844.91518372747
9.6,845.9184256704683
9.8,846.9015798418156
10.0,847.864836915893
10.2,848.808388965125
10.4,849.7324296639318
10.6,850.6371544478972
10.8,851.5227606303913
11.0,852.3894474790268
11.2,853.2374162544297
11.4,854.066870213894
11.6,854.8780145825355
11.8,855.6710564945928
12.0,856.4462049075257
12.2,857.2036704915423
12.4,857.9436654971496
12.6,858.6664036032655
12.8,859.3720997483558
13.0,860.0609699469766
13.2,860.7332310939975
13.4,861.3891007586795
13.6,862.0287969706557
13.8,862.6525379997433
14.0,863.2605421313866
14.2,863.8530274393943
14.4,864.4302115575051
14.6,864.9923114511781
14.8,865.5395431908731
15.0,866.0721217279537
15.2,866.5902606742204
15.4,867.0941720859552
15.6,867.5840662532405
15.8,868.0601514952059
16.0,868.5226339617427
16.2,868.9717174421322
16.4,869.4076031809358
16.6,869.8304897014085
16.8,870.2405726366202
17.0,870.6380445683931
17.2,871.0230948741004
17.4,871.3959095813095
17.6,871.7566712302065
17.8,872.1055587436849
18.0,872.4427473049491
18.2,872.7684082424462
18.4,873.0827089219106
18.6,873.3858126452868
18.8,873.67787855627
19.0,873.9590615522005
19.2,874.2295122020273
19.4,874.489376670058
19.6,874.7387966452048
19.8,874.9779092754364
20.0,875.2068471071509
20.2,875.4257380291838
20.4,875.6347052211781
20.6,875.833867106046
20.8,876.0233373062633
21.0,876.2032246037486
21.2,876.3736329030877
21.4,876.5346611978797
21.6,876.6864035399885
21.8,876.8289490114998
22.0,876.9623816991941
22.2,877.08678067136
22.4,877.2022199567842
22.6,877.3087685257657
22.8,877.4064902730167
23.0,877.4954440023214
23.2,877.5756834128368
23.4,877.6472570869323
23.6,877.7102084794708
23.8,877.7645759084514
24.0,877.8103925469364
24.2,877.8476864161996
24.4,877.8764803800437
24.6,877.8967921402364
24.8,877.9086342330315
25.0,877.9120140267459
25.2,877.9069337203713
25.4,877.8933903432105
25.6,877.8713757555336
25.8,877.8408766502575
26.0,877.8018745556656
26.2,877.7543458391825
26.4,877.698261712239
26.6,877.6335882362616
26.8,877.5602863298345
27.0,877.4783117770893
27.2,877.3876152373881
27.4,877.2881422563747
27.6,877.1798332784774
27.8,877.0626236609602
28.0,876.9364436896265
28.2,876.8012185962932
28.4,876.6568685781639
28.6,876.5033088192396
28.8,876.3404495139212
29.0,876.1681958929674
29.2,875.9864482519839
29.4,875.7951019826363
29.6,875.594047606787
29.8,875.3831708137704
30.0,875.1623525010355
30.2,874.9314688183924
30.4,874.6903912161137
30.6,874.4389864971508
30.8,874.1771168737343
31.0,873.9046400286354
31.2,873.6214091813732
31.4,873.3272731596552
31.6,873.0220764763412
31.8,872.7056594122237
32.0,872.3778581049077
32.2,872.0385046440753
32.4,871.6874271734044
32.6,871.3244499993997
32.8,870.9493937073735
33.0,870.5620752847965
33.2,870.1623082522041
33.4,869.7499028018126
33.6,869.3246659439653
33.8,868.8864016614739
34.0,868.4349110718756
34.2,867.9699925975677
34.4,867.4914421437109
34.6,866.9990532837268
34.8,866.4926174521307
35.0,865.9719241443573
35.2,865.4367611231421
35.4,864.8869146309228
35.6,864.3221696076171
35.8,863.7423099130206
36.0,863.1471185529529
36.2,862.5363779081534
36.4,861.9098699648055
36.6,861.267376545431
36.8,860.6086795387743
37.0,859.9335611271488
37.2,859.2418040095984
37.4,858.5331916190834
37.6,857.8075083317785
37.8,857.0645396664447
38.0,856.304072471716
38.2,855.5258950990395
38.4,854.7297975588996
38.6,853.9155716578776
38.8,853.083011114021
39.0,852.2319116479395
39.2,851.362071047008
39.4,850.4732892000383
39.6,849.5653680997798
39.8,848.6381118106408
40.0,847.6913263990732
40.2,846.7248198241391
40.4,845.7384017858856
40.6,844.7318835292931
40.8,843.7050776017217
41.0,842.6577975619819
41.2,841.5898576393806
41.4,840.5010723413487
41.6,839.3912560085487
41.8,838.2602223166728
42.0,837.1077837244908
42.2,835.9337508680766
42.4,834.7379319015384
42.6,833.520131784998
42.8,832.2801515209977
43.0,831.017787340976
43.2,829.7328298439063
43.4,828.4250630896836
43.6,827.0942636503112
43.8,825.7401996224273
44.0,824.3626296051821
44.2,822.9613016479459
44.4,821.5359521727769
44.6,820.0863048770087
44.8,818.612069621728
45.0,817.112941312285
45.2,815.5885987773261
45.4,814.038703653134
45.6,812.4628992803263
45.8,810.8608096201647
46.0,809.2320381978888
46.2,807.5761670805873
46.4,805.8927558971609
46.6,804.1813409079085
46.8,802.4414341311904
47.0,800.6725225344663
47.2,798.8740672968006
47.4,797.0455031496382
47.6,795.186237802324
47.8,793.2956514584195
48.0,791.3730964284144
48.2,789.4178968439014
48.4,787.4293484777043
48.6,785.4067186738253
48.8,783.3492463904034
49.0,781.2561423581622
49.2,779.1265893560844
49.4,776.9597426052807
49.6,774.7547302812222
49.8,772.5106541437134
50.0,770.2265902831639
