0.0,833.1322203657401
0.2,835.1938244147746
0.4,837.1918414024926
0.6,839.1255845738166
0.8,840.9945869636082
1.0,842.7986062057346
1.2,844.5376264053943
1.4,846.2118571097982
1.6,847.8217294660179
1.8,849.3678897052891
2.0,850.8511901390854
2.2,852.2726778928269
2.4,853.6335816372854
2.6,854.9352966049651
2.8,856.1793681985409
3.0,857.3674745106421
3.2,858.5014080789006
3.4,859.5830571974997
3.6,860.6143870968921
3.8,861.5974212875325
4.0,862.5342233421482
4.2,863.4268793651119
4.4,864.2774813678589
4.6,865.0881117369601
4.8,865.860828947455
5.0,866.5976546393205
5.2,867.3005621404216
5.4,867.9714664858169
5.6,868.6122159515966
5.8,869.2245850921628
6.0,869.8102692435234
6.2,870.3708804321269
6.4,870.9079446092894
6.6,871.4229001154607
6.8,871.9170972664682
7.0,872.3917989453681
7.2,872.8481820784405
7.4,873.2873398719245
7.6,873.7102846869989
7.8,874.1179514338983
8.0,874.5112013715477
8.2,874.8908262062828
8.4,875.2575523917395
8.6,875.6120455414292
8.8,875.9549148755447
9.0,876.2867176338198
9.2,876.607963396532
9.4,876.9191182657207
9.6,877.2206088682213
9.8,877.5128261510054
10.0,877.7961289474667
10.2,878.0708473006138
10.4,878.3372855355769
10.6,878.5957250794112
10.8,878.8464270308583
11.0,879.0896344865944
11.2,879.3255746335462
11.4,879.5544606192033
11.6,879.7764932135321
11.8,879.9918622772094
12.0,880.2007480514982
12.2,880.4033222852727
12.4,880.5997492145403
12.6,880.7901864093649
12.8,880.974785502442
13.0,881.1536928127648
13.2,881.3270498768973
13.4,881.4949938993905
13.6,881.6576581328602
13.8,881.8151721972368
14.0,881.9676623467044
14.2,882.1152516919041
14.4,882.2580603840809
14.6,882.3962057670252
14.8,882.5298025018978
15.0,882.6589626693393
15.2,882.7837958526385
15.4,882.9044092051882
15.6,883.0209075049665
15.8,883.133393198353
16.0,883.241966435225
16.2,883.3467250969525
16.4,883.4477648186444
16.6,883.5451790067586
16.8,883.639058852999
17.0,883.7294933452494
17.2,883.8165692761646
17.4,883.9003712499161
17.6,883.9809816874987
17.8,884.0584808309247
18.0,884.1329467465685
18.2,884.2044553278689
18.4,884.2730802975586
18.6,884.338893209549
18.8,884.4019634505761
19.0,884.462358241684
19.2,884.5201426396108
19.4,884.5753795381208
19.6,884.6281296693187
19.8,884.6784516049679
20.0,884.7264017578315
20.2,884.7720343830462
20.4,884.8154015795317
20.6,884.8565532914388
20.8,884.8955373096322
21.0,884.932399273204
21.2,884.9671826710098
21.4,884.9999288432185
21.6,885.0306769828661
21.8,885.0594641374026
22.0,885.0863252102191
22.2,885.111292962144
22.4,885.1343980128964
22.6,885.155668842482
22.8,885.1751317925219
23.0,885.1928110675007
23.2,885.2087287359229
23.4,885.2229047313668
23.6,885.2353568534242
23.8,885.2461007685172
24.0,885.2551500105845
24.2,885.262515981626
24.4,885.2682079521007
24.6,885.2722330611722
24.8,885.2745963167949
25.0,885.2753005956388
25.2,885.2743466428477
25.4,885.2717330716323
25.6,885.2674563626935
25.8,885.26151086348
26.0,885.2538887872795
26.2,885.2445802121471
26.4,885.2335730796742
26.6,885.2208531936038
26.8,885.2064042182975
27.0,885.1902076770601
27.2,885.1722429503322
27.4,885.1524872737567
27.6,885.1309157361311
27.8,885.1075012772543
28.0,885.0822146856801
28.2,885.0550245963879
28.4,885.0258974883822
28.6,884.9947976822361
28.8,884.9616873375861
29.0,884.9265264505957
29.2,884.8892728513961
29.4,884.8498822015185
29.6,884.8083079913281
29.8,884.7645015374692
30.0,884.7184119803327
30.2,884.6699862815512
30.4,884.619169221529
30.6,884.5659033970081
30.8,884.510129218672
31.0,884.4517849087798
31.2,884.3908064988245
31.4,884.3271278271967
31.6,884.2606805368318
31.8,884.1913940728073
32.0,884.1191956798438
32.2,884.0440103996509
32.4,883.965761068039
32.6,883.8843683116946
32.8,883.7997505444919
33.0,883.7118239631737
33.2,883.6205025421978
33.4,883.5256980274874
33.6,883.4273199287637
33.8,883.3252755100594
34.0,883.2194697779174
34.2,883.1098054666659
34.4,882.996183020022
34.6,882.8785005681159
34.8,882.756653898826
35.0,882.630536422093
35.2,882.5000391256023
35.4,882.365050519914
35.6,882.2254565707472
35.8,882.0811406157075
36.0,881.9319832622591
36.2,881.7778622632002
36.4,881.6186523652786
36.6,881.4542251259086
36.8,881.2844486921852
37.0,881.109187535579
37.2,880.9283021348052
37.4,880.7416485984202
37.6,880.5490782177259
37.8,880.3504369395534
38.0,880.1455647474929
38.2,879.9342949391663
38.4,879.7164532862213
38.6,879.4918570629262
38.8,879.2603139285917
39.0,879.0216206486112
39.2,878.7755616387527
39.4,878.5219073175156
39.6,878.2604122519734
39.8,877.9908130836174
40.0,877.7128262223874
40.2,877.4261452993984
40.4,877.130438371904
40.6,876.8253448778657
40.8,876.5104723421413
41.0,876.1853928418329
41.2,875.8496392447231
41.4,875.502701241989
41.6,875.144021204464
41.8,874.7729899005287
42.0,874.3889421231556
42.2,873.9911522835347
42.4,873.5788300388784
42.6,873.151116032195
42.8,872.7070778317564
43.0,872.2457061673447
43.2,871.7659115687907
43.4,871.2665215194414
43.6,870.7462782426409
43.8,870.2038372426508
44.0,869.6377667223405
44.2,869.0465479980468
44.4,868.4285770269457
44.6,867.7821671538461
44.8,867.1055531722932
45.0,866.3968967792105
45.2,865.6542934829846
45.4,864.8757810020526
45.6,864.0593491649372
45.8,863.2029512936501
46.0,862.3045170209645
46.2,861.3619664588706
46.4,860.3732256012933
46.6,859.3362428097248
46.8,858.2490061967105
47.0,857.1095616900814
47.2,855.9160315314621
47.4,854.6666329368529
47.6,853.3596966259596
47.8,851.9936849112562
48.0,850.5672090283049
48.2,849.0790453861943
48.4,847.5281504215709
48.6,845.9136737518443
48.8,844.2349693427949
49.0,842.4916044328048
49.2,840.6833659898506
49.4,838.8102645176002
49.6,836.8725350726037
49.8,834.8706354046104
50.0,832.8052411853099
