0.0,836.8226757133793
0.2,838.9509806250978
0.4,840.9983926759625
0.6,842.9636849352083
0.8,844.8461456365112
1.0,846.6455809732432
1.2,848.362307852479
1.4,849.9971370950466
1.6,851.5513478338876
1.8,853.0266540928303
2.0,854.4251647146003
2.2,855.7493379448456
2.4,857.0019320648864
2.6,858.1859534991029
2.8,859.3046038050473
3.0,860.3612268894125
3.2,861.3592576866643
3.4,862.3021733966784
3.6,863.1934482113163
3.8,864.0365122762203
4.0,864.8347154419628
4.2,865.5912961663234
4.4,866.3093557444615
4.6,866.9918378725131
4.8,867.6415133978452
5.0,868.2609699795853
5.2,868.8526062784376
5.4,869.4186302161395
5.6,869.9610607918897
5.8,870.481732914319
6.0,870.9823047008041
6.2,871.4642667082742
6.4,871.928952587814
6.6,872.3775506958494
6.8,872.8111162440352
7.0,873.2305836248458
7.2,873.636778607298
7.4,874.0304301546253
7.6,874.4121816709115
7.8,874.7826015350175
8.0,875.1421928264047
8.2,875.4914021878932
8.4,875.8306278046421
8.6,876.1602265066498
8.8,876.4805200240967
9.0,876.7918004412988
9.2,877.0943349065227
9.4,877.3883696620467
9.6,877.6741334623802
9.8,877.9518404491201
10.0,878.2216925492282
10.2,878.4838814601078
10.4,878.7385902803125
10.6,878.9859948394417
10.8,879.2262647751633
11.0,879.4595643996188
11.2,879.6860533919514
11.4,879.9058873484886
11.6,880.1192182173235
11.8,880.3261946397276
12.0,880.5269622170129
12.2,880.7216637181407
12.4,880.9104392405388
12.6,881.093426334172
12.8,881.2707600969121
13.0,881.4425732475927
13.2,881.6089961817796
13.4,881.7701570141979
13.6,881.926181610882
13.8,882.077193613422
14.0,882.223314457135
14.2,882.36466338457
14.4,882.5013574554227
14.6,882.6335115536883
14.8,882.7612383926863
15.0,882.8846485184497
15.2,883.0038503118525
15.4,883.118949989775
15.6,883.2300516055395
15.8,883.3372570487969
16.0,883.440666045019
16.2,883.5403761547115
16.4,883.6364827724499
16.6,883.7290791258188
16.8,883.8182562743217
17.0,883.9041031083192
17.2,883.9867063480414
17.4,884.0661505427121
17.6,884.1425180698197
17.8,884.2158891345558
18.0,884.286341769444
18.2,884.353951834172
18.4,884.4187930156381
18.6,884.480936828217
18.8,884.5404526142457
19.0,884.5974075447323
19.2,884.6518666202765
19.4,884.7038926722023
19.6,884.7535463638854
19.8,884.8008861922707
20.0,884.8459684895589
20.2,884.888847425053
20.4,884.929575007143
20.6,884.9682010854137
20.8,885.0047733528556
21.0,885.0393373481577
21.2,885.0719364580644
21.4,885.1026119197747
21.6,885.1314028233611
21.8,885.1583461141906
22.0,885.1834765953255
22.2,885.206826929883
22.4,885.2284276433345
22.6,885.2483071257258
22.8,885.2664916337986
23.0,885.2830052929961
23.2,885.2978700993353
23.4,885.3111059211311
23.6,885.3227305005562
23.8,885.3327594550238
24.0,885.3412062783813
24.2,885.348082341902
24.4,885.3533968950685
24.6,885.3571570661348
24.8,885.3593678624648
25.0,885.3600321706379
25.2,885.3591507563217
25.4,885.356722263905
25.6,885.3527432158942
25.8,885.3472080120704
26.0,885.3401089284123
26.2,885.3314361157863
26.4,885.3211775984092
26.6,885.3093192720926
26.8,885.2958449022727
27.0,885.2807361218398
27.2,885.2639724287741
27.4,885.2455311836023
27.6,885.2253876066897
27.8,885.2035147753768
28.0,885.1798836209837
28.2,885.1544629256933
28.4,885.1272193193323
28.6,885.0981172760705
28.8,885.0671191110547
29.0,885.0341849769995
29.2,884.9992728607534
29.4,884.9623385798619
29.6,884.9233357791478
29.8,884.8822159273308
30.0,884.8389283137051
30.2,884.7934200448972
30.4,884.7456360417227
30.6,884.6955190361632
30.8,884.6430095684776
31.0,884.5880459844708
31.2,884.5305644329302
31.4,884.4704988632474
31.6,884.4077810232367
31.8,884.34234045716
32.0,884.2741045039677
32.2,884.2029982957575
32.4,884.1289447564569
32.6,884.0518646007253
32.8,883.9716763330721
33.0,883.8882962471811
33.2,883.8016384254283
33.4,883.7116147385733
33.6,883.6181348456017
33.8,883.5211061936865
34.0,883.420434018232
34.2,883.3160213429553
34.4,883.2077689799496
34.6,883.0955755296626
34.8,882.9793373807115
35.0,882.858948709437
35.2,882.7343014790774
35.4,882.6052854384184
35.6,882.4717881197328
35.8,882.3336948357862
36.0,882.1908886756117
36.2,882.0432504986816
36.4,881.890658926992
36.6,881.732990334433
36.8,881.5701188326225
37.0,881.4019162521406
37.2,881.2282521177667
37.4,881.0489936159103
37.6,880.8640055518824
37.8,880.6731502939693
38.0,880.4762877004043
38.2,880.2732750242495
38.4,880.0639667898593
38.6,879.8482146329535
38.8,879.6258670943381
39.0,879.3967693549264
39.2,879.1607628968934
39.4,878.9176850725108
39.6,878.6673685584241
39.8,878.4096406688625
40.0,878.144322496524
40.2,877.8712278447172
40.4,877.5901619088726
40.6,877.3009196599037
40.8,877.0032838763287
41.0,876.6970227668415
41.2,876.3818871205024
41.4,876.0576069183601
41.6,875.7238873386256
41.8,875.3804040880934
42.0,875.0267979959949
42.2,874.6626688135569
42.4,874.2875681739137
42.6,873.9009916833352
42.8,873.5023701365726
43.0,873.0910598768907
43.2,872.666332355317
43.4,872.2273629837289
43.6,871.773219422264
43.8,871.3028494924315
44.0,870.8150689620114
44.2,870.3085495047196
44.4,869.7818071945458
44.6,869.2331919490731
44.8,868.6608783849864
45.0,868.0628585890917
45.2,867.436937336073
45.4,866.7807302964275
45.6,866.0916657712916
45.8,865.3669904623316
46.0,864.6037797322825
46.2,863.7989527337129
46.4,862.9492926798594
46.6,862.0514724028558
46.8,861.1020851936715
47.0,860.0976807483001
47.2,859.0348058613016
47.4,857.9100493171086
47.6,856.7200902390032
47.8,855.4617489736221
48.0,854.1320394238878
48.2,852.7282216040389
48.4,851.2478530850626
48.6,849.6888379344866
48.8,848.0494717368647
49.0,846.3284813142719
49.2,844.5250578513817
49.4,842.6388822665191
49.6,840.6701418552756
49.8,838.6195374611696
50.0,836.488280690595
