0.0,870.123290995478
0.2,870.7654105798904
0.4,871.3894435614062
0.6,871.9955653509311
0.8,872.5839600306034
1.0,873.1548203950508
1.2,873.7083479530237
1.4,874.2447528894851
1.6,874.764253988467
1.8,875.2670785172234
2.0,875.753462072429
2.2,876.223648389386
2.4,876.6778891154015
2.6,877.1164435486941
2.8,877.5395783443678
3.0,877.9475671891647
3.2,878.3406904468603
3.4,878.7192347763104
3.6,879.0834927242855
3.8,879.433762295336
4.0,879.7703465010309
4.2,880.0935528909861
4.4,880.4036930681608
4.6,880.7010821909424
4.8,880.986038464567
5.0,881.2588826244298
5.2,881.5199374138351
5.4,881.7695270587037
5.6,882.0079767417245
5.8,882.2356120783766
6.0,882.4527585971754
6.2,882.6597412264249
6.4,882.8568837896469
6.6,883.0445085117667
6.8,883.2229355380078
7.0,883.392482467326
7.2,883.5534639020791
7.4,883.7061910154908
7.6,883.850971138314
7.8,883.9881073659609
8.0,884.1178981872021
8.2,884.2406371353927
8.4,884.3566124630232
8.6,884.4661068402415
8.8,884.569397077838
9.0,884.6667538750396
9.2,884.7584415923127
9.4,884.844718049228
9.6,884.925834347316
9.8,885.002034717704
10.0,885.073556393206
10.2,885.1406295044258
10.4,885.2034769993214
10.6,885.2623145855858
10.8,885.317350695107
11.0,885.368786469689
11.2,885.416815767148
11.4,885.4616251868315
11.6,885.5033941135554
11.8,885.5422947789137
12.0,885.5784923388745
12.2,885.6121449665524
12.4,885.6434039590288
12.6,885.6724138570802
12.8,885.6993125766717
13.0,885.7242315510766
13.2,885.7472958824962
13.4,885.7686245020677
13.6,885.7883303371739
13.8,885.806520484995
14.0,885.823296391276
14.2,885.83875403332
14.4,885.8529841062582
14.6,885.8660722116932
14.8,885.8780990478543
15.0,885.8891406004554
15.2,885.8992683334955
15.4,885.9085493792913
15.6,885.9170467270867
15.8,885.9248194096295
16.0,885.931922687168
16.2,885.9384082283594
16.4,885.9443242876442
16.6,885.9497158786822
16.8,885.9546249434984
17.0,885.9590905170326
17.2,885.9631488868303
17.4,885.9668337476589
17.6,885.9701763508691
17.8,885.9732056483643
18.0,885.9759484310757
18.2,885.9784294618731
18.4,885.9806716028762
18.6,885.9826959371555
18.8,885.9845218848446
19.0,885.9861673137035
19.2,885.987648644198
19.4,885.9889809491798
19.6,885.990178048266
19.8,885.9912525970357
20.0,885.992216171169
20.2,885.9930793456697
20.4,885.9938517693171
20.6,885.994542234504
20.8,885.9951587426174
21.0,885.9957085651262
21.2,885.9961983005418
21.4,885.9966339274155
21.6,885.9970208535382
21.8,885.9973639615063
22.0,885.9976676508116
22.2,885.9979358766132
22.4,885.9981721853401
22.6,885.9983797472715
22.8,885.9985613862327
23.0,885.9987196065368
23.2,885.9988566172981
23.4,885.9989743542305
23.6,885.9990744990391
23.8,885.9991584965012
24.0,885.9992275693256
24.2,885.9992827308689
24.4,885.9993247957756
24.6,885.9993543886013
24.8,885.9993719504666
25.0,885.9993777437788
25.2,885.9993718550475
25.4,885.9993541958098
25.6,885.9993245016731
25.8,885.9992823294649
26.0,885.999227052478
26.2,885.9991578537805
26.4,885.9990737175568
26.6,885.9989734184272
26.8,885.9988555086899
27.0,885.9987183034176
27.2,885.9985598633273
27.4,885.9983779753356
27.6,885.9981701307038
27.8,885.9979335006612
28.0,885.9976649093942
28.2,885.9973608042748
28.4,885.997017223198
28.6,885.9966297588876
28.8,885.9961935200242
29.0,885.9957030890445
29.2,885.9951524764548
29.4,885.9945350714983
29.6,885.9938435890112
29.8,885.9930700123025
30.0,885.9922055318897
30.2,885.991240479926
30.4,885.990164260152
30.6,885.9889652732138
30.8,885.9876308371881
31.0,885.9861471031694
31.2,885.984498965774
31.4,885.9826699684359
31.6,885.9806422033718
31.8,885.9783962061184
32.0,885.9759108445509
32.2,885.9731632023195
32.4,885.9701284566587
32.6,885.9667797505474
32.8,885.963088059227
33.0,885.9590220511097
33.2,885.9545479431455
33.4,885.9496293507461
33.6,885.9442271324015
33.8,885.9382992291642
34.0,885.9318004992165
34.2,885.9246825477779
34.4,885.9168935526569
34.6,885.9083780857964
34.8,885.8990769312096
35.0,885.8889268997565
35.2,885.8778606412571
35.4,885.8658064544929
35.6,885.8526880956975
35.8,885.8384245861921
36.0,885.8229300198698
36.2,885.8061133712882
36.4,885.7878783051779
36.6,885.7681229882188
36.8,885.7467399039939
37.0,885.7236156720587
37.2,885.6986308721196
37.4,885.6716598743429
37.6,885.6425706768516
37.8,885.6112247514963
38.0,885.5774768990101
38.2,885.5411751146711
38.4,885.5021604656137
38.6,885.4602669809277
38.8,885.4153215556886
39.0,885.3671438700437
39.2,885.3155463244708
39.4,885.2603339922904
39.6,885.2013045904844
39.8,885.1382484698252
40.0,885.0709486252716
40.2,884.999180727521
40.4,884.9227131765405
40.6,884.8413071778176
40.8,884.7547168419827
41.0,884.6626893083587
41.2,884.5649648928868
41.4,884.4612772607638
41.6,884.3513536240046
41.8,884.2349149640165
42.0,884.1116762791356
42.2,883.9813468569365
42.4,883.8436305709826
42.6,883.6982262015337
42.8,883.5448277795776
43.0,883.3831249533985
43.2,883.2128033767401
43.4,883.033545117471
43.6,882.8450290855023
43.8,882.6469314785638
44.0,882.4389262442958
44.2,882.2206855569768
44.4,881.9918803070709
44.6,881.7521806016546
44.8,881.5012562736675
45.0,881.2387773978232
45.2,880.9644148109198
45.4,880.67784063421
45.6,880.3787287954212
45.8,880.0667555479547
46.0,879.7415999847607
46.2,879.4029445443566
46.4,879.0504755064467
46.6,878.6838834746122
46.8,878.3028638435655
47.0,877.9071172485022
47.2,877.4963499941479
47.4,877.0702744611707
47.6,876.6286094877246
47.8,876.1710807240006
48.0,875.6974209577858
48.2,875.2073704091734
48.4,874.7006769927222
48.6,874.1770965455319
48.8,873.6363930198834
49.0,873.0783386392828
49.2,872.502714016953
49.4,871.9093082360234
49.6,871.29791889089
49.8,870.6683520894339
50.0,870.0204224160193
