0.0,875.648324491843
0.2,876.252635236457
0.4,876.8334490243708
0.6,877.3908995459839
0.8,877.9251639035928
1.0,878.4364624805312
1.2,878.9250584572076
1.4,879.3912569825392
1.6,879.8354040132942
1.8,880.2578848376279
2.0,880.6591223025965
2.2,881.0395747685892
2.4,881.3997338163923
2.6,881.7401217349574
2.8,882.0612888198514
3.0,882.3638105138111
3.2,882.6482844217848
3.4,882.9153272333265
3.6,883.1655715852265
3.8,883.399662896804
4.0,883.6182562094203
4.2,883.8220130604809
4.4,884.0115984205484
4.6,884.1876777202115
4.8,884.3509139911047
5.0,884.501965142985
5.2,884.6414813961102
5.4,884.7701028853687
5.6,884.8884574497429
5.8,884.9971586177841
6.0,885.096803796908
6.2,885.1879726714947
6.4,885.2712258120773
6.6,885.3471034953277
6.8,885.4161247321564
7.0,885.4787864990421
7.2,885.5355631657321
7.4,885.5869061107072
7.6,885.6332435143099
7.8,885.6749803181837
8.0,885.7124983386736
8.2,885.7461565210898
8.4,885.7762913212139
8.6,885.8032172001494
8.8,885.8272272185313
9.0,885.8485937162329
9.2,885.8675690639968
9.4,885.8843864738626
9.6,885.8992608558428
9.8,885.9123897089898
10.0,885.923954035772
10.2,885.934119269531
10.4,885.9430362056859
10.6,885.9508419282754
10.8,885.9576607243762
11.0,885.9636049798613
11.2,885.9687760508909
11.4,885.9732651064131
11.6,885.9771539378033
11.8,885.9805157325749
12.0,885.9834158098381
12.2,885.9859123158793
12.4,885.9880568788491
12.6,885.9898952221196
12.8,885.9914677363616
13.0,885.9928100108265
13.2,885.9939533246885
13.4,885.9949250996173
13.6,885.9957493149965
13.8,885.9964468874177
14.0,885.9970360162214
14.2,885.9975324969731
14.4,885.9979500048318
14.6,885.9983003497983
14.8,885.9985937058441
15.0,885.9988388158903
15.2,885.9990431745739
15.4,885.9992131906682
15.6,885.9993543309545
15.8,885.9994712472558
16.0,885.9995678882481
16.2,885.9996475975638
16.4,885.9997131996035
16.6,885.9997670743658
16.8,885.9998112225021
17.0,885.9998473217053
17.2,885.999876775439
17.4,885.9999007549261
17.6,885.9999202352208
17.8,885.9999360261103
18.0,885.9999487985085
18.2,885.9999591069371
18.4,885.9999674086177
18.6,885.9999740796425
18.8,885.9999794286282
19.0,885.9999837082181
19.2,885.9999871247395
19.4,885.999989846293
19.6,885.999992009509
19.8,885.9999937251742
20.0,885.9999950829077
20.2,885.9999961550321
20.4,885.9999969997743
20.6,885.999997663901
20.8,885.9999981848854
21.0,885.9999985926834
21.2,885.9999989111845
21.4,885.9999991593958
21.6,885.9999993524036
21.8,885.9999995021542
22.0,885.9999996180842
22.2,885.9999997076312
22.4,885.9999997766421
22.6,885.9999998297025
22.8,885.9999998703993
23.0,885.9999999015315
23.2,885.9999999252761
23.4,885.9999999433211
23.6,885.9999999569702
23.8,885.9999999672247
24.0,885.9999999748483
24.2,885.9999999804161
24.4,885.999999984354
24.6,885.9999999869659
24.8,885.9999999884553
25.0,885.9999999889388
25.2,885.9999999884545
25.4,885.9999999869642
25.6,885.9999999843513
25.8,885.9999999804122
26.0,885.9999999748425
26.2,885.9999999672168
26.4,885.9999999569593
26.6,885.9999999433064
26.8,885.9999999252564
27.0,885.9999999015051
27.2,885.9999998703639
27.4,885.9999998296549
27.6,885.9999997765788
27.8,885.999999707547
28.0,885.9999996179723
28.2,885.9999995020058
28.4,885.9999993522077
28.6,885.9999991591375
28.8,885.9999989108445
29.0,885.9999985922368
29.2,885.9999981843004
29.4,885.9999976631361
29.6,885.9999969987765
29.8,885.9999961537328
30.0,885.9999950812194
30.2,885.9999937229849
30.4,885.9999920066754
30.6,885.9999898426333
30.8,885.9999871200224
31.0,885.9999837021505
31.2,885.9999794208393
31.4,885.9999740696638
31.6,885.9999673958595
31.8,885.9999590906572
32.0,885.9999487777766
32.2,885.9999359997613
32.4,885.9999202017995
32.6,885.9999007126181
32.8,885.9998767219876
33.0,885.9998472543084
33.2,885.999811137689
33.4,885.9997669678454
33.6,885.9997130660828
33.8,885.9996474305264
34.0,885.9995676796885
34.2,885.9994709873603
34.4,885.9993540077166
34.6,885.9992127894303
34.8,885.9990426774779
35.0,885.9988382012243
35.2,885.9985929472657
35.4,885.9982994154125
35.6,885.9979488560998
35.8,885.997531087425
36.0,885.997034289938
36.2,885.9964447772481
36.4,885.995746740466
36.6,885.994921964481
36.8,885.9939495140759
37.0,885.9928053879149
37.2,885.9914621385128
37.4,885.9898884563995
37.6,885.9880487168476
37.8,885.9859024877326
38.0,885.9834039973458
38.2,885.9805015612965
38.4,885.9771369680008
38.6,885.973244822695
38.8,885.9687518504016
39.0,885.9635761588396
39.2,885.9576264628948
39.4,885.950801272956
39.6,885.9429880501646
39.8,885.9340623324347
40.0,885.9238868359445
40.2,885.9123105376914
40.4,885.8991677456235
40.6,885.8842771637941
40.8,885.867440960928
41.0,885.8484438517137
41.2,885.8270522010339
41.4,885.8030131621978
41.6,885.7760538610156
41.8,885.7458806382508
42.0,885.7121783635627
42.2,885.6746098345023
42.4,885.6328152744154
42.6,885.5864119432288
42.8,885.5349938750203
43.0,885.4781317559883
43.2,885.4153729559251
43.4,885.3462417255519
43.6,885.2702395710791
43.8,885.1868458161113
44.0,885.0955183595214
44.2,884.995694636183
44.4,884.8867927854731
44.6,884.7682130302688
44.8,884.6393392667665
45.0,884.4995408628905
45.2,884.3481746603563
45.4,884.184587172639
45.6,884.0081169682283
45.8,883.8180972256555
46.0,883.6138584439134
46.2,883.3947312890976
46.4,883.1600495554402
46.6,882.9091532164218
46.8,882.6413915393972
47.0,882.3561262351983
47.2,882.0527346125251
47.4,881.7306127056563
47.6,881.3891783431297
47.8,881.027874124594
48.0,880.6461702730423
48.2,880.2435673301209
48.4,879.8195986631581
48.6,879.3738327540054
48.8,878.9058752416729
49.0,878.4153706931027
49.2,877.9020040791805
49.4,877.3655019362465
49.6,876.8056331968393
49.8,876.2222096771928
50.0,875.6150862129903
