0.0,529.0044433100936
0.2,534.9038085018007
0.4,540.7229185725685
0.6,546.4615674786111
0.8,552.1196148588815
1.0,557.6969869380725
1.2,563.1936770673657
1.4,568.6097459029098
1.6,573.9453212248065
1.8,579.2005974021392
2.0,584.3758345122529
2.2,589.4713571250747
2.4,594.4875527657063
2.6,599.4248700708238
2.8,604.2838166565467
3.0,609.0649567173726
3.2,613.7689083775094
3.4,618.3963408174461
3.6,622.9479711998796
3.8,627.424561420157
4.0,631.8269147071824
4.2,636.1558721012788
4.4,640.4123088357966
4.6,644.597130649297
4.8,648.7112700549555
5.0,652.7556825933985
5.2,656.7313430945387
5.4,660.6392419731161
5.6,664.4803815815974
5.8,668.255772642852
6.0,671.966430783627
6.2,675.6133731883065
6.4,679.1976153907823
6.6,682.7201682204964
6.8,686.1820349168775
7.0,689.5842084244908
7.2,692.9276688792786
7.4,696.2133812943157
7.6,699.4422934515466
7.8,702.6153340040404
8.0,705.7334107914106
8.2,708.7974093692118
8.4,711.8081917513666
8.6,714.7665953630091
8.8,717.6734321995548
9.0,720.529488186356
9.2,723.335522731962
9.4,726.0922684667939
9.6,728.800431157977
9.8,731.4606897901314
10.0,734.0736968011356
10.2,736.6400784612201
10.4,739.1604353832404
10.6,741.6353431516003
10.8,744.0653530570648
11.0,746.4509929245839
11.2,748.7927680212645
11.4,751.0911620317561
11.6,753.3466380885525
11.8,755.5596398450411
12.0,757.7305925795634
12.2,759.8599043192463
12.4,761.947966972941
12.6,763.9951574632403
12.8,766.0018388482234
13.0,767.9683614243041
13.2,769.8950638023045
13.4,771.7822739496535
13.6,773.6303101923883
13.8,775.4394821714241
14.0,777.2100917483376
14.2,778.9424338566771
14.4,780.6367972955592
14.6,782.2934654630382
14.8,783.9127170274215
15.0,785.4948265353669
15.2,787.040064956209
15.4,788.5487001625447
15.6,790.0209973476354
15.8,791.4572193806669
16.0,792.8576271013494
16.2,794.2224795557277
16.4,795.5520341754128
16.6,796.8465469027432
16.8,798.1062722646262
17.0,799.3314633980243
17.2,800.5223720301976
17.4,801.6792484169465
17.6,802.8023412421683
17.8,803.8918974820948
18.0,804.9481622375853
18.2,805.9713785378319
18.4,806.9617871187885
18.6,807.9196261795646
18.8,808.8451311199335
19.0,809.7385342619935
19.2,810.600064558896
19.4,811.4299472934159
19.6,812.2284037689905
19.8,812.9956509956969
20.0,813.7319013734768
20.2,814.4373623747526
20.4,815.1122362284127
20.6,815.7567196069821
20.8,816.3710033186248
21.0,816.9552720054776
21.2,817.5097038496491
21.4,818.0344702880808
21.6,818.5297357373256
21.8,818.9956573291621
22.0,819.4323846578488
22.2,819.8400595397044
22.4,820.2188157855945
22.6,820.5687789868168
22.8,820.8900663147832
23.0,821.1827863348311
23.2,821.4470388344214
23.4,821.682914665929
23.6,821.8904956041808
23.8,822.0698542188536
24.0,822.2210537618143
24.2,822.3441480694569
24.4,822.4391814800667
24.6,822.5061887662358
24.8,822.5451950823333
25.0,822.5562159270352
25.2,822.539257120913
25.4,822.4943147990763
25.6,822.4213754188687
25.8,822.3204157826153
26.0,822.1914030754189
26.2,822.034294918004
26.4,821.8490394346005
26.6,821.6355753358555
26.8,821.3938320167514
27.0,821.1237296694907
27.2,820.8251794112915
27.4,820.4980834270092
27.6,820.1423351264657
27.8,819.7578193163295
28.0,819.3444123863386
28.2,818.9019825096033
28.4,818.4303898566571
28.6,817.9294868228529
28.8,817.3991182686102
29.0,816.8391217719326
29.2,816.2493278925053
29.4,815.6295604465713
29.6,814.9796367916622
29.8,814.2993681201297
30.0,813.5885597602831
30.2,812.8470114837936
30.4,812.074517817871
30.6,811.2708683605648
30.8,810.4358480973755
31.0,809.5692377171979
31.2,808.6708139254578
31.4,807.7403497521325
31.6,806.7776148521884
31.8,805.7823757958141
32.0,804.7543963456742
32.2,803.6934377182763
32.4,802.5992588264162
32.6,801.4716164995538
32.8,800.3102656788869
33.0,799.1149595838134
33.2,797.885449846433
33.4,796.6214866107159
33.6,795.3228185929826
33.8,793.9891931003798
34.0,792.6203560041218
34.2,791.2160516643848
34.4,789.7760228039014
34.6,788.3000103275077
34.8,786.7877530851406
35.0,785.2389875760808
35.2,783.6534475925755
35.4,782.0308638013654
35.6,780.3709632620775
35.8,778.6734688819329
36.0,776.9380988067418
36.2,775.1645657487418
36.4,773.3525762524486
36.6,771.5018299003445
36.8,769.6120184609239
37.0,767.6828249823313
37.2,765.7139228355866
37.4,763.7049747121422
37.6,761.6556315813134
37.8,759.5655316138931
38.0,757.4342990790552
38.2,755.261543222416
38.4,753.0468571338727
38.6,750.7898166145648
38.8,748.4899790529792
39.0,746.1468823208564
39.2,743.760043700126
39.4,741.3289588526015
39.6,738.8531008445925
39.8,736.3319192389177
40.0,733.7648392670471
40.2,731.1512610942219
40.4,728.4905591904178
40.6,725.7820818199029
40.8,723.0251506619062
41.0,720.2190605745354
41.2,717.363079513575
41.4,714.4564486171394
41.6,711.4983824663695
41.8,708.4880695314199
42.0,705.4246728109172
42.2,702.3073306718618
42.4,699.1351578956103
42.6,695.907246934117
42.8,692.6226693790496
43.0,689.2804776447198
43.2,685.8797068640164
43.4,682.4193769946946
43.6,678.8984951314886
43.8,675.3160580175826
44.0,671.6710547470245
44.2,667.9624696477129
44.4,664.1892853326459
44.6,660.3504859052259
44.8,656.4450603025689
45.0,652.4720057590096
45.2,648.4303313703355
45.4,644.3190617377453
45.6,640.1372406691331
45.8,635.8839349140706
46.0,631.5582379078006
46.2,627.1592734987044
46.4,622.6861996330492
46.6,618.1382119704055
46.8,613.5145474029198
47.0,608.8144874516912
47.2,604.037361513776
47.4,599.1825499339036
47.6,594.2494868757699
47.8,589.2376629688099
48.0,584.1466277076375
48.2,578.9759915828407
48.4,573.7254279235551
48.6,568.3946744341736
48.8,562.9835344096739
49.0,557.491877616347
49.2,551.9196408271487
49.4,546.2668280034744
49.6,540.5335101178335
49.8,534.719824614643
50.0,528.8259745091663
