0.0,817.6839801202929
0.2,819.6950708264192
0.4,821.6631555537642
0.6,823.5884271207628
0.8,825.4710970356045
1.0,827.3113962821878
1.2,829.1095760024668
1.4,830.8659080721073
1.6,832.5806855670821
1.8,834.2542231195616
2.0,835.8868571621787
2.2,837.4789460604721
2.4,839.0308701340356
2.6,840.543031567593
2.8,842.0158542139147
3.0,843.4497832911425
3.2,844.8452849777188
3.4,846.2028459087193
3.6,847.5229725779312
3.8,848.8061906505441
4.0,850.0530441917795
4.2,851.2640948172057
4.4,852.4399207708524
4.6,853.5811159375498
4.8,854.6882887961793
5.0,855.7620613207214
5.2,856.8030678361407
5.4,857.811953836237
5.6,858.7893747706281
5.8,859.735994808022
6.0,860.6524855828632
6.2,861.5395249323266
6.4,862.3977956304715
6.6,863.2279841261585
6.8,864.0307792910917
7.0,864.8068711840594
7.2,865.5569498371368
7.4,866.2817040692614
7.6,866.9818203322247
7.8,867.6579815937279
8.0,868.3108662617415
8.2,868.9411471539812
8.4,869.5494905158822
8.6,870.1365550900113
8.8,870.7029912394223
9.0,871.2494401270152
9.2,871.7765329525305
9.4,872.2848902483862
9.6,872.775121235152
9.8,873.2478232370585
10.0,873.7035811575578
10.2,874.1429670145943
10.4,874.566539534899
10.6,874.9748438063097
10.8,875.368410986823
11.0,875.7477580688192
11.2,876.1133876966544
11.4,876.4657880356079
11.6,876.805432689975
11.8,877.132780667939
12.0,877.44827639072
12.2,877.7523497433848
12.4,878.0454161646201
12.6,878.3278767727114
12.8,878.6001185249281
13.0,878.8625144075013
13.2,879.1154236533877
13.4,879.3591919850326
13.6,879.5941518793885
13.8,879.8206228525044
14.0,880.0389117610683
14.2,880.2493131183774
14.4,880.4521094222968
14.6,880.6475714928845
14.8,880.835958817465
15.0,881.017519901059
15.2,881.1924926202024
15.4,881.3611045783149
15.6,881.523573460914
15.8,881.6801073890991
16.0,881.8309052698686
16.2,881.9761571419601
16.4,882.1160445160378
16.6,882.2507407081789
16.8,882.3804111657302
17.0,882.5052137847324
17.2,882.6252992182189
17.4,882.7408111748084
17.6,882.851886707114
17.8,882.9586564895884
18.0,883.0612450855168
18.2,883.1597712029558
18.4,883.254347939491
18.6,883.3450830157651
18.8,883.4320789977852
19.0,883.5154335080849
19.2,883.595239425866
19.4,883.6715850762912
19.6,883.7445544091424
19.8,883.8142271670931
20.0,883.8806790438723
20.2,883.9439818326256
20.4,884.0042035647958
20.6,884.0614086398622
20.8,884.1156579462904
21.0,884.1670089740494
21.2,884.2155159190588
21.4,884.2612297799285
21.6,884.3041984473514
21.8,884.344466786504
22.0,884.3820767128025
22.2,884.4170672613527
22.4,884.44947465042
22.6,884.4793323392323
22.8,884.506671080413
23.0,884.5315189673281
23.2,884.5539014766103
23.4,884.5738415061061
23.6,884.5913594084752
23.8,884.6064730206474
24.0,884.6191976893252
24.2,884.6295462926972
24.4,884.6375292585087
24.6,884.643154578611
24.8,884.6464278200923
25.0,884.6473521330685
25.2,884.6459282551914
25.4,884.6421545129097
25.6,884.6360268194943
25.8,884.6275386698198
26.0,884.6166811318689
26.2,884.6034428349049
26.4,884.5878099542377
26.6,884.5697661924842
26.8,884.549292757201
27.0,884.5263683347507
27.2,884.5009690602367
27.4,884.4730684833232
27.6,884.4426375297375
27.8,884.4096444582281
28.0,884.3740548127394
28.2,884.3358313695384
28.4,884.2949340790177
28.6,884.2513200018792
28.8,884.2049432393901
29.0,884.1557548573876
29.2,884.1037028036998
29.4,884.0487318186387
29.6,883.9907833382129
29.8,883.9297953897059
30.0,883.8657024792608
30.2,883.7984354711112
30.4,883.7279214581091
30.6,883.6540836231977
30.8,883.5768410914981
31.0,883.4961087726874
31.2,883.4117971933698
31.4,883.3238123191641
31.6,883.2320553662635
31.8,883.1364226022562
32.0,883.0368051360372
32.2,882.9330886966883
32.4,882.8251534012564
32.6,882.712873511416
32.8,882.5961171790707
33.0,882.4747461810184
33.2,882.348615642882
33.4,882.2175737525936
33.6,882.0814614638082
33.8,881.9401121897246
34.0,881.7933514878886
34.2,881.6409967366666
34.4,881.4828568041883
34.6,881.3187317106797
34.8,881.1484122852261
35.0,880.9716798181349
35.2,880.788305710194
35.4,880.5980511202561
35.6,880.4006666127086
35.8,880.1958918065229
36.0,879.9834550277047
36.2,879.7630729670996
36.4,879.5344503456287
36.6,879.2972795891519
36.8,879.0512405152655
37.0,878.7960000344499
37.2,878.5312118680755
37.4,878.2565162858599
37.6,877.9715398654392
37.8,877.6758952767768
38.0,877.3691810941682
38.2,877.0509816386297
38.4,876.7208668534582
38.6,876.378392215738
38.8,876.023098686527
39.0,875.6545127024019
39.2,875.2721462109486
39.4,874.8754967526838
39.6,874.4640475917523
39.8,874.0372678975858
40.0,873.5946129795248
40.2,873.1355245761864
40.4,872.6594312011258
40.6,872.1657485460722
40.8,871.6538799427288
41.0,871.1232168838133
41.2,870.5731396036779
41.4,870.0030177184916
41.6,869.4122109255859
41.8,868.8000697611776
42.0,868.1659364152677
42.2,867.5091456020982
42.4,866.8290254841213
42.6,866.124898646995
42.8,865.3960831226897
43.0,864.6418934573504
43.2,863.8616418201312
43.4,863.0546391487986
43.6,862.2201963274915
43.8,861.3576253916385
44.0,860.4662407546625
44.2,859.5453604507593
44.4,858.5943073877244
44.6,857.6124106035231
44.8,856.5990065200493
45.0,855.5534401873219
45.2,854.4750665112028
45.4,853.3632514576094
45.6,852.2173732261243
45.8,851.0368233858994
46.0,849.8210079667792
46.2,848.56934849867
46.4,847.2812829923232
46.6,845.9562668549017
46.8,844.5937737339618
47.0,843.1932962837855
47.2,841.7543468483681
47.4,840.2764580557765
47.6,838.7591833190584
47.8,837.2020972393901
48.0,835.6047959077047
48.2,833.9668971016256
48.4,832.2880403751637
48.6,830.567887039281
48.8,828.8061200321058
49.0,827.0024436782852
49.2,825.1565833376637
49.4,823.2682849442024
49.6,821.337314436772
49.8,819.3634570841681
50.0,817.3465167074062
