0.0,765.8371576235668
0.2,768.0637980332712
0.4,770.2491066566425
0.6,772.3939743417675
0.8,774.4992721982421
1.0,776.5658509534659
1.2,778.5945403896086
1.4,780.5861488625065
1.6,782.5414629032391
1.8,784.4612469026342
2.0,786.3462428784503
2.2,788.1971703244965
2.4,790.0147261404719
2.6,791.7995846408497
2.8,793.5523976406877
3.0,795.2737946158345
3.2,796.9643829346101
3.4,798.6247481576785
3.6,800.2554544025039
3.8,801.8570447684854
4.0,803.430041818605
4.2,804.9749481132063
4.4,806.4922467913286
4.6,807.9824021948785
4.8,809.4458605308153
5.0,810.8830505664467
5.2,812.2943843529102
5.4,813.6802579719064
5.6,815.0410523008005
5.8,816.3771337912759
6.0,817.688855256826
6.2,818.9765566645128
6.4,820.2405659265778
6.6,821.4811996876814
6.8,822.6987641037595
7.0,823.8935556087142
7.2,825.0658616654099
7.4,826.2159614977036
7.6,827.3441268005189
7.8,828.4506224252551
8.0,829.5357070381134
8.2,830.5996337492182
8.4,831.6426507107044
8.6,832.6650016822346
8.8,833.6669265627035
9.0,834.6486618871638
9.2,835.610441288287
9.4,836.5524959219345
9.6,837.4750548566702
9.8,838.3783454272815
10.0,839.2625935526021
10.2,840.1280240181412
10.4,840.9748607242121
10.6,841.8033269004358
10.8,842.6136452876441
11.0,843.4060382883591
11.2,844.1807280871369
11.4,844.9379367421774
11.6,845.6778862496864
11.8,846.4007985825461
12.0,847.1068957049066
12.2,847.7963995643478
12.4,848.4695320632878
12.6,849.1265150113185
12.8,849.7675700601503
13.0,850.3929186228302
13.2,851.0027817788699
13.4,851.5973801668842
13.6,852.1769338662943
13.8,852.7416622695984
14.0,853.291783946644
14.2,853.827516502284
14.4,854.3490764287086
14.6,854.8566789536887
14.8,855.3505378858753
15.0,855.8308654582265
15.2,856.2978721705501
15.4,856.7517666320715
15.6,857.1927554048508
15.8,857.6210428488008
16.0,858.0368309689717
16.2,858.4403192656991
16.4,858.8317045881358
16.6,859.2111809916142
16.8,859.578939599229
17.0,859.935168467954
17.2,860.2800524595586
17.4,860.6137731165245
17.6,860.9365085431191
17.8,861.2484332917277
18.0,861.549718254509
18.2,861.8405305603947
18.4,862.1210334774171
18.6,862.3913863203247
18.8,862.6517443634048
19.0,862.90225875842
19.2,863.1430764575375
19.4,863.3743401411124
19.6,863.596188150173
19.8,863.808754423444
20.0,864.0121684387321
20.2,864.2065551584949
20.4,864.3920349794025
20.6,864.5687236857093
20.8,864.7367324062395
21.0,864.8961675748018
21.2,865.0471308938429
21.4,865.1897193011587
21.6,865.3240249394815
21.8,865.4501351287716
22.0,865.5681323410435
22.2,865.6780941775686
22.4,865.7800933483015
22.6,865.8741976533823
22.8,865.9604699665828
23.0,866.0389682205664
23.2,866.1097453938451
23.4,866.1728494993232
23.6,866.228323574329
23.8,866.2762056720437
24.0,866.3165288542453
24.2,866.3493211852997
24.4,866.3746057273324
24.6,866.3924005365321
24.8,866.40271866054
25.0,866.4055681368943
25.2,866.4009519925019
25.4,866.3888682441262
25.6,866.3693098998829
25.8,866.3422649617464
26.0,866.3077164290852
26.2,866.2656423032416
26.4,866.2160155931937
26.6,866.1588043223367
26.8,866.0939715364381
27.0,866.0214753128222
27.2,865.9412687708585
27.4,865.8533000838296
27.6,865.7575124922686
27.8,865.6538443188648
28.0,865.542228985043
28.2,865.4225950293347
28.4,865.2948661276668
28.6,865.1589611157013
28.8,865.0147940133704
29.0,864.8622740517562
29.2,864.7013057024772
29.4,864.5317887097426
29.6,864.3536181252524
29.8,864.1666843461159
30.0,863.9708731559737
30.2,863.76606576951
30.4,863.5521388805389
30.6,863.3289647138583
30.8,863.0964110810546
31.0,862.8543414404462
31.2,862.6026149613435
31.4,862.3410865927999
31.6,862.0696071370143
31.8,861.7880233275405
32.0,861.4961779124353
32.2,861.1939097424654
32.4,860.8810538644702
32.6,860.557441619951
32.8,860.2229007489308
33.0,859.8772554990977
33.2,859.5203267402057
33.4,859.1519320836699
33.6,858.7718860072475
33.8,858.3799999846507
34.0,857.9760826198805
34.2,857.5599397860204
34.4,857.1313747681662
34.6,856.6901884101014
34.8,856.2361792642688
35.0,855.7691437445084
35.2,855.2888762809663
35.4,854.795169476499
35.6,854.2878142638191
35.8,853.7666000625502
36.0,853.231314935279
36.2,852.6817457416058
36.4,852.1176782891201
36.6,851.5388974801427
36.8,850.9451874530027
37.0,850.3363317165368
37.2,849.7121132764319
37.4,849.072314751962
37.6,848.4167184816131
37.8,847.7451066160305
38.0,847.0572611966819
38.2,846.3529642185906
38.4,845.6319976754668
38.6,844.8941435855464
38.8,844.1391839964513
39.0,843.3669009673828
39.2,842.5770765269971
39.4,841.7694926053401
39.6,840.9439309382815
39.8,840.100172942952
40.0,839.2379995627861
40.2,838.3571910808674
40.4,837.4575269004085
40.6,836.5387852913274
40.8,835.6007431020555
41.0,834.6431754358755
41.2,833.6658552912934
41.4,832.6685531661502
41.6,831.6510366254145
41.8,830.6130698328278
42.0,829.5544130468404
42.2,828.4748220815308
42.4,827.3740477334858
42.6,826.2518351759006
42.8,825.1079233214489
43.0,823.942044155768
43.2,822.7539220437037
43.4,821.5432730107499
43.6,820.309804002417
43.8,819.0532121245448
44.0,817.7731838678542
44.2,816.4693943202979
44.4,815.141506371019
44.6,813.7891699099624
44.8,812.412021027394
45.0,811.009681217771
45.2,809.5817565925771
45.4,808.1278371068623
45.6,806.6474958043423
45.8,805.1402880859771
46.0,803.6057510069954
46.2,802.0434026073277
46.4,800.4527412803823
46.6,798.8332451850239
46.8,797.1843717055092
47.0,795.5055569639788
47.2,793.796215389926
47.4,792.0557393508336
47.6,790.2834988479092
47.8,788.4788412805561
48.0,786.641091282882
48.2,784.7695506351862
48.4,782.8634982529777
48.6,780.9221902556521
48.8,778.9448601165172
49.0,776.9307188953907
49.2,774.8789555545179
49.4,772.7887373580616
49.6,770.6592103549118
49.8,768.4894999440652
50.0,766.2787115213027
