0.0,847.2620774402837
0.2,848.0087354022628
0.4,848.7362011515638
0.6,849.4449338331109
0.8,850.135383641319
1.0,850.807991634057
1.2,851.4631895797286
1.4,852.1013998372675
1.6,852.7230352686165
1.8,853.3284991830419
2.0,853.9181853124278
2.2,854.4924778164992
2.4,855.0517513167415
2.6,855.5963709576173
2.8,856.1266924935386
3.0,856.6430623999194
3.2,857.1458180065302
3.4,857.6352876512841
3.6,858.1117908525189
3.8,858.5756384977965
4.0,859.027133047209
4.2,859.4665687491823
4.4,859.8942318667788
4.6,860.3104009125316
4.8,860.7153468898958
5.0,861.1093335394629
5.2,861.4926175881668
5.4,861.8654489997986
5.6,862.2280712252476
5.8,862.5807214510037
6.0,862.9236308445617
6.2,863.2570247955023
6.4,863.5811231511437
6.6,863.8961404457873
6.8,864.2022861227067
7.0,864.4997647481608
7.2,864.7887762168294
7.4,865.069515948191
7.6,865.3421750734791
7.8,865.6069406129621
8.0,865.8639956433872
8.2,866.113519455532
8.4,866.3556877018884
8.6,866.5906725345841
8.8,866.8186427337145
9.0,867.0397638263232
9.2,867.2541981963222
9.4,867.462105185683
9.6,867.6636411872747
9.8,867.858959729753
10.0,868.0482115549213
10.2,868.2315446880101
10.4,868.4091045013272
10.6,868.5810337717325
10.8,868.7474727323984
11.0,868.9085591193059
11.2,869.0644282129196
11.4,869.2152128754756
11.6,869.3610435842974
11.8,869.5020484615393
12.0,869.6383533007406
12.2,869.7700815905491
12.4,869.8973545359539
12.6,870.0202910773446
12.8,870.1390079076921
13.0,870.2536194881229
13.2,870.3642380621388
13.4,870.4709736687074
13.6,870.5739341544343
13.8,870.6732251850019
14.0,870.7689502560434
14.2,870.8612107035987
14.4,870.9501057142865
14.6,871.0357323353044
14.8,871.1181854843585
15.0,871.1975579596049
15.2,871.2739404496765
15.4,871.3474215438533
15.6,871.4180877424241
15.8,871.4860234672776
16.0,871.5513110727507
16.2,871.6140308567534
16.4,871.6742610721836
16.6,871.7320779386358
16.8,871.7875556544034
17.0,871.8407664087686
17.2,871.8917803945678
17.4,871.9406658210188
17.6,871.9874889267878
17.8,872.032313993278
18.0,872.0752033581102
18.2,872.1162174287729
18.4,872.1554146964066
18.6,872.1928517496974
18.8,872.2285832888418
19.0,872.2626621395539
19.2,872.2951392670759
19.4,872.3260637901614
19.6,872.355482994993
19.8,872.3834423489997
20.0,872.4099855145375
20.2,872.4351543623995
20.4,872.4589889851186
20.6,872.4815277100281
20.8,872.5028071120462
21.0,872.5228620261498
21.2,872.5417255595073
21.4,872.5594291032336
21.6,872.5760023437409
21.8,872.5914732736512
22.0,872.6058682022431
22.2,872.6192117654061
22.4,872.631526935073
22.6,872.6428350281058
22.8,872.653155714612
23.0,872.6625070256683
23.2,872.6709053604282
23.4,872.678365492597
23.6,872.6849005762532
23.8,872.6905221510012
24.0,872.6952401464399
24.2,872.6990628859323
24.4,872.7019970896663
24.6,872.7040478769958
24.8,872.7052187680529
25.0,872.7055116846261
25.2,872.7049269502977
25.4,872.7034632898389
25.6,872.7011178278598
25.8,872.6978860867158
26.0,872.6937619836713
26.2,872.6887378273253
26.4,872.6828043133053
26.6,872.6759505192333
26.8,872.6681638989788
27.0,872.6594302762035
27.2,872.649733837214
27.4,872.6390571231354
27.6,872.6273810214229
27.8,872.6146847567244
28.0,872.600945881119
28.2,872.5861402637483
28.4,872.5702420798632
28.6,872.5532237993085
28.8,872.5350561744737
29.0,872.5157082277303
29.2,872.4951472383906
29.4,872.4733387292086
29.6,872.4502464524604
29.8,872.4258323756281
30.0,872.4000566667261
30.2,872.3728776792958
30.4,872.3442519371089
30.6,872.3141341186083
30.8,872.2824770411262
31.0,872.2492316449122
31.2,872.2143469770086
31.4,872.1777701750102
31.6,872.1394464507433
31.8,872.0993190739028
32.0,872.0573293556822
32.2,872.013416632433
32.4,871.967518249391
32.6,871.9195695445015
32.8,871.8695038323806
33.0,871.8172523884416
33.2,871.7627444332231
33.4,871.7059071169441
33.6,871.6466655043141
33.8,871.5849425596267
34.0,871.5206591321546
34.2,871.4537339418679
34.4,871.3840835654901
34.6,871.3116224229028
34.8,871.2362627639056
35.0,871.157914655332
35.2,871.0764859685174
35.4,870.9918823671064
35.6,870.9040072951813
35.8,870.8127619656852
36.0,870.7180453491058
36.2,870.6197541623699
36.4,870.5177828579003
36.6,870.4120236127633
36.8,870.3023663178294
37.0,870.1886985668582
37.2,870.0709056454001
37.4,869.9488705193959
37.6,869.8224738233404
37.8,869.6915938478597
38.0,869.5561065265347
38.2,869.4158854217883
38.4,869.2708017096338
38.6,869.1207241630692
38.8,868.9655191338791
39.0,868.8050505325941
39.2,868.6391798063371
39.4,868.4677659142723
39.6,868.2906653003572
39.8,868.1077318630847
40.0,867.9188169218909
40.2,867.7237691798937
40.4,867.5224346826225
40.6,867.3146567723936
40.8,867.1002760379852
41.0,866.8791302592697
41.2,866.6510543464703
41.4,866.4158802737162
41.6,866.1734370065905
41.8,865.9235504233907
42.0,865.6660432298424
42.2,865.400734867046
42.4,865.1274414124753
42.6,864.8459754738934
42.8,864.5561460761026
43.0,864.2577585405054
43.2,863.9506143575204
43.4,863.6345110519643
43.6,863.3092420415912
43.8,862.974596489063
44.0,862.6303591477057
44.2,862.2763102015048
44.4,861.91222509988
44.6,861.5378743878779
44.8,861.1530235325171
45.0,860.7574327461166
45.2,860.3508568075354
45.4,859.9330448823393
45.6,859.5037403430078
45.8,859.0626805903676
46.0,858.609596877524
46.2,858.14421413763
46.4,857.6662508168854
46.6,857.1754187142166
46.8,856.6714228291202
47.0,856.1539612191771
47.2,855.6227248687585
47.4,855.0773975704382
47.6,854.5176558206061
47.8,853.943168730749
48.0,853.3535979558035
48.2,852.7485976409328
48.4,852.1278143879857
48.6,851.4908872428076
48.8,850.8374477044572
49.0,850.1671197572598
49.2,849.4795199264925
49.4,848.7742573583454
49.6,848.0509339246497
49.8,847.3091443526947
50.0,846.5484763802883
