0.0,773.7039409394279
0.2,775.7296303524502
0.4,777.7203456879664
0.6,779.677188536108
0.8,781.6012041578631
1.0,783.4933803060364
1.2,785.3546464561678
1.4,787.1858734462205
1.6,788.9878735193416
1.8,790.7614007596351
2.0,792.5071519067418
2.2,794.2257675311458
2.4,795.9178335485786
2.6,797.583883048724
2.8,799.2243984106609
3.0,800.8398136751741
3.2,802.43051714221
3.4,803.9968541603912
3.6,805.539130074624
3.8,807.057613297433
4.0,808.5525384697327
4.2,810.0241096772659
4.4,811.4725036898928
4.6,812.8978731922454
4.8,814.3003499759591
5.0,815.6800480656956
5.2,817.0370667534312
5.4,818.371493517976
5.6,819.6834068093259
5.8,820.9728786802239
6.0,822.2399772501343
6.2,823.484768989685
6.4,824.7073208164651
6.6,825.9077019958211
6.8,827.085985842958
7.0,828.2422512251693
7.2,829.3765838653716
7.4,830.4890774502902
7.6,831.5798345485897
7.8,832.6489673459806
8.0,833.696598205829
8.2,834.7228600650624
8.4,835.7278966761926
8.6,836.711862707068
8.8,837.6749237105433
9.0,838.6172559766089
9.2,839.5390462796821
9.4,840.4404915337371
9.6,841.3217983677583
9.8,842.1831826336625
10.0,843.0248688583713
10.2,843.8470896511376
10.4,844.6500850765692
10.6,845.4341020030608
10.8,846.1993934355637
11.0,846.9462178408037
11.2,847.6748384722314
11.4,848.3855227011445
11.6,849.0785413596052
11.8,849.754168099965
12.0,850.4126787750415
12.2,851.0543508422571
12.4,851.6794627943613
12.6,852.2882936187235
12.8,852.8811222865999
13.0,853.4582272732507
13.2,854.0198861093155
13.4,854.5663749634398
13.6,855.0979682557908
13.8,855.6149383017922
14.0,856.1175549851599
14.2,856.6060854591076
14.4,857.0807938744382
14.6,857.5419411331086
14.8,857.9897846657755
15.0,858.4245782317752
15.2,858.8465717399689
15.4,859.2560110888845
15.6,859.6531380246092
15.8,860.0381900149245
16.0,860.4114001382313
16.2,860.7729969858785
16.4,861.1232045765742
16.6,861.462242281648
16.8,861.7903247600082
17.0,862.1076619017241
17.2,862.4144587792498
17.4,862.7109156053871
17.6,862.9972276971713
17.8,863.2735854449345
18.0,863.540174285884
18.2,863.7971746815987
18.4,864.0447620989139
18.6,864.2831069937246
18.8,864.5123747972962
19.0,864.7327259047212
19.2,864.9443156652059
19.4,865.1472943739153
19.6,865.3418072651408
19.8,865.527994506588
20.0,865.7059911946136
20.2,865.875927350262
20.4,866.0379279159818
20.6,866.1921127529126
20.8,866.3385966386603
21.0,866.4774892654823
21.2,866.6088952388246
21.4,866.7329140761618
21.6,866.849640206095
21.8,866.9591629676758
22.0,867.0615666099264
22.2,867.1569302915349
22.4,867.2453280807034
22.6,867.3268289551363
22.8,867.4014968021529
23.0,867.4693904189154
23.2,867.5305635127621
23.4,867.5850647016385
23.6,867.6329375146188
23.8,867.6742203925132
24.0,867.7089466885568
24.2,867.7371446691728
24.4,867.7588375148099
24.6,867.7740433208488
24.8,867.7827750985751
25.0,867.785040776218
25.2,867.78084320005
25.4,867.7701801355489
25.6,867.7530442686192
25.8,867.7294232068726
26.0,867.6992994809679
26.2,867.6626505460089
26.4,867.6194487830016
26.6,867.5696615003712
26.8,867.5132509355401
27.0,867.4501742565674
27.2,867.3803835638552
27.4,867.3038258919207
27.6,867.2204432112401
27.8,867.1301724301671
28.0,867.0329453969345
28.2,866.9286889017418
28.4,866.817324678941
28.6,866.6987694093286
28.8,866.5729347225611
29.0,866.4397271997062
29.2,866.2990483759543
29.4,866.1507947435138
29.6,865.9948577547242
29.8,865.8311238254241
30.0,865.6594743386231
30.2,865.4797856485362
30.4,865.2919290850502
30.6,865.0957709587086
30.8,864.8911725663152
31.0,864.6779901972802
31.2,864.4560751408516
31.4,864.2252736944018
31.6,863.9854271729722
31.8,863.7363719203038
32.0,863.4779393216315
32.2,863.2099558185492
32.4,862.9322429263095
32.6,862.6446172539675
32.8,862.3468905278381
33.0,862.0388696187947
33.2,861.7203565740053
33.4,861.3911486537745
33.6,861.0510383742284
33.8,860.699813556668
34.0,860.3372573844905
34.2,859.9631484686658
34.4,859.5772609228418
34.6,859.1793644492342
34.8,858.769224436542
35.0,858.3466020712098
35.2,857.9112544634281
35.4,857.4629347893336
35.6,857.0013924509194
35.8,856.5263732552098
36.0,856.0376196142746
36.2,855.5348707676574
36.4,855.0178630287738
36.6,854.4863300567775
36.8,853.9400031553122
37.0,853.3786115994423
37.2,852.8018829918962
37.4,852.2095436495466
37.6,851.6013190208006
37.8,850.9769341342621
38.0,850.3361140786766
38.2,849.6785845137452
38.4,849.0040722109295
38.6,848.312305622833
38.8,847.6030154791665
39.0,846.8759354066575
39.2,846.130802569577
39.4,845.3673583268207
39.6,844.5853489007001
39.8,843.7845260517968
40.0,842.9646477533994
40.2,842.1254788582042
40.4,841.2667917491217
40.6,840.3883669652115
40.8,839.4899937929832
41.0,838.5714708125605
41.2,837.6326063875459
41.4,836.6732190868403
41.6,835.6931380262056
41.8,834.6922031170183
42.0,833.670265209468
42.2,832.6271861174314
42.4,831.5628385124111
42.6,830.4771056742883
42.8,829.3698810872141
43.0,828.2410678697648
43.2,827.0905780295178
43.4,825.918331533482
43.6,824.7242551873169
43.8,823.5082813180269
44.0,822.2703462567767
44.2,821.0103886206549
44.4,819.7283473945803
44.6,818.4241598170811
44.8,817.0977590763517
45.0,815.7490718257695
45.2,814.3780155309003
45.4,812.9844956628872
45.6,811.5684027559743
45.8,810.1296093496877
46.0,808.6679668388701
46.2,807.1833022572531
46.4,805.6754150225382
46.6,804.1440736729661
46.8,802.5890126270565
47.0,801.0099289995508
47.2,799.4064795075359
47.4,797.7782775012598
47.6,796.1248901542215
47.8,794.4458358467112
48.0,792.7405817761017
48.2,791.0085418258019
48.4,789.249074722939
48.6,787.4614825124959
48.8,785.6450093728589
49.0,783.7988407945339
49.2,781.9221031402259
49.4,780.01386360057
49.6,778.0731305556358
49.8,776.0988543479338
50.0,774.0899284681169
