0.0,829.4342264345737
0.2,831.2501078777391
0.4,833.0061493744872
0.6,834.7019278985279
0.8,836.3372160036083
1.0,837.9119860020248
1.2,839.42641141136
1.4,840.8808657048186
1.6,842.2759184522599
1.8,843.6123289875227
2.0,844.8910377816877
2.2,846.1131557405314
2.4,847.2799516767093
2.6,848.3928382325969
2.8,849.453356547777
3.0,850.4631599757537
3.2,851.4239971576583
3.4,852.3376947567724
3.6,853.2061401470938
3.8,854.0312643325929
4.0,854.8150253519877
4.2,855.559392397748
4.4,856.2663308485406
4.6,856.9377883824812
4.8,857.5756823053212
5.0,858.1818881940612
5.2,858.7582299233268
5.4,859.3064711099729
5.6,859.8283079815347
5.8,860.3253636468559
6.0,860.7991837230022
6.2,861.251233251704
6.4,861.6828948212809
6.6,862.0954677963514
6.8,862.4901685475869
7.0,862.8681315671939
7.2,863.2304113524834
7.4,863.5779849395121
7.6,863.9117549710334
7.8,864.2325531874833
8.0,864.541144236078
8.2,864.8382297008917
8.4,865.1244522656663
8.6,865.4003999306759
8.8,865.6666102149244
9.0,865.9235742849731
9.2,866.171740961535
9.4,866.4115205643948
9.6,866.643288565081
9.8,866.8673890248513
10.0,867.0841378029089
10.2,867.2938255262623
10.4,867.4967203182626
10.6,867.6930702876105
10.8,867.8831057835329
11.0,868.0670414259652
11.2,868.2450779219548
11.4,868.4174036812502
11.6,868.584196245178
11.8,868.7456235435667
12.0,868.9018449946899
12.2,869.0530124630706
12.4,869.1992710895745
12.6,869.340760007593
12.8,869.4776129583202
13.0,869.6099588172384
13.2,869.7379220429594
13.4,869.8616230585768
13.6,869.9811785746983
13.8,870.096701862358
14.0,870.2083029830807
14.2,870.3160889825086
14.4,870.4201640531861
14.6,870.5206296713623
14.8,870.6175847120015
15.0,870.7111255455937
15.2,870.8013461198212
15.4,870.8883380286711
15.6,870.9721905711787
15.8,871.0529908016263
16.0,871.1308235727223
16.2,871.2057715730261
16.4,871.2779153596625
16.6,871.3473333871842
16.8,871.4141020332877
17.0,871.4782956219544
17.2,871.5399864444852
17.4,871.5992447788049
17.6,871.6561389073426
17.8,871.71073513373
18.0,871.7630977985189
18.2,871.8132892940671
18.4,871.8613700787239
18.6,871.9073986904066
18.8,871.9514317596493
19.0,871.99352402218
19.2,872.0337283310736
19.4,872.0720956685128
19.6,872.1086751571844
19.8,872.1435140713256
20.0,872.1766578474346
20.2,872.2081500946484
20.4,872.2380326047959
20.6,872.2663453621184
20.8,872.2931265526615
21.0,872.3184125733275
21.2,872.3422380405825
21.4,872.3646357988126
21.6,872.3856369283147
21.8,872.405270752916
22.0,872.4235648472081
22.2,872.4405450433867
22.4,872.4562354376843
22.6,872.4706583963848
22.8,872.4838345614089
23.0,872.4957828554593
23.2,872.5065204867147
23.4,872.5160629530628
23.6,872.5244240458628
23.8,872.5316158532282
24.0,872.5376487628222
24.2,872.5425314641573
24.4,872.546270950394
24.6,872.5488725196323
24.8,872.55033977569
25.0,872.5506746283672
25.2,872.5498772931911
25.4,872.5479462906416
25.6,872.5448784448555
25.8,872.5406688818114
26.0,872.5353110269962
26.2,872.5287966025543
26.4,872.5211156239255
26.6,872.5122563959751
26.8,872.5022055086213
27.0,872.4909478319679
27.2,872.4784665109484
27.4,872.4647429594912
27.6,872.4497568542151
27.8,872.4334861276641
28.0,872.4159069610932
28.2,872.3969937768177
28.4,872.3767192301356
28.6,872.3550542008383
28.8,872.3319677843202
29.0,872.3074272823025
29.2,872.2813981931822
29.4,872.2538442020224
29.6,872.2247271701937
29.8,872.1940071246818
30.0,872.161642247073
30.2,872.1275888622272
30.4,872.0918014266502
30.6,872.0542325165719
30.8,872.014832815738
31.0,871.9735511029181
31.2,871.9303342391305
31.4,871.8851271545789
31.6,871.837872835294
31.8,871.788512309462
32.0,871.7369846334158
32.2,871.6832268772572
32.4,871.6271741100586
32.6,871.568759384586
32.8,871.5079137214544
33.0,871.4445660926134
33.2,871.3786434040187
33.4,871.3100704773165
33.6,871.2387700303146
33.8,871.1646626559597
34.0,871.0876667994678
34.2,871.0076987331697
34.4,870.9246725285282
34.6,870.8385000246569
34.8,870.7490907925204
35.0,870.6563520938124
35.2,870.5601888332938
35.4,870.4605035031195
35.6,870.357196117383
35.8,870.250164134762
36.0,870.1393023667475
36.2,870.024502868478
36.4,869.9056548086786
36.6,869.7826443146162
36.8,869.6553542873195
37.0,869.523664181592
37.2,869.3874497445481
37.4,869.2465827055462
37.6,869.1009304094842
37.8,868.9503553844698
38.0,868.7947148339032
38.2,868.6338600420314
38.4,868.467635681086
38.6,868.2958790072269
38.8,868.1184189317393
39.0,867.9350749533016
39.2,867.7456559367351
39.4,867.549958723506
39.6,867.3477665594638
39.8,867.1388473259265
40.0,866.9229515613458
40.2,866.6998102624882
40.4,866.4691324564031
40.6,866.2306025375236
40.8,865.9838773680738
41.0,865.7285831446306
41.2,865.4643120391995
41.4,865.1906186295422
41.6,864.9070161407136
41.8,864.6129725277577
42.0,864.3079064382148
42.2,863.9911831023501
42.4,863.6621102086781
42.6,863.3199338322004
42.8,862.9638344925504
43.0,862.5929234286525
43.2,862.2062391852206
43.4,861.8027446140904
43.6,861.3813243996134
43.8,860.9407832217631
44.0,860.4798446728155
44.2,859.9971510431066
44.4,859.49126408811
44.6,858.9606668826226
44.8,858.4037668579816
45.0,857.81890010484
45.2,857.2043370070354
45.4,856.5582892516056
45.6,855.8789182361995
45.8,855.1643448683412
46.0,854.4126607216738
46.2,853.6219404830092
46.4,852.7902555914432
46.6,851.915688937739
46.8,850.9963504595526
47.0,850.0303934367688
47.2,849.0160312622585
47.4,847.9515544376976
47.6,846.8353475226712
47.8,845.6659057489951
48.0,844.441851001786
48.2,843.1619468649486
48.4,841.8251124318843
48.6,840.4304345926404
48.8,838.9771785264796
49.0,837.4647961537949
49.2,835.8929323330307
49.4,834.2614286262125
49.6,832.5703244999701
49.8,830.8198558765961
50.0,829.0104510005136
