0.0,854.8873632084857
0.2,855.472399043636
0.4,856.0429025919719
0.6,856.5990965399914
0.8,857.1412033633477
1.0,857.6694452922276
1.2,858.1840442747779
1.4,858.685221938575
1.6,859.1731995501378
1.8,859.6481979724983
2.0,860.1104376208486
2.2,860.5601384163001
2.4,860.9975197377919
2.6,861.4228003722044
2.8,861.8361984627339
3.0,862.2379314556013
3.2,862.628216045169
3.4,863.0072681175571
3.6,863.3753026928487
3.8,863.732533865988
4.0,864.079174746481
4.2,864.4154373970118
4.4,864.7415327710987
4.6,865.0576706499143
4.8,865.3640595784034
5.0,865.6609068008352
5.2,865.9484181959278
5.4,866.2267982116915
5.6,866.4962498001332
5.8,866.7569743519741
6.0,867.0091716315255
6.2,867.2530397118765
6.4,867.4887749105411
6.6,867.7165717257171
6.8,867.9366227733022
7.0,868.1491187248172
7.2,868.3542482463787
7.4,868.5521979388661
7.6,868.743152279418
7.8,868.9272935643958
8.0,869.1048018539426
8.2,869.2758549182653
8.4,869.440628185758
8.6,869.5992946930832
8.8,869.7520250373178
9.0,869.8989873302673
9.2,870.040347155044
9.4,870.1762675249955
9.6,870.3069088450678
9.8,870.4324288756737
10.0,870.5529826991351
10.2,870.6687226887556
10.4,870.7797984805748
10.6,870.8863569478466
10.8,870.9885421782739
11.0,871.0864954540291
11.2,871.1803552345757
11.4,871.2702571423027
11.6,871.3563339509725
11.8,871.438715576979
12.0,871.5175290734005
12.2,871.5928986268274
12.4,871.6649455569365
12.6,871.7337883187773
12.8,871.7995425077278
13.0,871.8623208670704
13.2,871.9222332981337
13.4,871.9793868729412
13.6,872.0338858492953
13.8,872.0858316882292
14.0,872.1353230737462
14.2,872.182455934769
14.4,872.2273234692052
14.6,872.2700161700468
14.8,872.310621853404
15.0,872.3492256883789
15.2,872.3859102286768
15.4,872.4207554458552
15.6,872.4538387641011
15.8,872.4852350964338
16.0,872.5150168822225
16.2,872.5432541259083
16.4,872.570014436822
16.6,872.5953630699853
16.8,872.6193629677832
17.0,872.6420748023988
17.2,872.6635570188967
17.4,872.6838658788448
17.6,872.703055504368
17.8,872.7211779225213
18.0,872.7382831098773
18.2,872.7544190372239
18.4,872.7696317142636
18.6,872.7839652342194
18.8,872.7974618182412
19.0,872.8101618595198
19.2,872.8221039670104
19.4,872.8333250086754
19.6,872.8438601541555
19.8,872.8537429167823
20.0,872.8630051948473
20.2,872.871677312049
20.4,872.8797880570354
20.6,872.88736472197
20.8,872.8944331400479
21.0,872.9010177218921
21.2,872.9071414907654
21.4,872.9128261165345
21.6,872.9180919483242
21.8,872.9229580458097
22.0,872.9274422090881
22.2,872.9315610070823
22.4,872.9353298044289
22.6,872.9387627868026
22.8,872.9418729846419
23.0,872.9446722952305
23.2,872.947171503104
23.4,872.9493802987467
23.6,872.9513072955494
23.8,872.9529600450005
24.0,872.9543450500878
24.2,872.9554677768874
24.4,872.9563326643224
24.6,872.9569431320763
24.8,872.9573015866437
25.0,872.9574094255141
25.2,872.9572670394757
25.4,872.9568738130345
25.6,872.9562281229489
25.8,872.9553273348777
26.0,872.9541677981438
26.2,872.9527448386201
26.4,872.9510527497453
26.6,872.9490847816791
26.8,872.9468331286123
27.0,872.9442889142463
27.2,872.9414421754607
27.4,872.9382818441917
27.6,872.9347957275459
27.8,872.9309704861741
28.0,872.9267916109402
28.2,872.922243397913
28.4,872.9173089217201
28.6,872.9119700073028
28.8,872.9062072001129
29.0,872.8999997347977
29.2,872.8933255024198
29.4,872.8861610162653
29.6,872.8784813762936
29.8,872.8702602322851
30.0,872.861469745751
30.2,872.8520805506658
30.4,872.8420617130918
30.6,872.8313806897644
30.8,872.8200032857131
31.0,872.8078936109939
31.2,872.7950140366119
31.4,872.7813251497182
31.6,872.7667857081663
31.8,872.7513525945154
32.0,872.7349807695722
32.2,872.7176232255658
32.4,872.6992309390516
32.6,872.6797528236415
32.8,872.6591356826639
33.0,872.6373241618562
33.2,872.6142607021923
33.4,872.5898854929542
33.6,872.5641364251566
33.8,872.5369490454312
34.0,872.5082565104855
34.2,872.4779895422414
34.4,872.446076383774
34.6,872.4124427561536
34.8,872.3770118163105
35.0,872.3397041160307
35.2,872.300437562194
35.4,872.2591273783667
35.6,872.2156860678542
35.8,872.1700233783257
36.0,872.1220462681114
36.2,872.0716588742782
36.4,872.018762482583
36.6,871.9632554994017
36.8,871.905033425726
37.0,871.84398883332
37.2,871.7800113431209
37.4,871.7129876059661
37.6,871.6428012857236
37.8,871.5693330448961
38.0,871.4924605327657
38.2,871.4120583761396
38.4,871.3279981727505
38.6,871.2401484873608
38.8,871.1483748506082
39.0,871.0525397606339
39.2,870.9525026875139
39.4,870.8481200805176
39.6,870.739245378205
39.8,870.6257290213688
40.0,870.5074184688166
40.2,870.3841582159858
40.4,870.2557898163699
40.6,870.1221519057332
40.8,869.9830802290771
41.0,869.8384076703188
41.2,869.6879642846302
41.4,869.5315773333815
41.6,869.3690713216243
41.8,869.200268038042
42.0,869.0249865972869
42.2,868.8430434846196
42.4,868.6542526027563
42.6,868.4584253208247
42.8,868.2553705253242
43.0,868.0448946729765
43.2,867.8268018453535
43.4,867.6008938051594
43.6,867.3669700540405
43.8,867.1248278917949
44.0,866.8742624768475
44.2,866.615066887855
44.4,866.3470321863012
44.6,866.0699474799442
44.8,865.7835999869719
45.0,865.4877751007253
45.2,865.1822564548447
45.4,864.8668259886997
45.6,864.5412640129596
45.8,864.2053492751659
46.0,863.8588590251715
46.2,863.501569080309
46.4,863.1332538901602
46.6,862.7536866007995
46.8,862.3626391183888
47.0,861.9598821720055
47.2,861.5451853755955
47.4,861.1183172889428
47.6,860.6790454775578
47.8,860.227136571394
48.0,859.7623563223066
48.2,859.284469660178
48.4,858.793240747642
48.6,858.2884330333465
48.8,857.7698093037023
49.0,857.2371317330799
49.2,856.6901619324157
49.4,856.12866099621
49.6,855.5523895478971
49.8,854.9611077835883
50.0,854.3545755141876
