0.0,855.6532141511228
0.2,856.226639477894
0.4,856.7855389496223
0.6,857.3301369091567
0.8,857.8606576033484
1.0,858.3773251494736
1.2,858.88036349912
1.4,859.3699963995255
1.6,859.8464473523735
1.8,860.3099395700592
2.0,860.7606959294583
2.2,861.1989389232355
2.4,861.6248906087494
2.6,862.0387725546176
2.8,862.4408057850187
3.0,862.8312107218215
3.2,863.2102071246389
3.4,863.5780140289176
3.6,863.9348496821827
3.8,864.2809314785671
4.0,864.6164758917625
4.2,864.9416984065388
4.4,865.256813448984
4.6,865.562034315628
4.8,865.8575731016118
5.0,866.1436406280767
5.2,866.4204463689484
5.4,866.6881983772961
5.6,866.947103211446
5.8,867.197365861039
6.0,867.4391896732136
6.2,867.672776279102
6.4,867.8983255208263
6.6,868.1160353791786
6.8,868.3261019021676
7.0,868.5287191346143
7.2,868.7240790489717
7.4,868.9123714775428
7.6,869.093784046266
7.8,869.2685021102297
8.0,869.4367086910753
8.2,869.5985844164371
8.4,869.7543074615656
8.6,869.9040534932683
8.8,870.0479956162973
9.0,870.1863043223036
9.2,870.3191474414702
9.4,870.4466900969242
9.6,870.5690946620219
9.8,870.686520720592
10.0,870.7991250302055
10.2,870.9070614885428
10.4,871.0104811029048
10.6,871.109531962917
10.8,871.2043592164576
11.0,871.2951050488334
11.2,871.3819086652185
11.4,871.4649062763591
11.6,871.5442310875379
11.8,871.6200132907851
12.0,871.6923800603092
12.2,871.761455551118
12.4,871.8273609007834
12.6,871.8902142343036
12.8,871.9501306720032
13.0,872.0072223404053
13.2,872.0615983860037
13.4,872.1133649918524
13.6,872.1626253968919
13.8,872.2094799179137
14.0,872.2540259740699
14.2,872.2963581138238
14.4,872.3365680442337
14.6,872.3747446624591
14.8,872.4109740893737
15.0,872.4453397051674
15.2,872.4779221868157
15.4,872.5087995472933
15.6,872.538047176406
15.8,872.5657378831146
16.0,872.5919419392233
16.2,872.6167271243033
16.4,872.6401587717233
16.6,872.6622998156583
16.8,872.6832108389491
17.0,872.7029501216836
17.2,872.7215736903765
17.4,872.7391353676214
17.6,872.7556868220912
17.8,872.7712776187678
18.0,872.7859552692834
18.2,872.7997652822539
18.4,872.8127512134953
18.6,872.8249547160083
18.8,872.8364155896273
19.0,872.847171830228
19.2,872.8572596783921
19.4,872.8667136674313
19.6,872.8755666706788
19.8,872.8838499479552
20.0,872.8915931911225
20.2,872.898824568643
20.4,872.9055707690642
20.6,872.911857043351
20.8,872.9177072459969
21.0,872.9231438748407
21.2,872.9281881095261
21.4,872.9328598485436
21.6,872.9371777447919
21.8,872.9411592396102
22.0,872.9448205952239
22.2,872.9481769255596
22.4,872.9512422253832
22.6,872.9540293977188
22.8,872.9565502795097
23.0,872.9588156654869
23.2,872.9608353302116
23.4,872.9626180482608
23.6,872.9641716125299
23.8,872.9655028506282
24.0,872.9666176393442
24.2,872.9675209171618
24.4,872.9682166948105
24.6,872.9687080638363
24.8,872.9689972031795
25.0,872.969085383752
25.2,872.968972971005
25.4,872.9686594254827
25.6,872.9681433013617
25.8,872.9674222429725
26.0,872.966492979307
26.2,872.9653513165167
26.4,872.9639921284092
26.6,872.9624093449486
26.8,872.9605959387757
27.0,872.9585439097609
27.2,872.9562442676041
27.4,872.9536870125047
27.6,872.9508611139202
27.8,872.9477544874389
28.0,872.944353969797
28.2,872.9406452920641
28.4,872.9366130510373
28.6,872.932240678874
28.8,872.9275104110067
29.0,872.9224032523804
29.2,872.9168989420577
29.4,872.9109759162429
29.6,872.9046112697748
29.8,872.8977807161451
30.0,872.8904585461024
30.2,872.8826175849039
30.4,872.8742291482819
30.6,872.8652629971942
30.8,872.8556872914337
31.0,872.8454685421741
31.2,872.8345715635331
31.4,872.8229594232383
31.6,872.8105933924842
31.8,872.7974328950731
32.0,872.7834354559353
32.2,872.7685566491282
32.4,872.7527500454177
32.6,872.7359671595468
32.8,872.7181573973025
33.0,872.6992680024903
33.2,872.6792440039351
33.4,872.658028162624
33.6,872.635560919111
33.8,872.6117803413074
34.0,872.5866220727817
34.2,872.5600192816936
34.4,872.5319026104924
34.6,872.5022001265053
34.8,872.4708372735467
35.0,872.4377368246774
35.2,872.4028188362417
35.4,872.3660006033163
35.6,872.327196616693
35.8,872.2863185215268
36.0,872.2432750777743
36.2,872.1979721225447
36.4,872.1503125344844
36.6,872.1001962003165
36.8,872.0475199836443
37.0,871.9921776961351
37.2,871.9340600711877
37.4,871.8730547401864
37.6,871.8090462114377
37.8,871.7419158518811
38.0,871.6715418716592
38.2,871.5977993116237
38.4,871.520560033851
38.6,871.4396927152306
38.8,871.3550628441819
39.0,871.2665327205489
39.2,871.173961458713
39.4,871.0772049939558
39.6,870.9761160920913
39.8,870.8705443623863
40.0,870.7603362737678
40.2,870.6453351743163
40.4,870.5253813140251
40.6,870.4003118708067
40.8,870.2699609797065
41.0,870.1341597652817
41.2,869.992736377091
41.4,869.8455160282307
41.6,869.6923210368448
41.8,869.5329708705239
42.0,869.3672821935035
42.2,869.1950689165584
42.4,869.0161422494851
42.6,868.830310756053
42.8,868.6373804112978
43.0,868.4371546610272
43.2,868.2294344833931
43.4,868.014018452387
43.6,867.7907028031048
43.8,867.5592814986215
44.0,867.319546298315
44.2,867.0712868274675
44.4,866.8142906479786
44.6,866.5483433300133
44.8,866.2732285244098
45.0,865.9887280356719
45.2,865.6946218953653
45.4,865.3906884357449
45.6,865.0767043634318
45.8,864.7524448329697
46.0,864.4176835200874
46.2,864.0721926944962
46.4,863.7157432920617
46.6,863.3481049861871
46.8,862.9690462582549
47.0,862.5783344669782
47.2,862.1757359165209
47.4,861.7610159232538
47.6,861.3339388810194
47.8,860.8942683247909
48.0,860.4417669926169
48.2,859.9761968857542
48.4,859.4973193269042
48.6,859.0048950164717
48.8,858.4986840867869
49.0,857.9784461542318
49.2,857.4439403692328
49.4,856.8949254640858
49.6,856.3311597985999
49.8,855.7524014035499
50.0,855.1584080219463
