0.0,769.9142381218152
0.2,772.04639053187
0.4,774.1395682148088
0.6,776.1947468825672
0.8,778.2128713588779
1.0,780.1948547179056
1.2,782.1415775844079
1.4,784.0538875968482
1.6,785.9325990335988
1.8,787.7784926011032
2.0,789.592315381633
2.2,791.3747809370767
2.4,793.126569564059
2.6,794.84832869461
2.8,796.5406734356142
3.0,798.2041872393439
3.2,799.8394226965775
3.4,801.4469024430673
3.6,803.0271201695223
3.8,804.5805417247552
4.0,806.1076063012563
4.2,807.6087276921724
4.4,809.0842956084998
4.6,810.5346770452438
4.8,811.9602176853421
5.0,813.3612433303015
5.2,814.7380613467467
5.4,816.0909621184155
5.6,817.4202204935609
5.8,818.7260972182158
6.0,820.0088403463448
6.2,821.2686866185251
6.4,822.5058628014777
6.6,823.7205869814738
6.8,824.9130698053856
7.0,826.0835156639113
7.2,827.2321238122734
7.4,828.359089424462
7.6,829.4646045778659
7.8,830.5488591658776
8.0,831.6120417368002
8.2,832.6543402580741
8.4,833.6759428055184
8.6,834.6770381779039
8.8,835.6578164377642
9.0,836.6184693798833
9.2,837.55919092939
9.4,838.4801774718233
9.6,839.3816281179155
9.8,840.2637449061694
10.0,841.1267329465793
10.2,841.9708005090752
10.4,842.7961590604352
10.6,843.6030232535413
10.8,844.391610872926
11.0,845.1621427405952
11.2,845.9148425861044
11.4,846.6499368848205
11.6,847.3676546682243
11.8,848.0682273100052
12.0,848.751888291558
12.2,849.4188729503435
12.4,850.0694182143945
12.6,850.7037623260597
12.8,851.322144557877
13.0,851.924804923255
13.2,852.5119838844288
13.4,853.0839220599304
13.6,853.6408599336056
13.8,854.1830375669838
14.0,854.7106943166
14.2,855.2240685576642
14.4,855.7233974152693
14.6,856.2089165041509
14.8,856.6808596778226
15.0,857.1394587877568
15.2,857.584943453114
15.4,858.017540841389
15.6,858.4374754602104
15.8,858.844968960411
16.0,859.2402399503812
16.2,859.6235038216257
16.4,859.9949725853626
16.6,860.3548547199293
16.8,860.7033550287075
17.0,861.0406745082206
17.2,861.3670102260251
17.4,861.6825552079802
17.6,861.9874983344578
17.8,862.2820242450399
18.0,862.5663132512374
18.2,862.8405412567625
18.4,863.1048796848876
18.6,863.359495412424
18.8,863.6045507098722
19.0,863.840203187296
19.2,864.0666057454957
19.4,864.2839065320707
19.6,864.4922489019749
19.8,864.691771382197
20.0,864.8826076402079
20.2,865.0648864558476
20.4,865.2387316963379
20.6,865.4042622941314
20.8,865.5615922273284
21.0,865.7108305024111
21.2,865.8520811390649
21.4,865.9854431568776
21.6,866.1110105637218
21.8,866.2288723456446
22.0,866.3391124581052
22.2,866.4418098184152
22.4,866.537038299251
22.6,866.6248667231212
22.8,866.7053588576832
23.0,866.7785734118164
23.2,866.8445640323673
23.4,866.9033793014949
23.6,866.9550627345503
23.8,866.9996527784347
24.0,867.0371828103869
24.2,867.0676811371593
24.4,867.0911709945456
24.6,867.1076705472328
24.8,867.1171928889524
25.0,867.1197460429134
25.2,867.1153329625031
25.4,867.1039515322487
25.6,867.0855945690354
25.8,867.0602498235817
26.0,867.0278999821801
26.2,866.9885226687121
26.4,866.9420904469546
26.6,866.8885708232006
26.8,866.8279262492174
27.0,866.7601141255813
27.2,866.6850868054223
27.4,866.6027915986309
27.6,866.5131707765772
27.8,866.416161577408
28.0,866.3116962119907
28.2,866.1997018705872
28.4,866.0801007303493
28.6,865.952809963737
28.8,865.817741747978
29.0,865.6748032756951
29.2,865.5238967668457
29.4,865.3649194821302
29.6,865.1977637380462
29.8,865.0223169237777
30.0,864.8384615201295
30.2,864.6460751207367
30.4,864.4450304557944
30.6,864.2351954185799
30.8,864.0164330950512
31.0,863.788601796837
31.2,863.5515550979458
31.4,863.3051418755465
31.6,863.0492063551936
31.8,862.7835881608898
32.0,862.5081223703935
32.2,862.2226395762001
32.4,861.9269659526404
32.6,861.6209233295461
32.8,861.3043292729498
33.0,860.9769971732825
33.2,860.6387363415432
33.4,860.2893521138988
33.6,859.9286459651728
33.8,859.5564156316595
34.0,859.172455243676
34.2,858.7765554682359
34.4,858.3685036621854
34.6,857.9480840360923
34.8,857.5150778291222
35.0,857.0692634950593
35.2,856.6104168995533
35.4,856.1383115285773
35.6,855.6527187079743
35.8,855.1534078338553
36.0,854.6401466134785
36.2,854.1127013160973
36.4,853.5708370331078
36.6,853.014317946661
36.8,852.4429076057257
37.0,851.856369208398
37.2,851.2544658890549
37.4,850.636961008748
37.6,850.0036184470114
37.8,849.3542028930495
38.0,848.6884801340462
38.2,848.0062173381174
38.4,847.3071833292132
38.6,846.5911488510627
38.8,845.8578868170524
39.0,845.1071725427391
39.2,844.338783957519
39.4,843.5525017918199
39.6,842.7481097360503
39.8,841.9253945674309
40.0,841.0841462407515
40.2,840.2241579390607
40.4,839.3452260802845
40.6,838.447150275803
40.8,837.5297332370963
41.0,836.5927806266939
41.2,835.6361008498358
41.4,834.65950478348
41.6,833.6628054395666
41.8,832.6458175597844
42.0,831.6083571394662
42.2,830.5502408786807
42.4,829.4712855590782
42.6,828.3713073455889
42.8,827.2501210126604
43.0,826.1075390953525
43.2,824.9433709662799
43.4,823.7574218401007
43.6,822.5494917079831
43.8,821.319374205234
44.0,820.0668554160558
44.2,818.7917126201629
44.4,817.4937129867745
44.6,816.17261222226
44.8,814.8281531784608
45.0,813.4600644294253
45.2,812.0680588249719
45.4,810.6518320301193
45.6,809.2110610599941
45.8,807.7454028203243
46.0,806.2544926640546
46.2,804.7379429749577
46.4,803.1953417893677
46.6,801.6262514673109
46.8,800.030207424357
47.0,798.4067169354562
47.2,796.7552580218551
47.4,795.0752784319013
47.6,793.3661947261505
47.8,791.6273914766815
48.0,789.8582205899054
48.2,788.0580007614337
48.4,786.2260170707397
48.6,784.3615207224339
48.8,782.4637289399686
49.0,780.5318250165012
49.2,778.5649585265028
49.4,776.562245700491
49.6,774.5227699640245
49.8,772.445582640818
50.0,770.3297038185426
