0.0,819.2734413235673
0.2,821.0705966267013
0.4,822.8232979550316
0.6,824.5317623330179
0.8,826.1962359735031
1.0,827.8169953730971
1.2,829.3943482029593
1.4,830.9286339901112
1.6,832.4202245862396
1.8,833.8695244227824
2.0,835.276970552912
2.2,836.643032482817
2.4,837.9682117964277
2.6,839.2530415793875
2.8,840.4980856496614
3.0,841.7039376036473
3.2,842.871219688014
3.4,844.0005815087263
3.6,845.0926985898045
3.8,846.1482707953135
4.0,847.1680206288612
4.2,848.1526914255212
4.4,849.1030454515582
4.6,850.0198619276439
4.8,850.9039349913982
5.0,851.7560716150788
5.2,852.5770894940847
5.4,853.3678149216323
5.6,854.1290806645245
5.8,854.861723854368
6.0,855.5665839079138
6.2,856.244500489417
6.4,856.8963115270369
6.6,857.522851294356
6.8,858.1249485670816
7.0,858.7034248639408
7.2,859.2590927796805
7.4,859.7927544169746
7.6,860.3051999229116
7.8,860.7972061346218
8.0,861.269535337496
8.2,861.722934138373
8.4,862.1581324550331
8.6,862.5758426223424
8.8,862.976758614451
9.0,863.3615553815742
9.2,863.7308882990674
9.4,864.0853927257701
9.6,864.4256836679277
9.8,864.7523555444054
10.0,865.0659820484043
10.2,865.3671161004502
10.4,865.656289887076
10.6,865.9340149793333
10.8,866.2007825250663
11.0,866.4570635087449
11.2,866.7033090725822
11.4,866.9399508926565
11.6,867.1674016038104
11.8,867.3860552671971
12.0,867.5962878745028
12.2,867.7984578830591
12.4,867.992906776295
12.6,868.179959644234
12.8,868.359925779034
13.0,868.5330992808657
13.2,868.6997596697603
13.4,868.8601724993794
13.6,869.0145899690082
13.8,869.1632515304116
14.0,869.3063844865364
14.2,869.4442045793771
14.4,869.5769165646532
14.6,869.7047147712636
14.8,869.8277836437893
15.0,869.9462982666038
15.2,870.0604248684315
15.4,870.1703213064429
15.6,870.2761375292234
15.8,870.3780160181667
16.0,870.4760922070454
16.2,870.5704948796987
16.4,870.6613465459317
16.6,870.7487637958753
16.8,870.8328576331722
17.0,870.9137337874721
17.2,870.9914930068072
17.4,871.0662313304988
17.6,871.1380403433077
17.8,871.2070074115902
18.0,871.2732159022594
18.2,871.3367453853766
18.4,871.3976718212144
18.6,871.4560677326346
18.8,871.5120023636307
19.0,871.5655418248679
19.2,871.6167492270425
19.4,871.6656848028632
19.6,871.7124060184286
19.8,871.7569676747532
20.0,871.7994220001566
20.2,871.8398187342028
20.4,871.8782052038407
20.6,871.9146263923606
20.8,871.949125001746
21.0,871.9817415089655
21.2,872.0125142167105
21.4,872.0414792990541
21.6,872.0686708424663
21.8,872.0941208825935
22.0,872.117859437173
22.2,872.1399145354247
22.4,872.1603122442338
22.6,872.1790766914071
22.8,872.1962300862624
23.0,872.2117927377825
23.2,872.2257830705444
23.4,872.2382176386091
23.6,872.2491111375393
23.8,872.2584764146911
24.0,872.2663244779068
24.2,872.2726645027205
24.4,872.2775038381711
24.6,872.2808480112975
24.8,872.2827007303856
25.0,872.283063887012
25.2,872.2819375569208
25.4,872.2793199997586
25.6,872.2752076576738
25.8,872.2695951527769
26.0,872.2624752834464
26.2,872.2538390194483
26.4,872.2436754958258
26.6,872.2319720055013
26.8,872.2187139905186
27.0,872.2038850318347
27.2,872.1874668375625
27.4,872.1694392295362
27.6,872.1497801280674
27.8,872.1284655347274
28.0,872.1054695129811
28.2,872.0807641664703
28.4,872.0543196147219
28.6,872.0261039660345
28.8,871.9960832872689
29.0,871.9642215702403
29.2,871.9304806943828
29.4,871.8948203853269
29.6,871.8571981689956
29.8,871.817569320798
30.0,871.775886809461
30.2,871.732101235007
30.4,871.6861607603515
30.6,871.6380110359582
30.8,871.5875951169533
31.0,871.5348533720677
31.2,871.4797233837438
31.4,871.4221398387045
31.6,871.3620344082617
31.8,871.2993356176056
32.0,871.2339687032978
32.2,871.1658554581691
32.4,871.094914062807
32.6,871.0210589028134
32.8,870.9442003710078
33.0,870.864244653757
33.2,870.7810935006302
33.4,870.6946439766011
33.6,870.604788196057
33.8,870.5114130379181
34.0,870.4143998412391
34.2,870.3136240807338
34.4,870.2089550217596
34.6,870.1002553544002
34.8,869.987380806415
35.0,869.8701797349592
35.2,869.7484926971426
35.4,869.6221519996701
35.6,869.490981228005
35.8,869.3547947557128
36.0,869.2133972348745
36.2,869.0665830687133
36.4,868.9141358678436
36.6,868.7558278918395
36.8,868.5914194781175
37.0,868.4206584604369
37.2,868.2432795796487
37.4,868.0590038896471
37.6,867.8675381618153
37.8,867.6685742915926
38.0,867.4617887111187
38.2,867.2468418122456
38.4,867.0233773845116
38.6,866.7910220729873
38.8,866.5493848611686
39.0,866.2980565843557
39.2,866.0366094791806
39.4,865.7645967751292
39.6,865.4815523340562
39.8,865.1869903437855
40.0,864.8804050719461
40.2,864.5612706861755
40.4,864.2290411467613
40.6,863.8831501776532
40.8,863.523011321576
41.0,863.1480180846969
41.2,862.7575441759536
41.4,862.3509438457182
41.6,861.9275523279765
41.8,861.4866863896158
42.0,861.0276449897652
42.2,860.5497100513996
42.4,860.0521473466267
42.6,859.5342074962064
42.8,858.9951270829379
43.0,858.4341298775662
43.2,857.8504281748437
43.4,857.2432242363263
43.6,856.6117118353964
43.8,855.9550778989104
44.0,855.2725042387657
44.2,854.5631693655815
44.4,853.8262503756275
44.6,853.0609249010809
44.8,852.2663731127143
45.0,851.4417797631837
45.2,850.5863362582263
45.4,849.6992427423228
45.6,848.7797101847051
45.8,847.8269624510389
46.0,846.8402383456842
46.2,845.8187936091357
46.4,844.7619028550923
46.6,843.6688614315951
46.8,842.538987190823
47.0,841.3716221524352
47.2,840.1661340458149
47.4,838.9219177171876
47.6,837.6383963883652
47.8,836.3150227547975
48.0,834.9512799116851
48.2,833.546682098121
48.4,832.100775250568
48.6,830.6131373584288
48.8,829.0833786160251
49.0,827.511141366936
49.2,825.8960998383591
49.4,824.2379596649155
49.6,822.5364572031075
49.8,820.7913586394459
50.0,819.0024588970573
