0.0,863.4655070919353
0.2,863.9205219982072
0.4,864.3599769538204
0.6,864.7841002858298
0.8,865.1931277558085
1.0,865.5873025514155
1.2,865.9668752265092
1.4,866.3321035902462
1.6,866.6832525460039
1.8,867.0205938813561
2.0,867.3444060107087
2.2,867.6549736725555
2.4,867.9525875836548
2.6,868.237544052734
2.8,868.5101445566172
3.0,868.7706952819179
3.2,869.0195066356704
3.4,869.2568927284494
3.6,869.4831708336897
3.8,869.6986608270291
4.0,869.9036846095815
4.2,870.0985655190879
4.4,870.2836277329061
4.6,870.4591956667709
4.8,870.6255933731945
5.0,870.783143943288
5.2,870.9321689156594
5.4,871.0729876958928
5.6,871.2059169899334
5.8,871.3312702545079
6.0,871.4493571674815
6.2,871.5604831208186
6.4,871.6649487385583
6.6,871.7630494219504
6.8,871.8550749236255
7.0,871.9413089523891
7.2,872.0220288099548
7.4,872.09750506064
7.6,872.1680012347794
7.8,872.2337735663324
8.0,872.2950707648957
8.2,872.3521338220827
8.4,872.4051958519838
8.6,872.4544819651985
8.8,872.500209175713
9.0,872.542586339707
9.2,872.58181412519
9.4,872.6180850112148
9.6,872.6515833152678
9.8,872.6824852473244
10.0,872.7109589889496
10.2,872.737164795745
10.4,872.7612551213812
10.6,872.7833747614076
10.8,872.8036610150069
11.0,872.8222438628516
11.2,872.8392461592209
11.4,872.8547838365644
11.6,872.8689661207243
11.8,872.8818957550806
12.0,872.8936692319354
12.2,872.9043770295231
12.4,872.9141038531037
12.6,872.9229288786836
12.8,872.9309259979888
13.0,872.9381640634147
13.2,872.9447071317654
13.4,872.9506147056966
13.6,872.9559419718715
13.8,872.9607400349419
14.0,872.965056146556
14.2,872.9689339287
14.4,872.972413590763
14.6,872.975532139815
14.8,872.9783235836647
15.0,872.9808191263539
15.2,872.9830473558155
15.4,872.9850344235015
15.6,872.9868042158495
15.8,872.9883785175228
16.0,872.9897771664137
16.2,872.9910182004504
16.4,872.9921179963009
16.6,872.993091400097
16.8,872.9939518503527
17.0,872.9947114932661
17.2,872.9953812906372
17.4,872.9959711206425
17.6,872.9964898717342
17.8,872.9969455299422
18.0,872.9973452598693
18.2,872.997695479676
18.4,872.9980019303568
18.6,872.9982697396115
18.8,872.998503480612
19.0,872.9987072259671
19.2,872.9988845971741
19.4,872.9990388098512
19.6,872.9991727150258
19.8,872.9992888367511
20.0,872.999389406311
20.2,872.999476393264
20.4,872.9995515335636
20.6,872.9996163549819
20.8,872.9996722000516
21.0,872.9997202467283
21.2,872.999761526964
21.4,872.9997969433691
21.6,872.9998272841307
21.8,872.9998532363404
22.0,872.9998753978776
22.2,872.9998942879763
22.4,872.9999103566025
22.6,872.9999239927512
22.8,872.9999355317635
23.0,872.9999452617604
23.2,872.9999534292733
23.4,872.9999602441493
23.6,872.9999658837958
23.8,872.9999704968274
24.0,872.9999742061632
24.2,872.9999771116243
24.4,872.9999792920655
24.6,872.9999808070768
24.8,872.9999816982796
25.0,872.9999819902365
25.2,872.999981690991
25.4,872.9999807922437
25.6,872.9999792691679
25.8,872.9999770798627
26.0,872.9999741644348
26.2,872.9999704436934
26.4,872.9999658174393
26.6,872.9999601623214
26.8,872.9999533292288
27.0,872.9999451401786
27.2,872.9999353846551
27.4,872.9999238153464
27.6,872.9999101432202
27.8,872.9998940318693
28.0,872.999875091053
28.2,872.999852869348
28.4,872.9998268458179
28.6,872.9997964205963
28.8,872.9997609042733
29.0,872.9997195059611
29.2,872.9996713199062
29.4,872.9996153105028
29.6,872.9995502955535
29.8,872.9994749276063
30.0,872.9993876731921
30.2,872.9992867897682
30.4,872.9991703001645
30.6,872.9990359643152
30.8,872.9988812480499
31.0,872.9987032886986
31.2,872.9984988572635
31.4,872.9982643168911
31.6,872.9979955773721
31.8,872.9976880453854
32.0,872.9973365701964
32.2,872.9969353845096
32.4,872.9964780401741
32.6,872.9959573384338
32.8,872.9953652544147
33.0,872.9946928555426
33.2,872.9939302135895
33.4,872.9930663100499
33.6,872.9920889345652
33.8,872.9909845761194
34.0,872.9897383067575
34.2,872.988333657589
34.4,872.9867524868746
34.6,872.9849748400178
34.8,872.982978801324
35.0,872.9807403374272
35.2,872.9782331323336
35.4,872.9754284140788
35.6,872.9722947730556
35.8,872.9687979721288
36.0,872.9649007487219
36.2,872.9605626091341
36.4,872.9557396154183
36.6,872.9503841652397
36.8,872.9444447652136
37.0,872.9378657983173
37.2,872.9305872860574
37.4,872.9225446461749
37.6,872.9136684467627
37.8,872.9038841577757
38.0,872.8931119010011
38.2,872.8812661996661
38.4,872.868255728946
38.6,872.8539830687341
38.8,872.8383444601205
39.0,872.8212295671083
39.2,872.8025212451739
39.4,872.7820953183457
39.6,872.7598203665294
39.8,872.7355575248619
40.0,872.7091602969034
40.2,872.6804743835085
40.4,872.6493375292139
40.6,872.6155793879811
40.8,872.5790214101032
41.0,872.5394767520419
41.2,872.4967502109037
41.4,872.4506381851832
41.6,872.400928663301
41.8,872.3474012413508
42.0,872.2898271713278
42.2,872.2279694409591
42.4,872.1615828860785
42.6,872.0904143362989
42.8,872.0142027945238
43.0,871.9326796506149
43.2,871.8455689292945
43.4,871.7525875721111
43.6,871.6534457530323
43.8,871.5478472269606
44.0,871.435489710192
44.2,871.3160652915584
44.4,871.1892608727148
44.6,871.054758635755
44.8,870.9122365360671
45.0,870.7613688180794
45.2,870.6018265512898
45.4,870.4332781837387
45.6,870.2553901098631
45.8,870.0678272494687
46.0,869.8702536343789
46.2,869.6623329991726
46.4,869.4437293722921
46.6,869.2141076637141
46.8,868.973134245313
47.0,868.7204775200188
47.2,868.4558084758766
47.4,868.1788012211579
47.6,867.8891334967522
47.8,867.5864871621807
48.0,867.2705486517206
48.2,866.9410093973171
48.4,866.5975662151742
48.6,866.2399216531635
48.8,865.8677842964728
49.0,865.480869029217
49.2,865.0788972500715
49.4,864.6615970403296
49.6,864.2287032831681
49.8,863.7799577332784
50.0,863.3151090364227
