0.0,602.9344891658619
0.2,608.7598266919773
0.4,614.4496128671695
0.6,620.007002533224
0.8,625.4351033711165
1.0,630.7369740712536
1.2,635.91562265642
1.4,640.9740049589443
1.6,645.9150232529195
1.8,650.7415250416508
2.0,655.4563019998275
2.2,660.0620890692646
2.4,664.5615637064088
2.6,668.9573452791801
2.8,673.2519946101161
3.0,677.4480136622078
3.2,681.5478453632735
3.4,685.5538735642052
3.6,689.4684231259515
3.8,693.2937601296691
4.0,697.0320922040897
4.2,700.6855689638081
4.4,704.256282551899
4.6,707.746268280031
4.8,711.1575053590466
5.0,714.4919177128254
5.2,717.7513748681579
5.4,720.9376929132993
5.6,724.0526355178728
5.8,727.0979150068357
6.0,730.075193481304
6.2,732.9860839791635
6.4,735.8321516685584
6.6,738.6149150675557
6.8,741.3358472835174
7.0,743.9963772659797
7.2,746.5978910671356
7.4,749.141733104329
7.6,751.6292074193126
7.8,754.0615789293691
8.0,756.4400746657651
8.2,758.7658849953843
8.4,761.0401648217654
8.6,763.264034762157
8.8,765.4385822975862
9.0,767.5648628933162
9.2,769.643901087445
9.4,771.6766915457611
9.6,773.6642000813276
9.8,775.6073646376037
10.0,777.5070962342414
10.2,779.3642798750005
10.4,781.1797754175138
10.6,782.9544184049063
10.8,784.6890208595186
11.0,786.3843720392135
11.2,788.0412391569498
11.4,789.6603680644907
11.6,791.242483901277
11.8,792.7882917096335
12.0,794.2984770175975
12.2,795.7737063907541
12.4,797.2146279545412
12.6,798.6218718885476
12.8,799.996050894365
13.0,801.3377606385789
13.2,802.6475801724923
13.4,803.9260723301678
13.6,805.1737841063499
13.8,806.3912470158035
14.0,807.5789774355525
14.2,808.7374769314574
14.4,809.867232570504
14.6,810.9687172201084
14.8,812.042389835674
15.0,813.0886957375526
15.2,814.108066878484
15.4,815.1009221025056
15.6,816.067667396235
15.8,817.0086961333516
16.0,817.924389313008
16.2,818.8151157928316
16.4,819.6812325170869
16.6,820.5230847404937
16.8,821.3410062481257
17.0,822.1353195717346
17.2,822.906336202786
17.4,823.6543568024235
17.6,824.3796714085255
17.8,825.0825596399565
18.0,825.7632908980751
18.2,826.422124565509
18.4,827.0593102021697
18.6,827.6750877384466
18.8,828.269687665483
19.0,828.8433312224191
19.2,829.3962305804537
19.4,829.9285890235672
19.6,830.4406011257271
19.8,830.9324529243901
20.0,831.4043220901019
20.2,831.8563780919961
20.4,832.2887823589834
20.6,832.7016884364292
20.8,833.095242138113
21.0,833.4695816932726
21.2,833.8248378885327
21.4,834.1611342045329
21.6,834.4785869470702
21.8,834.7773053725841
22.0,835.0573918078178
22.2,835.3189417635014
22.4,835.5620440419107
22.6,835.786780838166
22.8,835.9932278351469
23.0,836.181454291904
23.2,836.3515231254675
23.4,836.5034909859528
23.6,836.6374083248785
23.8,836.7533194566209
24.0,836.8512626129378
24.2,836.9312699904998
24.4,836.9933677913837
24.6,837.037576256481
24.8,837.0639096917912
25.0,837.0723764875703
25.2,837.0629791303184
25.4,837.0357142075917
25.6,836.9905724056385
25.8,836.9275384998581
26.0,836.8465913380954
26.2,836.747703816789
26.4,836.6308428499958
26.6,836.4959693313273
26.8,836.343038088836
27.0,836.1719978329024
27.2,835.982791097178
27.4,835.7753541726513
27.6,835.5496170349102
27.8,835.3055032646847
28.0,835.0429299617646
28.2,834.7618076523912
28.4,834.4620401902414
28.6,834.1435246511197
28.8,833.8061512214974
29.0,833.4498030810355
29.2,833.0743562792474
29.4,832.6796796064594
29.6,832.2656344592418
29.8,831.8320747004836
30.0,831.3788465143023
30.2,830.9057882559744
30.4,830.4127302970842
30.6,829.8994948660904
30.8,829.3658958845107
31.0,828.8117387989212
31.2,828.2368204089718
31.4,827.640928691604
31.6,827.0238426216572
31.8,826.3853319890299
32.0,825.7251572125562
32.2,825.0430691507308
32.4,824.3388089093997
32.6,823.6121076465021
32.8,822.8626863739223
33.0,822.0902557564718
33.2,821.2945159079858
33.4,820.4751561844672
33.6,819.6318549741703
33.8,818.7642794844567
34.0,817.8720855251993
34.2,816.9549172884485
34.4,816.0124071240073
34.6,815.0441753104883
34.8,814.0498298213575
35.0,813.028966085386
35.2,811.981166740853
35.4,810.9060013827628
35.6,809.8030263022512
35.8,808.6717842172771
36.0,807.511803993608
36.2,806.3226003550244
36.4,805.1036735815937
36.6,803.8545091947785
36.8,802.5745776280777
37.0,801.2633338818301
37.2,799.9202171607471
37.4,798.5446504926928
37.6,797.1360403271825
37.8,795.6937761120433
38.0,794.2172298466573
38.2,792.7057556102
38.4,791.1586890632977
38.6,789.5753469215521
38.8,787.9550263994142
39.0,786.2970046229601
39.2,784.600538010187
39.4,782.8648616175568
39.6,781.0891884516273
39.8,779.2727087447522
40.0,777.4145891939952
40.2,775.5139721625859
40.4,773.5699748434508
40.6,771.5816883845825
40.8,769.548176976255
41.0,767.4684769003677
41.2,765.3415955424866
41.4,763.1665103674599
41.6,760.942167859808
41.8,758.6674824304353
42.0,756.341335291555
42.2,753.9625733020918
42.4,751.5300077861962
42.6,749.0424133278873
42.8,746.4985265452231
43.0,743.8970448477846
43.2,741.2366251816362
43.4,738.5158827663055
43.6,735.7333898286904
43.8,732.8876743391522
44.0,729.9772187553934
44.2,727.0004587800336
44.4,723.9557821380897
44.6,720.8415273808355
44.8,717.6559827227491
45.0,714.3973849184606
45.2,711.0639181867788
45.4,707.653713189002
45.6,704.1648460688058
45.8,700.5953375610385
46.0,696.9431521767567
46.2,693.2061974717757
46.4,689.3823234059182
46.6,685.4693217999887
46.8,681.4649258973094
47.0,677.366810036405
47.2,673.17258944113
47.4,668.8798201341887
47.6,664.4859989796141
47.8,659.9885638593363
48.0,655.384893988503
48.2,650.6723103737023
48.4,645.848076417694
48.6,640.9093986736754
48.8,635.8534277515089
49.0,630.6772593777071
49.2,625.3779356103288
49.4,619.9524462092782
49.6,614.3977301618331
49.8,608.7106773625571
50.0,602.8881304460783
