0.0,763.7276379337354
0.2,765.9983438591651
0.4,768.2268624940253
0.6,770.4140514852166
0.8,772.5607521148806
1.0,774.667788735134
1.2,776.7359682630512
1.4,778.766079736985
1.6,780.758893934975
1.8,782.7151630556524
2.0,784.6356204617069
2.2,786.5209804856476
2.4,788.3719382972608
2.6,790.1891698318464
2.8,791.9733317780044
3.0,793.7250616234543
3.2,795.444977757081
3.4,797.1336796251458
3.6,798.7917479393536
3.8,800.4197449342468
4.0,802.0182146711878
4.2,803.587683386023
4.4,805.1286598773543
4.6,806.6416359322186
4.8,808.1270867858668
5.0,809.5854716122456
5.2,811.0172340417337
5.4,812.4228027026427
5.6,813.8025917829837
5.8,815.1570016090138
6.0,816.4864192371085
6.2,817.7912190555604
6.4,819.0717633929844
6.6,820.3284031300981
6.8,821.5614783117602
7.0,822.7713187562786
7.2,823.958244659139
7.4,825.122567188463
7.6,826.2645890696662
7.8,827.3846051569669
8.0,828.4829029895775
8.2,829.5597633305958
8.4,830.6154606868167
8.6,831.6502638078672
8.8,832.6644361632806
9.0,833.6582363963081
9.2,834.6319187534714
9.4,835.5857334890459
9.6,836.5199272438531
9.8,837.4347433979241
10.0,838.3304223967648
10.2,839.2072020511283
10.4,840.0653178103504
10.6,840.9050030094597
10.8,841.7264890904066
11.0,842.5300057978898
11.2,843.3157813503707
11.4,844.0840425869803
11.6,844.8350150911092
11.8,845.5689232915648
12.0,846.2859905422471
12.2,846.9864391813571
12.4,847.6704905712068
12.6,848.338365119735
12.8,848.9902822848687
13.0,849.6264605628872
13.2,850.24711746196
13.4,850.8524694620315
13.6,851.4427319622226
13.8,852.0181192169026
14.0,852.5788442615697
14.2,853.1251188296529
14.4,853.6571532613137
14.6,854.1751564052927
14.8,854.6793355148067
15.0,855.1698961384564
15.2,855.6470420070578
15.4,856.1109749172648
15.6,856.5618946127929
15.8,856.9999986640108
16.0,857.4254823466027
16.2,857.838538519961
16.4,858.2393575059076
16.6,858.6281269682953
16.8,859.0050317939836
17.0,859.3702539756362
17.2,859.7239724967375
17.4,860.0663632191757
17.6,860.3975987736968
17.8,860.7178484534883
18.0,861.027278111113
18.2,861.3260500589719
18.4,861.6143229734387
18.6,861.8922518027755
18.8,862.159987678909
19.0,862.4176778331156
19.2,862.6654655156369
19.4,862.9034899192286
19.6,863.1318861066146
19.8,863.3507849418122
20.0,863.560313025264
20.2,863.7605926327088
20.4,863.9517416577033
20.6,864.1338735577033
20.8,864.3070973035957
21.0,864.4715173325767
21.2,864.6272335042552
21.4,864.7743410598669
21.6,864.9129305844755
21.8,865.04308797204
22.0,865.1648943932256
22.2,865.2784262658412
22.4,865.3837552277823
22.6,865.480948112367
22.8,865.5700669259569
23.0,865.6511688277543
23.2,865.7243061116802
23.4,865.7895261902366
23.6,865.8468715802688
23.8,865.8963798905468
24.0,865.9380838110942
24.2,865.9720111041995
24.4,865.9981845970543
24.6,866.0166221759689
24.8,866.0273367821264
25.0,866.0303364088429
25.2,866.0256241003124
25.4,866.0131979518205
25.6,865.9930511114243
25.8,865.9651717830989
26.0,865.9295432313651
26.2,865.8861437874186
26.4,865.83494685679
26.6,865.7759209285733
26.8,865.7090295862723
27.0,865.6342315203149
27.2,865.5514805423026
27.4,865.4607256010631
27.6,865.3619108005854
27.8,865.2549754199196
28.0,865.1398539351376
28.2,865.0164760434484
28.4,864.8847666895721
28.6,864.7446460944819
28.8,864.5960297866267
29.0,864.4388286357474
29.2,864.2729488894087
29.4,864.098292212363
29.6,863.91475572887
29.8,863.7222320680875
30.0,863.5206094126542
30.2,863.3097715505755
30.4,863.089597930524
30.6,862.8599637206518
30.8,862.6207398710138
31.0,862.3717931796812
31.2,862.1129863626143
31.4,861.8441781273567
31.6,861.5652232505824
31.8,861.2759726595224
32.0,860.9762735172638
32.2,860.6659693119028
32.4,860.3448999494931
32.6,860.0129018507142
32.8,859.6698080511449
33.0,859.3154483049964
33.2,858.949649192124
33.4,858.572234228093
33.6,858.1830239770375
33.8,857.7818361670049
34.0,857.3684858074333
34.2,856.9427853083604
34.4,856.5045446009167
34.6,856.0535712585981
34.8,855.589670618769
35.0,855.1126459037861
35.2,854.6222983410855
35.4,854.1184272815191
35.6,853.6008303151724
35.8,853.0693033838476
36.0,852.523640889338
36.2,851.9636357965767
36.4,851.3890797306915
36.6,850.799763066958
36.8,850.1954750125975
37.0,849.5760036793346
37.2,848.9411361455986
37.4,848.290658507224
37.6,847.6243559154876
37.8,846.9420126013123
38.0,846.2434118844529
38.2,845.5283361664923
38.4,844.7965669064837
38.6,844.0478845780954
38.8,843.2820686071484
39.0,842.4988972884753
39.2,841.6981476810834
39.4,840.8795954806651
39.6,840.043014868575
39.8,839.1881783364746
40.0,838.314856485945
40.2,837.4228178024756
40.4,836.5118284033497
40.6,835.581651759088
40.8,834.6320483882386
41.0,833.6627755254619
41.2,832.6735867630146
41.4,831.6642316659007
41.6,830.6344553611433
41.8,829.5839981018017
42.0,828.5125948065559
42.2,827.4199745758697
42.4,826.3058601859392
42.6,825.1699675618335
42.8,824.0120052314321
43.0,822.8316737619609
43.2,821.6286651811234
43.4,820.4026623850148
43.6,819.1533385351889
43.8,817.8803564474284
44.0,816.5833679749305
44.2,815.2620133887795
44.4,813.9159207587204
44.6,812.5447053373747
44.8,811.1479689511514
45.0,809.725299401203
45.2,808.2762698778494
45.4,806.8004383919499
45.6,805.2973472267364
45.8,803.7665224136309
46.0,802.2074732355636
46.2,800.6196917612676
46.4,799.0026524139682
46.6,797.3558115778003
46.8,795.6786072451804
47.0,793.9704587082225
47.2,792.2307662971336
47.4,790.4589111683418
47.6,788.654255144905
47.8,786.8161406115282
48.0,784.9438904662645
48.2,783.0368081307176
48.4,781.094177620277
48.6,779.115263675622
48.8,777.0993119564185
49.0,775.045549297812
49.2,772.9531840299878
49.4,770.8214063607293
49.6,768.6493888205682
49.8,766.4362867697688
50.0,764.1812389660507
