0.0,491.2495916830159
0.2,497.03984558542095
0.4,502.76783367328284
0.6,508.432239350224
0.8,514.0320839363565
1.0,519.5666875514544
1.2,525.0356199592908
1.4,530.4386485227061
1.6,535.7756893198741
1.8,541.0467654518411
2.0,546.2519743421691
2.2,551.3914639678616
2.4,556.4654167636392
2.6,561.4740394271074
2.8,566.4175568562548
3.0,571.2962087476948
3.2,576.1102477782861
3.4,580.8599386586433
3.6,585.5455576288194
3.8,590.1673921568138
4.0,594.7257407163694
4.2,599.2209125848802
4.4,603.653227635219
4.6,608.0230161109935
4.8,612.3306183817125
5.0,616.5763846772613
5.2,620.7606748022339
5.4,624.8838578311177
5.6,628.9463117854995
5.8,632.9484232945291
6.0,636.8905872399184
6.2,640.7732063867734
6.4,644.5966910015723
6.6,648.3614584586063
6.8,652.0679328362052
7.0,655.7165445040655
7.2,659.3077297029927
7.4,662.8419301183517
7.6,666.3195924485095
7.8,669.7411679695243
8.0,673.107112097316
8.2,676.4178839485177
8.4,679.673945901177
8.6,682.8757631564355
8.8,686.0238033022779
9.0,689.1185358803941
9.2,692.1604319571526
9.4,695.1499636996352
9.6,698.0876039576307
9.8,700.9738258524309
10.0,703.8091023732212
10.2,706.5939059817964
10.4,709.3287082262802
10.6,712.0139793644671
10.8,714.6501879973465
11.0,717.2378007133129
11.2,719.7772817435042
11.4,722.2690926286575
11.6,724.7136918978101
11.8,727.111534759121
12.0,729.46307280303
12.2,731.7687537179208
12.4,734.0290210184029
12.6,736.2443137862713
12.8,738.4150664241648
13.0,740.5417084218874
13.2,742.6246641353199
13.4,744.664352577805
13.6,746.66118722385
13.8,748.6155758249563
14.0,750.5279202373478
14.2,752.3986162613419
14.4,754.2280534920787
14.6,756.0166151812938
14.8,757.7646781098014
15.0,759.4726124703337
15.2,761.1407817603605
15.4,762.7695426845033
15.6,764.3592450661419
15.8,765.9102317678017
16.0,767.4228386199068
16.2,768.8973943574694
16.4,770.3342205642947
16.6,771.7336316242696
16.8,773.0959346793096
17.0,774.4214295935415
17.2,775.7104089233025
17.4,776.963157892544
17.6,778.1799543732351
17.8,779.3610688703728
18.0,780.506764511214
18.2,781.6172970383568
18.4,782.692914806314
18.6,783.733858781229
18.8,784.7403625434073
19.0,785.7126522923436
19.2,786.6509468539452
19.4,787.5554576896651
19.6,788.4263889072756
19.8,789.2639372730287
20.0,790.0682922249651
20.2,790.8396358871503
20.4,791.5781430846296
20.6,792.2839813589138
20.8,792.9573109838174
21.0,793.5982849814857
21.2,794.207049138467
21.4,794.7837420216932
21.6,795.3284949942442
21.8,795.841432230793
22.0,796.3226707326254
22.2,796.7723203421535
22.4,797.19048375684
22.6,797.5772565424681
22.8,797.9327271456964
23.0,798.2569769058445
23.2,798.550080065868
23.4,798.81210378248
23.6,799.0431081353905
23.8,799.2431461356313
24.0,799.4122637329465
24.2,799.550499822229
24.4,799.657886248985
24.6,799.7344478138176
24.8,799.7802022759148
25.0,799.7951603555414
25.2,799.7793257355222
25.4,799.732695061719
25.6,799.6552579424977
25.8,799.5469969471873
26.0,799.4078876035335
26.2,799.2378983941513
26.4,799.0369907519837
26.6,798.8051190547767
26.8,798.5422306185824
27.0,798.2482656903061
27.2,797.9231574393151
27.4,797.5668319481346
27.6,797.1792082022555
27.8,796.76019807909
28.0,796.3097063361096
28.2,795.8276305982147
28.4,795.3138613443848
28.6,794.7682818936694
28.8,794.1907683905894
29.0,793.5811897900261
29.2,792.9394078416832
29.4,792.2652770742231
29.6,791.5586447791858
29.8,790.8193509948109
30.0,790.0472284898996
30.2,789.242102747862
30.4,788.4037919511144
30.6,787.5321069659993
30.8,786.6268513284223
31.0,785.687821230411
31.2,784.7148055078176
31.4,783.707585629404
31.6,782.6659356875626
31.8,781.5896223909425
32.0,780.478405059267
32.2,779.3320356206424
32.4,778.1502586116777
32.6,776.9328111807428
32.8,775.6794230947139
33.0,774.3898167495643
33.2,773.0637071851727
33.4,771.7008021047345
33.6,770.3008018991678
33.8,768.8633996769222
34.0,767.3882812995987
34.2,765.8751254238032
34.4,764.3236035496534
34.6,762.7333800763693
34.8,761.1041123653724
35.0,759.4354508113236
35.2,757.7270389215196
35.4,755.9785134040715
35.6,754.1895042652726
35.8,752.3596349165597
36.0,750.4885222914539
36.2,748.5757769728554
36.4,746.6210033310492
36.6,744.623799672755
36.8,742.5837584015337
37.0,740.5004661898382
37.2,738.3735041629641
37.4,736.202448095128
37.6,733.9868686178662
37.8,731.7263314409076
38.0,729.4203975856403
38.2,727.0686236312448
38.4,724.6705619735283
38.6,722.2257610964411
38.8,719.7337658562175
39.0,717.1941177780225
39.2,714.6063553649452
39.4,711.9700144191157
39.6,709.2846283746754
39.8,706.5497286422702
40.0,703.7648449646802
40.2,700.9295057831426
40.4,698.0432386138665
40.6,695.1055704341771
40.8,692.116028077674
41.0,689.0741386377242
41.2,685.9794298785615
41.4,682.8314306531965
41.6,679.6296713272995
41.8,676.3736842081544
42.0,673.0630039777376
42.2,669.6971681289234
42.4,666.2757174037705
42.6,662.798196232801
42.8,659.2641531741441
43.0,655.673141351375
43.2,652.0247188888497
43.4,648.3184493433038
43.6,644.5539021304551
43.8,640.7306529453361
44.0,636.8482841750525
44.2,632.9063853026632
44.4,628.904553300862
44.6,624.8423930141396
44.8,620.7195175281098
45.0,616.5355485246843
45.2,612.2901166218031
45.4,607.9828616964412
45.6,603.6134331896534
45.8,599.1814903924902
46.0,594.686702711791
46.2,590.1287499153027
46.4,585.5073223567304
46.6,580.8221211842375
46.8,576.0728585428923
47.0,571.2592577972641
47.2,566.3810538333734
47.4,561.437993563588
47.6,556.4298368739195
47.8,551.3563584436267
48.0,546.2173511489343
48.2,541.0126321287102
48.4,535.742052984343
48.6,530.4055158831704
48.8,525.0029973387029
49.0,519.5345809261325
49.2,514.0004989939732
49.4,508.40118157019066
49.6,502.7373084309358
49.8,497.0098582787103
50.0,491.22014787718575
