0.0,814.8417469767686
0.2,816.6643645831168
0.4,818.4446147496305
0.6,820.1828120597769
0.8,821.8792866351693
1.0,823.53438474429
1.2,825.148469319178
1.4,826.7219203773753
1.6,828.2551353470927
1.8,829.7485292942308
2.0,831.2025350505626
2.2,832.6176032430641
2.4,833.9942022250448
2.6,835.3328179103786
2.8,836.6339535127713
3.0,837.8981291926084
3.2,839.1258816145055
3.4,840.3177634192292
3.6,841.4743426141624
3.8,842.5962018869526
4.0,843.6839378474057
4.2,844.7381602030588
4.4,845.7594908741887
4.6,846.7485630542861
4.8,847.7060202222481
5.0,848.6325151127046
5.2,849.5287086510152
5.4,850.3952688595265
5.6,851.2328697417017
5.8,852.0421901506862
6.0,852.8239126487902
6.2,853.5787223642349
6.4,854.3073058513346
6.6,855.0103499600658
6.8,855.6885407207267
7.0,856.3425622490973
7.2,856.9730956771989
7.4,857.5808181144038
7.6,858.1664016432828
7.8,858.7305123541946
8.0,859.2738094222216
8.2,859.7969442296504
8.4,860.3005595367806
8.6,860.7852887034246
8.8,861.2517549630505
9.0,861.7005707511057
9.2,862.132337088652
9.4,862.5476430220552
9.6,862.9470651190887
9.8,863.3311670214459
10.0,863.7004990533159
10.2,864.0555978853436
10.4,864.3969862529992
10.6,864.7251727280978
10.8,865.0406515419523
11.0,865.343902458417
11.2,865.6353906948666
11.4,865.9155668889825
11.6,866.1848671090569
11.8,866.4437129054029
12.0,866.6925114003507
12.2,866.9316554142323
12.4,867.1615236247005
12.6,867.3824807566938
12.8,867.5948778003471
13.0,867.7990522541554
13.2,867.9953283907212
13.4,868.1840175424642
13.6,868.3654184047234
13.8,868.5398173537604
14.0,868.7074887772541
14.2,868.8686954149722
14.4,869.0236887074108
14.6,869.1727091503071
14.8,869.3159866530444
15.0,869.4537408990969
15.2,869.5861817067855
15.4,869.7135093887467
15.6,869.8359151086437
15.8,869.9535812337812
16.0,870.0666816824145
16.2,870.175382264664
16.4,870.2798410160771
16.6,870.3802085229926
16.8,870.4766282389827
17.0,870.5692367917533
17.2,870.6581642799923
17.4,870.7435345597511
17.6,870.8254655200401
17.8,870.9040693474046
18.0,870.9794527793277
18.2,871.051717346382
18.4,871.1209596031176
18.6,871.1872713477372
18.8,871.2507398306641
19.0,871.311447952154
19.2,871.3694744491514
19.4,871.4248940716215
19.6,871.477777748626
19.8,871.5281927444353
20.0,871.5762028049913
20.2,871.6218682950552
20.4,871.6652463263832
20.6,871.7063908772882
20.8,871.7453529039456
21.0,871.782180443806
21.2,871.8169187114797
21.4,871.849610187447
21.6,871.8802946999524
21.8,871.909009500423
22.0,871.9357893327492
22.2,871.9606664967471
22.4,871.9836709061182
22.6,872.0048301411949
22.8,872.0241694967589
23.0,872.0417120251897
23.2,872.0574785751957
23.4,872.0714878263508
23.6,872.0837563196525
23.8,872.0942984842875
24.0,872.1031266607807
24.2,872.1102511206818
24.4,872.1156800829176
24.6,872.1194197269307
24.8,872.1214742026935
25.0,872.1218456376748
25.2,872.1205341408113
25.4,872.1175378035201
25.6,872.1128526977659
25.8,872.1064728711775
26.0,872.0983903391884
26.2,872.0885950741567
26.4,872.0770749913981
26.6,872.0638159320489
26.8,872.048801642654
27.0,872.0320137513546
27.2,872.0134317405351
27.4,871.9930329157637
27.6,871.9707923708481
27.8,871.9466829488042
28.0,871.9206751985209
28.2,871.8927373268863
28.4,871.8628351461203
28.6,871.8309320160478
28.8,871.7969887810252
29.0,871.7609637012265
29.2,871.7228123779727
29.4,871.682487672786
29.6,871.6399396198345
29.8,871.5951153314269
30.0,871.5479588962118
30.2,871.4984112697316
30.4,871.4464101569813
30.6,871.3918898866227
30.8,871.3347812765128
31.0,871.2750114902121
31.2,871.212503884152
31.4,871.1471778451587
31.6,871.0789486180488
31.8,871.0077271230441
32.0,870.9334197627769
32.2,870.8559282187001
32.4,870.7751492367566
32.6,870.690974402206
32.8,870.6032899035672
33.0,870.5119762856926
33.2,870.4169081920523
33.4,870.3179540963845
33.6,870.2149760239446
33.8,870.1078292626682
34.0,869.9963620646603
34.2,869.8804153385098
34.4,869.7598223330435
34.6,869.6344083132291
34.8,869.5039902290579
35.0,869.3683763783528
35.2,869.2273660645618
35.4,869.0807492507297
35.6,868.92830621096
35.8,868.7698071808065
36.0,868.6050120081625
36.2,868.4336698063399
36.4,868.2555186111563
36.6,868.0702850439643
36.8,867.8776839826793
37.0,867.6774182429647
37.2,867.4691782718419
37.4,867.2526418560811
37.6,867.0274738478118
37.8,866.7933259098644
38.0,866.5498362834095
38.2,866.2966295805005
38.4,866.0333166041543
38.6,865.7594941986073
38.8,865.4747451323713
39.0,865.1786380166835
39.2,864.8707272618848
39.4,864.5505530741812
39.6,864.2176414951462
39.8,863.8715044861884
40.0,863.511640060061
40.2,863.1375324613085
40.4,862.7486523973483
40.6,862.3444573216531
40.8,861.9243917702496
41.0,861.4878877524744
41.2,861.034365196626
41.4,860.5632324508366
41.6,860.0738868391429
41.8,859.5657152723833
42.0,859.0380949131685
42.2,858.4903938937929
42.4,857.9219720855541
42.6,857.3321819175451
42.8,856.7203692425715
43.0,856.0858742474428
43.2,855.4280324044751
43.4,854.746175460642
43.6,854.0396324604263
43.8,853.307730798039
44.0,852.5497972943234
44.2,851.7651592933205
44.4,850.9531457731613
44.6,850.1130884656721
44.8,849.2443229788317
45.0,848.3461899160037
45.2,847.4180359856979
45.4,846.4592150954876
45.6,845.4690894236189
45.8,844.447030461817
46.0,843.392420022803
46.2,842.3046512060996
46.4,841.1831293158166
46.6,840.0272727242733
46.8,838.8365136755344
47.0,837.6102990232034
47.2,836.3480908971379
47.4,835.049367294119
47.6,833.7136225879229
47.8,832.3403679547007
48.0,830.9291317100701
48.2,829.4794595548642
48.4,827.9909147270462
48.6,826.4630780579051
48.8,824.895547931264
49.0,823.2879401450756
49.2,821.6398876754412
49.4,819.9510403437433
49.6,818.2210643882571
49.8,816.4496419422624
50.0,814.6364704213332
