0.0,775.4212537284278
0.2,777.3868629670252
0.4,779.3208194582423
0.6,781.2243146458583
0.8,783.0984558818192
1.0,784.9442651227707
1.2,786.7626783905048
1.4,788.554545986176
1.6,790.3206334377185
1.8,792.0616231500042
2.0,793.7781167181209
2.2,795.4706378558847
2.4,797.1396358844437
2.6,798.785489719737
2.8,800.4085122926818
3.0,802.0089553323676
3.2,803.5870144402362
3.4,805.1428343822337
3.6,806.6765145261851
3.8,808.1881143531245
4.0,809.6776589739103
4.2,811.1451445860729
4.4,812.590543810358
4.6,814.0138108517002
4.8,815.4148864352588
5.0,816.7937024744984
5.2,818.1501864349748
5.4,819.4842653643221
5.6,820.7958695658006
5.8,822.0849358995118
6.0,823.351410701912
6.2,824.5952523204223
6.4,825.8164332656856
6.6,827.0149419892468
6.8,828.1907842990967
7.0,829.3439844295767
7.2,830.4745857855531
7.4,831.582651383545
7.6,832.6682640146219
7.8,833.7315261554019
8.0,834.7725596544062
8.2,835.7915052213993
8.4,836.7885217472245
8.6,837.7637854810765
8.8,838.7174890911901
9.0,839.6498406336469
9.2,840.5610624524519
9.4,841.4513900322704
9.6,842.3210708233189
9.8,843.1703630558953
10.0,843.9995345599971
10.2,844.8088616034216
10.4,845.5986277597395
10.6,846.3691228155942
10.8,847.120641724943
11.0,847.8534836161357
11.2,848.5679508561531
11.4,849.2643481748869
11.6,849.9429818510757
11.8,850.6041589603843
12.0,851.2481866851541
12.2,851.8753716845362
12.4,852.4860195230533
12.6,853.0804341551013
12.8,853.6589174624895
13.0,854.2217688418261
13.2,854.7692848383584
13.4,855.301758822768
13.6,855.8194807073902
13.8,856.3227366983633
14.0,856.8118090802922
14.2,857.2869760301435
14.4,857.7485114572502
14.6,858.1966848664844
14.8,858.6317612418601
15.0,859.0540009480395
15.2,859.4636596474286
15.4,859.8609882307611
15.6,860.246232759284
15.8,860.6196344168492
16.0,860.9814294704177
16.2,861.3318492376551
16.4,861.6711200604655
16.6,861.9994632834653
16.8,862.3170952365343
17.0,862.6242272207111
17.2,862.9210654968058
17.4,863.2078112762119
17.6,863.4846607134742
17.8,863.7518049002574
18.0,864.0094298604179
18.2,864.2577165459417
18.4,864.4968408335562
18.6,864.7269735218676
18.8,864.948280328906
19.0,865.1609218899888
19.2,865.3650537558365
19.4,865.5608263908913
19.6,865.7483851718058
19.8,865.9278703860757
20.0,866.0994172308062
20.2,866.2631558115978
20.4,866.4192111415515
20.6,866.5677031403916
20.8,866.7087466337034
21.0,866.842451352291
21.2,866.968921931654
21.4,867.0882579115857
21.6,867.2005537358921
21.8,867.305898752232
22.0,867.4043772120776
22.2,867.4960682707909
22.4,867.5810459878157
22.6,867.6593793269772
22.8,867.7311321568881
23.0,867.7963632514524
23.2,867.8551262904621
23.4,867.9074698602807
23.6,867.9534374546041
23.8,867.9930674752968
24.0,868.0263932332925
24.2,868.0534429495547
24.4,868.074239756092
24.6,868.0888016970217
24.8,868.0971417296776
25.0,868.0992677257581
25.2,868.0951824725117
25.4,868.0848836739576
25.6,868.0683639521393
25.8,868.0456108484121
26.0,868.0166068247642
26.2,867.9813292651731
26.4,867.9397504769993
26.6,867.8918376924183
26.8,867.8375530698986
27.0,867.7768536957252
27.2,867.7096915855756
27.4,867.6360136861528
27.6,867.5557618768786
27.8,867.4688729716538
28.0,867.3752787206886
28.2,867.2749058124075
28.4,867.1676758754332
28.6,867.0535054806505
28.8,866.9323061433553
29.0,866.8039843254859
29.2,866.6684414379399
29.4,866.5255738429739
29.6,866.3752728566845
29.8,866.217424751567
30.0,866.051910759148
30.2,865.8786070726894
30.4,865.6973848499568
30.6,865.508110216051
30.8,865.3106442663004
31.0,865.1048430692157
31.2,864.8905576695117
31.4,864.6676340912098
31.6,864.4359133408379
31.8,864.1952314107614
32.0,863.9454192826914
32.2,863.68630293143
32.4,863.4177033289415
32.6,863.1394364488626
32.8,862.8513132715993
33.0,862.553139790196
33.2,862.2447170172151
33.4,861.9258409929184
33.6,861.5963027951099
33.8,861.2558885510714
34.0,860.9043794521185
34.2,860.5415517713963
34.4,860.1671768856506
34.6,859.7810213018379
34.8,859.3828466895725
35.0,858.9724099205698
35.2,858.5494631164053
35.4,858.1137537060937
35.6,857.665024495185
35.8,857.203013748273
36.0,856.7274552870276
36.2,856.2380786060721
36.4,855.734609009246
36.6,855.2167677690048
36.8,854.6842723119112
37.0,854.1368364333555
37.2,853.5741705448089
37.4,852.9959819570389
37.6,852.4019752028029
37.8,851.7918524025727
38.0,851.165313676805
38.2,850.5220576081718
38.4,849.861781756964
38.6,849.1841832325845
38.8,848.4889593236376
39.0,847.7758081885827
39.2,847.0444296082479
39.4,846.294525800685
39.6,845.5258022978752
39.8,844.737968882667
40.0,843.9307405830514
40.2,843.1038387194297
40.4,842.2569919989492
40.6,841.3899376492488
40.8,840.5024225821136
41.0,839.5942045755828
41.2,838.665053461044
41.4,837.7147522997797
41.6,836.7430985313817
41.8,835.7499050744325
42.0,834.7350013579387
42.2,833.698234260237
42.4,832.6394689305299
42.6,831.5585894669229
42.8,830.4554994238687
43.0,829.3301221213547
43.2,828.1824007280456
43.4,827.01229809097
43.6,825.8197962852739
43.8,824.6048958590858
44.0,823.3676147506832
44.2,822.1079868579413
44.4,820.8260602434838
44.6,819.5218949630273
44.8,818.1955605091132
45.0,816.8471328676727
45.2,815.4766911906589
45.4,814.0843140941898
45.6,812.6700755982016
45.8,811.2340407304082
46.0,809.7762608242627
46.2,808.2967685474995
46.4,806.7955727045435
46.6,805.2726528624776
46.8,803.7279538561781
47.0,802.1613802335391
47.2,800.5727907062471
47.4,798.9619926752064
47.6,797.328736902331
47.8,795.6727124019019
48.0,793.9935416249605
48.2,792.290776009207
48.4,790.563891964557
48.6,788.8122873608907
48.8,787.0352785796103
49.0,785.2320981844887
49.2,783.4018932599836
49.4,781.5437244568875
49.6,779.6565657759477
49.8,777.7393051101542
50.0,775.7907455558956
