0.0,873.0
0.2,873.0
0.4,873.0
0.6,873.0
0.8,873.0
1.0,873.0
1.2,873.0
1.4,873.0
1.6,873.0
1.8,873.0
2.0,873.0
2.2,873.0
2.4,873.0
2.6,873.0
2.8,873.0
3.0,873.0
3.2,873.0
3.4,873.0
3.6,873.0
3.8,873.0
4.0,873.0
4.2,873.0
4.4,873.0
4.6,873.0
4.8,873.0
5.0,873.0
5.2,873.0
5.4,873.0
5.6,873.0
5.8,873.0
6.0,873.0
6.2,873.0
6.4,873.0
6.6,873.0
6.8,873.0
7.0,873.0
7.2,873.0
7.4,873.0
7.6,873.0
7.8,873.0
8.0,873.0
8.2,873.0
8.4,873.0
8.6,873.0
8.8,873.0
9.0,873.0
9.2,873.0
9.4,873.0
9.6,873.0
9.8,873.0
10.0,873.0
10.2,873.0
10.4,873.0
10.6,873.0
10.8,873.0
11.0,873.0
11.2,873.0
11.4,873.0
11.6,873.0
11.8,873.0
12.0,873.0
12.2,873.0
12.4,873.0
12.6,873.0
12.8,873.0
13.0,873.0
13.2,873.0
13.4,873.0
13.6,873.0
13.8,873.0
14.0,873.0
14.2,873.0
14.4,873.0
14.6,873.0
14.8,873.0
15.0,873.0
15.2,873.0
15.4,873.0
15.6,873.0
15.8,873.0
16.0,873.0
16.2,873.0
16.4,873.0
16.6,873.0
16.8,873.0
17.0,873.0
17.2,873.0
17.4,873.0
17.6,873.0
17.8,873.0
18.0,873.0
18.2,873.0
18.4,873.0
18.6,873.0
18.8,873.0
19.0,873.0
19.2,873.0
19.4,873.0
19.6,873.0
19.8,873.0
20.0,873.0
20.2,873.0
20.4,873.0
20.6,873.0
20.8,873.0
21.0,873.0
21.2,873.0
21.4,873.0
21.6,873.0
21.8,873.0
22.0,873.0
22.2,873.0
22.4,873.0
22.6,873.0
22.8,873.0
23.0,873.0
23.2,873.0
23.4,873.0
23.6,873.0
23.8,873.0
24.0,873.0
24.2,873.0
24.4,873.0
24.6,873.0
24.8,873.0
25.0,873.0
25.2,873.0
25.4,873.0
25.6,873.0
25.8,873.0
26.0,873.0
26.2,873.0
26.4,873.0
26.6,873.0
26.8,873.0
27.0,873.0
27.2,873.0
27.4,873.0
27.6,873.0
27.8,873.0
28.0,873.0
28.2,873.0
28.4,873.0
28.6,873.0
28.8,873.0
29.0,873.0
29.2,873.0
29.4,873.0
29.6,873.0
29.8,873.0
30.0,873.0
30.2,873.0
30.4,873.0
30.6,873.0
30.8,873.0
31.0,873.0
31.2,873.0
31.4,873.0
31.6,873.0
31.8,873.0
32.0,873.0
32.2,873.0
32.4,873.0
32.6,873.0
32.8,873.0
33.0,873.0
33.2,873.0
33.4,873.0
33.6,873.0
33.8,873.0
34.0,873.0
34.2,873.0
34.4,873.0
34.6,873.0
34.8,873.0
35.0,873.0
35.2,873.0
35.4,873.0
35.6,873.0
35.8,873.0
36.0,873.0
36.2,873.0
36.4,873.0
36.6,873.0
36.8,873.0
37.0,873.0
37.2,873.0
37.4,873.0
37.6,873.0
37.8,873.0
38.0,873.0
38.2,873.0
38.4,873.0
38.6,873.0
38.8,873.0
39.0,873.0
39.2,873.0
39.4,873.0
39.6,873.0
39.8,873.0
40.0,873.0
40.2,873.0
40.4,873.0
40.6,873.0
40.8,873.0
41.0,873.0
41.2,873.0
41.4,873.0
41.6,873.0
41.8,873.0
42.0,873.0
42.2,873.0
42.4,873.0
42.6,873.0
42.8,873.0
43.0,873.0
43.2,873.0
43.4,873.0
43.6,873.0
43.8,873.0
44.0,873.0
44.2,873.0
44.4,873.0
44.6,873.0
44.8,873.0
45.0,873.0
45.2,873.0
45.4,873.0
45.6,873.0
45.8,873.0
46.0,873.0
46.2,873.0
46.4,873.0
46.6,873.0
46.8,873.0
47.0,873.0
47.2,873.0
47.4,873.0
47.6,873.0
47.8,873.0
48.0,873.0
48.2,873.0
48.4,873.0
48.6,873.0
48.8,873.0
49.0,873.0
49.2,873.0
49.4,873.0
49.6,873.0
49.8,873.0
50.0,873.0
