0.0,587.3936332092485
0.2,587.8379993678747
0.4,588.6795053857753
0.6,589.9115765777055
0.8,591.5231252684098
1.0,593.4988682079176
1.2,595.8197520616521
1.4,598.463467981646
1.6,601.4050329229073
1.8,604.6174133706176
2.0,608.0721665538645
2.2,611.740075000689
2.4,615.5917523030062
2.6,619.5982009956875
2.8,623.7313072431189
3.0,627.9642612700084
3.2,632.2718968681534
3.4,636.6309475743716
3.6,641.0202210038773
3.8,645.4206961493403
4.0,649.8155510922079
4.2,654.1901304570328
4.4,658.53186306884
4.6,662.8301406967281
4.8,667.0761685724865
5.0,671.2627976763907
5.2,675.3843477124024
5.4,679.436428382313
5.6,683.4157651349752
5.8,687.3200341189394
6.0,691.1477096902777
6.2,694.8979265852583
6.4,698.570357800604
6.6,702.1651083526514
6.8,705.6826244139451
7.0,709.1236168412895
7.2,712.4889977933007
7.4,715.7798289625497
7.6,718.9972798895932
7.8,722.1425948558008
8.0,725.2170669432727
8.2,728.222017980952
8.4,731.15878324785
8.6,734.0286999627706
8.8,736.8330987445822
9.0,739.5732973708473
9.2,742.2505962913102
9.4,744.8662754643684
9.6,747.4215921789252
9.8,749.917779601769
10.0,752.3560458533926
10.2,754.7375734648443
10.4,757.0635191068296
10.6,759.3350135117904
10.8,761.5531615318713
11.0,763.7190422921175
11.2,765.8337094102244
11.4,767.8981912627814
11.6,769.913491284069
11.8,771.8805882877543
12.0,773.8004368047935
12.2,775.6739674328807
12.4,777.5020871941557
12.6,779.2856798988059
12.8,781.0256065128159
13.0,782.7227055285202
13.2,784.3777933368984
13.4,785.9916646007244
13.6,787.5650926278146
13.8,789.0988297437041
14.0,790.59360766315
14.2,792.0501378599047
14.4,793.4691119342498
14.6,794.8512019778137
14.8,796.1970609352277
15.0,797.5073229622045
15.2,798.7826037796543
15.4,800.0235010234733
15.6,801.2305945896719
15.8,802.404446974528
16.0,803.5456036094795
16.2,804.6545931904886
16.4,805.7319280016349
16.6,806.7781042327127
16.8,807.7936022906323
17.0,808.7788871044378
17.2,809.734408423777
17.4,810.660601110676
17.6,811.5578854244845
17.8,812.4266672998752
18.0,813.2673386177969
18.2,814.0802774692902
18.4,814.8658484120939
18.6,815.624402719973
18.8,816.3562786247219
19.0,817.0618015507962
19.2,817.7412843425411
19.4,818.3950274839941
19.6,819.0233193112434
19.8,819.6264362173345
20.0,820.2046428497209
20.2,820.7581923002655
20.4,821.2873262877949
20.6,821.7922753332267
20.8,822.2732589272796
21.0,822.7304856907916
21.2,823.1641535276663
21.4,823.5744497704724
21.6,823.9615513187238
21.8,824.3256247698694
22.0,824.6668265430189
22.2,824.9853029954365
22.4,825.2811905318313
22.6,825.5546157064726
22.8,825.8056953181621
23.0,826.0345364980868
23.2,826.2412367905824
23.4,826.4258842268314
23.6,826.5885573915207
23.8,826.7293254824793
24.0,826.848248363318
24.2,826.945376609087
24.4,827.0207515449692
24.6,827.0744052780204
24.8,827.10636072197
25.0,827.116631615086
25.2,827.1052225311153
25.4,827.0721288832967
25.6,827.0173369214517
25.8,826.9408237221469
26.0,826.8425571719239
26.2,826.7224959435902
26.4,826.5805894655584
26.6,826.4167778842217
26.8,826.2309920193495
27.0,826.0231533124859
27.2,825.7931737683301
27.4,825.5409558890773
27.6,825.2663926016936
27.8,824.9693671781024
28.0,824.6497531482513
28.2,824.3074142060318
28.4,823.9422041080225
28.6,823.5539665650238
28.8,823.1425351263542
29.0,822.7077330568743
29.2,822.2493732067094
29.4,821.7672578736389
29.6,821.2611786581233
29.8,820.7309163109393
30.0,820.176240573397
30.2,819.5969100101148
30.4,818.9926718343315
30.6,818.3632617257349
30.8,817.7084036407966
31.0,817.0278096156004
31.2,816.3211795611608
31.4,815.5882010512338
31.6,814.828549102629
31.8,814.0418859480351
32.0,813.2278608013854
32.2,812.3861096157948
32.4,811.5162548341084
32.6,810.6179051321162
32.8,809.6906551544956
33.0,808.7340852435573
33.2,807.7477611608839
33.4,806.7312338019628
33.6,805.6840389039291
33.8,804.6056967465535
34.0,803.4957118466207
34.2,802.3535726458689
34.4,801.1787511926713
34.6,799.9707028176654
34.8,798.7288658035534
35.0,797.4526610493194
35.2,796.1414917291296
35.4,794.7947429462047
35.6,793.4117813819782
35.8,791.9919549408781
36.0,790.5345923910951
36.2,789.0390030017243
36.4,787.5044761767025
36.6,785.9302810859821
36.8,784.3156662944234
37.0,782.6598593889195
37.2,780.962066604306
37.4,779.2214724486666
37.6,777.437239328701
37.8,775.6085071759193
38.0,773.7343930745462
38.2,771.813990892206
38.4,769.8463709147294
38.6,767.8305794868342
38.8,765.7656386610466
39.0,763.6505458581526
39.2,761.4842735438433
39.4,759.2657689282461
39.6,756.993953697998
39.8,754.6677237948056
40.0,752.2859492605459
40.2,749.8474741775848
40.4,747.3511167449703
40.6,744.7956695475789
40.8,742.1799000974783
41.0,739.5025517562748
41.2,736.7623451858266
41.4,733.9579805243801
41.6,731.0881405479421
41.8,728.15149515443
42.0,725.1467076024048
42.2,722.0724430477923
42.4,718.9273800506636
42.6,715.7102258678902
42.8,712.4197365021142
43.0,709.054742635921
43.2,705.6141827318863
43.4,702.0971447099588
43.6,698.502917705004
43.8,694.8310554369516
44.0,691.081452668195
44.2,687.2544360499812
44.4,683.350870343597
44.6,679.372280517743
44.8,675.320989550817
45.0,671.2002708955736
45.2,667.014513496882
45.4,662.7693960114152
45.6,658.4720655018054
45.8,654.1313144302359
46.0,649.7577483433039
46.2,645.3639353275214
46.4,640.9645272450895
46.6,636.5763420630714
46.8,632.2183963947159
47.0,627.911877794758
47.2,623.6800474796156
47.4,619.5480660272171
47.6,615.5427372470649
47.8,611.6921687364984
48.0,608.0253515274964
48.2,604.5716654910905
48.4,601.3603215606107
48.6,598.4197560776818
48.8,595.7769963532378
49.0,593.457019571016
49.2,591.482129174401
49.4,589.8713736564418
49.6,588.6400320829873
49.8,587.799188680886
50.0,587.3554154815529
