0.0,851.8233001150646
0.2,852.4538298201725
0.4,853.0697611091502
0.6,853.6713094420786
0.8,854.2586898278431
1.0,854.8321167871139
1.2,855.391804314733
1.4,855.9379658415064
1.6,856.470814195405
1.8,856.9905615621776
2.0,857.4974194453881
2.2,857.9915986258884
2.4,858.4733091207476
2.6,858.9427601416576
2.8,859.4001600528416
3.0,859.845716328496
3.2,860.2796355097968
3.4,860.7021231615096
3.6,861.1133838282421
3.8,861.5136209903841
4.0,861.9030370197789
4.2,862.2818331351791
4.4,862.6502093575372
4.6,863.0083644651853
4.8,863.356495948963
5.0,863.6947999673513
5.2,864.0234713016746
5.4,864.3427033114333
5.6,864.6526878898312
5.8,864.9536154195642
6.0,865.2456747289355
6.2,865.5290530483655
6.4,865.8039359673637
6.6,866.0705073920312
6.8,866.3289495031596
7.0,866.5794427149972
7.2,866.8221656347462
7.4,867.0572950228599
7.6,867.2850057542032
7.8,867.5054707801422
8.0,867.7188610916237
8.2,867.9253456833075
8.4,868.1250915188085
8.6,868.3182634971083
8.8,868.5050244201874
9.0,868.6855349619333
9.2,868.859953638373
9.4,869.0284367792757
9.6,869.1911385011715
9.8,869.3482106818253
10.0,869.4998029362034
10.2,869.6460625939676
10.4,869.7871346785281
10.6,869.9231618876804
10.8,870.0542845758508
11.0,870.1806407379721
11.2,870.3023659950018
11.4,870.4195935810991
11.6,870.5324543324667
11.8,870.6410766778635
12.0,870.745586630788
12.2,870.8461077833313
12.4,870.9427613016909
12.6,871.0356659233369
12.8,871.1249379558153
13.0,871.2106912771724
13.2,871.2930373379751
13.4,871.3720851649084
13.6,871.4479413659168
13.8,871.5207101368603
14.0,871.5904932696503
14.2,871.6573901618278
14.4,871.7214978275425
14.6,871.7829109098902
14.8,871.841721694562
15.0,871.8980201247552
15.2,871.9518938172977
15.4,872.0034280799287
15.6,872.0527059296835
15.8,872.0998081123229
16.0,872.1448131227477
16.2,872.1877972263388
16.4,872.2288344811587
16.6,872.2679967609522
16.8,872.3053537788792
17.0,872.3409731119161
17.2,872.3749202258573
17.4,872.4072585008491
17.6,872.43804925739
17.8,872.4673517827259
18.0,872.4952233575741
18.2,872.5217192831068
18.4,872.5468929081247
18.6,872.5707956563534
18.8,872.5934770537939
19.0,872.6149847560595
19.2,872.6353645756341
19.4,872.6546605089832
19.6,872.6729147634543
19.8,872.6901677839022
20.0,872.7064582789754
20.2,872.7218232470035
20.4,872.7362980014235
20.6,872.749916195687
20.8,872.7627098475908
21.0,872.7747093629752
21.2,872.7859435587358
21.4,872.7964396850964
21.6,872.8062234470945
21.8,872.8153190252272
22.0,872.823749095216
22.2,872.8315348468428
22.4,872.8386960018164
22.6,872.8452508306295
22.8,872.8512161683692
23.0,872.8566074294445
23.2,872.8614386211993
23.4,872.8657223563802
23.6,872.8694698644293
23.8,872.8726910015798
24.0,872.8753942597272
24.2,872.8775867740603
24.4,872.8792743294293
24.6,872.8804613654396
24.8,872.8811509802546
25.0,872.8813449331018
25.2,872.8810436454701
25.4,872.8802462009967
25.6,872.8789503440389
25.8,872.8771524769334
26.0,872.8748476559432
26.2,872.8720295859001
26.4,872.8686906135503
26.6,872.8648217196126
26.8,872.8604125095643
27.0,872.8554512031699
27.2,872.8499246227714
27.4,872.8438181803608
27.6,872.83711586346
27.8,872.8298002198317
28.0,872.8218523410522
28.2,872.8132518449761
28.4,872.8039768571267
28.6,872.7940039910479
28.8,872.7833083276557
29.0,872.7718633936288
29.2,872.7596411388837
29.4,872.7466119131758
29.6,872.7327444418758
29.8,872.7180058009686
30.0,872.7023613913284
30.2,872.6857749123186
30.4,872.6682083347757
30.6,872.64962187343
30.8,872.6299739588233
31.0,872.6092212087833
31.2,872.587318399513
31.4,872.5642184363617
31.6,872.539872324337
31.8,872.5142291384269
32.0,872.4872359937937
32.2,872.4588380159091
32.4,872.4289783106976
32.6,872.3975979347547
32.8,872.3646358657114
33.0,872.3300289728115
33.2,872.2937119877718
33.4,872.2556174759943
33.6,872.2156758082011
33.8,872.1738151325594
34.0,872.1299613473644
34.2,872.0840380743523
34.4,872.0359666327056
34.6,871.9856660138216
34.8,871.9330528569079
35.0,871.8780414254684
35.2,871.8205435847458
35.4,871.7604687801789
35.6,871.697724016938
35.8,871.6322138405933
36.0,871.5638403189758
36.2,871.4925030252829
36.4,871.4180990224801
36.6,871.3405228490507
36.8,871.2596665061391
37.0,871.1754194461303
37.2,871.0876685627107
37.4,870.9962981824461
37.6,870.9011900579129
37.8,870.8022233624163
38.0,870.699274686323
38.2,870.5922180350341
38.4,870.4809248286232
38.6,870.365263903155
38.8,870.2451015137015
39.0,870.1203013390697
39.2,869.9907244882435
39.4,869.8562295085495
39.6,869.7166723955451
39.8,869.5719066046247
40.0,869.4217830643402
40.2,869.2661501914225
40.4,869.1048539074932
40.6,868.9377376574434
40.8,868.7646424294664
41.0,868.585406776711
41.2,868.3998668405333
41.4,868.2078563753139
41.6,868.0092067748045
41.8,867.8037470999677
42.0,867.5913041082688
42.2,867.3717022843755
42.4,867.1447638722216
42.6,866.9103089083819
42.8,866.6681552567121
43.0,866.418118644196
43.2,866.1600126979482
43.4,865.8936489833138
43.6,865.6188370430076
43.8,865.3353844372307
44.0,865.0430967847071
44.2,864.7417778045757
44.4,864.4312293590759
44.6,864.1112514969647
44.8,863.7816424976011
45.0,863.4421989156353
45.2,863.0927156262401
45.4,862.7329858708201
45.6,862.3628013031409
45.8,861.9819520358145
46.0,861.590226687082
46.2,861.1874124278372
46.4,860.7732950288334
46.6,860.3476589080185
46.8,859.9102871779478
47.0,859.4609616932224
47.2,858.9994630979077
47.4,858.5255708728838
47.6,858.0390633830888
47.8,857.5397179246149
48.0,857.0273107716188
48.2,856.5016172230168
48.4,855.9624116489334
48.6,855.4094675368767
48.8,854.84255753762
49.0,854.2614535107684
49.2,853.6659265699975
49.4,853.0557471279506
49.6,852.4306849407883
49.8,851.7905091523857
50.0,851.134988338178
