0.0,837.5054791834322
0.2,839.4807749763376
0.4,841.3301036686023
0.6,843.0522524867854
0.8,844.6481786563778
1.0,846.120875048426
1.2,847.4751481933872
1.4,848.7173277393674
1.6,849.8549301663527
1.8,850.8963010220259
2.0,851.850259156436
2.2,852.7257636945521
2.4,853.5316202828179
2.6,854.2762380737735
2.8,854.9674435888062
3.0,855.61235258151
3.2,856.2172967515878
3.4,856.787798915328
3.6,857.3285881439441
3.8,857.843645408245
4.0,858.3362702746133
4.2,858.8091599663737
4.4,859.2644933876612
4.6,859.704014260091
4.8,860.129109134558
5.0,860.5408775487896
5.2,860.9401928980225
5.4,861.3277536155188
5.6,861.704125009175
5.8,862.0697725897966
6.0,862.4250879951926
6.2,862.7704087108026
6.4,863.1060327616179
6.6,863.4322294462796
6.8,863.7492470389689
7.0,864.0573182254229
7.2,864.3566638847077
7.4,864.647495689421
7.6,864.9300178791416
7.8,865.2044284664256
8.0,865.4709200601919
8.2,865.7296804351954
8.4,865.9808929352249
8.6,866.2247367684433
8.8,866.4613872330308
9.0,866.6910158975845
9.2,866.9137907516632
9.4,867.1298763360094
9.6,867.3394338582741
9.8,867.5426212977792
10.0,867.7395935014632
10.2,867.9305022723357
10.4,868.1154964512923
10.6,868.2947219928735
10.8,868.4683220354074
11.0,868.6364369658961
11.2,868.7992044799705
11.4,868.9567596372136
11.6,869.1092349121486
11.8,869.256760241177
12.0,869.3994630657484
12.2,869.5374683720438
12.4,869.6708987274393
12.6,869.7998743140172
12.8,869.9245129593792
13.0,870.0449301650084
13.2,870.1612391324148
13.4,870.2735507872883
13.6,870.3819738018697
13.8,870.4866146157418
14.0,870.5875774552236
14.2,870.6849643515413
14.4,870.7788751579391
14.6,870.8694075658731
14.8,870.9566571204251
15.0,871.0407172350594
15.2,871.1216792058299
15.4,871.1996322251382
15.6,871.2746633951311
15.8,871.3468577408113
16.0,871.4162982229307
16.2,871.4830657507241
16.4,871.5472391945299
16.6,871.6088953983397
16.8,871.6681091923089
17.0,871.7249534052547
17.2,871.7794988771585
17.4,871.8318144716883
17.6,871.8819670887463
17.8,871.9300216770457
18.0,871.9760412467143
18.2,872.0200868819182
18.4,872.0622177534973
18.6,872.1024911315989
18.8,872.1409623982939
19.0,872.1776850601589
19.2,872.2127107608003
19.4,872.2460892933055
19.6,872.2778686125895
19.8,872.3080948476196
20.0,872.3368123134874
20.2,872.3640635233055
20.4,872.3898891999007
20.6,872.4143282872758
20.8,872.4374179618144
21.0,872.4591936432015
21.2,872.4796890050319
21.4,872.4989359850803
21.6,872.5169647952079
21.8,872.533803930878
22.0,872.549480180259
22.2,872.5640186328872
22.4,872.5774426878684
22.6,872.589774061597
22.8,872.6010327949697
23.0,872.6112372600729
23.2,872.6204041663306
23.4,872.6285485660877
23.6,872.6356838596196
23.8,872.6418217995475
24.0,872.646972494651
24.2,872.6511444130615
24.4,872.6543443848303
24.6,872.6565776038583
24.8,872.6578476291829
25.0,872.6581563856146
25.2,872.657504163719
25.4,872.6558896191419
25.6,872.6533097712768
25.8,872.6497600012727
26.0,872.6452340493869
26.2,872.6397240116847
26.4,872.6332203360917
26.6,872.6257118178047
26.8,872.6171855940705
27.0,872.6076271383395
27.2,872.5970202538103
27.4,872.5853470663719
27.6,872.5725880169621
27.8,872.5587218533559
28.0,872.5437256214005
28.2,872.5275746557154
28.4,872.5102425698773
28.6,872.4917012461099
28.8,872.4719208245016
29.0,872.4508696917711
29.2,872.4285144696092
29.4,872.4048200026174
29.6,872.3797493458709
29.8,872.3532637521337
30.0,872.32532265875
30.2,872.2958836742415
30.4,872.2649025646382
30.6,872.2323332395704
30.8,872.1981277381518
31.0,872.1622362146805
31.2,872.1246069241877
31.4,872.0851862078599
31.6,872.0439184783648
31.8,872.0007462051057
32.0,871.9556098994298
32.2,871.9084480998163
32.4,871.8591973570668
32.6,871.8077922195182
32.8,871.754165218298
33.0,871.69824685264
33.2,871.639965575273
33.4,871.579247777894
33.6,871.5160177767348
33.8,871.4501977982242
34.0,871.3817079647476
34.2,871.3104662804977
34.4,871.2363886174074
34.6,871.1593887011493
34.8,871.0793780971811
35.0,870.9962661968087
35.2,870.9099602032331
35.4,870.8203651175397
35.6,870.727383724579
35.8,870.6309165786843
36.0,870.5308619891566
36.2,870.4271160054441
36.4,870.3195724019307
36.6,870.2081226622403
36.8,870.0926559629513
37.0,869.9730591566102
37.2,869.8492167539166
37.4,869.7210109049488
37.6,869.5883213792836
37.8,869.4510255448566
38.0,869.3089983454009
38.2,869.1621122762892
38.4,869.0102373585996
38.6,868.8532411112162
38.8,868.6909885207698
39.0,868.5233420092136
39.2,868.3501613988321
39.4,868.1713038744672
39.6,867.9866239427473
39.8,867.7959733880978
40.0,867.5992012252973
40.2,867.3961536483257
40.4,867.1866739752076
40.6,866.9706025884756
40.8,866.7477768707311
41.0,866.5180311345101
41.2,866.2811965451912
41.4,866.0371010348683
41.6,865.7855692037366
41.8,865.5264222032786
42.0,865.2594775918813
42.2,864.984549147746
42.4,864.7014466150249
42.6,864.4099753456268
42.8,864.1099357791956
43.0,863.8011226750203
43.2,863.4833239692325
43.4,863.1563190754166
43.6,862.8198763735109
43.8,862.4737495379244
44.0,862.1176722398536
44.2,861.7513506220926
44.4,861.374452792449
44.6,860.9865944251713
44.8,860.5873194168598
45.0,860.1760744410856
45.2,859.752176220301
45.4,859.314770428444
45.6,858.8627814016087
45.8,858.394852315165
46.0,857.9092762226309
46.2,857.4039193636592
46.4,856.8761394235437
46.6,856.3227029097591
46.8,855.7397073962029
47.0,855.1225159131857
47.2,854.4657120229928
47.4,853.7630848773495
47.6,853.0076535598221
47.8,852.1917390599524
48.0,851.3070901665487
48.2,850.345066378245
48.4,849.2968767286798
48.6,848.1538684903472
48.8,846.9078544865733
49.0,845.5514627542854
49.2,844.0784881680986
49.4,842.4842229443448
49.6,840.7657421691154
49.8,838.9221219246292
50.0,836.9545712607517
