0.0,824.0092206686998
0.2,825.7971192394465
0.4,827.5363061954332
0.6,829.2268062314917
0.8,830.8687080245965
1.0,832.4621663585973
1.2,834.0074036693026
1.4,835.5047110021924
1.6,836.9544483819843
1.8,838.3570446001091
2.0,839.7129964328013
2.2,841.0228673088401
2.4,842.2872854519234
2.6,843.5069415281273
2.8,844.6825858338236
3.0,845.8150250637424
3.2,846.9051187025201
3.4,847.9537750860354
3.6,848.9619471810813
3.8,849.9306281334328
4.0,850.8608466351698
4.2,851.7536621621929
4.4,852.6101601322761
4.6,853.4314470327524
4.8,854.2186455650971
5.0,854.9728898512795
5.2,855.6953207439047
5.4,856.3870812788791
5.6,857.0493123057223
5.8,857.6831483267599
6.0,858.2897135723455
6.2,858.8701183350548
6.4,859.425455581541
6.6,859.9567978564893
6.8,860.4651944889538
7.0,860.9516691073221
7.2,861.4172174653183
7.4,861.8628055778428
7.6,862.2893681621102
7.8,862.6978073765088
8.0,863.0889918468903
8.2,863.4637559676264
8.4,863.8228994627424
8.6,864.1671871907661
8.8,864.4973491756067
9.0,864.814080844786
9.2,865.1180434556909
9.4,865.4098646901521
9.6,865.6901393975882
9.8,865.9594304671384
10.0,866.2182698096308
10.2,866.4671594308556
10.4,866.7065725784176
10.6,866.9369549453868
10.8,867.1587259150341
11.0,867.3722798320965
11.2,867.5779872872342
11.4,867.7761964026083
11.6,867.9672341077799
11.8,868.1514073964087
12.0,868.3290045554829
12.2,868.5002963600244
12.4,868.6655372273799
12.6,868.8249663263111
12.8,868.9788086371289
13.0,869.1272759600707
13.2,869.270567869998
13.4,869.4088726162738
13.6,869.5423679673941
13.8,869.6712220005589
14.0,869.7955938369163
14.2,869.9156343236615
14.4,870.0314866645705
14.6,870.1432870008464
14.8,870.2511649444169
15.0,870.3552440659995
15.2,870.4556423403899
15.4,870.5524725515111
15.6,870.6458426598016
15.8,870.7358561345279
16.0,870.8226122535738
16.2,870.9062063732116
16.4,870.9867301702772
16.6,871.0642718590788
16.8,871.1389163852651
17.0,871.2107455987541
17.2,871.2798384077029
17.4,871.3462709153735
17.6,871.410116541612
17.8,871.471446130534
18.0,871.5303280458804
18.2,871.5868282553854
18.4,871.6410104053756
18.6,871.6929358867088
18.8,871.7426638930533
19.0,871.7902514724068
19.2,871.83575357266
19.4,871.8792230819236
19.6,871.920710864258
19.8,871.9602657913699
20.0,871.9979347707728
20.2,872.0337627708524
20.4,872.0677928432154
20.6,872.1000661426601
20.8,872.1306219450546
21.0,872.1594976633784
21.2,872.1867288621391
21.4,872.2123492703539
21.6,872.2363907932535
21.8,872.258883522844
22.0,872.2798557474437
22.2,872.2993339602905
22.4,872.3173428673027
22.6,872.3339053940638
22.8,872.3490426920852
23.0,872.362774144399
23.2,872.3751173705185
23.4,872.3860882307971
23.6,872.3957008302175
23.8,872.4039675216278
24.0,872.4108989084448
24.2,872.416503846839
24.4,872.4207894474116
24.6,872.4237610763723
24.8,872.4254223562265
25.0,872.4257751659748
25.2,872.4248196408308
25.4,872.4225541714592
25.6,872.4189754027337
25.8,872.4140782320184
26.0,872.4078558069683
26.2,872.4002995228502
26.4,872.3913990193768
26.6,872.3811421770525
26.8,872.3695151130217
27.0,872.3565021764117
27.2,872.3420859431567
27.4,872.32624721029
27.6,872.3089649896848
27.8,872.2902165012171
28.0,872.2699771653272
28.2,872.2482205949377
28.4,872.224918586689
28.6,872.2000411114369
28.8,872.1735563039493
29.0,872.1454304517255
29.2,872.1156279828461
29.4,872.0841114527472
29.6,872.0508415297877
29.8,872.0157769794616
30.0,871.9788746470779
30.2,871.9400894387011
30.4,871.8993743001132
30.6,871.8566801935202
30.8,871.8119560716823
31.0,871.765148849098
31.2,871.7162033698249
31.4,871.6650623714546
31.6,871.6116664446951
31.8,871.5559539879467
32.0,871.4978611561745
32.2,871.4373218032961
32.4,871.3742674172141
32.6,871.3086270465228
32.8,871.2403272178101
33.0,871.1692918423715
33.2,871.0954421110283
33.4,871.0186963756281
33.6,870.9389700156745
33.8,870.8561752884101
34.0,870.7702211605458
34.2,870.6810131197062
34.4,870.5884529635358
34.6,870.4924385642951
34.8,870.3928636066719
35.0,870.2896172964369
35.2,870.1825840374985
35.4,870.0716430748589
35.6,869.9566681009422
35.8,869.8375268227721
36.0,869.7140804875137
36.2,869.586183363978
36.4,869.4536821778165
36.6,869.3164154983132
36.8,869.174213074929
37.0,869.0268951220542
37.2,868.8742715508026
37.4,868.7161411471309
37.6,868.5522906960916
37.8,868.3824940526398
38.0,868.206511160099
38.2,868.0240870181705
38.4,867.8349506032239
38.6,867.6388137445434
38.8,867.4353699612147
39.0,867.224293265421
39.2,867.0052369390545
39.4,866.7778322917466
39.6,866.5416874096388
39.8,866.2963859054784
40.0,866.0414856818629
40.2,865.7765177207053
40.4,865.5009849131801
40.6,865.2143609455507
40.8,864.9160892573211
41.0,864.6055820890872
41.2,864.2822196382427
41.4,863.9453493413162
41.6,863.5942853021202
41.8,863.2283078850807
42.0,862.8466634930426
42.2,862.4485645484982
42.4,862.0331896965332
42.6,861.5996842468144
42.8,861.1471608706463
43.0,860.6747005674744
43.2,860.1813539132279
43.4,859.6661426005641
43.6,859.1280612784093
43.8,858.5660796952097
44.0,857.9791451470279
44.2,857.3661852280745
44.4,856.7261108774975
44.6,856.0578197122906
44.8,855.360199632099
45.0,854.63213267753
45.2,853.8724991193997
45.4,853.0801817522159
45.6,852.2540703611897
45.8,851.3930663282513
46.0,850.4960873389963
46.2,849.5620721492749
46.4,848.5899853673228
46.6,847.5788222050036
46.8,846.5276131499219
47.0,845.4354285089545
47.2,844.3013827731595
47.4,843.1246387541127
47.6,841.9044114425009
47.8,840.6399715412972
48.0,839.3306486280495
48.2,837.9758339037279
48.4,836.5749824891692
48.6,835.127615234398
48.8,833.6333200109401
49.0,832.0917524626217
49.2,830.5026361961881
49.4,828.8657623993063
49.6,827.1809888800361
49.8,825.448238528582
50.0,823.6674972089523
