0.0,817.0310563532265
0.2,818.8395596782877
0.4,820.6048163547996
0.6,822.3270996955494
0.8,824.0067040178702
1.0,825.6439454540554
1.2,827.2391626275689
1.4,828.7927171914358
1.6,830.3049942262619
1.8,831.7764024964131
2.0,833.2073745639639
2.2,834.5983667610924
2.4,835.9498590226492
2.6,837.2623545816424
2.8,838.5363795313602
3.0,839.7724822587825
3.2,840.9712327548003
3.4,842.1332218075762
3.6,843.2590600861108
3.8,844.3493771217463
4.0,845.4048201959124
4.2,846.4260531429245
4.4,847.413755077046
4.6,848.3686190533497
4.8,849.2913506721458
5.0,850.1826666368825
5.2,851.0432932754846
5.4,851.8739650350593
5.6,852.6754229597873
5.8,853.4484131616281
6.0,854.1936852931947
6.2,854.9119910318262
6.4,855.604082583482
6.6,856.2707112146281
6.8,856.9126258197828
7.0,857.530571531835
7.2,858.1252883816653
7.4,858.6975100129828
7.6,859.2479624576547
7.8,859.7773629761518
8.0,860.2864189670677
8.2,860.7758269490114
8.4,861.2462716175128
8.6,861.6984249789277
8.8,862.1329455627022
9.0,862.5504777127417
9.2,862.9516509580476
9.4,863.3370794622249
9.6,863.7073615509469
9.8,864.0630793159742
10.0,864.4047982938814
10.2,864.7330672172384
10.4,865.0484178356281
10.6,865.3513648035671
10.8,865.6424056321109
11.0,865.9220207007006
11.2,866.1906733256108
11.4,866.4488098812075
11.6,866.6968599701231
11.8,866.9352366383753
12.0,867.1643366314293
12.2,867.3845406871981
12.4,867.5962138620106
12.6,867.7997058856347
12.8,867.9953515415336
13.0,868.1834710686414
13.2,868.3643705810795
13.4,868.5383425023821
13.6,868.7056660109685
13.8,868.8666074937734
14.0,869.0214210051424
14.2,869.1703487282846
14.4,869.3136214367863
14.6,869.4514589538857
14.8,869.5840706074164
15.0,869.7116556785296
15.2,869.8344038425049
15.4,869.9524956001576
15.6,870.0661026985358
15.8,870.1753885397894
16.0,870.2805085772637
16.2,870.3816106980371
16.4,870.4788355912817
16.6,870.572317101968
16.8,870.6621825695736
17.0,870.7485531515824
17.2,870.8315441316723
17.4,870.9112652125967
17.6,870.987820793857
17.8,871.0613102343486
18.0,871.1318281002349
18.2,871.199464398367
18.4,871.2643047956255
18.6,871.326430824602
18.8,871.3859200760785
19.0,871.4428463787946
19.2,871.4972799670114
19.4,871.5492876364021
19.6,871.5989328888096
19.8,871.6462760664124
20.0,871.6913744758481
20.2,871.7342825028335
20.4,871.7750517178182
20.6,871.8137309731937
20.8,871.8503664925709
21.0,871.8850019526177
21.2,871.917678557938
21.4,871.9484351094442
21.6,871.9773080666658
21.8,872.0043316044058
22.0,872.029537664138
22.2,872.0529560005168
22.4,872.0746142233443
22.6,872.0945378353216
22.8,872.1127502658802
23.0,872.1292729013752
23.2,872.1441251118927
23.4,872.1573242749048
23.6,872.1688857959831
23.8,872.1788231267582
24.0,872.1871477802953
24.2,872.1938693440317
24.4,872.1989954904041
24.6,872.2025319852736
24.8,872.2044826942349
25.0,872.2048495868809
25.2,872.2036327390701
25.4,872.2008303332319
25.6,872.1964386567186
25.8,872.1904520982017
26.0,872.1828631420871
26.2,872.1736623609069
26.4,872.1628384056262
26.6,872.1503779937856
26.8,872.1362658953789
27.0,872.1204849163464
27.2,872.1030158795477
27.4,872.0838376030507
27.6,872.0629268755608
27.8,872.0402584287865
28.0,872.0158049065199
28.2,871.9895368301868
28.4,871.9614225606016
28.6,871.9314282556346
28.8,871.8995178234819
29.0,871.8656528712021
29.2,871.8297926481636
29.4,871.7918939840209
29.6,871.7519112208201
29.8,871.709796138809
30.0,871.6654978755092
30.2,871.6189628375901
30.4,871.5701346050612
30.6,871.5189538272916
30.8,871.4653581103465
31.0,871.4092818951225
31.2,871.3506563257561
31.4,871.289409107777
31.6,871.2254643554764
31.8,871.1587424279691
32.0,871.0891597534335
32.2,871.0166286410397
32.4,870.941057080085
32.6,870.8623485258985
32.8,870.7804016721075
33.0,870.6951102089031
33.2,870.6063625669974
33.4,870.5140416470293
33.6,870.4180245342417
33.8,870.3181821983432
34.0,870.21437917855
34.2,870.1064732539134
34.4,869.994315099145
34.6,869.8777479262778
34.8,869.7566071126348
35.0,869.6307198157159
35.2,869.4999045757729
35.4,869.3639709070006
35.6,869.2227188784448
35.8,869.075938685906
36.0,868.9234102163041
36.2,868.7649026061621
36.4,868.6001737960592
36.6,868.4289700831063
36.8,868.2510256736937
37.0,868.0660622389623
37.2,867.8737884756431
37.4,867.6738996751042
37.6,867.4660773036254
37.8,867.2499885970981
38.0,867.0252861735052
38.2,866.7916076666861
38.4,866.5485753850214
38.6,866.2957959987746
38.8,866.0328602599192
39.0,865.7593427583349
39.2,865.4748017182883
39.4,865.1787788391104
39.6,864.8707991839508
39.8,864.5503711204174
40.0,864.2169863167984
40.2,863.870119797424
40.4,863.5092300605261
40.6,863.133759261732
40.8,862.7431334660535
41.0,862.3367629709138
41.2,861.9140427024039
41.4,861.4743526865551
41.6,861.0170585969795
41.8,860.5415123797534
42.0,860.0470529559011
42.2,859.5330070012998
42.4,858.9986898032413
42.6,858.443406192295
42.8,857.8664515474895
43.0,857.267112872197
43.2,856.6446699374571
43.4,855.9983964888245
43.6,855.3275615121755
43.8,854.6314305532711
44.0,853.9092670852419
44.2,853.160333917563
44.4,852.3838946395078
44.6,851.579215090534
44.8,850.7455648495574
45.0,849.8822187346225
45.2,848.9884583040944
45.4,848.0635733501593
45.6,847.1068633751696
45.8,846.1176390411778
46.0,845.0952235828946
46.2,844.0389541742778
46.4,842.9481832390137
46.6,841.8222796952941
46.8,840.6606301255212
47.0,839.4626398618875
47.2,838.227733979185
47.4,836.9553581866825
47.6,835.6449796114861
47.8,834.2960874664468
48.0,832.9081935964074
48.2,831.480832897372
48.4,830.0135636040471
48.6,828.5059674421085
48.8,826.9576496425191
49.0,825.3682388162152
49.2,823.7373866885177
49.4,822.0647676936687
49.6,820.3500784309623
49.8,818.5930369849957
50.0,816.7933821136193
