0.0,804.3428848549497
0.2,806.2578377391802
0.4,808.1324983130604
0.6,809.9672771183826
0.8,811.7625890071271
1.0,813.5188533020556
1.2,815.2364939361794
1.4,816.9159395703477
1.6,818.5576236883161
1.8,820.161984668758
2.0,821.7294658338005
2.2,823.2605154737714
2.4,824.7555868479653
2.6,826.2151381613445
2.8,827.6396325172091
3.0,829.0295378459779
3.2,830.3853268103381
3.4,831.707476687123
3.6,832.9964692263881
3.8,834.2527904882535
4.0,835.476930658181
4.2,836.6693838414409
4.4,837.8306478376211
4.6,838.961223896103
4.8,840.0616164535109
5.0,841.1323328542102
5.2,842.173883054992
5.4,843.1867793151395
5.6,844.1715358731211
5.8,845.1286686111962
6.0,846.0586947092563
6.2,846.9621322892518
6.4,847.8395000515742
6.6,848.6913169047787
6.8,849.5181015900341
7.0,850.3203723016932
7.2,851.0986463053587
7.4,851.8534395548166
7.6,852.5852663091767
7.8,853.2946387515402
8.0,853.9820666104788
8.2,854.6480567855684
8.4,855.2931129781821
8.6,855.9177353286904
8.8,856.5224200611729
9.0,857.1076591366794
9.2,857.6739399160256
9.4,858.2217448330362
9.6,858.7515510790926
9.8,859.2638302997614
10.0,859.759048304221
10.2,860.237664788123
10.4,860.7001330704575
10.6,861.146899844917
10.8,861.5784049461802
11.0,861.9950811314638
11.2,862.3973538776207
11.4,862.7856411939885
11.6,863.160353451127
11.8,863.5218932255124
12.0,863.8706551601915
12.2,864.2070258413383
12.4,864.53138369059
12.6,864.8440988729866
12.8,865.145533220281
13.0,865.4360401693365
13.2,865.7159647152773
13.4,865.9856433790181
13.6,866.2454041887529
13.8,866.4955666749483
14.0,866.7364418783535
14.2,866.968332370503
14.4,867.1915322861724
14.6,867.4063273672122
14.8,867.6129950171747
15.0,867.8118043661293
15.2,868.0030163450464
15.4,868.1868837691284
15.6,868.3636514294512
15.8,868.5335561922848
16.0,868.6968271054529
16.2,868.8536855111048
16.4,869.0043451642666
16.6,869.149012356555
16.8,869.287886044441
17.0,869.4211579814685
17.2,869.5490128538387
17.4,869.6716284187958
17.6,869.7891756452552
17.8,869.9018188561479
18.0,870.0097158719561
18.2,870.1130181549551
18.4,870.2118709536785
18.6,870.3064134471598
18.8,870.3967788885176
19.0,870.4830947474753
19.2,870.5654828514322
19.4,870.6440595247177
19.6,870.7189357256914
19.8,870.7902171813682
20.0,870.8580045192699
20.2,870.922393396227
20.4,870.9834746238752
20.6,871.0413342906111
20.8,871.0960538797881
21.0,871.1477103839572
21.2,871.1963764149689
21.4,871.2421203097755
21.6,871.2850062317846
21.8,871.3250942676304
22.0,871.3624405192454
22.2,871.3970971911262
22.4,871.4291126727
22.6,871.4585316157103
22.8,871.4853950065501
23.0,871.5097402334796
23.2,871.5316011486764
23.4,871.5510081250708
23.6,871.5679881079296
23.8,871.5825646611546
24.0,871.59475800827
24.2,871.6045850680772
24.4,871.6120594849609
24.6,871.6171916538316
24.8,871.6199887396967
25.0,871.6204546918555
25.2,871.6185902527114
25.4,871.614392961206
25.6,871.6078571508733
25.8,871.5989739425216
26.0,871.5877312315508
26.2,871.5741136699143
26.4,871.5581026427408
26.6,871.5396762396321
26.8,871.5188092206555
27.0,871.4954729770584
27.2,871.4696354867289
27.4,871.4412612644411
27.6,871.4103113069194
27.8,871.3767430327688
28.0,871.340510217323
28.2,871.3015629224694
28.4,871.2598474215181
28.6,871.2153061191922
28.8,871.1678774668259
29.0,871.117495872869
29.2,871.064091608806
29.4,871.0075907106134
29.6,870.9479148758887
29.8,870.8849813568053
30.0,870.818702849055
30.2,870.7489873769624
30.4,870.6757381749715
30.6,870.5988535657164
30.8,870.5182268349197
31.0,870.4337461033666
31.2,870.3452941962335
31.4,870.252748510066
31.6,870.1559808777221
31.8,870.0548574316192
32.0,869.9492384656438
32.2,869.8389782961056
32.4,869.7239251221365
32.6,869.6039208859625
32.8,869.4788011334899
33.0,869.3483948756749
33.2,869.2125244511614
33.4,869.0710053906931
33.6,868.9236462838261
33.8,868.7702486484802
34.0,868.6106068038912
34.2,868.4445077475333
34.4,868.2717310365992
34.6,868.0920486746348
34.8,867.9052250039332
35.0,867.711016604304
35.2,867.5091721988331
35.4,867.2994325672545
35.6,867.0815304675533
35.8,866.8551905664164
36.0,866.6201293791407
36.2,866.3760552196002
36.4,866.1226681608568
36.6,865.8596600069911
36.8,865.586714276702
37.0,865.3035061992058
37.2,865.009702722939
37.4,864.7049625375356
37.6,864.3889361095197
37.8,864.061265732116
38.0,863.7215855895386
38.2,863.3695218360757
38.4,863.0046926902417
38.6,862.6267085442122
38.8,862.2351720887123
39.0,861.82967845346
39.2,861.40981536322
39.4,860.9751633094479
39.6,860.5252957374522
39.8,860.0597792489266
40.0,859.5781738196389
40.2,859.0800330319977
40.4,858.5649043221401
40.6,858.0323292411164
40.8,857.481843729678
41.0,856.9129784060958
41.2,856.3252588663739
41.4,855.7182059961459
41.6,855.0913362934754
41.8,854.4441622017157
42.0,853.7761924515161
42.2,853.0869324110004
42.4,852.3758844430864
42.6,851.6425482688543
42.8,850.886421335826
43.0,850.1069991899636
43.2,849.3037758501581
43.4,848.4762441839358
43.6,847.623896283084
43.8,846.7462238378661
44.0,845.8427185084764
44.2,844.9128722923757
44.4,843.9561778861336
44.6,842.97212904041
44.8,841.9602209067117
45.0,840.9199503745724
45.2,839.8508163978274
45.4,838.7523203086809
45.6,837.6239661183001
45.8,836.4652608027127
46.0,835.2757145728293
46.2,834.0548411274771
46.4,832.8021578883855
46.6,831.5171862161401
46.8,830.1994516061914
47.0,828.8484838640921
47.2,827.4638172592171
47.4,826.0449906563179
47.6,824.5915476243558
47.8,823.1030365221591
48.0,821.5790105605544
48.2,820.019027840729
48.4,818.4226513686897
48.6,816.7894490457943
48.8,815.118993635444
49.0,813.4108627061404
49.2,811.6646385512187
49.4,809.8799080856827
49.6,808.0562627206798
49.8,806.193298216256
50.0,804.2906145131435
