0.0,755.9449107639388
0.2,758.486590290235
0.4,760.9693704175407
0.6,763.3952025560079
0.8,765.7659727010675
1.0,768.0834997972004
1.2,770.3495345519076
1.4,772.5657586946277
1.6,774.7337846693972
1.8,776.8551557445223
2.0,778.9313465174891
2.2,780.9637637889242
2.4,782.9537477756757
2.6,784.9025736300747
2.8,786.8114532302045
3.0,788.6815372045348
3.2,790.5139171535851
3.4,792.3096280313023
3.6,794.0696506495565
3.8,795.7949142704738
4.0,797.4862992531932
4.2,799.1446397239462
4.4,800.7707262410282
4.6,802.3653084291777
4.8,803.929097560988
5.0,805.4627690661893
5.2,806.9669649528382
5.4,808.4422961276028
5.6,809.8893446053313
5.8,811.3086656009228
6.0,812.7007894991102
6.2,814.066223700105
6.4,815.4054543411092
6.6,816.7189478954698
6.8,818.0071526527296
7.0,819.2705000840209
7.2,820.5094060981775
7.4,821.7242721946095
7.6,822.9154865194371
7.8,824.0834248316198
8.0,825.2284513858868
8.2,826.3509197391994
8.4,827.4511734872717
8.6,828.5295469373884
8.8,829.5863657233906
9.0,830.6219473682889
9.2,831.6366017995244
9.4,832.6306318214379
9.6,833.6043335490581
9.8,834.5579968068781
10.0,835.491905495865
10.2,836.4063379315578
10.4,837.3015671557458
10.6,838.1778612238911
10.8,839.0354834701694
11.0,839.8746927517436
11.2,840.6957436736653
11.4,841.4988867956073
11.6,842.28436882147
11.8,843.0524327727753
12.0,843.8033181466491
12.2,844.5372610591104
12.4,845.2544943743169
12.6,845.955247820362
12.8,846.6397480921861
13.0,847.3082189421289
13.2,847.9608812586383
13.4,848.5979531336365
13.6,849.2196499190336
13.8,849.8261842728831
14.0,850.4177661956658
14.2,850.994603057194
14.4,851.5568996146294
14.6,852.1048580221037
14.8,852.6386778324428
15.0,853.1585559914811
15.2,853.6646868254658
15.4,854.157262022037
15.6,854.6364706052711
15.8,855.1024989052677
16.0,855.5555305227513
16.2,855.9957462891543
16.4,856.4233242226302
16.6,856.8384394804419
16.8,857.2412643081515
17.0,857.6319679860238
17.2,858.0107167730462
17.4,858.3776738489413
17.6,858.7329992545422
17.8,859.0768498308756
18.0,859.4093791572835
18.2,859.730737488894
18.4,860.0410716937358
18.6,860.3405251897697
18.8,860.6292378820938
19.0,860.9073461005611
19.2,861.1749825380293
19.4,861.4322761894451
19.6,861.6793522919498
19.8,861.9163322661748
20.0,862.1433336588799
20.2,862.3604700870742
20.4,862.5678511837419
20.6,862.7655825452824
20.8,862.9537656807632
21.0,863.1324979630707
21.2,863.3018725820294
21.4,863.4619784995555
21.6,863.6129004068977
21.8,863.7547186840086
22.0,863.8875093610839
22.2,864.011344082298
22.4,864.1262900717613
22.6,864.232410101713
22.8,864.3297624629636
23.0,864.4184009375974
23.2,864.498374773935
23.4,864.569728663761
23.6,864.632502721817
23.8,864.6867324675545
24.0,864.7324488091471
24.2,864.7696780297566
24.4,864.7984417760493
24.6,864.8187570489557
24.8,864.8306361966715
25.0,864.834086909896
25.2,864.8291122193024
25.4,864.8157104952405
25.6,864.7938754496686
25.8,864.7635961403148
26.0,864.7248569770684
26.2,864.6776377306019
26.4,864.6219135432274
26.6,864.5576549419867
26.8,864.484827853982
27.0,864.4033936239466
27.2,864.3133090340598
27.4,864.2145263260065
27.6,864.1069932252831
27.8,863.9906529677464
28.0,863.8654443284038
28.2,863.7313016524355
28.4,863.5881548884423
28.6,863.4359296239005
28.8,863.2745471228073
29.0,863.1039243654902
29.2,862.9239740905506
29.4,862.7346048389011
29.6,862.5357209998508
29.8,862.3272228591832
30.0,862.1090066491612
30.2,861.8809646003831
30.4,861.6429849954035
30.6,861.3949522240177
30.8,861.1367468401003
31.0,860.8682456198682
31.2,860.5893216214308
31.4,860.2998442454689
31.6,859.9996792968715
31.8,859.688689047142
32.0,859.3667322973686
32.2,859.0336644415336
32.4,858.6893375299247
32.6,858.3336003323852
32.8,857.966298401128
33.0,857.5872741328162
33.2,857.1963668295954
33.4,856.7934127587463
33.6,856.3782452106066
33.8,855.9506945543912
34.0,855.510588291531
34.2,855.0577511061217
34.4,854.5920049120738
34.6,854.113168896525
34.8,853.6210595590766
35.0,853.1154907463931
35.2,852.5962736817025
35.4,852.0632169887178
35.6,851.5161267094982
35.8,850.9548063157597
36.0,850.3790567131429
36.2,849.7886762379392
36.4,849.183460645779
36.6,848.5632030917816
36.8,847.9276941016701
37.0,847.2767215333512
37.2,846.6100705284663
37.4,845.9275234534117
37.6,845.2288598293317
37.8,844.5138562505772
38.0,843.782286291116
38.2,843.0339203983627
38.4,842.2685257738785
38.6,841.4858662403503
38.8,840.6857020942225
39.0,839.8677899432881
39.2,839.0318825284741
39.4,838.1777285289551
39.6,837.3050723496119
39.8,836.4136538897011
40.0,835.5032082914263
40.2,834.573465666892
40.4,833.6241508016751
40.6,832.6549828329674
40.8,831.6656748999239
41.0,830.6559337634898
41.2,829.6254593925883
41.4,828.5739445131176
41.6,827.5010741157506
41.8,826.4065249180462
42.0,825.2899647758898
42.2,824.1510520387878
42.4,822.9894348430572
42.6,821.8047503365067
42.8,820.5966238278131
43.0,819.3646678534766
43.2,818.1084811550272
43.4,816.8276475590721
43.6,815.5217347528484
43.8,814.1902929482184
44.0,812.8328534275289
44.2,811.4489269654914
44.4,810.0380021222502
44.6,808.5995434041029
44.8,807.132989289949
45.0,805.6377501234591
45.2,804.1132058731998
45.4,802.5587037654848
45.6,800.9735557975407
45.8,799.3570361416427
46.0,797.7083784541404
46.2,796.026773106705
46.4,794.311364360604
46.6,792.5612475082935
46.8,790.7754660099893
47.0,788.9530086560717
47.2,787.0928067890723
47.4,785.1937316215004
47.6,783.2545916877783
47.8,781.2741304699884
48.0,779.2510242378993
48.2,777.1838801437627
48.4,775.0712346116111
48.6,772.9115520591879
48.8,770.7032239882111
49.0,768.4445684754028
49.2,766.1338300926557
49.4,763.7691802799018
49.6,761.3487181887896
49.8,758.8704720092613
50.0,756.3324007846754
