0.0,808.478566117498
0.2,810.3536867133525
0.4,812.1879797984101
0.6,813.981831835015
0.8,815.7356362774026
1.0,817.4497938438296
1.2,819.1247127529823
1.4,820.7608089234561
1.6,822.358506135298
1.8,823.9182361528094
2.0,825.4404388080283
2.2,826.9255620445092
2.4,828.3740619212458
2.6,829.7864025767832
2.8,831.1630561537851
3.0,832.5045026845199
3.2,833.8112299379367
3.4,835.0837332291908
3.6,836.3225151926713
3.8,837.5280855197557
4.0,838.7009606626876
4.2,839.8416635061311
4.4,840.9507230081
4.6,842.0286738120938
4.8,843.0760558323934
5.0,844.093413814577
5.2,845.0812968734064
5.4,846.040258010316
5.6,846.9708536128007
5.8,847.8736429380428
6.0,848.7491875831621
6.2,849.5980509444846
6.4,850.4207976682364
6.6,851.2179930950601
6.8,851.9902027007282
7.0,852.737991535395
7.2,853.4619236636801
7.4,854.1625616078178
7.6,854.8404657960372
7.8,855.4961940182544
8.0,856.1303008910745
8.2,856.7433373339932
8.4,857.3358500585895
8.6,857.9083810723843
8.8,858.4614671989186
9.0,858.9956396154862
9.2,859.5114234098216
9.4,860.009337156918
9.6,860.4898925170152
9.8,860.953593855662
10.0,861.400937886627
10.2,861.8324133382923
10.4,862.2485006440393
10.6,862.6496716570002
10.8,863.0363893894261
11.0,863.4091077767952
11.2,863.7682714666694
11.4,864.1143156321928
11.6,864.4476658100134
11.8,864.7687377623131
12.0,865.0779373625259
12.2,865.3756605042431
12.4,865.6622930327135
12.6,865.9382106982745
12.8,866.2037791309785
13.0,866.4593538356207
13.2,866.7052802063122
13.4,866.9418935597038
13.6,867.169519185919
13.8,867.3884724162236
14.0,867.5990587064334
14.2,867.8015737350394
14.4,867.9963035150197
14.6,868.1835245182958
14.8,868.363503811795
15.0,868.5364992040774
15.2,868.7027594015045
15.4,868.8625241729301
15.6,869.0160245219225
15.8,869.1634828655408
16.0,869.3051132187211
16.2,869.4411213833561
16.4,869.5717051411796
16.6,869.6970544496091
16.8,869.8173516397319
17.0,869.9327716156611
17.2,870.0434820545265
17.4,870.1496436064089
17.6,870.2514100935649
17.8,870.3489287083355
18.0,870.442340209171
18.2,870.5317791142477
18.4,870.6173738921965
18.6,870.6992471494999
18.8,870.7775158141571
19.0,870.8522913152575
19.2,870.923679758136
19.4,870.9917820948249
19.6,871.0566942895485
19.8,871.118507479044
20.0,871.1773081275173
20.2,871.2331781760786
20.4,871.2861951865257
20.6,871.3364324793733
20.8,871.3839592660433
21.0,871.4288407751601
21.2,871.4711383729115
21.4,871.5109096774524
21.6,871.548208667348
21.8,871.583085784061
22.0,871.6155880285078
22.2,871.645759051711
22.4,871.6736392395893
22.6,871.6992657919278
22.8,871.7226727955843
23.0,871.7438912919819
23.2,871.7629493389469
23.4,871.7798720669509
23.6,871.7946817298118
23.8,871.8073977499116
24.0,871.8180367579846
24.2,871.8266126275252
24.4,871.8331365038604
24.6,871.8376168279295
24.8,871.8400593548043
25.0,871.8404671669792
25.2,871.8388406824529
25.4,871.835177657619
25.6,871.8294731849721
25.8,871.8217196856301
26.0,871.8119068966694
26.2,871.8000218532591
26.4,871.7860488655749
26.6,871.7699694904676
26.8,871.7517624978555
27.0,871.7314038318036
27.2,871.7088665662508
27.4,871.6841208553374
27.6,871.6571338782909
27.8,871.6278697788172
28.0,871.5962895989497
28.2,871.5623512073089
28.4,871.5260092217234
28.6,871.4872149261726
28.8,871.4459161820096
29.0,871.4020573334358
29.2,871.3555791071997
29.4,871.3064185065103
29.6,871.2545086991599
29.8,871.1997788998688
30.0,871.1421542468779
30.2,871.081555672835
30.4,871.0178997700336
30.6,870.9510986500941
30.8,870.881059798189
31.0,870.8076859219492
31.2,870.7308747952078
31.4,870.6505190967695
31.6,870.5665062444261
31.8,870.4787182244694
32.0,870.3870314169827
32.2,870.2913164172369
32.4,870.1914378535448
32.6,870.0872542019717
32.8,869.9786175983351
33.0,869.8653736479697
33.2,869.7473612337747
33.4,869.6244123230961
33.6,869.4963517740465
33.8,869.3629971418989
34.0,869.2241584862352
34.2,869.0796381795699
34.4,868.9292307182077
34.6,868.7727225361309
34.8,868.6098918227513
35.0,868.4405083453904
35.2,868.2643332773882
35.4,868.0811190327646
35.6,867.8906091083862
35.8,867.6925379346121
36.0,867.4866307354088
36.2,867.2726033989376
36.4,867.0501623596302
36.6,866.819004492765
36.8,866.5788170225603
37.0,866.3292774447933
37.2,866.0700534649333
37.4,865.8008029527651
37.6,865.5211739144494
37.8,865.2308044829306
38.0,864.9293229275693
38.2,864.6163476838211
38.4,864.2914874037366
38.6,863.9543410279914
38.8,863.6044978800891
39.0,863.2415377833021
39.2,862.8650312008382
39.4,862.4745393996242
39.6,862.0696146380109
39.8,861.6498003775953
40.0,861.2146315192547
40.2,860.7636346633695
40.4,860.2963283941023
40.6,859.8122235874685
40.8,859.3108237428215
41.0,858.791625337238
41.2,858.254118202164
41.4,857.6977859215498
41.6,857.1221062505698
41.8,856.5265515538937
42.0,855.9105892623398
42.2,855.2736823466206
42.4,854.6152898067581
42.6,853.9348671756284
42.8,853.2318670349778
43.0,852.5057395421422
43.2,851.7559329655955
43.4,850.981894227359
43.6,850.1830694502119
43.8,849.358904507569
44.0,848.5088455738206
44.2,847.6323396728698
44.4,846.7288352225632
44.6,845.7977825726716
44.8,844.8386345340575
45.0,843.8508468966634
45.2,842.8338789339563
45.4,841.7871938914855
45.6,840.71025945725
45.8,839.602548211614
46.0,838.4635380545793
46.2,837.2927126082974
46.4,836.0895615927972
46.6,834.8535811730118
46.8,833.5842742753036
47.0,832.2811508718225
47.2,830.9437282311741
47.4,829.5715311340301
47.6,828.1640920524829
47.8,826.7209512921141
48.0,825.2416570959421
48.2,823.7257657095951
48.4,822.1728414072625
48.6,820.5824564781743
48.8,818.9541911735696
49.0,817.2876336143238
49.2,815.5823796596131
49.4,813.8380327372072
49.6,812.0542036361869
49.8,810.2305102630941
50.0,808.3665773627143
