0.0,479.43545086049886
0.2,484.8726661810644
0.4,490.27051453127825
0.6,495.6278762683522
0.8,500.9436734212457
1.0,506.2168705947611
1.2,511.4464757457085
1.4,516.6315408300802
1.6,521.7711623209249
1.8,526.8644815973563
2.0,531.9106852058547
2.2,536.9090049957205
2.4,541.8587181312132
2.6,546.7591469835485
2.8,551.6096589065196
3.0,556.4096659000656
3.2,561.1586241666131
3.4,565.85603356547
3.6,570.501436970951
3.8,575.0944195402475
4.0,579.6346078973536
4.2,584.1216692395711
4.4,588.5553103732942
4.6,592.9352766858798
4.8,597.2613510604671
5.0,601.5333527406107
5.2,605.7511361515371
5.4,609.9145896847414
5.6,614.0236344524907
5.8,618.0782230186187
6.0,622.0783381117689
6.2,626.0239913269912
6.4,629.915221821306
6.6,633.7520950085418
6.8,637.534701258421
7.0,641.2631546045208
7.2,644.9375914653774
7.4,648.5581693826365
7.6,652.1250657797825
7.8,655.6384767446104
8.0,659.0986158382357
8.2,662.5057129330837
8.4,665.860013081945
8.6,669.1617754198488
8.8,672.4112721001842
9.0,675.6087872661907
9.2,678.7546160586523
9.4,681.8490636603589
9.6,684.8924443776491
9.8,687.8850807591189
10.0,690.8273027513738
10.2,693.7194468915108
10.4,696.561855535853
10.6,699.3548761243123
10.8,702.0988604796248
11.0,704.7941641405993
11.2,707.4411457284268
11.4,710.0401663450258
11.6,712.5915890023384
11.8,715.0957780814513
12.0,717.5530988203855
12.2,719.9639168293795
12.4,722.3285976324836
12.6,724.647506234289
12.8,726.9210067106213
13.0,729.1494618220522
13.2,731.3332326491035
13.4,733.4726782480507
13.6,735.5681553262649
13.8,737.6200179360718
14.0,739.6286171861437
14.2,741.5943009694855
14.4,743.5174137071147
14.6,745.3982961065802
14.8,747.2372849345101
15.0,749.0347128024155
15.2,750.7909079650248
15.4,752.5061941304599
15.6,754.180890281607
15.8,755.8153105080694
16.0,757.4097638481281
16.2,758.9645541401686
16.4,760.4799798830625
16.6,761.9563341050269
16.8,763.3939042405066
17.0,764.7929720146543
17.2,766.1538133350084
17.4,767.4766981899865
17.6,768.7618905538396
17.8,770.0096482977232
18.0,771.2202231065675
18.2,772.39386040144
18.4,773.5307992671089
18.6,774.6312723845342
18.8,775.6955059680182
19.0,776.72371970677
19.2,777.7161267106382
19.4,778.6729334597842
19.6,779.5943397580768
19.8,780.4805386899942
20.0,781.3317165808346
20.2,782.1480529600381
20.4,782.9297205274356
20.6,783.676885122247
20.8,784.389705694655
21.0,785.0683342797948
21.2,785.7129159739985
21.4,786.3235889131487
21.6,786.900484252997
21.8,787.4437261513112
22.0,787.953431751722
22.2,788.4297111691494
22.4,788.8726674766906
22.6,789.2823966938621
22.8,789.6589877760949
23.0,790.0025226053868
23.2,790.313075982024
23.4,790.5907156172914
23.6,790.8355021270978
23.8,791.0474890264471
24.0,791.2267227246967
24.2,791.3732425215494
24.4,791.4870806037325
24.6,791.5682620423258
24.8,791.6168047907045
25.0,791.6327196830742
25.2,791.616010433579
25.4,791.5666736359717
25.6,791.4846987638438
25.8,791.3700681714166
26.0,791.2227570949076
26.2,791.0427336544848
26.4,790.8299588568389
26.6,790.5843865984027
26.8,790.3059636692565
27.0,789.9946297577667
27.2,789.6503174560104
27.4,789.2729522660463
27.6,788.862452607098
27.8,788.4187298237254
28.0,787.9416881950636
28.2,787.4312249452194
28.4,786.8872302549169
28.6,786.3095872744983
28.8,785.6981721383836
29.0,785.0528539811078
29.2,784.3734949550568
29.4,783.6599502500306
29.6,782.9120681147699
29.8,782.1296898805878
30.0,781.3126499872577
30.2,780.4607760113136
30.4,779.5738886969242
30.6,778.6518019895155
30.8,777.694323072318
31.0,776.7012524060228
31.2,775.6723837717466
31.4,774.6075043175006
31.6,773.5063946083803
31.8,772.3688286806932
32.0,771.1945741002563
32.2,769.9833920251017
32.4,768.735037272845
32.6,767.4492583929767
32.8,766.1257977443569
33.0,764.7643915781991
33.2,763.3647701268534
33.4,761.9266576987071
33.6,760.4497727795444
33.8,758.9338281407245
34.0,757.3785309545541
34.2,755.7835829172614
34.4,754.1486803799932
34.6,752.4735144882912
34.8,750.7577713305243
35.0,749.00113209579
35.2,747.2032732418251
35.4,745.3638666735023
35.6,743.4825799325246
35.8,741.5590763989647
36.0,739.5930155053406
36.2,737.5840529639514
36.4,735.5318410082475
36.6,733.4360286490465
36.8,731.2962619464496
37.0,729.112184298359
37.2,726.8834367465373
37.4,724.6096583011924
37.6,722.2904862851109
37.8,719.9255566984014
38.0,717.5145046049406
38.2,715.0569645416514
38.4,712.552570951757
38.6,710.0009586431843
38.8,707.4017632732928
39.0,704.754621861113
39.2,702.0591733282702
39.4,699.3150590697487
39.6,696.5219235556284
39.8,693.6794149648731
40.0,690.7871858522017
40.2,687.8448938489914
40.4,684.8522023990778
40.6,681.8087815302019
40.8,678.7143086617349
41.0,675.5684694491549
41.2,672.3709586655913
41.4,669.121481120559
41.6,665.819752615798
41.8,662.4655009379062
42.0,659.0584668871984
42.2,655.5984053419606
42.4,652.0850863569754
42.6,648.5182962948895
42.8,644.8978389886715
43.0,641.2235369330695
43.2,637.4952325026294
43.4,633.7127891934779
43.6,629.8760928857004
43.8,625.985053122785
44.0,622.0396044042257
44.2,618.0397074870149
44.4,613.9853506913953
44.6,609.8765512058967
44.8,605.7133563863478
45.0,601.4958450432457
45.2,597.2241287115774
45.4,592.8983528969317
45.6,588.5186982915158
45.8,584.0853819535027
46.0,579.598658442997
46.2,575.0588209077985
46.4,570.4662021120997
46.6,565.8211754012519
46.8,561.1241555957863
47.0,556.375599807991
47.2,551.5760081745132
47.4,546.725924498677
47.6,541.825936796497
47.8,536.8766777407066
48.0,531.8788249975215
48.2,526.833101451306
48.4,521.7402753128212
48.6,516.6011601072846
48.8,511.41661453906636
49.0,506.18754223049024
49.2,500.9148913328758
49.4,495.5996540086646
49.6,490.242865784195
49.8,484.84560477343524
50.0,479.4089907737346
