0.0,566.8187312978132
0.2,573.391549187171
0.4,579.8209283610879
0.6,586.109587585307
0.8,592.2602234196703
1.0,598.2755087634196
1.2,604.1580914654598
1.4,609.9105930007626
1.6,615.5356072138758
1.8,621.0356991303045
2.0,626.413403836328
2.2,631.6712254276159
2.4,636.8116360268208
2.6,641.8370748701328
2.8,646.7499474626021
3.0,651.5526248018566
3.2,656.2474426696746
3.4,660.8367009907067
3.6,665.3226632574848
3.8,669.7075560207049
4.0,673.9935684436339
4.2,678.1828519193475
4.4,682.2775197493891
4.6,686.2796468823161
4.8,690.1912697104952
5.0,694.0143859234037
5.2,697.7509544156061
5.4,701.4028952474933
5.6,704.9720896567961
5.8,708.4603801188217
6.0,711.8695704533094
6.2,715.2014259757535
6.4,718.4576736910044
6.6,721.6400025269331
6.8,724.7500636059245
7.0,727.7894705519531
7.2,730.7597998309911
7.4,733.662591122511
7.6,736.499347719846
7.8,739.2715369572052
8.0,741.9805906611577
8.2,744.6279056244388
8.4,747.21484409997
8.6,749.7427343130313
8.8,752.212870989573
9.0,754.6265158987146
9.2,756.9848984075336
9.4,759.2892160463157
9.6,761.5406350825042
9.8,763.7402911016559
10.0,765.889289593787
10.2,767.9887065435665
10.4,770.0395890228918
10.6,772.0429557844598
10.8,773.999797855028
11.0,775.9110791271363
11.2,777.7777369481429
11.4,779.6006827055062
11.6,781.3808024073215
11.8,783.1189572572036
12.0,784.8159842226752
12.2,786.4726965963027
12.4,788.0898845488919
12.6,789.6683156741193
12.8,791.2087355240571
13.0,792.7118681351003
13.2,794.178416543877
13.4,795.6090632927817
13.6,797.0044709248212
13.8,798.3652824675286
14.0,799.6921219057374
14.2,800.9855946430706
14.4,802.2462879520286
14.6,803.4747714126131
14.8,804.6715973394548
15.0,805.8373011974495
15.2,806.9724020059397
15.4,808.0774027315053
15.6,809.1527906694539
15.8,810.1990378141221
16.0,811.2166012181217
16.2,812.2059233406783
16.4,813.1674323852271
16.6,814.1015426264413
16.8,815.0086547268768
17.0,815.8891560434301
17.2,816.7434209238043
17.4,817.5718109931856
17.6,818.3746754313379
17.8,819.1523512403146
18.0,819.9051635029967
18.2,820.6334256326528
18.4,821.3374396137218
18.6,822.017496234011
18.8,822.6738753084944
19.0,823.3068458948953
19.2,823.9166665012261
19.4,824.5035852854515
19.6,825.0678402474354
19.8,825.609659413321
20.0,826.1292610124887
20.2,826.6268536472237
20.4,827.1026364552195
20.6,827.5567992650349
20.8,827.9895227446133
21.0,828.4009785429628
21.2,828.7913294250918
21.4,829.1607294002836
21.6,829.5093238437864
21.8,829.83724961199
22.0,830.1446351511518
22.2,830.4316005997268
22.4,830.6982578843572
22.6,830.9447108095598
22.8,831.1710551411569
23.0,831.377378683482
23.2,831.5637613503915
23.4,831.7302752301091
23.6,831.876984643925
23.8,832.003946198769
24.0,832.1112088336733
24.2,832.1988138601392
24.4,832.266794996416
24.6,832.3151783957038
24.8,832.3439826682846
25.0,832.3532188975853
25.2,832.3428906501769
25.4,832.3129939797103
25.6,832.2635174247881
25.8,832.1944420007692
26.0,832.1057411855036
26.2,831.9973808989898
26.4,831.8693194769513
26.6,831.7215076383171
26.8,831.5538884466001
27.0,831.3663972651566
27.2,831.158961706312
27.4,830.931501574333
27.6,830.6839288022251
27.8,830.4161473823284
28.0,830.1280532906849
28.2,829.8195344051406
28.4,829.4904704171491
28.6,829.1407327372293
28.8,828.7701843940331
29.0,828.3786799269681
29.2,827.9660652723152
29.4,827.5321776427763
29.6,827.0768454003792
29.8,826.5998879226588
30.0,826.1011154620295
30.2,825.5803289982514
30.4,825.0373200838886
30.6,824.4718706826498
30.8,823.8837530004871
31.0,823.272729309332
31.2,822.6385517633255
31.4,821.9809622074021
31.6,821.2996919780728
31.8,820.5944616962468
32.0,819.8649810519214
32.2,819.1109485805684
32.4,818.3320514310291
32.6,817.527965124732
32.8,816.6983533060388
33.0,815.8428674835203
33.2,814.9611467619579
33.4,814.0528175648708
33.6,813.117493347359
33.8,812.154774299061
34.0,811.164247037023
34.2,810.1454842882782
34.4,809.0980445619482
34.6,808.0214718106769
34.8,806.9152950812244
35.0,805.7790281540567
35.2,804.6121691717833
35.4,803.4142002563121
35.6,802.1845871146091
35.8,800.922778632977
36.0,799.6282064597876
36.2,798.3002845766345
36.4,796.9384088579055
36.6,795.5419566188059
36.8,794.1102861519013
37.0,792.6427362522962
37.2,791.1386257316001
37.4,789.5972529208883
37.6,788.0178951629107
37.8,786.3998082938568
38.0,784.7422261150457
38.2,783.0443598549634
38.4,781.305397622139
38.6,779.5245038494141
38.8,777.7008187302278
39.0,775.8334576476103
39.2,773.9215105966539
39.4,771.9640416012987
39.6,769.9600881263538
39.8,767.9086604857462
40.0,765.8087412480734
40.2,763.6592846406113
40.4,761.4592159530104
40.6,759.2074309419941
40.8,756.9027952384499
41.0,754.5441437583851
41.2,752.1302801192938
41.4,749.65997606356
41.6,747.1319708905922
41.8,744.5449708994598
42.0,741.897648843863
42.2,739.1886434013405
42.4,736.4165586586738
42.6,733.5799636155025
42.8,730.677391708221
43.0,727.7073403562677
43.2,724.6682705329614
43.4,721.558606363069
43.6,718.3767347493215
43.8,715.1210050301114
44.0,711.7897286706169
44.2,708.3811789896084
44.4,704.8935909241842
44.6,701.3251608346754
44.8,697.674046351939
45.0,693.93836626923
45.2,690.1162004808072
45.4,686.2055899693801
45.6,682.2045368444516
45.8,678.1110044335433
46.0,673.9229174282211
46.2,669.6381620867544
46.4,665.2545864951483
46.6,660.7700008881945
46.8,656.1821780320696
47.0,651.4888536698951
47.2,646.6877270315516
47.4,641.7764614088953
47.6,636.7526847973925
47.8,631.6139906050304
48.0,626.3579384292121
48.2,620.9820549021728
48.4,615.4838346052895
48.6,609.8607410524776
48.8,604.1102077426831
49.0,598.2296392812981
49.2,592.2164125701257
49.4,586.0678780653332
49.6,579.7813611026232
49.8,573.3541632886541
50.0,566.7835639575288
