0.0,869.5668892583105
0.2,869.96687167632
0.4,870.3352214869593
0.6,870.6722973416678
0.8,870.9787455966491
1.0,871.255483777683
1.2,871.5036763420527
1.4,871.724703955332
1.6,871.9201277585564
1.8,872.0916502644819
2.0,872.2410745841966
2.2,872.3702636490954
2.4,872.4811009670861
2.6,872.5754542507883
2.8,872.6551429985997
3.0,872.7219108183975
3.2,872.7774029802389
3.4,872.8231493892395
3.6,872.8605529004286
3.8,872.8908826673692
4.0,872.9152720347325
4.2,872.9347203561582
4.4,872.9500980425994
4.6,872.9621541192566
4.8,872.9715255846197
5.0,872.9787479147019
5.2,872.9842661300465
5.4,872.9884459332887
5.6,872.9915845224459
5.8,872.9939207824232
6.0,872.9956446486699
6.2,872.9969055184173
6.4,872.9978196539208
6.6,872.9984765775232
6.8,872.9989445001997
7.0,872.9992748545013
7.2,872.9995060209791
7.4,872.999666346165
7.6,872.9997765519072
7.8,872.9998516322736
8.0,872.9999023270082
8.2,872.9999362511394
8.4,872.9999587499509
8.6,872.9999735380161
8.8,872.9999831709912
9.0,872.9999893897477
9.2,872.9999933684167
9.4,872.9999958910879
9.6,872.9999974762358
9.8,872.9999984633405
10.0,872.9999990725116
10.2,872.999999445072
10.4,872.9999996708773
10.6,872.9999998065057
10.8,872.9999998872377
11.0,872.9999999348607
11.2,872.9999999627006
11.4,872.999999978829
11.6,872.9999999880888
11.8,872.9999999933573
12.0,872.9999999963279
12.2,872.9999999979877
12.4,872.999999998907
12.6,872.9999999994114
12.8,872.9999999996858
13.0,872.9999999998337
13.2,872.9999999999126
13.4,872.9999999999544
13.6,872.9999999999764
13.8,872.9999999999877
14.0,872.9999999999936
14.2,872.9999999999966
14.4,872.9999999999983
14.6,872.9999999999992
14.8,872.9999999999998
15.0,873.0
15.2,873.0
15.4,873.0
15.6,873.0
15.8,873.0
16.0,873.0
16.2,873.0
16.4,873.0
16.6,873.0
16.8,873.0
17.0,873.0
17.2,873.0
17.4,873.0
17.6,873.0
17.8,873.0
18.0,873.0
18.2,873.0
18.4,873.0
18.6,873.0
18.8,873.0
19.0,873.0
19.2,873.0
19.4,873.0
19.6,873.0
19.8,873.0
20.0,873.0
20.2,873.0
20.4,873.0
20.6,873.0
20.8,873.0
21.0,873.0
21.2,873.0
21.4,873.0
21.6,873.0
21.8,873.0
22.0,873.0
22.2,873.0
22.4,873.0
22.6,873.0
22.8,873.0
23.0,873.0
23.2,873.0
23.4,873.0
23.6,873.0
23.8,873.0
24.0,873.0
24.2,873.0
24.4,873.0
24.6,873.0
24.8,873.0
25.0,873.0
25.2,873.0
25.4,873.0
25.6,873.0
25.8,873.0
26.0,873.0
26.2,873.0
26.4,873.0
26.6,873.0
26.8,873.0
27.0,873.0
27.2,873.0
27.4,873.0
27.6,873.0
27.8,873.0
28.0,873.0
28.2,873.0
28.4,873.0
28.6,873.0
28.8,873.0
29.0,873.0
29.2,873.0
29.4,873.0
29.6,873.0
29.8,873.0
30.0,873.0
30.2,873.0
30.4,873.0
30.6,873.0
30.8,873.0
31.0,873.0
31.2,873.0
31.4,873.0
31.6,873.0
31.8,873.0
32.0,873.0
32.2,873.0
32.4,873.0
32.6,873.0
32.8,873.0
33.0,873.0
33.2,873.0
33.4,873.0
33.6,873.0
33.8,873.0
34.0,873.0
34.2,873.0
34.4,873.0
34.6,873.0
34.8,873.0
35.0,873.0
35.2,872.9999999999998
35.4,872.9999999999992
35.6,872.9999999999983
35.8,872.9999999999966
36.0,872.9999999999936
36.2,872.9999999999877
36.4,872.9999999999764
36.6,872.9999999999544
36.8,872.9999999999126
37.0,872.9999999998337
37.2,872.9999999996858
37.4,872.9999999994114
37.6,872.9999999989069
37.8,872.9999999979875
38.0,872.9999999963273
38.2,872.999999993356
38.4,872.9999999880864
38.6,872.9999999788246
38.8,872.9999999626922
39.0,872.9999999348455
39.2,872.9999998872105
39.4,872.9999998064578
39.6,872.9999996707935
39.8,872.9999994449262
40.0,872.99999907226
40.2,872.9999984629098
40.4,872.9999974755048
40.6,872.9999958898574
40.8,872.9999933663623
41.0,872.9999893863461
41.2,872.9999831654053
41.4,872.9999735289185
41.6,872.9999587352544
41.8,872.9999362275906
42.0,872.9999022895803
42.2,872.9998515732659
42.4,872.9997764596245
42.6,872.9996662029967
42.8,872.9995058006342
43.0,872.9992745180634
43.2,872.9989439905539
43.4,872.9984758115534
43.6,872.9978185116946
43.8,872.9969038283303
44.0,872.9956421672401
44.2,872.9939171670627
44.4,872.9915792951231
44.6,872.9884384324899
44.8,872.9842554478772
45.0,872.9787328153112
45.2,872.9715043994162
45.4,872.9621246135948
45.6,872.9500572477949
45.8,872.9346643598421
46.0,872.9151957217255
46.2,872.8907794024792
46.4,872.8604141438988
46.6,872.8229642350507
46.8,872.7771576071638
47.0,872.7215878436537
47.2,872.65472072424
47.4,872.5749057936167
47.6,872.480393263958
47.8,872.3693563309632
48.0,872.2399187142101
48.2,872.0901869378143
48.4,871.9182865643841
48.6,871.7224013044588
48.8,871.5008136669687
49.0,871.2519456152567
49.2,870.9743975670593
49.4,870.6669840404385
49.6,870.3287643099384
49.8,869.9590665999937
50.0,869.5575045998642
