0.0,724.6030501469901
0.2,727.6260883804508
0.4,730.5897953203785
0.6,733.4953395644867
0.8,736.3438734600386
1.0,739.1365325115412
1.2,741.8744348330177
1.4,744.558680645735
1.6,747.1903518220474
1.8,749.7705114758143
2.0,752.3002035996287
2.2,754.7804527488966
2.4,757.2122637725913
2.6,759.5966215903205
2.8,761.9344910151378
3.0,764.2268166213564
3.2,766.4745226564348
3.4,768.6785129958457
3.6,770.8396711396724
3.8,772.9588602495365
4.0,775.0369232243214
4.2,777.074682813034
4.4,779.0729417630353
4.6,781.032483001774
4.8,782.9540698500722
5.0,784.8384462649383
5.2,786.6863371098319
5.4,788.4984484502518
5.6,790.2754678724957
5.8,792.0180648234159
6.0,793.7268909689948
6.2,795.4025805695682
6.4,797.045750869545
6.6,798.6570024995007
6.8,800.2369198885638
7.0,801.7860716850656
7.2,803.3050111834804
7.4,804.7942767557555
7.6,806.254392285204
7.8,807.6858676012149
8.0,809.0891989131271
8.2,810.4648692417022
8.4,811.8133488467333
8.6,813.1350956494258
8.8,814.4305556482889
9.0,815.7001633273832
9.2,816.9443420558757
9.4,818.1635044779583
9.6,819.3580528922896
9.8,820.5283796202316
10.0,821.6748673622451
10.2,822.7978895419134
10.4,823.8978106371599
10.6,824.9749864983157
10.8,826.0297646527866
11.0,827.0624845961482
11.2,828.0734780695836
11.4,829.0630693236494
11.6,830.031575368427
11.8,830.9793062101824
12.0,831.9065650747139
12.2,832.8136486176254
12.4,833.7008471218078
12.6,834.5684446824557
12.8,835.4167193799848
13.0,836.2459434412488
13.2,837.056383389478
13.4,837.8483001833912
13.6,838.6219493459445
13.8,839.3775810831975
14.0,840.1154403937859
14.2,840.8357671694957
14.4,841.5387962874343
14.6,842.2247576942926
14.8,842.8938764831917
15.0,843.5463729635921
15.2,844.1824627247429
15.4,844.8023566931273
15.6,845.4062611843553
15.8,845.9943779499303
16.0,846.5669042193063
16.2,847.1240327376304
16.4,847.665951799546
16.6,848.1928452794151
16.8,848.7048926582944
17.0,849.2022690479816
17.2,849.6851452124293
17.4,850.1536875867974
17.6,850.6080582944031
17.8,851.048415161801
18.0,851.4749117322099
18.2,851.8876972774831
18.4,852.2869168088016
18.6,852.6727110862533
18.8,853.0452166274412
19.0,853.4045657152524
19.2,853.7508864049049
19.4,854.0843025303698
19.6,854.4049337102613
19.8,854.7128953532717
20.0,855.0082986632156
20.2,855.2912506437398
20.4,855.5618541027491
20.6,855.8202076565818
20.8,856.0664057339716
21.0,856.3005385798155
21.2,856.5226922587705
21.4,856.7329486586905
21.6,856.9313854939128
21.8,857.1180763084
22.0,857.293090478737
22.2,857.456493216985
22.4,857.6083455733857
22.6,857.748704438912
22.8,857.8776225476586
23.0,857.9951484790628
23.2,858.1013266599479
23.4,858.1961973663783
23.6,858.2797967253188
23.8,858.352156716085
24.0,858.4133051715771
24.2,858.4632657792874
24.4,858.5020580820726
24.6,858.5296974786808
24.8,858.5461952240263
25.0,858.5515584292075
25.2,858.5457900612557
25.4,858.5288889426153
25.6,858.5008497503469
25.8,858.4616630150509
26.0,858.4113151195085
26.2,858.3497882970372
26.4,858.2770606295604
26.6,858.1931060453893
26.8,858.0978943167183
27.0,857.9913910568332
27.2,857.8735577170336
27.4,857.7443515832714
27.6,857.6037257725052
27.8,857.4516292287735
28.0,857.2880067189867
28.2,857.1127988284379
28.4,856.9259419560346
28.6,856.7273683092461
28.8,856.5170058987668
29.0,856.2947785328888
29.2,856.060605811578
29.4,855.8144031202419
29.6,855.556081623178
29.8,855.2855482566847
30.0,855.0027057218131
30.2,854.7074524767331
30.4,854.3996827286834
30.6,854.0792864254634
30.8,853.7461492464238
31.0,853.4001525929004
31.2,853.041173578029
31.4,852.6690850158678
31.6,852.2837554097456
31.8,851.8850489397398
32.0,851.472825449178
32.2,851.0469404300426
32.4,850.6072450071442
32.6,850.1535859209149
32.8,849.6858055086554
33.0,849.2037416840549
33.2,848.7072279147845
33.4,848.1960931979481
33.6,847.6701620331538
33.8,847.1292543929529
34.0,846.5731856903717
34.2,846.001766743244
34.4,845.4148037350309
34.6,844.8120981717967
34.8,844.1934468349887
35.0,843.5586417296511
35.2,842.9074700276866
35.4,842.2397140057608
35.6,841.5551509774263
35.8,840.8535532190353
36.0,840.1346878889924
36.2,839.3983169398867
36.4,838.6441970230411
36.6,837.8720793850027
36.8,837.0817097555013
37.0,836.2728282263998
37.2,835.4451691211652
37.4,834.598460854394
37.6,833.7324257809423
37.8,832.8467800342182
38.0,831.9412333532223
38.2,831.0154888979388
38.4,830.0692430527187
38.6,829.1021852173179
38.8,828.1139975853082
39.0,827.1043549096091
39.2,826.0729242549514
39.4,825.0193647371301
39.6,823.9433272489707
39.8,822.8444541729973
40.0,821.7223790808624
40.2,820.5767264196766
40.4,819.4071111854563
40.6,818.2131385839957
40.8,816.9944036795558
41.0,815.7504910318638
41.2,814.4809743220064
41.4,813.1854159679092
41.6,811.863366730188
41.8,810.5143653092732
42.0,809.1379379348047
42.2,807.7335979484076
42.4,806.3008453810622
42.6,804.8391665263873
42.8,803.348033511259
43.0,801.826903865289
43.2,800.2752200907788
43.4,798.6924092348687
43.6,797.0778824656719
43.8,795.4310346542843
44.0,793.7512439646167
44.2,792.0378714530772
44.4,790.2902606801782
44.6,788.5077373361986
44.8,786.6896088830648
45.0,784.8351642146451
45.2,782.9436733376649
45.4,781.0143870754549
45.6,779.0465367967399
45.8,777.0393341716447
46.0,774.9919709570684
46.2,772.9036188135256
46.4,770.7734291554893
46.6,768.6005330371984
46.8,766.3840410757997
47.0,764.1230434135948
47.2,761.8166097210441
47.4,759.4637892420503
47.6,757.0636108829065
47.8,754.6150833461365
48.0,752.1171953102976
48.2,749.5689156566311
48.4,746.9691937432788
48.6,744.3169597275734
48.8,741.6111249367277
49.0,738.8505822870344
49.2,736.0342067514773
49.4,733.1608558754488
49.6,730.229370340041
49.8,727.2385745721733
50.0,724.1872774005918
