0.0,832.7891882714555
0.2,834.6528517023403
0.4,836.4416423878031
0.6,838.1546661027393
0.8,839.7914920100642
1.0,841.3521548506108
1.2,842.8371477321616
1.4,844.2474059919081
1.6,845.5842828626512
1.8,846.8495178939584
2.0,848.0451992573958
2.2,849.1737211943506
2.4,850.2377379428116
2.6,851.240115505343
2.8,852.1838825963504
3.0,853.0721820368
3.2,853.908223754864
3.4,854.6952404089599
3.6,855.4364464837238
3.8,856.1350015283699
4.0,856.7939780193544
4.2,857.4163341434812
4.4,858.0048916208522
4.6,858.5623185255316
4.8,859.0911169202184
5.0,859.5936150029522
5.2,860.0719633707753
5.4,860.5281349378495
5.6,860.9639280030689
5.8,861.3809719429648
6.0,861.780735007141
6.2,862.164533712498
6.4,862.5335433656929
6.6,862.8888092871055
6.8,863.2312583606243
7.0,863.5617105886207
7.2,863.8808903877288
7.4,864.1894374161075
7.6,864.4879167748073
7.8,864.7768284732805
8.0,865.0566160910025
8.2,865.3276746030749
8.4,865.5903573673899
8.6,865.8449822945877
8.8,866.0918372399944
9.0,866.3311846695347
9.2,866.5632656598967
9.4,866.7883032976962
9.6,867.0065055437228
9.8,867.2180676272553
10.0,867.4231740324849
10.2,867.6220001348795
10.4,867.8147135402893
10.6,868.0014751741488
10.8,868.1824401625687
11.0,868.3577585416657
11.2,868.5275758263339
11.4,868.6920334649017
11.6,868.8512692018401
11.8,869.0054173668904
12.0,869.1546091056887
12.2,869.2989725641334
12.4,869.4386330363621
12.6,869.5737130842168
12.8,869.704332634434
13.0,869.8306090584712
13.2,869.952657238804
13.4,870.0705896246719
13.6,870.184516279577
13.8,870.2945449223138
14.0,870.400780962887
14.2,870.5033275343744
14.4,870.6022855215339
14.6,870.6977535867787
14.8,870.7898281940049
15.0,870.8786036306442
15.2,870.9641720282419
15.4,871.0466233817964
15.6,871.1260455680493
15.8,871.2025243628856
16.0,871.2761434579705
16.2,871.3469844767302
16.4,871.4151269897691
16.6,871.4806485297987
16.8,871.5436246061427
17.0,871.6041287188746
17.2,871.6622323726328
17.4,871.718005090154
17.6,871.7715144255528
17.8,871.8228259773799
18.0,871.8720034014727
18.2,871.9191084236184
18.4,871.9642008520374
18.6,872.0073385896972
18.8,872.0485776464558
19.0,872.0879721510366
19.2,872.1255743628316
19.4,872.1614346835255
19.6,872.1956016685328
19.8,872.2281220382379
20.0,872.2590406890229
20.2,872.288400704074
20.4,872.3162433639458
20.6,872.3426081568706
20.8,872.3675327887942
21.0,872.3910531931192
21.2,872.4132035401393
21.4,872.4340162461436
21.6,872.453521982175
21.8,872.4717496824193
22.0,872.4887265522115
22.2,872.5044780756365
22.4,872.519028022709
22.6,872.5323984561139
22.8,872.5446097374914
23.0,872.5556805332486
23.2,872.5656278198854
23.4,872.574466888819
23.6,872.582211350693
23.8,872.5888731391592
24.0,872.5944625141226
24.2,872.5989880644366
24.4,872.602456710043
24.6,872.6048737035466
24.8,872.6062426312179
25.0,872.6065654134229
25.2,872.6058423044707
25.4,872.604071891881
25.6,872.6012510950676
25.8,872.5973751634409
26.0,872.5924376739284
26.2,872.5864305279184
26.4,872.5793439476299
26.6,872.5711664719154
26.8,872.5618849515029
27.0,872.5514845436862
27.2,872.5399487064725
27.4,872.5272591921974
27.6,872.5133960406216
27.8,872.4983375715199
28.0,872.4820603767778
28.2,872.4645393120109
28.4,872.4457474877231
28.6,872.4256562600214
28.8,872.4042352209033
29.0,872.3814521881371
29.2,872.3572731947547
29.4,872.3316624781743
29.6,872.3045824689746
29.8,872.2759937793426
30.0,872.245855191212
30.2,872.2141236441151
30.4,872.1807542227698
30.6,872.1457001444185
30.8,872.108912745942
31.0,872.070341470766
31.2,872.0299338555784
31.4,871.9876355168759
31.6,871.9433901373549
31.8,871.8971394521617
32.0,871.848823235015
32.2,871.7983792842123
32.4,871.745743408528
32.6,871.6908494130099
32.8,871.6336290846784
33.0,871.5740121781276
33.2,871.5119264010266
33.4,871.4472973995126
33.6,871.3800487434675
33.8,871.3101019116574
34.0,871.2373762767207
34.2,871.16178908997
34.4,871.0832554659788
34.6,871.0016883669095
34.8,870.9169985865275
35.0,870.8290947338397
35.2,870.7378832162773
35.4,870.6432682223209
35.6,870.5451517034476
35.8,870.44343335524
36.0,870.3380105974599
36.2,870.2287785528247
36.4,870.115630024157
36.6,869.9984554694668
36.8,869.8771429743961
37.0,869.7515782212732
37.2,869.6216444537882
37.4,869.48722243599
37.6,869.3481904039041
37.8,869.2044240075505
38.0,869.0557962404757
38.2,868.9021773530748
38.4,868.7434347449191
38.6,868.5794328300011
38.8,868.4100328671892
39.0,868.2350927462383
39.2,868.0544667173459
39.4,867.868005049471
39.6,867.6755535993813
39.8,867.4769532696648
40.0,867.2720393297243
40.2,867.0606405690882
40.4,866.8425782473058
40.6,866.617664799331
40.8,866.3857022498178
41.0,866.1464802843896
41.2,865.8997739209805
41.4,865.6453407201917
41.6,865.3829174707001
41.8,865.1122162846526
42.0,864.8329200392792
42.2,864.5446771053256
42.4,864.2470953110369
42.6,863.9397351029816
42.8,863.622101882645
43.0,863.293637520948
43.2,862.9537110820334
43.4,862.60160882294
43.6,862.2365235769872
43.8,861.8575436752907
44.0,861.4636416118914
44.2,861.0536627120954
44.4,860.6263141189161
44.6,860.1801544666429
44.8,859.7135846607364
45.0,859.2248402263554
45.2,858.7119857204573
45.4,858.1729117211439
45.6,857.605334909364
45.8,857.0068017392107
46.0,856.3746961513417
46.2,855.7062517178255
46.4,854.9985685152307
46.6,854.2486349065683
46.8,853.4533542735741
47.0,852.6095765820784
47.2,851.71413448953
47.4,850.7638835211656
47.6,849.7557456570187
47.8,848.6867554940038
48.0,847.5541079842404
48.2,846.3552066112442
48.4,845.0877107578197
48.6,843.7495809507815
48.8,842.3391206439303
49.0,840.8550132261611
49.2,839.2963530181278
49.4,837.662669148083
49.6,835.9539413723921
49.8,834.1706071233419
50.0,832.3135593185021
