0.0,788.1813992498717
0.2,790.2682446653707
0.4,792.3155289087687
0.6,794.3236897877888
0.8,796.2931655865603
1.0,798.2243950651555
1.2,800.1178174549913
1.4,801.9738724499513
1.6,803.7930001930991
1.8,805.5756412588693
2.0,807.3222366306352
2.2,809.0332276735757
2.4,810.709056102769
2.6,812.3501639464693
2.8,813.956993504529
3.0,815.5299873019544
3.2,817.0695880375905
3.4,818.5762385279584
3.6,820.0503816462751
3.8,821.4924602567077
4.0,822.9029171439289
4.2,824.2821949380573
4.4,825.6307360350802
4.6,826.9489825128729
4.8,828.2373760429431
5.0,829.4963577980421
5.2,830.7263683558009
5.4,831.9278475985575
5.6,833.1012346095589
5.8,834.2469675657303
6.0,835.3654836272142
6.2,836.457218823894
6.4,837.522607939125
6.6,838.562084390903
6.8,839.5760801107095
7.0,840.5650254202797
7.2,841.5293489065407
7.4,842.4694772949804
7.6,843.3858353217006
7.8,844.2788456044203
8.0,845.1489285126905
8.2,845.9965020375876
8.4,846.8219816611472
8.6,847.6257802258052
8.8,848.4083078041054
9.0,849.1699715689357
9.2,849.9111756645464
9.4,850.6323210786038
9.6,851.3338055155245
9.8,852.0160232713315
10.0,852.6793651102644
10.2,853.324218143373
10.4,853.9509657093097
10.6,854.5599872575311
10.8,855.1516582341108
11.0,855.726349970352
11.2,856.284429574382
11.4,856.826259825897
11.6,857.3521990742162
11.8,857.8626011397931
12.0,858.3578152193174
12.2,858.8381857945325
12.4,859.304052544879
12.6,859.7557502640625
12.8,860.1936087806316
13.0,860.61795288264
13.2,861.029102246453
13.4,861.4273713697473
13.6,861.8130695087381
13.8,862.1865006196583
14.0,862.5479633044997
14.2,862.8977507610147
14.4,863.2361507369661
14.6,863.5634454885991
14.8,863.8799117432998
15.0,864.1858206663932
15.2,864.4814378320215
15.4,864.7670231980366
15.6,865.0428310848251
15.8,865.3091101579828
16.0,865.5661034147363
16.2,865.8140481740134
16.4,866.053176070041
16.6,866.2837130493574
16.8,866.5058793711042
17.0,866.7198896104693
17.2,866.9259526651348
17.4,867.1242717645891
17.6,867.3150444821484
17.8,867.4984627495337
18.0,867.6747128738449
18.2,867.8439755567689
18.4,868.0064259158552
18.6,868.1622335076953
18.8,868.3115623528329
19.0,868.4545709622355
19.2,868.5914123651606
19.4,868.7222341382387
19.6,868.8471784356083
19.8,868.96638201993
20.0,869.0799762941139
20.2,869.1880873335896
20.4,869.2908359189588
20.6,869.3883375688661
20.8,869.4807025729297
21.0,869.5680360245777
21.2,869.6504378536386
21.4,869.7280028585369
21.6,869.8008207379543
21.8,869.868976121816
22.0,869.9325486014726
22.2,869.9916127589483
22.4,870.0462381951343
22.6,870.096489556815
22.8,870.1424265624154
23.0,870.1841040263689
23.2,870.22157188201
23.4,870.2548752029031
23.6,870.2840542225262
23.8,870.3091443522358
24.0,870.3301761974458
24.2,870.3471755719614
24.4,870.3601635104178
24.6,870.369156278777
24.8,870.374165382852
25.0,870.3751975748253
25.2,870.3722548577452
25.4,870.365334487987
25.6,870.3544289756749
25.8,870.3395260830697
26.0,870.3206088209334
26.2,870.2976554428926
26.4,870.2706394378258
26.6,870.2395295203146
26.8,870.2042896191991
27.0,870.1648788642918
27.2,870.1212515713061
27.4,870.0733572250688
27.6,870.0211404610902
27.8,869.9645410455715
28.0,869.9034938539385
28.2,869.837928847997
28.4,869.7677710518113
28.6,869.692940526415
28.8,869.6133523434652
29.0,869.5289165579651
29.2,869.4395381801767
29.4,869.3451171468566
29.6,869.2455482919536
29.8,869.1407213169032
30.0,869.0305207606717
30.2,868.9148259696944
30.4,868.7935110678636
30.6,868.6664449267221
30.8,868.5334911360229
31.0,868.3945079748164
31.2,868.249348383229
31.4,868.0978599350992
31.6,867.9398848116399
31.8,867.7752597762913
32.0,867.603816150935
32.2,867.4253797936365
32.4,867.2397710780822
32.6,867.0468048748776
32.8,866.8462905348696
33.0,866.6380318746551
33.2,866.4218271644346
33.4,866.1974691183657
33.6,865.9647448875685
33.8,865.7234360559291
34.0,865.4733186388443
34.2,865.2141630850417
34.4,864.9457342816096
34.6,864.6677915623557
34.8,864.3800887196144
35.0,864.0823740196117
35.2,863.7743902214883
35.4,863.4558746000713
35.6,863.1265589724832
35.8,862.7861697286567
36.0,862.4344278658231
36.2,862.0710490270269
36.4,861.6957435437101
36.6,861.3082164823998
36.8,860.9081676955168
37.0,860.4952918763207
37.2,860.0692786179821
37.4,859.629812476775
37.6,859.1765730393562
37.8,858.709234994099
38.0,858.2274682064258
38.2,857.7309377980781
38.4,857.2193042302482
38.6,856.6922233904826
38.8,856.1493466832577
39.0,855.5903211241152
39.2,855.0147894372293
39.4,854.4223901562733
39.6,853.8127577284329
39.8,853.1855226214096
40.0,852.5403114332424
40.2,851.8767470047651
40.4,851.194448534512
40.6,850.493031695868
40.8,849.772108756254
41.0,849.0312886981311
41.2,848.2701773415959
41.4,847.4883774683352
41.6,846.6854889466998
41.8,845.8611088576525
42.0,845.0148316213407
42.2,844.1462491240383
42.4,843.2549508452009
42.6,842.3405239843729
42.8,841.402553587686
43.0,840.440622673686
43.2,839.4543123582263
43.4,838.4432019781675
43.6,837.4068692136233
43.8,836.3448902084979
44.0,835.2568396890625
44.2,834.1422910803233
44.4,833.0008166199397
44.6,831.8319874694592
44.8,830.6353738226402
45.0,829.4105450106439
45.2,828.1570696038877
45.4,826.8745155103587
45.6,825.5624500701979
45.8,824.2204401463822
46.0,822.8480522113344
46.2,821.4448524293128
46.4,820.0104067344411
46.6,818.5442809042548
46.8,817.0460406286561
47.0,815.5152515741805
47.2,813.9514794435001
47.4,812.3542900300988
47.6,810.7232492680738
47.8,809.0579232770347
48.0,807.3578784020857
48.2,805.622681248895
48.4,803.851898713873
48.6,802.0450980094952
48.8,800.201846684824
49.0,798.3217126413001
49.2,796.4042641438907
49.4,794.4490698276953
49.6,792.4556987001295
49.8,790.4237201388182
50.0,788.3527038853483
