0.0,859.4985999401189
0.2,860.0128860968265
0.4,860.5125264479208
0.6,860.9977516125756
0.8,861.4687934730689
1.0,861.9258851512146
1.2,862.3692609751757
1.4,862.7991564366536
1.6,863.2158081384987
1.8,863.6194537328425
2.0,864.0103318498974
2.2,864.3886820176251
2.4,864.754744572522
2.6,865.1087605618138
2.8,865.4509716374005
3.0,865.7816199419321
3.2,866.1009479874386
3.4,866.4091985269721
3.6,866.7066144197544
3.8,866.9934384903564
4.0,867.2699133824625
4.2,867.5362814077937
4.4,867.792784390794
4.6,868.0396635096906
4.8,868.2771591345628
5.0,868.5055106630551
5.2,868.7249563543859
5.4,868.9357331622969
5.6,869.1380765675959
5.8,869.3322204109342
6.0,869.518396726457
6.2,869.6968355769521
6.4,869.8677648911076
6.6,870.0314103034716
6.8,870.187994997689
7.0,870.3377395535643
7.2,870.4808617984753
7.4,870.617576663636
7.6,870.7480960456745
7.8,870.8726286739618
8.0,870.9913799840945
8.2,871.1045519978973
8.4,871.2123432102784
8.6,871.3149484832335
8.8,871.4125589472545
9.0,871.5053619103635
9.2,871.5935407749575
9.4,871.6772749626039
9.6,871.7567398468983
9.8,871.8321066944538
10.0,871.9035426140547
10.2,871.971210513977
10.4,872.0352690674381
10.6,872.0958726861084
10.8,872.1531715015878
11.0,872.2073113547141
11.2,872.2584337925483
11.4,872.3066760728535
11.6,872.3521711758552
11.8,872.395047823055
12.0,872.4354305028444
12.2,872.4734395026455
12.4,872.5091909472952
12.6,872.5427968433654
12.8,872.5743651291089
13.0,872.6039997297014
13.2,872.6318006174495
13.4,872.6578638766193
13.6,872.6822817725451
13.8,872.7051428246664
14.0,872.7265318831453
14.2,872.7465302087171
14.4,872.7652155554257
14.6,872.7826622559033
14.8,872.7989413088557
15.0,872.8141204684249
15.2,872.8282643351052
15.4,872.8414344478983
15.6,872.8536893774062
15.8,872.865084819566
16.0,872.8756736897483
16.2,872.885506216948
16.4,872.8946300378135
16.6,872.9030902902687
16.8,872.9109297065013
17.0,872.9181887051021
17.2,872.9249054821514
17.4,872.9311161010697
17.6,872.9368545810557
17.8,872.9421529839551
18.0,872.9470414994165
18.2,872.9515485281986
18.4,872.9557007635154
18.6,872.9595232703116
18.8,872.9630395623748
19.0,872.9662716772062
19.2,872.9692402485789
19.4,872.9719645767258
19.6,872.9744626961087
19.8,872.9767514407322
20.0,872.97884650697
20.2,872.9807625138865
20.4,872.9825130610391
20.6,872.984110783755
20.8,872.9855674058845
21.0,872.9868937900359
21.2,872.9880999853065
21.4,872.9891952725224
21.6,872.9901882070093
21.8,872.991086658918
22.0,872.9918978511294
22.2,872.9926283947672
22.4,872.9932843223494
22.6,872.9938711186066
22.8,872.9943937490003
23.0,872.9948566859712
23.2,872.9952639329476
23.4,872.9956190461448
23.6,872.9959251541817
23.8,872.9961849755426
24.0,872.9964008339097
24.2,872.9965746713854
24.4,872.9967080596274
24.6,872.9968022089117
24.8,872.9968579751379
25.0,872.9968758647877
25.2,872.9968560378442
25.4,872.9967983086755
25.6,872.9967021448847
25.8,872.9965666641219
26.0,872.9963906288536
26.2,872.9961724390796
26.4,872.9959101229832
26.6,872.9956013255014
26.8,872.9952432947945
27.0,872.9948328665928
27.2,872.9943664463974
27.4,872.9938399895084
27.6,872.9932489788492
27.8,872.9925884005611
28.0,872.9918527173301
28.2,872.9910358394196
28.4,872.9901310933706
28.6,872.989131188338
28.8,872.9880281800298
29.0,872.9868134322165
29.2,872.9854775757796
29.4,872.9840104652709
29.6,872.9824011329554
29.8,872.9806377403156
30.0,872.9787075269973
30.2,872.9765967571809
30.4,872.97429066337
30.6,872.9717733875912
30.8,872.9690279200089
31.0,872.966036034963
31.2,872.9627782244473
31.4,872.9592336290525
31.6,872.9553799664097
31.8,872.951193457178
32.0,872.9466487486292
32.2,872.9417188358963
32.4,872.9363749809612
32.6,872.9305866294719
32.8,872.9243213254871
33.0,872.9175446242656
33.2,872.9102200032252
33.4,872.9023087712134
33.6,872.8937699762433
33.8,872.8845603118651
34.0,872.8746340223537
34.2,872.863942806913
34.4,872.8524357231049
34.6,872.8400590897306
34.8,872.8267563894022
35.0,872.8124681710591
35.2,872.7971319526924
35.4,872.7806821245583
35.6,872.7630498531687
35.8,872.7441629863619
36.0,872.7239459597635
36.2,872.7023197049598
36.4,872.679201559712
36.6,872.6545051805479
36.8,872.6281404580707
37.0,872.6000134353357
37.2,872.5700262296385
37.4,872.5380769580692
37.6,872.5040596671784
37.8,872.4678642671067
38.0,872.4293764705171
38.2,872.3884777366701
38.4,872.3450452209705
38.6,872.2989517303056
38.8,872.2500656844821
39.0,872.1982510840558
39.2,872.1433674848315
39.4,872.0852699792943
39.6,872.0238091852087
39.8,871.9588312416086
40.0,871.8901778123648
40.2,871.8176860975052
40.4,871.7411888524238
40.6,871.6605144150901
40.8,871.5754867413417
41.0,871.4859254483063
41.2,871.3916458659689
41.4,871.2924590968653
41.6,871.1881720838454
41.8,871.0785876858178
42.0,870.963504761344
42.2,870.842718259922
42.4,870.7160193207524
42.6,870.5831953787506
42.8,870.4440302775301
43.0,870.2983043890408
43.2,870.1457947395186
43.4,869.9862751413627
43.6,869.8195163305262
43.8,869.645286108973
44.0,869.463349491727
44.2,869.2734688580066
44.4,869.0754041059187
44.6,868.868912810158
44.8,868.6537503821397
45.0,868.4296702319738
45.2,868.1964239316793
45.4,867.953761379019
45.6,867.7014309613315
45.8,867.4391797187302
46.0,867.1667535060408
46.2,866.8838971528452
46.4,866.5903546210128
46.6,866.2858691591017
46.8,865.9701834530339
47.0,865.6430397724569
47.2,865.3041801122299
47.4,864.9533463284946
47.6,864.590280268815
47.8,864.2147238959082
48.0,863.8264194045092
48.2,863.4251093309629
48.4,863.010536655162
48.6,862.5824448945023
48.8,862.1405781895603
49.0,861.6846813812513
49.2,861.2145000792679
49.4,860.7297807216501
49.6,860.2302706253879
49.8,859.715718028005
50.0,859.1858721201261
