0.0,858.725367628088
0.2,859.2515892032561
0.4,859.7632198257761
0.6,860.2604892462565
0.8,860.7436280442754
1.0,861.2128676019993
1.2,861.6684400705232
1.4,862.1105783289212
1.6,862.5395159360372
1.8,862.9554870750758
2.0,863.3587264910987
2.2,863.749469421566
2.4,864.1279515200966
2.6,864.4944087736543
2.8,864.8490774134063
3.0,865.1921938195271
3.2,865.523994420251
3.4,865.8447155855083
3.6,866.1545935155026
3.8,866.4538641246129
4.0,866.742762921027
4.2,867.0215248825293
4.4,867.2903843288855
4.6,867.5495747912818
4.8,867.7993288792859
5.0,868.0398781458089
5.2,868.2714529505527
5.4,868.494282322434
5.6,868.7085938214726
5.8,868.9146134006395
6.0,869.1125652681459
6.2,869.3026717506594
6.4,869.4851531579183
6.6,869.6602276492054
6.8,869.828111102134
7.0,869.9890169841798
7.2,870.1431562273765
7.4,870.2907371065779
7.6,870.4319651216646
7.8,870.5670428840544
8.0,870.6961700078521
8.2,870.81954300595
8.4,870.9373551913657
8.6,871.0497965840774
8.8,871.1570538235891
9.0,871.2593100874338
9.2,871.356745015791
9.4,871.4495346423719
9.6,871.5378513316923
9.8,871.6218637228308
10.0,871.7017366797386
10.2,871.7776312481406
10.4,871.8497046190446
10.6,871.9181100988436
10.8,871.9829970859762
11.0,872.0445110540827
11.2,872.1027935415749
11.4,872.1579821475096
11.6,872.2102105336426
11.8,872.2596084325122
12.0,872.3063016613922
12.2,872.3504121419263
12.4,872.392057925252
12.6,872.431353222397
12.8,872.468408439729
13.0,872.5033302192181
13.2,872.5362214832709
13.4,872.5671814838795
13.6,872.5963058558267
13.8,872.6236866736821
14.0,872.6494125123168
14.2,872.6735685106677
14.4,872.6962364384743
14.6,872.7174947657164
14.8,872.7374187344781
15.0,872.7560804329692
15.2,872.773548871435
15.4,872.7898900596917
15.6,872.8051670860305
15.8,872.8194401972358
16.0,872.8327668794766
16.2,872.8452019398283
16.4,872.8567975881999
16.6,872.8676035194425
16.8,872.8776669954286
17.0,872.8870329269007
17.2,872.8957439548938
17.4,872.9038405315537
17.6,872.9113610001756
17.8,872.9183416743014
18.0,872.9248169157263
18.2,872.9308192112718
18.4,872.9363792481948
18.6,872.9415259881133
18.8,872.9462867393353
19.0,872.950687227494
19.2,872.9547516643953
19.4,872.9585028149946
19.6,872.9619620624329
19.8,872.9651494710652
20.0,872.9680838474234
20.2,872.9707827990675
20.4,872.973262791281
20.6,872.9755392015755
20.8,872.977626371978
21.0,872.9795376590724
21.2,872.9812854817852
21.4,872.9828813668948
21.6,872.9843359922612
21.8,872.985659227769
22.0,872.9868601739827
22.2,872.9879471985166
22.4,872.9889279701226
22.6,872.989809490503
22.8,872.9905981238554
23.0,872.9912996241587
23.2,872.9919191602115
23.4,872.9924613384317
23.6,872.9929302234278
23.8,872.993329356355
24.0,872.9936617710626
24.2,872.9939300080442
24.4,872.9941361261987
24.6,872.9942817124088
24.8,872.9943678889449
25.0,872.9943953186958
25.2,872.9943642082314
25.4,872.9942743087001
25.6,872.9941249145563
25.8,872.9939148601204
26.0,872.9936425139658
26.2,872.9933057711274
26.4,872.9929020431252
26.6,872.9924282457941
26.8,872.9918807849123
27.0,872.9912555396144
27.2,872.9905478435799
27.4,872.9897524639842
27.6,872.9888635781987
27.8,872.9878747482263
28.0,872.9867788928614
28.2,872.9855682575595
28.4,872.984234382007
28.6,872.9827680653774
28.8,872.9811593292687
29.0,872.9793973783121
29.2,872.9774705584493
29.4,872.9753663128753
29.6,872.9730711356488
29.8,872.9705705229761
30.0,872.9678489221792
30.2,872.9648896783588
30.4,872.9616749787771
30.6,872.9581857949819
30.8,872.9544018227061
31.0,872.95030141958
31.2,872.9458615407016
31.4,872.9410576721206
31.6,872.9358637622937
31.8,872.9302521515847
32.0,872.9241934998842
32.2,872.9176567124398
32.4,872.9106088639935
32.6,872.9030151213306
32.8,872.8948386643615
33.0,872.8860406058606
33.2,872.8765799099996
33.4,872.8664133098271
33.6,872.8554952238474
33.8,872.8437776718731
34.0,872.8312101903269
34.2,872.8177397471845
34.4,872.803310656756
34.6,872.787864494518
34.8,872.7713400122127
35.0,872.753673053441
35.2,872.734796469989
35.4,872.7146400391259
35.6,872.6931303821294
35.8,872.6701908842925
36.0,872.6457416166736
36.2,872.61969925986
36.4,872.5919770300125
36.6,872.5624846074659
36.8,872.53112806816
37.0,872.4978098181763
37.2,872.4624285316535
37.4,872.4248790923554
37.6,872.3850525391589
37.8,872.3428360157258
38.0,872.2981127246146
38.2,872.2507618860853
38.4,872.2006587018321
38.6,872.1476743238802
38.8,872.0916758288597
39.0,872.0325261978625
39.2,871.9700843020719
39.4,871.9042048943385
39.6,871.8347386068548
39.8,871.7615319550688
40.0,871.6844273479501
40.2,871.6032631047029
40.4,871.5178734780001
40.6,871.4280886837847
40.8,871.3337349376646
41.0,871.2346344978973
41.2,871.1306057149394
41.4,871.0214630875059
41.6,870.9070173250592
41.8,870.7870754166188
42.0,870.661440705758
42.2,870.529912971623
42.4,870.3922885157858
42.6,870.2483602547136
42.8,870.0979178176099
43.0,869.9407476493612
43.2,869.7766331182928
43.4,869.6053546284169
43.6,869.4266897358307
43.8,869.2404132689056
44.0,869.0462974518814
44.2,868.8441120314668
44.4,868.6336244060286
44.6,868.4145997569374
44.8,868.1868011816237
45.0,867.94998982789
45.2,867.7039250290152
45.4,867.4483644391779
45.6,867.1830641687296
45.8,866.9077789188365
46.0,866.6222621150216
46.2,866.326266039132
46.4,866.0195419592695
46.6,865.7018402572303
46.8,865.3729105530051
47.0,865.0325018259161
47.2,864.6803625319709
47.4,864.3162407170429
47.6,863.9398841255002
47.8,863.5510403039348
48.0,863.1494566996649
48.2,862.7348807537124
48.4,862.307059987985
48.6,861.8657420864254
48.8,861.4106749699208
49.0,860.9416068647982
49.2,860.4582863647677
49.4,859.9604624862109
49.6,859.4478847167474
49.8,858.9203030570479
50.0,858.3774680559033
