0.0,796.2101852693722
0.2,798.2098651777904
0.4,800.169790946628
0.6,802.0903951046147
0.8,803.9721118256438
1.0,805.8153769765929
1.2,807.6206281564572
1.4,809.3883047264806
1.6,811.1188478310027
1.8,812.8127004087806
2.0,814.4703071945789
2.2,816.0921147108625
2.4,817.6785712494651
2.6,819.230126843148
2.8,820.7472332270008
3.0,822.230343789678
3.2,823.6799135145054
3.4,825.096398910528
3.6,826.48025793361
3.8,827.8319498977393
4.0,829.1519353767196
4.2,830.4406760964766
4.4,831.6986348182344
4.6,832.9262752128535
4.8,834.1240617266556
5.0,835.292459439087
5.2,836.4319339126065
5.4,837.5429510352028
5.6,838.6259768559803
5.8,839.6814774142673
6.0,840.7099185627251
6.2,841.7117657849545
6.4,842.6874840081108
6.6,843.6375374110531
6.8,844.5623892285677
7.0,845.4625015522081
7.2,846.3383351283092
7.4,847.1903491537298
7.6,848.0190010698873
7.8,848.8247463556398
8.0,849.6080383195765
8.2,850.3693278922698
8.4,851.1090634190307
8.6,851.8276904537103
8.8,852.5256515540699
9.0,853.2033860792363
9.2,853.8613299897396
9.4,854.4999156506179
9.6,855.1195716380547
9.8,855.7207225499935
10.0,856.3037888211585
10.2,856.8691865428799
10.4,857.4173272881106
10.6,857.9486179419864
10.8,858.4634605382638
11.0,858.9622521019423
11.2,859.4453844983497
11.4,859.9132442889446
11.6,860.3662125940649
11.8,860.8046649628168
12.0,861.2289712502818
12.2,861.6394955021823
12.4,862.0365958471258
12.6,862.4206243965159
12.8,862.791927152196
13.0,863.1508439218629
13.2,863.4977082422615
13.4,863.8328473101478
13.6,864.1565819209845
13.8,864.4692264153058
14.0,864.77108863267
14.2,865.0624698730943
14.4,865.3436648658447
14.6,865.6149617454365
14.8,865.8766420346807
15.0,866.128980634594
15.2,866.372245820975
15.4,866.6066992474312
15.6,866.8325959546321
15.8,867.0501843855449
16.0,867.259706406401
16.2,867.4613973331344
16.4,867.6554859630137
16.6,867.8421946111927
16.8,868.0217391518902
17.0,868.1943290639074
17.2,868.3601674801826
17.4,868.5194512410857
17.6,868.6723709511461
17.8,868.8191110389088
18.0,868.9598498196129
18.2,869.0947595603891
18.4,869.2240065476669
18.6,869.3477511564944
18.8,869.4661479214672
19.0,869.5793456089738
19.2,869.6874872904637
19.4,869.7907104164528
19.6,869.8891468909857
19.8,869.9829231462783
20.0,870.0721602172767
20.2,870.1569738158671
20.4,870.237474404486
20.6,870.3137672688866
20.8,870.3859525898222
21.0,870.4541255134195
21.2,870.5183762200237
21.4,870.5787899913029
21.6,870.6354472754139
21.8,870.6884237500356
22.0,870.7377903830901
22.2,870.7836134909786
22.4,870.8259547941713
22.6,870.8648714699979
22.8,870.900416202497
23.0,870.9326372291937
23.2,870.9615783846805
23.4,870.9872791408912
23.6,871.0097746439664
23.8,871.0290957476158
24.0,871.0452690428982
24.2,871.0583168843447
24.4,871.0682574123632
24.6,871.075104571873
24.8,871.0788681271259
25.0,871.0795536726814
25.2,871.0771626405119
25.4,871.0716923032277
25.6,871.0631357734156
25.8,871.0514819990984
26.0,871.0367157553329
26.2,871.0188176319704
26.4,870.9977640176162
26.6,870.9735270798345
26.8,870.9460747416534
27.0,870.9153706544328
27.2,870.881374167175
27.4,870.844040292358
27.6,870.8033196683881
27.8,870.7591585187762
28.0,870.7114986081508
28.2,870.6602771952328
28.4,870.6054269829042
28.6,870.5468760655165
28.8,870.4845478735889
29.0,870.4183611160615
29.2,870.3482297202745
29.4,870.2740627698555
29.6,870.1957644407066
29.8,870.1132339352904
30.0,870.0263654154248
30.2,869.935047933806
30.4,869.8391653644842
30.6,869.7385963325281
30.8,869.6332141431226
31.0,869.5228867103475
31.2,869.4074764858979
31.4,869.2868403880091
31.6,869.1608297308595
31.8,869.0292901547258
32.0,868.8920615571748
32.2,868.7489780255779
32.4,868.5998677712397
32.6,868.4445530654357
32.8,868.2828501776544
33.0,868.1145693163444
33.2,867.9395145724649
33.4,867.7574838661402
33.6,867.568268896717
33.8,867.3716550965214
34.0,867.1674215886108
34.2,866.95534114881
34.4,866.7351801723186
34.6,866.5066986451673
34.8,866.2696501207995
35.0,866.0237817020384
35.2,865.7688340286962
35.4,865.504541271072
35.6,865.2306311295664
35.8,864.9468248406378
36.0,864.6528371893029
36.2,864.3483765283723
36.4,864.0331448045978
36.6,863.7068375918839
36.8,863.3691441317069
37.0,863.0197473808564
37.2,862.6583240665991
37.4,862.2845447493411
37.6,861.8980738928423
37.8,861.498569942016
38.0,861.0856854083175
38.2,860.6590669627055
38.4,860.2183555361345
38.6,859.7631864275065
38.8,859.2931894189893
39.0,858.8079888985777
39.2,858.3072039897512
39.4,857.7904486880501
39.6,857.2573320043706
39.8,856.7074581147483
40.0,856.140426516373
40.2,855.5558321895578
40.4,854.9532657653484
40.6,854.3323136984466
40.8,853.6925584450868
41.0,853.0335786454864
41.2,852.3549493104689
41.4,851.6562420118331
41.6,850.9370250760261
41.8,850.1968637806555
42.0,849.4353205533627
42.2,848.6519551725585
42.4,847.8463249695145
42.6,847.0179850312837
42.8,846.1664884039222
43.0,845.2913862954678
43.2,844.3922282781296
43.4,843.4685624891364
43.6,842.5199358296915
43.8,841.5458941614785
44.0,840.5459825001689
44.2,839.5197452053837
44.4,838.4667261665718
44.6,837.3864689842713
44.8,836.2785171462413
45.0,835.1424141979537
45.2,833.9777039069611
45.4,832.78393042067
45.6,831.5606384170688
45.8,830.3073732479867
46.0,829.0236810744804
46.2,827.7091089939732
46.4,826.3632051588039
46.6,824.9855188858629
46.8,823.575600757039
47.0,822.133002710221
47.2,820.6572781206406
47.4,819.1479818723753
47.6,817.6046704198708
47.8,816.026901839375
48.0,814.4142358702201
48.2,812.7662339459226
48.4,811.0824592151179
48.6,809.3624765523759
48.8,807.6058525589959
49.0,805.8121555539052
49.2,803.9809555548385
49.4,802.1118242500027
49.6,800.2043349604752
49.8,798.258062593621
50.0,796.2725835878455
