0.0,552.9080852128801
0.2,558.9070430777084
0.4,564.775454190279
0.6,570.5124104595601
0.8,576.1175477174997
1.0,581.5910433300706
1.2,586.9336068723252
1.4,592.1464641190015
1.6,597.2313347206638
1.8,602.1904040439903
2.0,607.026289751245
2.2,611.7420037761464
2.4,616.3409104196454
2.6,620.826681338427
2.8,625.2032482305453
3.0,629.474754036359
3.2,633.6455034691118
3.4,637.7199136688903
3.6,641.7024657374288
3.8,645.5976578608706
4.0,649.4099606649535
4.2,653.1437753742376
4.4,656.8033952661675
4.6,660.3929708242686
4.8,663.9164789049647
5.0,667.3776961416465
5.2,670.780176719898
5.4,674.1272345711932
5.6,677.4219299507012
5.8,680.6670602896183
6.0,683.865155144934
6.2,687.0184750107012
6.4,690.1290137053927
6.6,693.1985040101459
6.8,696.2284262027398
7.0,699.2200191118394
7.2,702.1742933049927
7.4,705.0920460214866
7.6,707.973877466705
7.8,710.8202080972048
8.0,713.6312965443648
8.2,716.4072578481363
8.4,719.148081700114
8.6,721.8536504257837
8.8,724.5237564684322
9.0,727.1581191708661
9.2,729.7564006849489
9.4,732.3182208722551
9.6,734.8431710912186
9.8,737.3308267964518
10.0,739.7807589040337
10.2,742.192543902128
10.4,744.565772709125
10.6,746.9000583014354
10.8,749.1950421500675
11.0,751.4503995192247
11.2,753.6658436914609
11.4,755.8411291925662
11.6,757.9760540955297
11.8,760.0704614868333
12.0,762.1242401802426
12.2,764.1373247633912
12.4,766.1096950610876
12.6,768.0413750966369
12.8,769.9324316288144
13.0,771.7829723376713
13.2,773.5931437273113
13.4,775.3631288083243
13.6,777.0931446168859
13.8,778.7834396217547
14.0,780.4342910646556
14.2,782.0460022739328
14.4,783.6188999859628
14.6,785.1533317037032
14.8,786.6496631169775
15.0,788.1082756046638
15.2,789.5295638349163
15.4,790.9139334758937
15.6,792.2617990261979
15.8,793.5735817713381
16.0,794.8497078700136
16.2,796.0906065718268
16.4,797.2967085661875
16.6,798.468444460613
16.8,799.6062433853475
17.0,800.7105317201934
17.2,801.781731938634
17.4,802.8202615637151
17.6,803.82653222971
17.8,804.8009488433013
18.0,805.7439088378491
18.2,806.6558015142601
18.4,807.5370074620078
18.6,808.3878980539647
18.8,809.2088350088804
19.0,810.0001700155502
19.2,810.7622444129822
19.4,811.4953889211434
19.6,812.1999234171676
19.8,812.8761567522123
20.0,813.524386604471
20.2,814.1448993641538
20.4,814.7379700465614
20.6,815.3038622296765
20.8,815.8428280129897
21.0,816.3551079945483
21.2,816.8409312634909
21.4,817.3005154055704
21.6,817.7340665194107
21.8,818.1417792414562
22.0,818.5238367777811
22.2,818.8804109411108
22.4,819.2116621915866
22.6,819.5177396799616
22.8,819.7987812920617
23.0,820.0549136934869
23.2,820.2862523736411
23.4,820.4929016882975
23.6,820.6749549000074
23.8,820.8324942157493
24.0,820.9655908213045
24.2,821.0743049119196
24.4,821.1586857188879
24.6,821.2187715317505
24.8,821.2545897158716
25.0,821.2661567252087
25.2,821.2534781101448
25.4,821.2165485203082
25.6,821.1553517023507
25.8,821.0698604927122
26.0,820.9600368054445
26.2,820.8258316152227
26.4,820.6671849357277
26.6,820.4840257936381
26.8,820.2762721985308
27.0,820.0438311090589
27.2,819.7865983958416
27.4,819.504458801581
27.6,819.1972858990057
27.8,818.8649420473312
28.0,818.5072783480318
28.2,818.1241346008309
28.4,817.7153392609326
28.6,817.2807093986648
28.8,816.820050662836
29.0,816.3331572492798
29.2,815.8198118762306
29.4,815.2797857683631
29.6,814.7128386515337
29.8,814.1187187604787
30.0,813.4971628619626
30.2,812.8478962961173
30.4,812.1706330389771
30.6,811.4650757894937
30.8,810.730916084605
31.0,809.9678344462338
31.2,809.1755005643969
31.4,808.3535735209223
31.6,807.5017020585835
31.8,806.6195249007673
32.0,805.706671127091
32.2,804.7627606106659
32.4,803.7874045229543
32.6,802.7802059123892
32.8,801.7407603630936
33.0,800.6686567401475
33.2,799.563478027889
33.4,798.4248022676762
33.6,797.2522036013786
33.8,796.0452534265705
34.0,794.8035216689599
34.2,793.5265781769732
34.4,792.2139942426014
34.6,790.8653442515866
34.8,789.4802074647417
35.0,788.0581699306482
35.2,786.5988265281151
35.4,785.101783134613
35.6,783.5666589143689
35.8,781.9930887169171
36.0,780.3807255736413
36.2,778.7292432761814
36.4,777.0383390165371
36.6,775.3077360642819
36.8,773.5371864515116
37.0,771.7264736310474
37.2,769.8754150680188
37.4,767.9838647193454
37.6,766.0517153498979
37.8,764.0789006283417
38.0,762.0653969399871
38.2,760.011224848524
38.4,757.916450133473
38.6,755.7811843257318
38.8,753.6055846599429
39.0,751.3898533597669
39.2,749.1342361707833
39.4,746.8390200558716
39.6,744.5045299698324
39.8,742.1311246339195
40.0,739.7191912371271
40.2,737.2691389997054
40.4,734.7813915456835
40.6,732.2563780452737
40.8,729.694523105039
41.0,727.0962354036345
41.2,724.4618950937567
41.4,721.7918400165047
41.6,719.0863508024621
41.8,716.3456349641111
42.0,713.5698101162595
42.2,710.7588864944458
42.4,707.9127489751457
42.6,705.0311388352565
42.8,702.1136355209585
43.0,699.1596387266923
43.2,696.1683511126648
43.4,693.1387620129739
43.6,690.0696325050752
43.8,686.9594822238855
44.0,683.8065783093502
44.2,680.6089268739249
44.4,677.3642673653736
44.6,674.0700701799798
44.8,670.7235378513091
45.0,667.3216100998941
45.2,663.8609729797289
45.4,660.3380722986308
45.6,656.749131422032
45.8,653.0901734945504
46.0,649.3570480320311
46.2,645.5454617501692
46.4,641.6510134061166
46.6,637.6692323386334
46.8,633.5956203025444
47.0,629.4256961067888
47.2,625.1550424845336
47.4,620.7793545509854
47.6,616.2944891419087
47.8,611.6965142755012
48.0,606.9817579440266
48.2,602.146855420993
48.4,597.1887942658465
48.6,592.104956221905
48.8,586.8931552348506
49.0,581.551670868388
49.2,576.0792764599721
49.4,570.4752614416687
49.6,564.7394473476196
49.8,558.8721971381982
50.0,552.8744175893642
