0.0,800.2587756821184
0.2,802.215540468808
0.4,804.1323450186236
0.6,806.009613957421
0.8,807.8477745952936
1.0,809.6472570183952
1.2,811.4084941675166
1.4,813.1319219029336
1.6,814.8179790551079
1.8,816.4671074608805
2.0,818.0797519848645
2.2,819.6563605258043
2.4,821.1973840077385
2.6,822.7032763558632
2.8,824.1744944570644
3.0,825.6114981051498
3.2,827.0147499308762
3.4,828.3847153169293
3.6,829.7218622980834
3.8,831.0266614468187
4.0,832.2995857447415
4.2,833.5411104402045
4.4,834.7517128925824
4.6,835.9318724037054
4.8,837.0820700370072
5.0,838.2027884249846
5.2,839.294511565615
5.4,840.357724608407
5.6,841.3929136308075
5.8,842.4005654057081
6.0,843.3811671608304
6.2,844.3352063307876
6.4,845.263170302646
6.6,846.1655461558161
6.8,847.0428203971285
7.0,847.8954786919445
7.2,848.7240055921632
7.4,849.528884261985
7.6,850.3105962022879
7.8,851.0696209744616
8.0,851.8064359245426
8.2,852.5215159084678
8.4,853.2153330192536
8.6,853.8883563168854
8.8,854.5410515616742
9.0,855.1738809518175
9.2,855.7873028658632
9.4,856.3817716107526
9.6,856.9577371760771
9.8,857.5156449951519
10.0,858.0559357134706
10.2,858.5790449650657
10.4,859.0854031572591
10.6,859.5754352642458
10.8,860.0495606299141
11.0,860.5081927802565
11.2,860.9517392456885
11.4,861.3806013935489
11.6,861.7951742710062
11.8,862.1958464585601
12.0,862.58299993428
12.2,862.9570099488823
12.4,863.3182449117065
12.6,863.667066287613
12.8,864.0038285047812
13.0,864.3288788733556
13.2,864.642557514847
13.4,864.9451973021626
13.6,865.2371238101066
13.8,865.5186552761628
14.0,865.790102571337
14.2,866.0517691808155
14.4,866.3039511941673
14.6,866.546937304793
14.8,866.781008818304
15.0,867.0064396694981
15.2,867.2234964475729
15.4,867.4324384292113
15.6,867.6335176191552
15.8,867.8269787978711
16.0,868.0130595759065
16.2,868.1919904545224
16.4,868.3639948921866
16.6,868.5292893765023
16.8,868.6880835011517
17.0,868.8405800474252
17.2,868.9869750699139
17.4,869.1274579859414
17.6,869.262211668316
17.8,869.3914125409873
18.0,869.515230677202
18.2,869.6338298997514
18.4,869.7473678829223
18.6,869.8559962557634
18.8,869.9598607062919
19.0,870.0591010862761
19.2,870.1538515162398
19.4,870.2442404903469
19.6,870.330390980834
19.8,870.4124205416746
20.0,870.4904414111708
20.2,870.5645606131753
20.4,870.6348800566706
20.6,870.7014966334344
20.8,870.7645023135415
21.0,870.823984238459
21.2,870.8800248115112
21.4,870.9327017854979
21.6,870.982088347266
21.8,871.0282531990456
22.0,871.0712606363741
22.2,871.1111706224439
22.4,871.1480388587208
22.6,871.181916851694
22.8,871.2128519756246
23.0,871.2408875311758
23.2,871.2660627998159
23.4,871.288413093896
23.6,871.3079698023121
23.8,871.3247604316764
24.0,871.3388086429259
24.2,871.3501342833079
24.4,871.3587534136931
24.6,871.3646783311724
24.8,871.3679175869026
25.0,871.3684759991773
25.2,871.3663546617032
25.4,871.3615509470735
25.6,871.3540585054375
25.8,871.3438672583717
26.0,871.3309633879679
26.2,871.3153293211619
26.4,871.2969437093318
26.6,871.2757814032059
26.8,871.2518134231293
27.0,871.2250069247432
27.2,871.1953251601419
27.4,871.1627274345836
27.6,871.1271690588339
27.8,871.0886012972383
28.0,871.0469713116238
28.2,871.0022221011419
28.4,870.9542924381747
28.6,870.9031168004382
28.8,870.8486252994255
29.0,870.7907436053448
29.2,870.7293928687185
29.4,870.6644896388216
29.6,870.595945779148
29.8,870.5236683801079
30.0,870.4475596691699
30.2,870.3675169186736
30.4,870.2834323515542
30.6,870.1951930452283
30.8,870.1026808339075
31.0,870.0057722096153
31.2,869.9043382222007
31.4,869.7982443786447
31.6,869.6873505419798
31.8,869.5715108301464
32.0,869.4505735151236
32.2,869.3243809226828
32.4,869.1927693331277
32.6,869.0555688833825
32.8,868.9126034708145
33.0,868.7636906591725
33.2,868.6086415870393
33.4,868.4472608791959
33.6,868.2793465613066
33.8,868.104689978334
34.0,867.9230757170991
34.2,867.7342815334
34.4,867.5380782841071
34.6,867.3342298646487
34.8,867.1224931522979
35.0,866.902617955669
35.2,866.6743469708255
35.4,866.43741574439
35.6,866.191552644044
35.8,865.9364788367843
36.0,865.6719082752988
36.2,865.3975476928009
36.4,865.1130966066514
36.6,864.8182473310701
36.8,864.5126849992245
37.0,864.1960875949546
37.2,863.8681259943722
37.4,863.5284640175405
37.6,863.1767584904158
37.8,862.8126593172001
38.0,862.4358095632209
38.2,862.0458455484198
38.4,861.6423969514992
38.6,861.2250869247339
38.8,860.7935322194231
39.0,860.3473433219126
39.2,859.8861246000803
39.4,859.409474460136
39.6,858.916985513546
39.8,858.4082447538473
40.0,857.8828337430785
40.2,857.3403288075091
40.4,856.7803012423053
40.6,856.2023175247324
40.8,855.6059395354497
41.0,854.9907247874122
41.2,854.3562266618576
41.4,853.7019946508151
41.6,853.0275746055369
41.8,852.3325089902185
42.0,851.6163371403417
42.2,850.8785955249401
42.4,850.1188180120616
42.6,849.3365361366722
42.8,848.5312793702292
43.0,847.7025753911212
43.2,846.8499503551654
43.4,845.9729291653315
43.6,845.0710357398534
43.8,844.143793277885
44.0,843.1907245218481
44.2,842.2113520156257
44.4,841.2051983577576
44.6,840.1717864487977
44.8,839.1106397320143
45.0,838.0212824266224
45.2,836.9032397527607
45.4,835.7560381474497
45.6,834.5792054707955
45.8,833.3722712017342
46.0,832.1347666226468
46.2,830.8662249922164
46.4,829.5661817059379
46.6,828.234174443738
46.8,826.8697433042126
47.0,825.4724309250374
47.2,824.041782589163
47.4,822.5773463164649
47.6,821.0786729405714
47.8,819.5453161706587
48.0,817.9768326380597
48.2,816.3727819276012
48.4,814.7327265936415
48.6,813.0562321608529
48.8,811.3428671098526
49.0,809.5922028478528
49.2,807.8038136645653
49.4,805.9772766736596
49.6,804.1121717401369
49.8,802.2080813940411
50.0,800.2645907309924
