0.0,655.5017955893245
0.2,660.5294174010476
0.4,665.4156774357341
0.6,670.164696753826
0.8,674.7805286321627
1.0,679.2671557503006
1.2,683.6284875943876
1.4,687.8683580837184
1.6,691.9905234235927
1.8,695.9986601865869
2.0,699.8963636228679
2.2,703.6871461987274
2.4,707.3744363611274
2.6,710.9615775247319
2.8,714.4518272766734
3.0,717.8483567931798
3.2,721.1542504611708
3.4,724.3725056970442
3.6,727.5060329541049
3.8,730.5576559094497
4.0,733.5301118206153
4.2,736.4260520419151
4.4,739.2480426901421
4.6,741.9985654491736
4.8,744.6800185029967
5.0,747.2947175867553
5.2,749.8448971455917
5.4,752.3327115913227
5.6,754.7602366473093
5.8,757.1294707722818
6.0,759.4423366543099
6.2,761.700682766583
6.4,763.9062849771672
6.6,766.0608482054058
6.8,768.166008118151
7.0,770.2233328595131
7.2,772.2343248083087
7.4,774.2004223578543
7.6,776.1230017131955
7.8,778.0033787012665
8.0,779.8428105898535
8.2,781.6424979115648
8.4,783.4035862893126
8.6,785.1271682600659
8.8,786.8142850938591
9.0,788.465928605225
9.2,790.0830429543752
9.4,791.6665264355764
9.6,793.2172332502711
9.8,794.7359752625672
10.0,796.2235237347858
10.2,797.6806110408022
10.4,799.1079323549582
10.6,800.5061473143571
10.8,801.8758816523925
11.0,803.2177288013947
11.2,804.5322514623309
11.4,805.8199831395417
11.6,807.0814296385647
11.8,808.317070525174
12.0,809.527360543847
12.2,810.7127309939854
12.4,811.8735910623253
12.6,813.0103291101109
12.8,814.1233139137471
13.0,815.2128958578082
13.2,816.279408079445
13.4,817.3231675634107
13.6,818.3444761871125
13.8,819.3436217152832
14.0,820.3208787440616
14.2,821.2765095944638
14.4,822.2107651554202
14.6,823.123885676742
14.8,824.0161015125685
15.0,824.8876338160185
15.2,825.7386951859419
15.4,826.5694902668274
15.6,827.3802163030628
15.8,828.1710636488868
16.0,828.9422162354876
16.2,829.693851996811
16.4,830.4261432557354
16.6,831.1392570723474
16.8,831.8333555561154
17.0,832.5085961438065
17.2,833.1651318450272
17.4,833.80311145729
17.6,834.4226797525112
17.8,835.0239776368466
18.0,835.6071422857486
18.2,836.1723072561077
18.4,836.7196025772977
18.6,837.2491548229051
18.8,837.7610871648643
19.0,838.2555194116642
19.2,838.7325680322245
19.4,839.1923461669719
19.6,839.6349636275687
19.8,840.0605268866774
20.0,840.4691390590589
20.2,840.8608998752285
20.4,841.235905648812
20.6,841.5942492386686
20.8,841.9360200067636
21.0,842.2613037727083
21.2,842.5701827657987
21.4,842.8627355753243
21.6,843.1390370998445
21.8,843.3991584960643
22.0,843.6431671278864
22.2,843.8711265161498
22.4,844.083096289518
22.6,844.2791321369269
22.8,844.4592857619554
23.0,844.6236048394397
23.2,844.7721329746125
23.4,844.9049096650122
23.6,845.0219702653754
23.8,845.1233459556968
24.0,845.2090637126103
24.2,845.2791462842277
24.4,845.3336121685443
24.6,845.372475595502
24.8,845.3957465127864
25.0,845.4034305754145
25.2,845.3955291391544
25.4,845.3720392578075
25.6,845.3329536843677
25.8,845.2782608760574
26.0,845.2079450032306
26.2,845.1219859621137
26.4,845.0203593913448
26.6,844.9030366922527
26.8,844.7699850528018
27.0,844.6211674751054
27.2,844.4565428063958
27.4,844.2760657733064
27.6,844.0796870193034
27.8,843.8673531450684
28.0,843.6390067516062
28.2,843.3945864858109
28.4,843.1340270881897
28.6,842.8572594423954
28.8,842.5642106261771
29.0,842.2548039633026
29.2,841.9289590759589
29.4,841.5865919370707
29.6,841.2276149219217
29.8,840.8519368583967
30.0,840.459463075091
30.2,840.0500954464665
30.4,839.6237324341553
30.6,839.1802691234385
30.8,838.7195972538467
31.0,838.2416052427502
31.2,837.7461782007254
31.4,837.2331979374061
31.6,836.7025429564435
31.8,836.1540884381258
32.0,835.5877062081295
32.2,835.0032646908013
32.4,834.4006288453053
32.6,833.7796600829032
32.8,833.1402161635798
33.0,832.4821510701795
33.2,831.8053148581754
33.4,831.1095534791647
33.6,830.3947085761598
33.8,829.6606172487384
34.0,828.9071117861168
34.2,828.1340193662273
34.4,827.3411617189089
34.6,826.528354751365
34.8,825.6954081341003
35.0,824.8421248456192
35.2,823.968300674259
35.4,823.0737236756299
35.6,822.1581735842536
35.8,821.2214211781184
36.0,820.2632275950123
36.2,819.2833435996542
36.4,818.2815088008009
36.6,817.2574508176876
36.8,816.2108843953399
37.0,815.1415104684811
37.2,814.0490151739515
37.4,812.9330688117509
37.6,811.7933247550058
37.8,810.6294183093561
38.0,809.4409655224435
38.2,808.2275619443632
38.4,806.9887813401124
38.6,805.7241743552372
38.8,804.4332671360249
39.0,803.1155599057355
39.2,801.7705254984885
39.4,800.3976078525418
39.6,798.9962204647926
39.8,797.5657448084271
40.0,796.1055287157185
40.2,794.6148847280424
40.4,793.0930884152366
40.6,791.5393766664885
40.8,789.9529459549832
41.0,788.3329505785977
41.2,786.6785008789843
41.4,784.9886614414502
41.6,783.2624492781156
41.8,781.4988319969327
42.0,779.696725959252
42.2,777.8549944287702
42.4,775.9724457148534
42.6,774.0478313134323
42.8,772.0798440488916
43.0,770.0671162206478
43.2,768.0082177584062
43.4,765.9016543904362
43.6,763.7458658295687
43.8,761.5392239820376
44.0,759.2800311847177
44.2,756.9665184767837
44.4,754.5968439122889
44.6,752.1690909206712
44.8,749.6812667226833
45.0,747.1313008097517
45.2,744.5170434952441
45.4,741.8362645465883
45.6,739.0866519076031
45.8,736.2658105207761
46.0,733.3712612595364
46.2,730.4004399808106
46.4,727.3506967083081
46.6,724.2192949570453
46.8,721.0034112095823
47.0,717.7001345542884
47.2,714.3064664956894
47.4,710.8193209465514
47.6,707.2355244108363
47.8,703.5518163660151
48.0,699.7648498524467
48.2,695.8711922766297
48.4,691.8673264341171
48.6,687.7496517567502
48.8,683.5144857876437
49.0,679.1580658860343
49.2,674.6765511627164
49.4,670.0660246453454
49.6,665.322495671403
49.8,660.4419025051162
50.0,655.4201151731231
