0.0,753.3771625826543
0.2,755.7666770374761
0.4,758.1433479563192
0.6,760.5082713875363
0.8,762.8614946272907
1.0,765.2021294834677
1.2,767.5285087382098
1.4,769.8383713637645
1.6,772.1290606085392
1.8,774.3977194438221
2.0,776.641469830744
2.2,778.8575654151535
2.4,781.0435110550245
2.6,783.1971464833724
2.8,785.3166949310329
3.0,787.4007803301507
3.2,789.4484186029782
3.4,791.4589894811548
3.6,793.4321953973749
3.8,795.3680134302097
4.0,797.2666452894158
4.2,799.1284691263228
4.4,800.9539957313971
4.6,802.7438305775187
4.8,804.4986422660994
5.0,806.2191372669315
5.2,807.9060404056412
5.4,809.5600803134116
5.6,811.181978968161
5.8,812.7724444781306
6.0,814.3321663459029
6.2,815.8618125696037
6.4,817.3620280642115
6.6,818.8334340041142
6.8,820.2766277900708
7.0,821.6921834265777
7.2,823.0806521596851
7.4,824.4425632728188
7.6,825.7784249721639
7.8,827.0887253167423
8.0,828.3739331641981
8.2,829.6344991137603
8.4,830.8708564345881
8.6,832.0834219719762
8.8,833.2725970265979
9.0,834.4387682036594
9.2,835.5823082299385
9.4,836.7035767373962
9.6,837.8029210125625
9.8,838.8806767112544
10.0,839.9371685384855
10.2,840.9727108936427
10.4,841.987608481217
10.6,842.9821568875261
10.8,843.9566431240231
11.0,844.9113461378959
11.2,845.8465372907758
11.4,846.7624808064536
11.6,847.6594341885746
11.8,848.5376486093422
12.0,849.3973692703036
12.2,850.2388357363169
12.4,851.0622822438287
12.6,851.8679379845928
12.8,852.6560273659705
13.0,853.4267702489412
13.2,854.1803821649448
13.4,854.9170745126564
13.6,855.6370547357751
13.8,856.3405264828781
14.0,857.0276897503652
14.2,857.6987410094871
14.4,858.3538733184158
14.6,858.9932764202814
14.8,859.6171368280652
15.0,860.2256378972018
15.2,860.8189598867071
15.4,861.3972800096167
15.6,861.9607724734769
15.8,862.5096085116077
16.0,863.0439564058119
16.2,863.5639815011824
16.4,864.0698462136205
16.6,864.5617100306556
16.8,865.0397295061207
17.0,865.5040582492179
17.2,865.954846908475
17.4,866.3922431510753
17.6,866.8163916380139
17.8,867.2274339955135
18.0,867.6255087831104
18.2,868.010751458802
18.4,868.3832943416232
18.6,868.7432665720042
18.8,869.0907940702443
19.0,869.425999493414
19.2,869.7490021909879
19.4,870.0599181594891
19.6,870.3588599964163
19.8,870.6459368537028
20.0,870.9212543909517
20.2,871.1849147286708
20.4,871.4370164017197
20.6,871.677654313173
20.8,871.9069196887857
21.0,872.1249000322397
21.2,872.3316790813376
21.4,872.5273367652997
21.6,872.7119491633088
21.8,872.8855884644407
22.0,873.0483229291058
22.2,873.2002168521178
22.4,873.3413305275009
22.6,873.4717202151335
22.8,873.5914381093221
23.0,873.7005323093882
23.2,873.799046792348
23.4,873.887021387751
23.6,873.9644917547442
23.8,874.0314893614164
24.0,874.088041466471
24.2,874.1341711032744
24.4,874.1698970663138
24.6,874.1952339000983
24.8,874.210191890529
25.0,874.2147770587565
25.2,874.2089911575417
25.4,874.1928316701299
25.6,874.1662918116385
25.8,874.1293605329604
26.0,874.0820225271721
26.2,874.0242582384353
26.4,873.9560438733747
26.6,873.8773514149045
26.8,873.7881486384766
27.0,873.6883991307137
27.2,873.5780623103841
27.4,873.4570934516726
27.6,873.3254437096898
27.8,873.1830601481616
28.0,873.029885769227
28.2,872.8658595452721
28.4,872.6909164527158
28.6,872.5049875076561
28.8,872.3079998032796
29.0,872.0998765489256
29.2,871.8805371106897
29.4,871.6498970534418
29.6,871.407868184123
29.8,871.1543585961793
30.0,870.889272714975
30.2,870.6125113440205
30.4,870.3239717118398
30.6,870.0235475192877
30.8,869.7111289871175
31.0,869.3866029035847
31.2,869.0498526718634
31.4,868.7007583570313
31.6,868.3391967323738
31.8,867.9650413247351
32.0,867.5781624586324
32.2,867.1784272988317
32.4,866.7656998910682
32.6,866.339841200574
32.8,865.9007091480587
33.0,865.448158642768
33.2,864.9820416122249
33.4,864.5022070282373
33.6,864.0085009287305
33.8,863.5007664349421
34.0,862.9788437634887
34.2,862.4425702327909
34.4,861.891780263309
34.6,861.3263053710228
34.8,860.7459741535466
35.0,860.1506122682483
35.2,859.5400424017029
35.4,858.9140842297792
35.6,858.2725543676221
35.8,857.6152663087546
36.0,856.9420303524901
36.2,856.2526535188038
36.4,855.546939449776
36.6,854.8246882966803
36.8,854.0856965917513
37.0,853.3297571036311
37.2,852.556658675454
37.4,851.7661860444973
37.6,850.9581196422939
37.8,850.1322353740718
38.0,849.2883043763633
38.2,848.4260927516049
38.4,847.5453612785368
38.6,846.6458650972031
38.8,845.727353367353
39.0,844.7895688990587
39.2,843.832247754379
39.4,842.855118818935
39.6,841.8579033423072
39.8,840.8403144462198
40.0,839.8020565995561
40.2,838.7428250593345
40.4,837.6623052768864
40.6,836.5601722686046
40.8,835.436089950775
41.0,834.2897104381882
41.2,833.1206733064187
41.4,831.928604817914
41.6,830.7131171123225
41.8,829.4738073618771
42.0,828.2102568931615
42.2,826.9220302773259
42.4,825.6086743919209
42.6,824.2697174592302
42.8,822.9046680686871
43.0,821.513014195235
43.2,820.0942222322158
43.4,818.6477360678042
43.6,817.1729762498359
43.8,815.669339307375
44.0,814.136197331239
44.2,812.5728979630209
44.4,810.9787650059393
44.6,809.3530999533424
44.8,807.6951848322839
45.0,806.0042868773068
45.2,804.2796656751998
45.4,802.520583539722
45.6,800.7263199619746
45.8,798.8961910037855
46.0,797.0295744163517
46.2,795.1259410282224
46.4,793.1848925115754
46.6,791.2062049723946
46.8,789.1898769126602
47.0,787.1361790138919
47.2,785.0457019741954
47.4,782.9193974334485
47.6,780.7586060321274
47.8,778.565066090558
48.0,776.3408964916557
48.2,774.088548286665
48.4,771.8107214189112
48.6,769.5102457448602
48.8,767.1899290377803
49.0,764.8523785406722
49.2,762.4998064155305
49.4,760.1338325704389
49.6,757.755300306595
49.8,755.3641205994155
50.0,752.9591593964661
