0.0,859.5573127598611
0.2,860.3032270135163
0.4,861.0335112947315
0.6,861.7483429356257
0.8,862.4479001475878
1.0,863.1323620101051
1.2,863.8019084567514
1.4,864.4567202583069
1.6,865.0969790029922
1.8,865.7228670738111
2.0,866.3345676230036
2.2,866.9322645436195
2.4,867.5161424382336
2.6,868.0863865848326
2.8,868.6431828999109
3.0,869.1867178988243
3.2,869.7171786534544
3.4,870.2347527472505
3.6,870.7396282277203
3.8,871.2319935564487
4.0,871.7120375567329
4.2,872.179949358927
4.4,872.6359183435997
4.6,873.0801340826098
4.8,873.5127862782174
5.0,873.9340647003444
5.2,874.3441591221148
5.4,874.7432592537992
5.6,875.1315546753012
5.8,875.5092347673187
6.0,875.8764886413245
6.2,876.2335050685065
6.4,876.580472407817
6.6,876.9175785332744
6.8,877.2450107606708
7.0,877.5629557738309
7.2,877.8715995505775
7.4,878.1711272885489
7.6,878.4617233310222
7.8,878.7435710928883
8.0,879.0168529869268
8.2,879.2817503505263
8.4,879.538443372992
8.6,879.7871110235822
8.8,880.0279309804084
9.0,880.2610795603352
9.2,880.486731650006
9.4,880.7050606381217
9.6,880.9162383490919
9.8,881.1204349781747
10.0,881.3178190282141
10.2,881.5085572480806
10.4,881.6928145729128
10.6,881.8707540662537
10.8,882.0425368641683
11.0,882.2083221214227
11.2,882.3682669597972
11.4,882.5225264186026
11.6,882.6712534074591
11.8,882.814598661391
12.0,882.9527106982844
12.2,883.0857357787472
12.4,883.2138178684056
12.6,883.33709860266
12.8,883.4557172539236
13.0,883.569810701352
13.2,883.6795134030722
13.4,883.7849573709074
13.6,883.8862721475921
13.8,883.9835847864628
14.0,884.0770198336023
14.2,884.1666993124137
14.4,884.2527427105905
14.6,884.3352669694442
14.8,884.414386475548
15.0,884.4902130546444
15.2,884.5628559677674
15.4,884.6324219095155
15.6,884.6990150084171
15.8,884.7627368293166
16.0,884.8236863777137
16.2,884.8819601059762
16.4,884.9376519213517
16.6,884.9908531956931
16.8,885.0416527768151
17.0,885.0901370013906
17.2,885.1363897093031
17.4,885.180492259356
17.6,885.2225235462497
17.8,885.2625600187304
18.0,885.3006756988104
18.2,885.3369422019683
18.4,885.3714287582247
18.6,885.4042022339992
18.8,885.435327154646
19.0,885.4648657275727
19.2,885.4928778658413
19.4,885.5194212121531
19.6,885.5445511631241
19.8,885.5683208937485
20.0,885.590781381961
20.2,885.6119814332027
20.4,885.631967704896
20.6,885.6507847307439
20.8,885.6684749447606
21.0,885.6850787049519
21.2,885.7006343165593
21.4,885.7151780547898
21.6,885.7287441869507
21.8,885.7413649939172
22.0,885.7530707908584
22.2,885.7638899471559
22.4,885.7738489054458
22.6,885.7829721997254
22.8,885.7912824724632
23.0,885.7988004906614
23.2,885.8055451608125
23.4,885.8115335427112
23.6,885.8167808620708
23.8,885.8213005219079
24.0,885.8251041126599
24.2,885.8282014210017
24.4,885.8306004373356
24.6,885.8323073619298
24.8,885.8333266096882
25.0,885.833660813535
25.2,885.8333108264011
25.4,885.8322757218126
25.6,885.830552793071
25.8,885.8281375510318
26.0,885.8250237204877
26.2,885.8212032351648
26.4,885.8166662313477
26.6,885.8114010401523
26.8,885.8053941784705
27.0,885.7986303386102
27.2,885.7910923766683
27.4,885.7827612996655
27.6,885.7736162514861
27.8,885.7636344976664
28.0,885.7527914090762
28.2,885.7410604445469
28.4,885.7284131324999
28.6,885.7148190516335
28.8,885.7002458107305
29.0,885.6846590276515
29.2,885.6680223075823
29.4,885.6502972206077
29.6,885.6314432786859
29.8,885.6114179121007
30.0,885.5901764454733
30.2,885.5676720734153
30.4,885.5438558359089
30.6,885.5186765935019
30.8,885.4920810024078
31.0,885.4640134896008
31.2,885.4344162280017
31.4,885.4032291118474
31.6,885.3703897323405
31.8,885.3358333536776
32.0,885.299492889552
32.2,885.2612988802301
32.4,885.2211794703032
32.6,885.1790603872075
32.8,885.1348649206182
33.0,885.0885139028102
33.2,885.0399256900884
33.4,884.9890161453783
33.6,884.9356986220788
33.8,884.8798839492667
34.0,884.8214804183466
34.2,884.7603937712371
34.4,884.6965271901803
34.6,884.6297812892599
34.8,884.5600541077099
35.0,884.4872411050944
35.2,884.4112351584322
35.4,884.3319265613392
35.6,884.2492030252565
35.8,884.1629496828282
36.0,884.0730490934857
36.2,883.9793812512959
36.4,883.8818235951206
36.6,883.7802510211318
36.8,883.6745358977206
37.0,883.5645480828339
37.2,883.4501549437654
37.4,883.3312213794201
37.6,883.2076098450702
37.8,883.079180379608
38.0,882.9457906352985
38.2,882.8072959100278
38.4,882.6635491820339
38.6,882.514401147103
38.8,882.3597002582057
39.0,882.1992927675419
39.2,882.0330227709525
39.4,881.8607322546559
39.6,881.6822611442541
39.8,881.4974473559492
40.0,881.3061268499054
40.2,881.1081336856806
40.4,880.9033000796526
40.6,880.6914564643497
40.8,880.4724315495966
41.0,880.2460523853772
41.2,880.0121444263092
41.4,879.7705315976239
41.6,879.5210363625336
41.8,879.2634797908703
42.0,878.9976816288702
42.2,878.7234603699738
42.4,878.4406333265142
42.6,878.1490167021517
42.8,877.8484256649202
43.0,877.5386744207417
43.2,877.2195762872636
43.4,876.8909437678749
43.6,876.5525886257506
43.8,876.2043219577785
44.0,875.8459542682169
44.2,875.4772955419342
44.4,875.0981553170808
44.6,874.7083427570471
44.8,874.3076667215579
45.0,873.895935836759
45.2,873.4729585641553
45.4,873.0385432682568
45.6,872.5924982827994
45.8,872.1346319754045
46.0,871.6647528105516
46.2,871.1826694107374
46.4,870.6881906157046
46.6,870.181125539626
46.8,869.661283626137
47.0,869.1284747011152
47.2,868.5825090231132
47.4,868.0231973313578
47.6,867.4503508912355
47.8,866.8637815371926
48.0,866.2633017129857
48.2,865.6487245092278
48.4,865.0198636981818
48.6,864.3765337657636
48.8,863.7185499407258
49.0,863.0457282210002
49.2,862.3578853971894
49.4,861.6548390732032
49.6,860.9364076840493
49.8,860.2024105107921
50.0,859.4526676927079
