0.0,853.7715719559437
0.2,854.6361677446321
0.4,855.4808412446824
0.6,856.3060145788323
0.8,857.1121019829696
1.0,857.8995096499988
1.2,858.6686356033156
1.4,859.4198695996918
1.6,860.1535930611694
1.8,860.8701790353716
2.0,861.5699921834523
2.2,862.253388794732
2.4,862.9207168269072
2.6,863.572315970573
2.8,864.208517736665
3.0,864.8296455653157
3.2,865.4360149545134
3.4,866.0279336068862
3.6,866.6057015928542
3.8,867.1696115283661
4.0,867.7199487653995
4.2,868.256991593403
4.4,868.7810114498648
4.6,869.2922731382208
4.8,869.7910350513553
5.0,870.2775493990005
5.2,870.7520624374148
5.4,871.2148146997923
5.6,871.6660412259507
5.8,872.1059717899399
6.0,872.5348311243158
6.2,872.9528391399393
6.4,873.3602111402662
6.6,873.757158029212
6.8,874.1438865117947
7.0,874.5205992868662
7.2,874.887495231362
7.4,875.2447695756076
7.6,875.5926140693243
7.8,875.93121713808
8.0,876.2607640300241
8.2,876.5814369528395
8.4,876.8934152009181
8.6,877.1968752728521
8.8,877.4919909793938
9.0,877.7789335420986
9.2,878.0578716829234
9.4,878.3289717050906
9.6,878.5923975655736
9.8,878.8483109395878
10.0,879.0968712774954
10.2,879.3382358545547
10.4,879.5725598139537
10.6,879.7999962035776
10.8,880.020696006962
11.0,880.234808168884
11.2,880.4424796160333
11.4,880.6438552732011
11.6,880.8390780754111
11.8,881.0282889764013
12.0,881.2116269538514
12.2,881.3892290117298
12.4,881.5612301801169
12.6,881.7277635128416
12.8,881.8889600832433
13.0,882.0449489783556
13.2,882.1958572917843
13.4,882.3418101155285
13.6,882.4829305309794
13.8,882.6193395993035
14.0,882.7511563514059
14.2,882.87849777764
14.4,883.0014788174236
14.6,883.1202123488946
14.8,883.2348091787286
15.0,883.3453780322243
15.2,883.452025543747
15.4,883.5548562476106
15.6,883.6539725694604
15.8,883.7494748182148
16.0,883.8414611786073
16.2,883.9300277043636
16.4,884.0152683120388
16.6,884.097274775534
16.8,884.176136721299
17.0,884.2519416242287
17.2,884.324774804245
17.4,884.3947194235626
17.6,884.4618564846214
17.8,884.5262648286713
18.0,884.5880211349862
18.2,884.647199920687
18.4,884.7038735411418
18.6,884.7581121909193
18.8,884.8099839052597
19.0,884.8595545620319
19.2,884.9068878841418
19.4,884.9520454423558
19.6,884.9950866585023
19.8,885.0360688090137
20.0,885.0750470287711
20.2,885.112074315212
20.4,885.1472015326649
20.6,885.1804774168689
20.8,885.2119485796446
21.0,885.2416595136742
21.2,885.2696525973563
21.4,885.2959680996989
21.6,885.3206441852137
21.8,885.3437169187782
22.0,885.3652202704321
22.2,885.385186120075
22.4,885.4036442620354
22.6,885.42062240948
22.8,885.4361461986368
23.0,885.4502391928052
23.2,885.462922886126
23.4,885.4742167070923
23.6,885.4841380217756
23.8,885.4927021367503
24.0,885.4999223016982
24.2,885.5058097116776
24.4,885.5103735090422
24.6,885.5136207850005
24.8,885.515556580803
25.0,885.516183888552
25.2,885.5155036516279
25.4,885.5135147647295
25.6,885.5102140735249
25.8,885.5055963739168
26.0,885.4996544109227
26.2,885.4923788771786
26.4,885.4837584110693
26.6,885.4737795944985
26.8,885.4624269503079
27.0,885.4496829393594
27.2,885.4355279572975
27.4,885.4199403310062
27.6,885.4028963147827
27.8,885.3843700862477
28.0,885.3643337420161
28.2,885.3427572931517
28.4,885.319608660434
28.6,885.294853669463
28.8,885.2684560456333
29.0,885.2403774090081
29.2,885.2105772691237
29.4,885.1790130197605
29.6,885.1456399337123
29.8,885.1104111575921
30.0,885.0732777067074
30.2,885.0341884600459
30.4,884.9930901554063
30.6,884.9499273847131
30.8,884.9046425895547
31.0,884.8571760569815
31.2,884.8074659156039
31.4,884.7554481320278
31.6,884.7010565076644
31.8,884.644222675952
32.0,884.5848761000256
32.2,884.5229440708682
32.4,884.4583517059785
32.6,884.3910219485831
32.8,884.3208755674267
33.0,884.2478311571623
33.2,884.1718051393681
33.4,884.0927117642103
33.6,884.010463112767
33.8,883.9249691000273
34.0,883.8361374785704
34.2,883.7438738429285
34.4,883.6480816346268
34.6,883.5486621478909
34.8,883.4455145360022
35.0,883.3385358182733
35.2,883.227620887609
35.4,883.112662518605
35.6,882.9935513761286
35.8,882.8701760243104
36.0,882.7424229358685
36.2,882.6101765016681
36.4,882.4733190404056
36.6,882.3317308082944
36.8,882.1852900086066
37.0,882.0338728009123
37.2,881.8773533098376
37.4,881.7156036331431
37.6,881.5484938489028
37.8,881.3758920215466
38.0,881.1976642065042
38.2,881.0136744531657
38.4,880.8237848058593
38.6,880.6278553025139
38.8,880.4257439706628
39.0,880.2173068204168
39.2,880.0023978340193
39.4,879.7808689515747
39.6,879.5525700525253
39.8,879.3173489324391
40.0,879.0750512746539
40.2,878.825520616319
40.4,878.5685983083674
40.6,878.3041234689515
40.8,878.0319329298743
41.0,877.7518611755645
41.2,877.4637402741464
41.4,877.1673998001868
41.6,876.8626667487174
41.8,876.5493654401716
42.0,876.2273174159095
42.2,875.8963413240558
42.4,875.5562527954313
42.6,875.2068643094167
42.8,874.8479850496648
43.0,874.4794207496514
43.2,874.1009735281423
43.4,873.7124417147468
43.6,873.3136196658268
43.8,872.9042975711374
44.0,872.4842612516838
44.2,872.0532919493938
44.4,871.6111661093247
44.6,871.1576551552416
44.8,870.6925252595254
45.0,870.2155371084866
45.2,869.7264456642824
45.4,869.2249999247451
45.6,868.710942682538
45.8,868.1840102851595
46.0,867.6439323974073
46.2,867.0904317679937
46.4,866.5232240020814
46.6,865.9420173415591
46.8,865.3465124549234
47.0,864.7364022386581
47.2,864.1113716320147
47.4,863.4710974470851
47.6,862.8152482160385
47.8,862.1434840573389
48.0,861.4554565627068
48.2,860.750808706495
48.4,860.0291747790523
48.6,859.2901803455243
48.8,858.5334422314085
49.0,857.7585685360203
49.2,856.9651586748623
49.4,856.1528034517089
49.6,855.321085161021
49.8,854.4695777211092
50.0,853.597846838251
