0.0,787.9432355785048
0.2,790.2204836271908
0.4,792.4553494398898
0.6,794.6489285305806
0.8,796.8021441345832
1.0,798.9157701150846
1.2,800.9904600807834
1.4,803.026777584203
1.6,805.0252233812038
1.8,806.9862574503437
2.0,808.9103151438145
2.2,810.7978180392515
2.4,812.6491806566129
2.6,814.4648143018921
2.8,816.2451291038122
3.0,817.9905350110945
3.2,819.7014422385492
3.4,821.3782614415771
3.6,823.0214037648689
3.8,824.6312808350548
4.0,826.2083047281048
4.2,827.752887924095
4.4,829.2654432541782
4.6,830.7463838415241
4.8,832.1961230368853
5.0,833.6150743490704
5.2,835.0036513705033
5.4,836.3622676980225
5.6,837.6913368490767
5.8,838.9912721734871
6.0,840.2624867609509
6.2,841.5053933444788
6.4,842.7204041999637
6.6,843.907931042092
6.8,845.0683849168121
7.0,846.2021760905905
7.2,847.3097139366844
7.4,848.391406818673
7.6,849.4476619714907
7.8,850.4788853802122
8.0,851.485481656844
8.2,852.4678539153756
8.4,853.4264036453521
8.6,854.3615305842246
8.8,855.2736325887398
9.0,856.1631055056271
9.2,857.0303430418425
9.4,857.8757366346231
9.6,858.6996753216071
9.8,859.5025456112659
10.0,860.2847313538964
10.2,861.04661361341
10.4,861.7885705401536
10.6,862.5109772449911
10.8,863.2142056748619
11.0,863.8986244900346
11.2,864.5645989432544
11.4,865.2124907609839
11.6,865.8426580269225
11.8,866.4554550679824
12.0,867.0512323428844
12.2,867.6303363335363
12.4,868.1931094393329
12.6,868.7398898745183
12.8,869.2710115687307
13.0,869.7868040708443
13.2,870.2875924562082
13.4,870.7736972373722
13.6,871.2454342783776
13.8,871.7031147126796
14.0,872.1470448647549
14.2,872.5775261754391
14.4,872.9948551310246
14.6,873.3993231961405
14.8,873.791216750422
15.0,874.1708170289712
15.2,874.5384000665923
15.4,874.8942366457824
15.6,875.238592248444
15.8,875.571727011276
16.0,875.8938956847915
16.2,876.2053475959007
16.4,876.5063266139906
16.6,876.7970711204218
16.8,877.0778139813568
17.0,877.3487825238265
17.2,877.610198514935
17.4,877.8622781440943
17.6,878.1052320081784
17.8,878.3392650994758
18.0,878.5645767963182
18.2,878.7813608562586
18.4,878.9898054116644
18.6,879.1900929675921
18.8,879.3824004018039
19.0,879.5668989667862
19.2,879.7437542936256
19.4,879.9131263976009
19.6,880.0751696853423
19.8,880.2300329634141
20.0,880.3778594481744
20.2,880.518786776767
20.4,880.6529470191001
20.6,880.7804666906701
20.8,880.9014667660871
21.0,881.0160626931666
21.2,881.1243644074483
21.4,881.2264763470092
21.6,881.3224974674434
21.8,881.4125212568807
22.0,881.4966357509236
22.2,881.5749235473852
22.4,881.6474618207168
22.6,881.7143223360166
22.8,881.7755714625208
23.0,881.8312701864791
23.2,881.8814741233253
23.4,881.9262335290626
23.6,881.9655933107825
23.8,881.9995930362504
24.0,882.028266942493
24.2,882.0516439433331
24.4,882.0697476358201
24.6,882.0825963055177
24.8,882.0902029306111
25.0,882.0925751848106
25.2,882.0897154390294
25.4,882.0816207618254
25.6,882.068282918603
25.8,882.049688369578
26.0,882.0258182665192
26.2,881.9966484482813
26.4,881.9621494351608
26.6,881.9222864221051
26.8,881.8770192708188
27.0,881.8263025008142
27.2,881.7700852794634
27.4,881.7083114111141
27.6,881.6409193253401
27.8,881.5678420644008
28.0,881.4890072699974
28.2,881.4043371694092
28.4,881.3137485611107
28.6,881.2171527999675
28.8,881.1144557821192
29.0,881.0055579296609
29.2,880.89035417524
29.4,880.7687339466902
29.6,880.6405811518279
29.8,880.5057741635404
30.0,880.3641858053006
30.2,880.2156833372408
30.4,880.0601284429293
30.6,879.8973772169874
30.8,879.7272801536899
31.0,879.5496821366974
31.2,879.36442243006
31.4,879.171334670644
31.6,878.9702468621226
31.8,878.7609813706808
32.0,878.5433549225756
32.2,878.3171786036951
32.4,878.0822578612599
32.6,877.8383925078028
32.8,877.5853767275639
33.0,877.3229990854339
33.2,877.0510425385717
33.4,876.7692844508229
33.6,876.4774966100564
33.8,876.1754452485324
34.0,875.862891066409
34.2,875.5395892584909
34.4,875.2052895443095
34.6,874.8597362016255
34.8,874.5026681034302
35.0,874.1338187585167
35.2,873.7529163556826
35.4,873.3596838116189
35.6,872.953838822524
35.8,872.5350939194828
36.0,872.1031565276281
36.2,871.6577290291013
36.4,871.198508829815
36.6,870.7251884300053
36.8,870.2374554985606
37.0,869.734992951089
37.2,869.2174790316884
37.4,868.6845873983618
37.6,868.1359872120138
37.8,867.5713432289522
38.0,866.9903158968054
38.2,866.3925614537558
38.4,865.777732030978
38.6,865.1454757581604
38.8,864.4954368719746
39.0,863.8272558273482
39.2,863.1405694113887
39.4,862.4350108597877
39.6,861.7102099755355
39.8,860.9657932497563
40.0,860.201383984473
40.2,859.4166024170959
40.4,858.6110658464264
40.6,857.784388759955
40.8,856.9361829622284
41.0,856.0660577040528
41.2,855.1736198122961
41.4,854.2584738200438
41.6,853.3202220968624
41.8,852.3584649789174
42.0,851.3728008986918
42.2,850.3628265140495
42.4,849.3281368363828
42.6,848.268325357588
42.8,847.1829841756097
43.0,846.0717041182963
43.2,844.9340748653119
43.4,843.7696850678522
43.6,842.5781224659152
43.8,841.3589740028833
44.0,840.1118259371776
44.2,838.836263950752
44.4,837.5318732542013
44.6,836.1982386882665
44.8,834.8349448215287
45.0,833.4415760440896
45.2,832.0177166570544
45.4,830.5629509576327
45.6,829.0768633196956
45.8,827.5590382696271
46.0,826.0090605573179
46.2,824.4265152221261
46.4,822.8109876535246
46.6,821.162063645803
46.8,819.4793294451115
47.0,817.7623717841844
47.2,816.0107778925624
47.4,814.2241354526058
47.6,812.4020324340071
47.8,810.544056666171
48.0,808.6497948787529
48.2,806.7188307393758
48.4,804.7507411480599
48.6,802.7450897599089
48.8,800.7014165188587
49.0,798.6192220793758
49.2,796.4979465667578
49.4,794.3369432817814
49.6,792.1354495691922
49.8,789.8925587267356
50.0,787.6071979030316
