0.0,806.7239354194347
0.2,808.8206205014094
0.4,810.8761279733781
0.6,812.8908036413557
0.8,814.8649987524211
1.0,816.7990702423551
1.2,818.6933809585087
1.4,820.5482998570086
1.6,822.3642021735237
1.8,824.1414695669372
2.0,825.8804902353925
2.2,827.5816590043083
2.4,829.24537738608
2.6,830.8720536113166
2.8,832.4621026315839
3.0,834.0159460937533
3.2,835.5340122861737
3.4,837.0167360570118
3.6,838.4645587052178
3.8,839.8779278446881
4.0,841.2572972423119
4.2,842.6031266306853
4.4,843.9158814963813
4.6,845.1960328447581
4.8,846.4440569423705
5.0,847.660435038139
5.2,848.845653064494
5.4,850.00020131979
5.6,851.1245741333362
5.8,852.2192695144461
6.0,853.2847887869518
6.2,854.3216362106613
6.4,855.3303185912725
6.6,856.31134488027
6.8,857.2652257663482
7.0,858.1924732599086
7.2,859.0936002721754
7.4,859.9691201904617
7.6,860.8195464511068
7.8,861.6453921115746
8.0,862.4471694231769
8.2,863.2253894058479
8.4,863.9805614263502
8.6,864.7131927812504
8.8,865.423788285944
9.0,866.1128498709531
9.2,866.780876186661
9.4,867.4283622175774
9.6,868.0557989071641
9.8,868.663672794176
10.0,869.2524656613982
10.2,869.8226541975874
10.4,870.3747096733458
10.6,870.9090976315779
10.8,871.4262775931041
11.0,871.9267027779235
11.2,872.4108198425432
11.4,872.8790686337128
11.6,873.3318819588247
11.8,873.7696853731712
12.0,874.1928969841709
12.2,874.6019272726099
12.4,874.9971789308759
12.6,875.3790467180924
12.8,875.7479173320079
13.0,876.1041692974238
13.2,876.4481728708978
13.4,876.780289961403
13.6,877.1008740665773
13.8,877.4102702241458
14.0,877.7088149780685
14.2,877.9968363589148
14.4,878.2746538779463
14.6,878.5425785343482
14.8,878.8009128350296
15.0,879.0499508263891
15.2,879.289978137424
15.4,879.5212720335442
15.6,879.7441014804435
15.8,879.9587272173706
16.0,880.165401839135
16.2,880.3643698861878
16.4,880.5558679421094
16.6,880.7401247378474
16.8,880.9173612620482
17.0,881.0877908768399
17.2,881.2516194384292
17.4,881.4090454218924
17.6,881.5602600495521
17.8,881.70544742235
18.0,881.8447846536395
18.2,881.9784420048469
18.4,882.1065830224641
18.6,882.2293646758588
18.8,882.346937495412
19.0,882.4594457105086
19.2,882.5670273869364
19.4,882.669814563267
19.6,882.7679333858146
19.8,882.8615042417939
20.0,882.9506418903204
20.2,883.0354555909157
20.4,883.116049229205
20.6,883.1925214395166
20.8,883.264965724108
21.0,883.3334705687715
21.2,883.3981195545838
21.4,883.4589914655884
21.6,883.5161603922146
21.8,883.5696958302536
22.0,883.6196627752315
22.2,883.6661218120285
22.4,883.7091291996134
22.6,883.7487369507747
22.8,883.7849929067384
23.0,883.8179408065772
23.2,883.8476203513312
23.4,883.874067262758
23.6,883.8973133366527
23.8,883.9173864906792
24.0,883.9343108066618
24.2,883.9481065672986
24.4,883.9587902872598
24.6,883.9663747386422
24.8,883.9708689707585
25.0,883.9722783242411
25.2,883.9706044394518
25.4,883.9658452591866
25.6,883.9579950256757
25.8,883.9470442718803
26.0,883.9329798070941
26.2,883.91578469686
26.4,883.8954382372233
26.6,883.8719159233405
26.8,883.845189412475
27.0,883.8152264814145
27.2,883.7819909783507
27.4,883.7454427692719
27.6,883.7055376789248
27.8,883.6622274264096
28.0,883.615459555486
28.2,883.5651773596717
28.4,883.5113198022308
28.6,883.4538214311585
28.8,883.3926122892818
29.0,883.3276178196081
29.2,883.2587587660715
29.4,883.1859510698358
29.6,883.1091057613353
29.8,883.0281288482473
30.0,882.9429211996098
30.2,882.8533784263147
30.4,882.7593907582308
30.6,882.6608429182228
30.8,882.5576139933619
31.0,882.4495773036399
31.2,882.3366002685199
31.4,882.2185442716818
31.6,882.0952645243434
31.8,881.9666099275556
32.0,881.8324229338989
32.2,881.6925394090282
32.4,881.5467884935341
32.6,881.3949924656138
32.8,881.2369666050641
33.0,881.0725190591297
33.2,880.9014507107614
33.4,880.7235550498564
33.6,880.5386180480695
33.8,880.3464180378047
34.0,880.1467255960033
34.2,879.939303433367
34.4,879.723906289655
34.6,879.5002808357134
34.8,879.2681655828907
35.0,879.0272908005062
35.2,878.7773784420323
35.4,878.5181420806528
35.6,878.249286854855
35.8,877.9705094247018
36.0,877.6814979394227
36.2,877.3819320169432
36.4,877.0714827359582
36.6,876.7498126411285
36.8,876.4165757619561
37.0,876.0714176458623
37.2,875.7139754059625
37.4,875.3438777839903
37.6,874.9607452287834
37.8,874.5641899907017
38.0,874.1538162322952
38.2,873.7292201554886
38.4,873.2899901454974
38.6,872.8357069316244
38.8,872.3659437650285
39.0,871.880266613493
39.2,871.3782343731461
39.4,870.8593990970268
39.6,870.3233062403052
39.8,869.7694949219027
40.0,869.197498202171
40.2,868.6068433762227
40.4,867.9970522824194
40.6,867.3676416254496
40.8,866.71812331335
41.0,866.0480048077444
41.2,865.3567894864997
41.4,864.6439770179203
41.6,863.9090637455314
41.8,863.1515430824279
42.0,862.3709059140984
42.2,861.5666410085666
42.4,860.7382354326344
42.6,859.8851749729465
42.8,859.0069445605526
43.0,858.1030286975849
43.2,857.172911884636
43.4,856.2160790473775
43.6,855.2320159609337
43.8,854.220209670499
44.0,853.1801489066703
44.2,852.1113244939571
44.4,851.0132297509264
44.6,849.8853608804463
44.8,848.7272173485051
45.0,847.5383022500998
45.2,846.3181226607201
45.4,845.066189971985
45.6,843.7820202100381
45.8,842.4651343353552
46.0,841.115058522676
46.2,839.7313244198454
46.4,838.3134693844119
46.6,836.8610366969225
46.8,835.3735757499328
47.0,833.8506422118476
47.2,832.2917981648075
47.4,830.6966122159369
47.6,829.0646595813829
47.8,827.3955221426855
48.0,825.688788475136
48.2,823.944053847903
48.4,822.1609201958257
48.6,820.3389960629013
48.8,818.4778965176145
49.0,816.5772430403883
49.2,814.6366633835574
49.4,812.6557914043907
49.6,810.6342668718135
49.8,808.5717352476001
50.0,806.4678474429252
