0.0,468.9226219370673
0.2,474.2491544589877
0.4,479.5417834024445
0.6,484.7996346578962
0.8,490.0218561269334
1.0,495.2076182868822
1.2,500.3561147139951
1.4,505.4665625644694
1.6,510.5382030126659
1.8,515.5703016460351
2.0,520.5621488163939
2.2,525.5130599473276
2.4,530.4223757976295
2.6,535.2894626808173
2.8,540.1137126409009
3.0,544.8945435846972
3.2,549.6313993711191
3.4,554.323749857975
3.6,558.9710909069454
3.8,563.5729443474977
4.0,568.1288579006215
4.2,572.6384050633552
4.4,577.101184955177
4.6,581.5168221274145
4.8,585.8849663369164
5.0,590.2052922852971
5.2,594.4774993251384
5.4,598.7013111345885
5.6,602.8764753618585
5.8,607.0027632411548
6.0,611.079969181633
6.2,615.1079103309853
6.4,619.0864261153008
6.6,623.0153777568551
6.8,626.8946477714978
7.0,630.7241394473092
7.2,634.503776306195
7.4,638.2335015500836
7.6,641.9132774933681
7.8,645.5430849832253
8.0,649.122922809409
8.2,652.6528071050903
8.4,656.1327707402801
8.6,659.5628627093298
8.8,662.9431475139644
9.0,666.2737045432499
9.2,669.5546274518532
9.4,672.7860235378951
9.6,675.9680131216419
9.8,679.100728926225
10.0,682.1843154615153
10.2,685.2189284122223
10.4,688.2047340312216
10.6,691.1419085390555
10.8,694.0306375304865
11.0,696.871115388919
11.2,699.6635447094469
11.4,702.4081357312155
11.6,705.1051057797306
11.8,707.7546787196849
12.0,710.3570844188098
12.2,712.9125582232102
12.4,715.4213404445748
12.6,717.8836758596075
12.8,720.2998132219687
13.0,722.6700047869668
13.2,724.9945058491909
13.4,727.2735742932314
13.6,729.5074701575903
13.8,731.6964552118407
14.0,733.8407925470585
14.2,735.9407461795134
14.4,737.996580667566
14.6,740.0085607416962
14.8,741.9769509475494
15.0,743.9020153018668
15.2,745.7840169611375
15.4,747.6232179027901
15.6,749.4198786187205
15.8,751.1742578209348
16.0,752.8866121590704
16.2,754.5571959495448
16.4,756.1862609160681
16.6,757.7740559412492
16.8,759.3208268290097
17.0,760.8268160775214
17.2,762.2922626623727
17.4,763.7174018296653
17.6,765.1024648987424
17.8,766.4476790742473
18.0,767.7532672672116
18.2,769.019447924872
18.4,770.2464348689182
18.6,771.4344371418769
18.8,772.58365886134
19.0,773.6942990817511
19.2,774.7665516634669
19.4,775.8006051488202
19.6,776.7966426449125
19.8,777.7548417128754
20.0,778.675374263345
20.2,779.5584064579007
20.4,780.4040986162304
20.6,781.2126051287898
20.8,781.9840743747317
21.0,782.7186486448942
21.2,783.4164640696391
21.4,784.0776505513461
21.6,784.702331701375
21.8,785.2906247813175
22.0,785.8426406483705
22.2,786.3584837046704
22.4,786.8382518504386
22.6,787.2820364407963
22.8,787.6899222461193
23.0,788.0619874158066
23.2,788.3983034453522
23.4,788.6989351466162
23.6,788.9639406211984
23.8,789.1933712368301
24.0,789.3872716067086
24.2,789.5456795717039
24.4,789.6686261853825
24.6,789.7561357017972
24.8,789.8082255660025
25.0,789.8249064072646
25.2,789.8061820349448
25.4,789.7520494370403
25.6,789.6624987813802
25.8,789.5375134194807
26.0,789.3770698930706
26.2,789.1811379433148
26.4,788.9496805227599
26.6,788.6826538100493
26.8,788.3800072274515
27.0,788.041683461264
27.2,787.6676184851574
27.4,787.2577415865386
27.6,786.8119753960162
27.8,786.3302359200648
28.0,785.8124325769923
28.2,785.2584682363217
28.4,784.6682392617122
28.6,784.0416355575483
28.8,783.3785406193421
29.0,782.6788315880947
29.2,781.94237930878
29.4,781.1690483931175
29.6,780.3586972868133
29.8,779.5111783414555
30.0,778.6263378912632
30.2,777.7040163348896
30.4,776.7440482224988
30.6,775.7462623483354
30.8,774.7104818490203
31.0,773.6365243078113
31.2,772.524201865078
31.4,771.3733213352431
31.6,770.1836843304563
31.8,768.9550873912688
32.0,767.6873221245829
32.2,766.3801753491613
32.4,765.0334292489804
32.6,763.6468615347212
32.8,762.2202456136905
33.0,760.7533507684741
33.2,759.2459423446174
33.4,757.6977819476406
33.6,756.1086276496832
33.8,754.4782342060842
34.0,752.8063532821893
34.2,751.0927336906839
34.4,749.3371216397367
34.6,747.5392609922376
34.8,745.6988935364026
35.0,743.8157592680063
35.2,741.889596684498
35.4,739.9201430912324
35.6,737.9071349200412
35.8,735.8503080603458
36.0,733.7493982029954
36.2,731.6041411969926
36.4,729.4142734192397
36.6,727.1795321574193
36.8,724.8996560060866
37.0,722.5743852760237
37.2,720.2034624168696
37.4,717.7866324530057
37.6,715.3236434326343
37.8,712.8142468899501
38.0,710.2581983202582
38.2,707.6552576678471
38.4,705.0051898263782
38.6,702.3077651515005
38.8,699.5627599853486
39.0,696.7699571925285
39.2,693.9291467071356
39.4,691.0401260902975
39.6,688.1027010976691
39.8,685.1166862562517
40.0,682.0819054498422
40.2,678.9981925123614
40.4,675.8653918282401
40.6,672.6833589389885
40.8,669.4519611550006
41.0,666.1710781715933
41.2,662.8406026882071
41.4,659.4604410296454
41.6,656.0305137681604
41.8,652.5507563451426
42.0,649.0211196911094
42.2,645.4415708426416
42.4,641.8120935548586
42.6,638.1326889079842
42.8,634.4033759065027
43.0,630.6241920693734
43.2,626.7951940097306
43.4,622.9164580024685
43.6,618.9880805380849
43.8,615.0101788611347
44.0,610.9828914916342
44.2,606.9063787277465
44.4,602.7808231280735
44.6,598.6064299718892
44.8,594.3834276956575
45.0,590.1120683041947
45.2,585.7926277548638
45.4,581.425406313217
45.6,577.0107288785455
45.8,572.5489452778394
46.0,568.0404305267153
46.2,563.4855850559278
46.4,558.8848349021537
46.6,554.2386318618074
46.8,549.5474536067305
47.0,544.8118037606843
47.2,540.0322119356721
47.4,535.2092337272138
47.6,530.3434506678041
47.8,525.4354701378952
48.0,520.4859252338615
48.2,515.4954745925238
48.4,510.4648021719324
48.6,505.3946169882393
48.8,500.2856528086163
49.0,495.1386678003082
49.2,489.95444413604605
49.4,484.73378755617676
49.6,479.4775268880016
49.8,474.1865135229514
50.0,468.86162085235725
