0.0,588.6667226267691
0.2,589.1185079050026
0.4,589.9785428827423
0.6,591.2400651541282
0.8,592.8916673783789
1.0,594.9176246207223
1.2,597.2983331658897
1.4,600.0108411657784
1.6,603.0294480303654
1.8,606.3263474112335
2.0,609.87228802647
2.2,613.6372273927198
2.4,617.5909556246886
2.6,621.703669613039
2.8,625.94648181923
3.0,630.2918523201774
3.2,634.7139372824939
3.4,639.1888514525285
3.6,643.6948462632
3.8,648.2124085870591
4.0,652.7242878771596
4.2,657.215461369597
4.4,661.6730481724403
4.6,666.0861834868965
4.8,670.4458639906337
5.0,674.7447746803881
5.2,678.977106355275
5.4,683.138371558844
5.6,687.2252253131275
5.8,691.2352954813426
6.0,695.1670261756883
6.2,699.0195363475227
6.4,702.7924946006156
6.6,706.4860103745102
6.8,710.1005409569251
7.0,713.6368132903987
7.2,717.0957592182078
7.4,720.4784626413884
7.6,723.7861170034722
7.8,727.0199915536335
8.0,730.1814049358419
8.2,733.271704788346
8.4,736.2922521954871
8.6,739.2444099977563
8.8,742.1295341255287
9.0,744.9489672698505
9.2,747.704034335806
9.4,750.3960392384304
9.6,753.0262626976129
9.8,755.595960767885
10.0,758.1063639030273
10.2,760.558676406047
10.4,762.9540761543744
10.6,765.2937145200991
10.8,767.5787164275833
11.0,769.8101805074263
11.2,771.9891793178747
11.4,774.116759613487
11.6,776.1939426470257
11.8,778.221724494866
12.0,780.2010763992013
12.2,782.1329451223521
12.4,784.0182533098738
12.6,785.8578998600728
12.8,787.6527602981678
13.0,789.4036871537277
13.2,791.1115103403037
13.4,792.7770375363451
13.6,794.4010545666195
13.8,795.9843257834428
14.0,797.5275944470949
14.2,799.0315831048381
14.4,800.4969939680069
14.6,801.9245092866669
14.8,803.3147917213729
15.0,804.6684847115898
15.2,805.9862128403627
15.4,807.268582194853
15.6,808.516180722381
15.8,809.7295785816403
16.0,810.9093284887741
16.2,812.0559660580248
16.4,813.170010136692
16.6,814.2519631341547
16.8,815.3023113447332
17.0,816.3215252641862
17.2,817.3100598996587
17.4,818.2683550729108
17.6,819.1968357166777
17.8,820.0959121640246
18.0,820.9659804305778
18.2,821.8074224895238
18.4,822.6206065392868
18.6,823.4058872638016
18.8,824.1636060853148
19.0,824.8940914096576
19.2,825.5976588639389
19.4,826.2746115266252
19.6,826.9252401499721
19.8,827.5498233747888
20.0,828.1486279375183
20.2,828.7219088696246
20.4,829.2699096892832
20.6,829.7928625853763
20.8,830.2909885937994
21.0,830.7644977660881
21.2,831.2135893303777
21.4,831.6384518447126
21.6,832.0392633427224
21.8,832.4161914716844
22.0,832.7693936229947
22.2,833.0990170550674
22.4,833.4051990086881
22.6,833.6880668148408
22.8,833.9477379950338
23.0,834.1843203541445
23.2,834.3979120658058
23.4,834.5886017503552
23.6,834.7564685453639
23.8,834.9015821687664
24.0,835.0240029746044
24.2,835.1237820014024
24.4,835.2009610131844
24.6,835.2555725331447
24.8,835.287639869982
25.0,835.2971771368992
25.2,835.2841892632787
25.4,835.2486719990288
25.6,835.1906119116061
25.8,835.1099863757063
26.0,835.0067635556225
26.2,834.8809023802588
26.4,834.7323525107939
26.6,834.5610543009782
26.8,834.3669387500543
27.0,834.1499274482823
27.2,833.9099325150518
27.4,833.6468565295629
27.6,833.360592454053
27.8,833.0510235495472
28.0,832.7180232841099
28.2,832.361455233571
28.4,831.9811729747025
28.6,831.5770199708209
28.8,831.1488294497872
29.0,830.6964242743821
29.2,830.2196168050295
29.4,829.7182087548451
29.6,829.1919910369899
29.8,828.6407436043044
30.0,828.06423528121
30.2,827.4622235878604
30.4,826.8344545565293
30.6,826.1806625402311
30.8,825.5005700135687
31.0,824.7938873658103
31.2,824.0603126862039
31.4,823.2995315415433
31.6,822.5112167460065
31.8,821.6950281232968
32.0,820.8506122611227
32.2,819.9776022580658
32.4,819.0756174628917
32.6,818.1442632063744
32.8,817.1831305257117
33.0,816.1917958816276
33.2,815.1698208682642
33.4,814.116751915986
33.6,813.0321199872325
33.8,811.9154402655694
34.0,810.7662118381088
34.2,809.5839173714845
34.4,808.3680227815885
34.6,807.117976897294
34.8,805.8332111184114
35.0,804.5131390681433
35.2,803.1571562403294
35.4,801.7646396417931
35.6,800.3349474301298
35.8,798.8674185472912
36.0,797.3613723493622
36.2,795.8161082329364
36.4,794.2309052585368
36.6,792.6050217715526
36.8,790.937695021194
37.0,789.2281407780067
37.2,787.4755529505259
37.4,785.6791032017014
37.6,783.83794056579
37.8,781.9511910665007
38.0,780.0179573373026
38.2,778.0373182449882
38.4,776.0083285178558
38.6,773.9300183802869
38.8,771.8013931961038
39.0,769.6214331240233
39.2,767.3890927898918
39.4,765.1033009824331
39.6,762.7629603822107
39.8,760.366947337832
40.0,757.9141117095776
40.2,755.4032768093501
40.4,752.8332394779475
40.6,750.2027703572962
40.8,747.5106144377796
41.0,744.7554919907543
41.2,741.9361000356212
41.4,739.0511145414005
41.6,736.0991936267717
41.8,733.0789821019338
42.0,729.9891177920682
42.2,726.8282401965589
42.4,723.5950021701942
42.6,720.2880854604433
42.8,716.9062210943083
43.0,713.4482157720938
43.2,709.9129855830083
43.4,706.2995984941651
43.6,702.6073271614035
43.8,698.8357136444141
44.0,694.984647553476
44.2,691.0544589820228
44.4,687.0460272592765
44.6,682.9609060637617
44.8,678.8014647508217
45.0,674.5710448541344
45.2,670.2741296252907
45.4,665.9165231970964
45.6,661.5055345368904
45.8,657.0501598604596
46.0,652.5612556932139
46.2,648.0516934027066
46.4,643.5364849115173
46.6,639.0328685671352
46.8,634.560343929666
47.0,630.1406446590186
47.2,625.7976398333856
47.4,621.5571559619236
47.6,617.4467146650426
47.8,613.4951844220822
48.0,609.7323487985207
48.2,606.1883979686673
48.4,602.8933548939623
48.6,599.8764519086998
48.8,597.165477390268
49.0,594.7861153397699
49.2,592.7613027921755
49.4,591.1106307917088
49.6,589.849814067956
49.8,588.990252489719
50.0,588.5387039232104
