0.0,824.8830658112535
0.2,826.8918180149393
0.4,828.8522515448756
0.6,830.7643648885041
0.8,832.6282052959333
1.0,834.4438705695726
1.2,836.2115104900677
1.4,837.9313278713719
1.6,839.6035792413554
1.8,841.2285751479095
2.0,842.8066800940042
2.2,844.3383121085662
2.4,845.8239419633119
2.6,847.2640920487639
2.8,848.65933492557
3.0,850.0102915698835
3.2,851.3176293339461
3.4,852.5820596451026
3.6,853.8043354682549
3.8,854.985248558225
4.0,856.1256265296242
4.2,857.2263297726257
4.4,858.2882482434942
4.6,859.3122981588754
4.8,860.2994186226598
5.0,861.2505682137594
5.2,862.166721562368
5.4,863.0488659412478
5.6,863.8979978973149
5.8,864.7151199473111
6.0,865.5012373596811
6.2,866.2573550429458
6.4,866.9844745589082
6.6,867.683591276974
6.8,868.355691683755
7.0,869.0017508599598
7.2,869.6227301344137
7.4,870.2195749229007
7.6,870.7932127574092
7.8,871.3445515093264
8.0,871.8744778081698
8.2,872.3838556555894
8.4,872.8735252326521
8.6,873.3443018968148
8.8,873.7969753635468
9.0,874.232309066256
9.2,874.6510396870339
9.4,875.053876849746
9.6,875.4415029661739
9.8,875.8145732252434
10.0,876.1737157148666
10.2,876.5195316655584
10.4,876.8525958047645
10.6,877.1734568107514
10.8,877.4826378549379
11.0,877.7806372216949
11.2,878.0679289948856
11.4,878.3449638007561
11.6,878.6121695971949
11.8,878.8699524998681
12.0,879.1186976362605
12.2,879.3587700192401
12.4,879.5905154323648
12.6,879.8142613197851
12.8,880.0303176742417
13.0,880.2389779172973
13.2,880.4405197665955
13.4,880.6352060855586
13.6,880.8232857115607
13.8,881.004994259196
14.0,881.180554895826
14.2,881.3501790871253
14.4,881.5140673108358
14.6,881.6724097374079
14.8,881.8253868766233
15.0,881.9731701896866
15.2,882.1159226666125
15.4,882.2537993690514
15.6,882.3869479389593
15.8,882.5155090737628
16.0,882.6396169688608
16.2,882.7593997284822
16.4,882.8749797460498
16.6,882.9864740553135
16.8,883.0939946535973
17.0,883.1976487985667
17.2,883.2975392799567
17.4,883.3937646677244
17.6,883.4864195380877
17.8,883.5755946789026
18.0,883.6613772758055
18.2,883.7438510805083
18.4,883.8230965625949
18.6,883.8991910461115
18.8,883.9722088321892
19.0,884.0422213088736
19.2,884.1092970492767
19.4,884.1735018990951
19.6,884.234899054477
19.8,884.2935491311539
20.0,884.3495102256842
20.2,884.4028379695958
20.4,884.4535855771535
20.6,884.5018038874133
20.8,884.5475414011745
21.0,884.5908443133816
21.2,884.6317565414809
21.4,884.6703197501878
21.6,884.7065733730749
21.8,884.7405546313514
22.0,884.7722985501656
22.2,884.8018379727263
22.4,884.8292035725059
22.6,884.8544238637611
22.8,884.8775252105756
23.0,884.8985318346091
23.2,884.9174658217112
23.4,884.9343471275389
23.6,884.9491935823004
23.8,884.9620208947281
24.0,884.9728426553702
24.2,884.9816703392775
24.4,884.988513308146
24.6,884.9933788119707
24.8,884.9962719902463
25.0,884.9971958727509
25.2,884.9961513799317
25.4,884.9931373229053
25.6,884.9881504030794
25.8,884.9811852113872
26.0,884.9722342271259
26.2,884.9612878163733
26.4,884.9483342299544
26.6,884.9333596009135
26.8,884.9163479414428
27.0,884.8972811392032
27.2,884.8761389529598
27.4,884.8528990074459
27.6,884.8275367873487
27.8,884.8000256302953
28.0,884.7703367187015
28.2,884.7384390703214
28.4,884.7042995273168
28.6,884.6678827436388
28.8,884.6291511704885
29.0,884.5880650395931
29.2,884.544582344
29.4,884.4986588160605
29.6,884.4502479022294
29.8,884.3993007342749
30.0,884.345766096439
30.2,884.289590388048
30.4,884.230717581018
30.6,884.1690891716507
30.8,884.104644126053
31.0,884.0373188184585
31.2,883.9670469616668
31.4,883.8937595287525
31.6,883.8173846651302
31.8,883.7378475899972
32.0,883.6550704861091
32.2,883.5689723767794
32.4,883.4794689889271
32.6,883.386472600941
32.8,883.2898918740663
33.0,883.1896316659747
33.2,883.0855928251295
33.4,882.9776719645233
33.6,882.8657612133421
33.8,882.7497479450968
34.0,882.6295144807631
34.2,882.5049377654933
34.4,882.3758890174979
34.6,882.2422333477573
34.8,882.103829349304
35.0,881.960528654929
35.2,881.8121754622982
35.4,881.6586060256374
35.6,881.4996481133409
35.8,881.3351204310995
36.0,881.1648320104053
36.2,880.9885815626083
36.4,880.8061567990377
36.6,880.6173337180912
36.8,880.4218758606133
37.0,880.2195335353458
37.2,880.0100430167294
37.4,879.7931257178643
37.6,879.5684873420024
37.8,879.3358170165253
38.0,879.0947864139818
38.2,878.8450488653846
38.4,878.5862384716047
38.6,878.3179692193515
38.8,878.0398341088663
39.0,877.7514043010846
39.2,877.4522282926331
39.4,877.1418311275999
39.6,876.8197136555513
39.8,876.4853518457433
40.0,876.1381961678927
40.2,875.7776710502034
40.4,875.4031744255909
40.6,875.0140773771946
40.8,874.6097238942947
41.0,874.1894307496678
41.2,873.7524875091872
41.4,873.2981566841135
41.6,872.8256740360117
41.8,872.3342490435647
42.0,871.8230655397298
42.2,871.2912825267096
42.4,870.7380351750598
42.6,870.1624360119675
42.8,869.5635763022801
43.0,868.9405276242766
43.2,868.2923436404474
43.4,867.6180620617035
43.6,866.9167068014888
43.8,866.1872903142308
44.0,865.4288161104708
44.2,864.6402814388646
44.4,863.820680123091
44.6,862.9690055395547
44.8,862.0842537196502
45.0,861.1654265583225
45.2,860.2115351086956
45.4,859.2216029407297
45.6,858.1946695401995
45.8,857.1297937228051
46.0,856.026057036965
46.2,854.8825671278108
46.4,853.6984610341436
46.6,852.4729083896289
46.8,851.2051144993308
47.0,849.8943232628242
47.2,848.539819915584
47.4,847.1409335611453
47.6,845.6970394676541
47.8,844.207561103884
48.0,842.6719718915642
48.2,841.0897966529504
48.4,839.4606127349392
48.6,837.7840507936598
48.8,836.0597952263586
49.0,834.2875842404698
49.2,832.4672095530307
49.4,830.5985157169895
49.6,828.681399074445
49.8,826.715806340402
50.0,824.7017328241806
