0.0,715.1821370237423
0.2,716.9433142367262
0.4,718.8231834305062
0.6,720.8114484492957
0.8,722.8943059713552
1.0,725.0560828802028
1.2,727.2809138985803
1.4,729.5540893377472
1.6,731.8628739113503
1.8,734.1967876237412
2.0,736.5474763658477
2.2,738.9083530779022
2.4,741.2741722540675
2.6,743.640645203576
2.8,746.004144256647
3.0,748.3615008266889
3.2,750.7098798140814
3.4,753.046706788303
3.6,755.3696273908208
3.8,757.6764844346296
4.0,759.9653038284769
4.2,762.234284504895
4.4,764.4817899903253
4.6,766.7063405717408
4.8,768.906605647887
5.0,771.0813961308274
5.2,773.2296568744232
5.4,775.350459146424
5.6,777.4429931731464
5.8,779.5065607879144
6.0,781.5405682131734
6.2,783.544519003775
6.4,785.5180071761317
6.6,787.4607105450134
6.8,789.3723842868019
7.0,791.2528547450852
7.2,793.1020134915964
7.4,794.9198116527105
7.6,796.7062545090421
7.8,798.4613963731473
8.0,800.1853357479492
8.2,801.8782107663029
8.4,803.5401949100776
8.6,805.1714930053045
8.8,806.7723374882897
9.0,808.3429849361457
9.2,809.8837128539434
9.4,811.3948167096238
9.6,812.8766072069319
9.8,814.3294077859347
10.0,815.7535523401508
10.2,817.1493831389433
10.4,818.5172489435897
10.6,819.8575033053422
10.8,821.1705030338062
11.0,822.45660682408
11.2,823.7161740313171
11.4,824.9495635816527
11.6,826.1571330087984
11.8,827.3392376060157
12.0,828.4962296836298
12.2,829.6284579227347
12.4,830.7362668162432
12.6,831.8199961889634
12.8,832.879980788909
13.0,833.9165499425809
13.2,834.9300272674839
13.4,835.9207304356482
13.6,836.8889709824317
13.8,837.8350541553484
14.0,838.759278798136
14.2,839.6619372657007
14.4,840.5433153659937
14.6,841.403692325258
14.8,842.2433407734366
15.0,843.062526746876
15.2,843.861509705757
15.4,844.6405425639722
15.6,845.399871729426
15.8,846.1397371529698
16.0,846.8603723843966
16.2,847.5620046341118
16.4,848.2448548392726
16.6,848.9091377333431
16.8,849.5550619181473
17.0,850.1828299376342
17.2,850.7926383526682
17.4,851.3846778162655
17.6,851.9591331487736
17.8,852.5161834125732
18.0,853.0560019859433
18.2,853.5787566357881
18.4,854.0846095889759
18.6,854.5737176020849
18.8,855.0462320293811
19.0,855.5022988888971
19.2,855.9420589264978
19.4,856.3656476778496
19.6,856.7731955282276
19.8,857.1648277701134
20.0,857.5406646585491
20.2,857.9008214642276
20.4,858.2454085243113
20.6,858.5745312909711
20.8,858.8882903776588
21.0,859.1867816031183
21.2,859.470096033155
21.4,859.7383200201804
21.6,859.9915352405565
21.8,860.2298187297636
22.0,860.4532429154165
22.2,860.6618756481582
22.4,860.8557802304558
22.6,861.0350154433271
22.8,861.199635571025
23.0,861.3496904237057
23.2,861.4852253581028
23.4,861.6062812962364
23.6,861.7128947421755
23.8,861.8050977968749
24.0,861.8829181711059
24.2,861.9463791964984
24.4,861.9954998347081
24.6,862.0302946847211
24.8,862.050773988307
25.0,862.0569436336283
25.2,862.0488051570115
25.4,862.0263557428835
25.6,861.9895882218724
25.8,861.9384910670742
26.0,861.8730483884788
26.2,861.7932399255492
26.4,861.6990410379461
26.6,861.5904226943861
26.8,861.4673514596197
27.0,861.3297894795159
27.2,861.1776944642328
27.4,861.0110196694578
27.6,860.8297138756946
27.8,860.6337213655745
28.0,860.4229818991703
28.2,860.1974306872838
28.4,859.9569983626841
28.6,859.7016109492696
28.8,859.4311898291252
29.0,859.1456517074495
29.2,858.8449085753272
29.4,858.5288676703174
29.6,858.1974314348388
29.8,857.8504974723287
30.0,857.4879585011573
30.2,857.1097023062839
30.4,856.7156116886464
30.6,856.305564412279
30.8,855.8794331491644
31.0,855.437085421833
31.2,854.9783835437316
31.4,854.5031845574003
31.6,854.0113401705082
31.8,853.5026966898167
32.0,852.9770949531627
32.2,852.4343702595735
32.4,851.8743522976577
32.6,851.2968650724489
32.8,850.7017268309145
33.0,850.0887499863871
33.2,849.4577410422311
33.4,848.808500515106
33.6,848.1408228582649
33.8,847.4544963853939
34.0,846.7493031955927
34.2,846.0250191001865
34.4,845.2814135521784
34.6,844.5182495792712
34.8,843.7352837215301
35.0,842.9322659749137
35.2,842.1089397420808
35.4,841.2650417920682
35.6,840.4003022306583
35.8,839.5144444834854
36.0,838.6071852942005
36.2,837.6782347402915
36.4,836.7272962694713
36.6,835.7540667598828
36.8,834.7582366077324
37.0,833.7394898463533
37.2,832.6975043011154
37.4,831.6319517850395
37.6,830.5424983404354
37.8,829.4288045323734
38.0,828.2905258002986
38.2,827.1273128746209
38.4,825.9388122656441
38.6,824.7246668327348
38.8,823.4845164421721
39.0,822.2179987226489
39.2,820.9247499279154
39.4,819.6044059165499
39.6,818.2566032593043
39.8,816.8809804848936
40.0,815.477179475463
40.2,814.044847023266
40.4,812.5836365603104
40.6,811.0932100728579
40.8,809.5732402126874
41.0,808.0234126169394
41.2,806.4434284481358
41.4,804.8330071655985
41.6,803.1918895389653
41.8,801.5198409138109
42.0,799.816654738508
42.2,798.0821563604101
42.4,796.3162070981891
42.6,794.5187085957172
42.8,792.689607461242
43.0,790.8289001937678
43.2,788.9366383965269
43.4,787.0129342752117
43.6,785.0579664162589
43.8,783.0719858379296
44.0,781.0553223042566
44.2,779.0083908891304
44.4,776.931698774914
44.6,774.8258522670328
44.8,772.6915640030229
45.0,770.5296603315824
45.2,768.3410888343674
45.4,766.1269259608403
45.6,763.8883847451967
45.8,761.6268225765459
46.0,759.3437490056698
46.2,757.0408336113394
46.4,754.7199140590656
46.6,752.3830047601282
46.8,750.0323071665739
47.0,747.6702240417849
47.2,745.2993824826241
47.4,742.9226744827507
47.6,740.5433294265728
47.8,738.165038881042
48.0,735.792157030563
48.2,733.4299941081164
48.4,731.085197957494
48.6,728.7661759855249
48.8,726.4834510844029
49.0,724.2497902541087
49.2,722.079926734157
49.4,719.9897491823657
49.6,717.9949667928357
49.8,716.109447546698
50.0,714.343596309132
