0.0,780.6611021020009
0.2,782.5550447863859
0.4,784.436281126538
0.6,786.3061924522747
0.8,788.1658443686018
1.0,790.0159903248652
1.2,791.8570809643688
1.4,793.6892788427205
1.6,795.512477952989
1.8,797.3263273709052
2.0,799.1302582381643
2.2,800.9235132391605
2.4,802.7051776973054
2.6,804.4742114209042
2.8,806.2294804633174
3.0,807.969788024399
3.2,809.6939038054956
3.4,811.4005912333635
3.6,813.0886320835409
3.8,814.7568481552221
4.0,816.4041197719632
4.2,818.0294010005323
4.4,819.6317315895193
4.6,821.2102457264439
4.8,822.7641777944615
5.0,824.2928653757881
5.2,825.7957497979951
5.4,827.272374551578
5.6,828.7223819236186
5.8,830.1455081945043
6.0,831.5415777344866
6.2,832.9104963166275
6.4,834.2522439347233
6.6,835.5668673814811
6.8,836.8544728057262
7.0,838.1152184297335
7.2,839.3493075705858
7.4,840.5569820741414
7.6,841.7385162377749
7.8,842.8942112692671
8.0,844.0243903044654
8.2,845.1293939857957
8.4,846.2095765872964
8.6,847.2653026593697
8.8,848.2969441575196
9.0,849.3048780135687
9.2,850.2894841047265
9.4,851.2511435749452
9.6,852.1902374637734
9.8,853.1071455999821
10.0,854.0022457201981
10.2,854.8759127763028
10.4,855.7285183991888
10.6,856.5604304903653
10.8,857.3720129167245
11.0,858.1636252873992
11.2,858.9356227949671
11.4,859.6883561062657
11.6,860.4221712907292
11.8,861.1374097764665
12.0,861.8344083262668
12.2,862.5134990273788
12.4,863.1750092902856
12.6,863.819261852834
12.8,864.446574786984
13.0,865.0572615061843
13.2,865.6516307719534
13.4,866.2299866986991
13.6,866.7926287561578
13.8,867.3398517690962
14.0,867.8719459141167
14.2,868.3891967135545
14.4,868.8918850265499
14.6,869.3802870374625
14.8,869.8546742418304
15.0,870.3153134301126
15.2,870.7624666694687
15.4,871.1963912838296
15.6,871.6173398325184
15.8,872.0255600876684
16.0,872.4212950106762
16.2,872.8047827279123
16.4,873.1762565059023
16.6,873.5359447261686
16.8,873.8840708599132
17.0,874.2208534427012
17.2,874.5465060492921
17.4,874.8612372687478
17.6,875.1652506799342
17.8,875.4587448275157
18.0,875.741913198532
18.2,876.0149441996306
18.4,876.2780211350196
18.6,876.5313221851901
18.8,876.7750203864534
19.0,877.009283611321
19.2,877.2342745497533
19.4,877.4501506912907
19.6,877.657064308077
19.8,877.8551624387737
20.0,878.0445868733634
20.2,878.2254741388309
20.4,878.3979554857088
20.6,878.5621568754689
20.8,878.7181989687388
21.0,878.8661971143177
21.2,879.0062613389663
21.4,879.1384963379406
21.6,879.2630014662418
21.8,879.3798707305489
22.0,879.4891927818032
22.2,879.5910509084147
22.4,879.6855230300541
22.6,879.7726816920052
22.8,879.8525940600415
23.0,879.925321915801
23.2,879.9909216526291
23.4,880.0494442718636
23.6,880.1009353795354
23.8,880.145435183463
24.0,880.1829784907186
24.2,880.2135947054469
24.4,880.2373078270188
24.6,880.2541364485074
24.8,880.264093755473
25.0,880.2671875250476
25.2,880.2634201253128
25.4,880.2527885149677
25.6,880.2352842432834
25.8,880.2108934503475
26.0,880.1795968676021
26.2,880.1413698186815
26.4,880.0961822205602
26.6,880.043998585022
26.8,879.9847780204655
27.0,879.9184742340633
27.2,879.8450355342932
27.4,879.7644048338638
27.6,879.6765196530579
27.8,879.5813121235187
28.0,879.4787089925059
28.2,879.3686316276513
28.4,879.2509960222428
28.6,879.1257128010685
28.8,878.9926872268512
29.0,878.8518192073079
29.2,878.703003302864
29.4,878.5461287350565
29.6,878.3810793956563
29.8,878.2077338565417
30.0,878.0259653803515
30.2,877.8356419319455
30.4,877.6366261906982
30.6,877.4287755636478
30.8,877.2119421995217
31.0,876.9859730036495
31.2,876.7507096537819
31.4,876.5059886168132
31.6,876.251641166416
31.8,875.9874934015762
32.0,875.7133662660186
32.2,875.4290755685014
32.4,875.1344320039509
32.6,874.8292411753974
32.8,874.5133036166657
33.0,874.186414815757
33.2,873.848365238857
33.4,873.4989403548816
33.6,873.1379206604686
33.8,872.7650817053011
34.0,872.3801941176407
34.2,871.9830236299308
34.4,871.5733311043138
34.6,871.150872557892
34.8,870.7153991875467
35.0,870.2666573941134
35.2,869.8043888056968
35.4,869.3283302998988
35.6,868.8382140247176
35.8,868.3337674178755
36.0,867.8147132243263
36.2,867.2807695116988
36.4,866.731649683455
36.6,866.1670624895607
36.8,865.586712034524
37.0,864.9902977827187
37.2,864.3775145610216
37.4,863.7480525589282
37.6,863.1015973265125
37.8,862.4378297708573
38.0,861.7564261519234
38.2,861.0570580792797
38.4,860.3393925116873
38.6,859.6030917622564
38.8,858.847813512809
39.0,858.073210842196
39.2,857.2789322746913
39.4,856.4646218562293
39.6,855.6299192682077
39.8,854.7744599908666
40.0,853.8978755308854
40.2,852.9997937308231
40.4,852.0798391813327
40.6,851.137633760671
40.8,850.1727973298174
41.0,849.1849486153936
41.2,848.1737063163716
41.4,847.1386904740694
41.6,846.0795241478654
41.8,844.9958354411121
42.0,843.8872599225056
42.2,842.7534434872314
42.4,841.5940456991142
42.6,840.4087436492572
42.8,839.1972363578014
43.0,837.9592497330398
43.2,836.6945420858274
43.4,835.4029101768315
43.6,834.0841957495792
43.8,832.7382924736747
44.0,831.3651531903553
44.2,829.9647973174826
44.4,828.5373182341244
44.6,827.0828904274499
44.8,825.6017761484172
45.0,824.0943312896246
45.2,822.5610101709352
45.4,821.0023688983642
45.6,819.4190669516
45.8,817.8118666576374
46.0,816.1816302242875
46.2,814.5293140393368
46.4,812.8559599898012
46.6,811.1626836212572
46.8,809.4506590390166
47.0,807.7211005493314
47.2,805.9752411473535
47.4,804.214308075725
47.6,802.4394957991012
47.8,800.6519368605743
48.0,798.8526712003463
48.2,797.0426146193705
48.4,795.222527155387
48.6,793.3929822006384
48.8,791.5543372250802
49.0,789.7067069727311
49.2,787.8499399698653
49.4,785.9835991214939
49.6,784.1069470781102
49.8,782.218936930736
50.0,780.3182086432054
