0.0,796.2124026568927
0.2,798.40325570409
0.4,800.5537257290505
0.6,802.6642017927396
0.8,804.7350746945655
1.0,806.7667370603936
1.2,808.7595834217826
1.4,810.7140102861059
1.6,812.6304161972579
1.8,814.5092017866757
2.0,816.3507698144432
2.2,818.155525200279
2.4,819.9238750442446
2.6,821.6562286370488
2.8,823.3529974598559
3.0,825.0145951735474
3.2,826.6414375974185
3.4,828.2339426773328
3.6,829.7925304433875
3.8,831.3176229571845
4.0,832.8096442488325
4.2,834.2690202438414
4.4,835.6961786801041
4.6,837.09154901519
4.8,838.4555623242112
5.0,839.7886511885449
5.2,841.0912495757303
5.4,842.3637927108804
5.6,843.6067169399777
5.8,844.8204595854435
6.0,846.0054587943946
6.2,847.1621533800201
6.4,848.290982656527
6.6,849.3923862681258
6.8,850.4668040125315
7.0,851.5146756594785
7.2,852.5364407647487
7.4,853.5325384802264
7.6,854.5034073604968
7.8,855.449485166509
8.0,856.3712086668294
8.2,857.2690134370048
8.4,858.1433336575625
8.6,858.9946019111613
8.8,859.8232489794073
9.0,860.629703639841
9.2,861.4143924635893
9.4,862.1777396141711
9.6,862.920166647925
9.8,863.6420923165255
10.0,864.3439323720233
10.2,865.0260993748458
10.4,865.6890025051622
10.6,866.3330473780077
10.8,866.9586358625367
11.0,867.5661659057574
11.2,868.1560313610765
11.4,868.7286218219614
11.6,869.2843224610039
11.8,869.8235138746478
12.0,870.3465719338183
12.2,870.8538676406641
12.4,871.3457669916063
12.6,871.8226308468548
12.8,872.2848148065377
13.0,872.732669093558
13.2,873.1665384432724
13.4,873.5867620000615
13.6,873.993673220839
13.8,874.387599785521
14.0,874.7688635144615
14.2,875.1377802928287
14.4,875.4946600018861
14.6,875.8398064571136
14.8,876.173517353088
15.0,876.4960842150258
15.2,876.8077923568674
15.4,877.1089208457701
15.6,877.3997424728589
15.8,877.6805237300692
16.0,877.9515247929022
16.2,878.2129995088977
16.4,878.4651953916222
16.6,878.7083536199538
16.8,878.9427090424379
17.0,879.168490186478
17.2,879.385919272119
17.4,879.5952122301699
17.6,879.7965787244101
17.8,879.9902221776189
18.0,880.1763398011592
18.2,880.3551226278468
18.4,880.5267555478334
18.6,880.691417347232
18.8,880.8492807492067
19.0,881.000512457257
19.2,881.1452732004211
19.4,881.283717780131
19.6,881.4159951184461
19.8,881.5422483074043
20.0,881.6626146592284
20.2,881.7772257571299
20.4,881.8862075064599
20.6,881.9896801859603
20.8,882.0877584988773
21.0,882.1805516237015
21.2,882.2681632643115
21.4,882.3506916993011
21.6,882.42822983028
21.8,882.5008652289459
22.0,882.5686801827368
22.2,882.6317517388748
22.4,882.6901517466315
22.6,882.7439468976451
22.8,882.7931987641356
23.0,882.8379638348722
23.2,882.8782935487566
23.4,882.9142343258966
23.6,882.9458275960553
23.8,882.9731098243724
24.0,882.9961125342616
24.2,883.0148623274035
24.4,883.0293809007619
24.6,883.0396850605589
24.8,883.0457867331643
25.0,883.0476929728557
25.2,883.0454059664233
25.4,883.038923034603
25.6,883.0282366303306
25.8,883.013334333824
26.0,882.9941988445088
26.2,882.9708079698165
26.4,882.9431346108927
26.6,882.9111467452653
26.8,882.8748074065354
27.0,882.8340746611588
27.2,882.7889015824054
27.4,882.7392362215876
27.6,882.6850215766614
27.8,882.626195558315
28.0,882.5626909536728
28.2,882.4944353877469
28.4,882.4213512827824
28.6,882.343355815655
28.8,882.2603608734812
29.0,882.1722730076214
29.2,882.078993386255
29.4,881.9804177457248
29.6,881.8764363408488
29.8,881.7669338944119
30.0,881.6517895460543
30.2,881.5308768007841
30.4,881.4040634773431
30.6,881.271211656669
30.8,881.1321776306979
31.0,880.986811851759
31.2,880.8349588828165
31.4,880.6764573488233
31.6,880.5111398894455
31.8,880.3388331134332
32.0,880.1593575549018
32.2,879.9725276317997
32.4,879.7781516068354
32.6,879.5760315511378
32.8,879.3659633109228
33.0,879.1477364774377
33.2,878.9211343604535
33.4,878.6859339655722
33.6,878.441905975609
33.8,878.1888147363089
34.0,877.9264182466477
34.2,877.6544681539598
34.4,877.3727097541328
34.6,877.0808819970912
34.8,876.7787174977884
35.0,876.4659425529132
35.2,876.1422771635016
35.4,875.8074350636372
35.6,875.4611237554058
35.8,875.1030445502543
36.0,874.7328926168905
36.2,874.3503570358419
36.4,873.9551208607736
36.6,873.5468611866479
36.8,873.1252492247868
37.0,872.6899503848817
37.2,872.2406243639695
37.4,871.7769252423752
37.6,871.2985015866
37.8,870.8049965591072
38.0,870.2960480349398
38.2,869.7712887250769
38.4,869.2303463064134
38.6,868.672843558223
38.8,868.0983985049427
39.0,867.5066245650883
39.2,866.8971307060901
39.4,866.269521604816
39.6,865.6233978135161
39.8,864.9583559309146
40.0,864.2739887781363
40.2,863.5698855791454
40.4,862.8456321453468
40.6,862.1008110639774
40.8,861.3350018899038
41.0,860.5477813404128
41.2,859.7387234925741
41.4,858.9073999827299
41.6,858.0533802076551
41.8,857.1762315269194
42.0,856.2755194659644
42.2,855.3508079194055
42.4,854.4016593540529
42.6,853.427635011144
42.8,852.428295107269
43.0,851.4031990334709
43.2,850.3519055519989
43.4,849.2739729901936
43.6,848.1689594309822
43.8,847.0364228994729
44.0,845.8759215451331
44.2,844.6870138190546
44.4,843.4692586458123
44.6,842.2222155894352
44.8,840.9454450130291
45.0,839.6385082315956
45.2,838.3009676576189
45.4,836.9323869390109
45.6,835.5323310890178
45.8,834.1003666077278
46.0,832.6360615948349
46.2,831.1389858533438
46.4,829.608710983929
46.6,828.0448104696914
46.8,826.4468597510845
47.0,824.8144362908157
47.2,823.1471196285618
47.4,821.444491425369
47.6,819.7061354976483
47.8,817.9316378407033
48.0,816.1205866417735
48.2,814.2725722826058
48.4,812.3871873316045
48.6,810.4640265256483
48.8,808.5026867416992
49.0,806.502766958361
49.2,804.4638682075852
49.4,802.385593516754
49.6,800.2675478414083
49.8,798.109337988914
50.0,795.9105725334053
