0.0,774.9374170672437
0.2,777.0810111722262
0.4,779.1898421817311
0.6,781.264867895095
0.8,783.3070043186398
1.0,785.3171246811504
1.2,787.2960587051227
1.4,789.2445921347048
1.6,791.1634665189148
1.8,793.0533792464038
2.0,794.9149838258146
2.2,796.7488904036653
2.4,798.5556665096879
2.6,800.3358380177208
2.8,802.0898903085747
3.0,803.8182696198164
3.2,805.521384566131
3.4,807.1996078128608
3.6,808.8532778844701
3.8,810.4827010890662
4.0,812.0881535397062
4.2,813.6698832530557
4.4,815.2281123059956
4.6,816.7630390310416
4.8,818.2748402318763
5.0,819.7636734009415
5.2,821.2296789218312
5.4,822.6729822401882
5.6,824.0936959878867
5.8,825.4919220464901
6.0,826.8677535372584
6.2,828.2212767263474
6.4,829.5525728352512
6.6,830.8617197479922
6.8,832.1487936080049
7.0,833.4138702991183
7.2,834.6570268064554
7.4,835.878342454449
7.6,837.0779000204961
7.8,838.255786724022
8.0,839.4120950919009
8.2,840.5469237022589
8.4,841.6603778096671
8.6,842.7525698556199
8.8,843.8236198689589
9.0,844.8736557615783
9.2,845.9028135252959
9.4,846.9112373362299
9.6,847.8990795733635
9.8,848.8665007582252
10.0,849.8136694227604
10.2,850.740761912529
10.4,851.6479621323439
10.6,852.5354612413615
10.8,853.4034573044743
11.0,854.2521549066245
11.2,855.08176473639
11.4,855.8925031448648
11.6,856.6845916855065
11.8,857.4582566402444
12.0,858.2137285367331
12.2,858.9512416612291
12.4,859.6710335711437
12.6,860.3733446109046
12.8,861.0584174343439
13.0,861.7264965364211
13.2,862.3778277966994
13.4,863.0126580366127
13.6,863.6312345922115
13.8,864.2338049037327
14.0,864.820616123034
14.2,865.3919147396473
14.4,865.9479462259404
14.6,866.4889547016486
14.8,867.0151826178227
15.0,867.5268704600616
15.2,868.0242564707328
15.4,868.5075763897545
15.6,868.9770632133922
15.8,869.4329469704346
16.0,869.8754545150368
16.2,870.3048093354637
16.4,870.7212313779252
16.6,871.1249368846675
16.8,871.516138245476
17.0,871.8950438617351
17.2,872.2618580222068
17.4,872.6167807896984
17.6,872.9600078978161
17.8,873.2917306570267
18.0,873.6121358692856
18.2,873.9214057505206
18.4,874.2197178603044
18.6,874.5072450380821
18.8,874.7841553453694
19.0,875.0506120133683
19.2,875.3067733954956
19.4,875.5527929243551
19.6,875.7888190727238
19.8,876.0149953181601
20.0,876.2314601108769
20.2,876.4383468445545
20.4,876.6357838298043
20.6,876.823894270017
20.8,877.0027962393626
21.0,877.1726026627312
21.2,877.3334212974269
21.4,877.4853547164506
21.6,877.6285002932243
21.8,877.7629501876273
22.0,877.8887913332342
22.2,878.0061054256516
22.4,878.1149689118711
22.6,878.2154529805607
22.8,878.307623553232
23.0,878.391541276226
23.2,878.4672615134696
23.4,878.5348343399617
23.6,878.5943045359552
23.8,878.6457115818029
24.0,878.6890896534441
24.2,878.7244676185114
24.4,878.7518690330401
24.6,878.7713121387665
24.8,878.7828098610057
25.0,878.7863698070992
25.2,878.7819942654285
25.4,878.7696802049902
25.6,878.7494192755352
25.8,878.7211978082677
26.0,878.6849968171143
26.2,878.6407920005654
26.4,878.5885537440985
26.6,878.5282471231958
26.8,878.4598319069703
27.0,878.3832625624171
27.2,878.2984882593138
27.4,878.2054528757926
27.6,878.1040950046186
27.8,877.9943479602063
28.0,877.8761397864203
28.2,877.7493932652053
28.4,877.6140259261064
28.6,877.4699500567417
28.8,877.3170727143079
29.0,877.1552957382003
29.2,876.9845157638536
29.4,876.804624237912
29.6,876.6155074348629
29.8,876.4170464752791
30.0,876.2091173458364
30.2,875.9915909212966
30.4,875.7643329886645
30.6,875.5272042737555
30.8,875.2800604704397
31.0,875.0227522728521
31.2,874.7551254108948
31.4,874.4770206893895
31.6,874.1882740312719
31.8,873.8887165252576
32.0,873.5781744784497
32.2,873.2564694743934
32.4,872.9234184371277
32.6,872.5788337018216
32.8,872.2225230926258
33.0,871.854290008408
33.2,871.4739335170793
33.4,871.0812484592539
33.6,870.6760255620193
33.8,870.2580515636191
34.0,869.8271093498741
34.2,869.3829781031816
34.4,868.9254334649454
34.6,868.4542477122795
34.8,867.9691899498198
35.0,867.4700263174515
35.2,866.956520214719
35.4,866.4284325426294
35.6,865.8855219634862
35.8,865.3275451792985
36.0,864.7542572291969
36.2,864.1654118061513
36.4,863.5607615931289
36.6,862.9400586186475
36.8,862.3030546314712
37.0,861.6495014939605
37.2,860.9791515933368
37.4,860.2917582698283
37.6,859.5870762603606
37.8,858.8648621561235
38.0,858.124874871987
38.2,857.3668761253681
38.4,856.5906309217594
38.6,855.7959080437236
38.8,854.9824805397444
39.0,854.150126208908
39.2,853.2986280769667
39.4,852.4277748589266
39.6,851.5373614029012
39.8,850.6271891095928
40.0,849.6970663214089
40.2,848.7468086749062
40.4,847.7762394099736
40.6,846.7851896289473
40.8,845.7734984986779
41.0,844.7410133884764
41.2,843.6875899368372
41.4,842.6130920398965
41.6,841.5173917547296
41.8,840.4003691108323
42.0,839.2619118234732
42.2,838.1019149030479
42.4,836.920280155119
42.6,835.716915566485
42.8,834.4917345733882
43.0,833.2446552088475
43.2,831.9755991270747
43.4,830.6844905040084
43.6,829.3712548141599
43.8,828.035817485208
44.0,826.6781024330949
44.2,825.2980304817387
44.4,823.8955176728915
44.6,822.4704734731074
44.8,821.0227988862289
45.0,819.5523844812343
45.2,818.0591083466942
45.4,816.542833984435
45.6,815.003408156297
45.8,813.4406586990601
46.0,811.8543923236947
46.2,810.2443924160427
46.4,808.610416856831
46.6,806.9521958795548
46.8,805.2694299852141
47.0,803.5617879331409
47.2,801.8289048272017
47.4,800.0703803164879
47.6,798.2857769292183
47.8,796.4746185579615
48.0,794.6363891134514
48.2,792.7705313632106
48.4,790.8764459699295
48.6,788.9534907430849
48.8,787.0009801156186
49.0,785.0181848556812
49.2,783.0043320214628
49.4,780.9586051650359
49.6,778.8801447889228
49.8,776.7680490568234
50.0,774.6213747576005
