0.0,833.4062844145958
0.2,835.4722669787807
0.4,837.4739208289085
0.6,839.4105877634713
0.8,841.2818297779139
1.0,843.0874338375341
1.2,844.827413704221
1.4,846.5020088526553
1.6,848.111680565481
1.8,849.6571053475836
2.0,851.1391658457753
2.2,852.5589395008362
2.4,853.9176851931533
2.6,855.2168281704643
2.8,856.457943566059
3.0,857.6427388279922
3.2,858.7730353844829
3.4,859.8507498679403
3.6,860.877875210426
3.8,861.8564619074521
4.0,862.7885997255863
4.2,863.6764001032637
4.4,864.521979464444
4.6,865.3274436322955
4.8,866.0948734959358
5.0,866.8263120483862
5.2,867.5237528792362
5.4,868.1891301718974
5.6,868.8243102235149
5.8,869.4310844762169
6.0,870.0111640219391
6.2,870.5661755199288
6.4,871.0976584464821
6.6,871.6070635805966
6.8,872.0957526170756
7.0,872.5649987900714
7.2,873.0159883849457
7.4,873.4498230143843
7.6,873.8675225356161
7.8,874.2700284889893
8.0,874.6582079436772
8.2,875.0328576435132
8.4,875.3947083544997
8.6,875.7444293250267
8.8,876.0826327799059
9.0,876.4098783796643
9.2,876.7266775868468
9.4,877.0334978911278
9.6,877.3307668545967
9.8,877.6188759475276
10.0,877.8981841531341
10.2,878.1690213271736
10.4,878.4316913047521
10.6,878.6864747522803
10.8,878.9336317672537
11.0,879.1734042324057
11.2,879.4060179338711
11.4,879.6316844553469
11.6,879.8506028619433
11.8,880.0629611885265
12.0,880.2689377479735
12.2,880.4687022749512
12.4,880.6624169206652
12.6,880.8502371135905
12.8,881.0323123005356
13.0,881.2087865815788
13.2,881.3797992514893
13.4,881.5454852592616
13.6,881.7059755963671
13.8,881.8613976233167
14.0,882.0118753431274
14.2,882.1575296293373
14.4,882.2984784153172
14.6,882.4348368507854
14.8,882.5667174306747
15.0,882.6942301007988
15.2,882.8174823441426
15.4,882.9365792510433
15.6,883.051623576041
15.8,883.1627157837422
16.0,883.2699540856725
16.2,883.373434469766
16.4,883.4732507238713
16.6,883.5694944544074
16.8,883.6622551011171
17.0,883.7516199486878
17.2,883.837674135874
17.4,883.920500662639
17.6,884.0001803957371
17.8,884.0767920730743
18.0,884.1504123071248
18.2,884.2211155876217
18.4,884.2889742837025
18.6,884.3540586456456
18.8,884.4164368063151
19.0,884.4761747823969
19.2,884.5333364754991
19.4,884.5879836731676
19.6,884.640176049859
19.8,884.6899711678989
20.0,884.7374244784513
20.2,884.7825893225104
20.4,884.8255169319258
20.6,884.8662564304675
20.8,884.9048548349311
21.0,884.94135705628
21.2,884.9758059008248
21.4,885.0082420714284
21.6,885.0387041687362
21.8,885.0672286924165
22.0,885.0938500424049
22.2,885.1186005201442
22.4,885.1415103298044
22.6,885.1626075794778
22.8,885.1819182823343
23.0,885.1994663577285
23.2,885.2152736322478
23.4,885.2293598406922
23.6,885.2417426269743
23.8,885.2524375449344
24.0,885.2614580590586
24.2,885.2688155450953
24.4,885.2745192905635
24.6,885.2785764951449
24.8,885.2809922709583
25.0,885.2817696427107
25.2,885.2809095477221
25.4,885.2784108358246
25.6,885.2742702691326
25.8,885.2684825216849
26.0,885.2610401789634
26.2,885.2519337372858
26.4,885.2411516030796
26.6,885.228680092041
26.8,885.2145034281828
27.0,885.1986037427791
27.2,885.1809610732133
27.4,885.1615533617376
27.6,885.1403564541513
27.8,885.1173440984098
28.0,885.0924879431694
28.2,885.0657575362831
28.4,885.0371203232536
28.6,885.0065416456563
28.8,884.97398473954
29.0,884.9394107338181
29.2,884.9027786486588
29.4,884.864045393882
29.6,884.8231657673729
29.8,884.7800924535183
30.0,884.7347760216695
30.2,884.6871649246378
30.4,884.6372054972211
30.6,884.5848419547601
30.8,884.5300163917185
31.0,884.4726687802761
31.2,884.4127369689197
31.4,884.3501566810064
31.6,884.2848615132716
31.8,884.2167829342358
32.0,884.1458502824586
32.2,884.0719907645678
32.4,883.9951294529756
32.6,883.915189283167
32.8,883.8320910504186
33.0,883.745753405768
33.2,883.6560928510146
33.4,883.5630237324702
33.6,883.4664582331244
33.8,883.3663063627945
34.0,883.2624759457503
34.2,883.1548726051731
34.4,883.0433997436774
34.6,882.9279585189524
34.8,882.8084478133865
35.0,882.6847641962955
35.2,882.5568018771124
35.4,882.4244526475624
35.6,882.2876058104841
35.8,882.1461480925251
36.0,881.9999635374512
36.2,881.8489333762545
36.4,881.6929358696223
36.6,881.5318461176367
36.8,881.3655358308102
37.0,881.1938730557299
37.2,881.0167218476915
37.4,880.8339418817559
37.6,880.6453879926626
37.8,880.4509096330361
38.0,880.2503502382915
38.2,880.043546485673
38.4,879.8303274339314
38.6,879.6105135293418
38.8,879.3839154631049
39.0,879.1503328647403
39.2,878.9095528159215
39.4,878.6613481693936
39.6,878.4054756582259
39.8,878.1416737817714
40.0,877.8696604563917
40.2,877.5891304213628
40.4,877.2997523934469
40.6,877.0011659674843
40.8,876.6929782650685
41.0,876.3747603389454
41.2,876.0460433472465
41.4,875.7063145190056
41.6,875.3550129405706
41.8,874.9915252014385
42.0,874.6151809475765
42.2,874.2252484003039
42.4,873.8209299090854
42.6,873.4013576168826
42.8,872.9655893267528
43.0,872.5126046678342
43.2,872.0413016673749
43.4,871.5504938426633
43.6,871.0389079322149
43.8,870.5051823889572
44.0,869.947866759065
44.2,869.3654220681565
44.4,868.7562223314651
44.6,868.1185572960825
44.8,867.4506365112532
45.0,866.7505948068857
45.2,866.0164992409518
45.4,865.2463575533926
45.6,864.4381281377889
45.8,863.5897315127677
46.0,862.6990632434056
46.2,861.7640082293899
46.4,860.7824562421512
46.6,859.75231855843
46.8,858.6715455036997
47.0,857.5381446865268
47.2,856.3501996752896
47.4,855.1058888426942
47.6,853.803504082178
47.8,852.4414690844366
48.0,851.018356852712
48.2,849.5329061327698
48.4,847.9840364380899
48.6,846.3708613629727
48.8,844.6926998960325
49.0,842.9490854737413
49.2,841.1397725478544
49.4,839.264740481071
49.6,837.3241946312929
49.8,835.3185645352996
50.0,833.2484991563645
