0.0,861.2633980825027
0.2,861.9903118194358
0.4,862.7014820188202
0.6,863.3970866286616
0.8,864.0773048388062
1.0,864.7423170741127
1.2,865.3923049835633
1.4,866.0274514252833
1.6,866.6479404474528
1.8,867.2539572651029
2.0,867.8456882328072
2.2,868.4233208132897
2.4,868.9870435419871
2.6,869.5370459876141
2.8,870.0735187087942
3.0,870.5966532068321
3.2,871.1066418747154
3.4,871.6036779424452
3.6,872.0879554188086
3.8,872.5596690297142
4.0,873.0190141532256
4.2,873.4661867514358
4.4,873.9013832993362
4.6,874.3248007108424
4.8,874.7366362621459
5.0,875.1370875125726
5.2,875.5263522231303
5.4,875.9046282729385
5.6,876.2721135737359
5.8,876.629005982669
6.0,876.9755032135656
6.2,877.3118027469027
6.4,877.6381017386818
6.6,877.9545969284233
6.8,878.2614845464941
7.0,878.5589602209855
7.2,878.8472188843517
7.4,879.1264546800265
7.6,879.3968608692257
7.8,879.6586297381463
8.0,879.9119525057657
8.2,880.1570192324451
8.4,880.3940187295315
8.6,880.6231384701526
8.8,880.8445645013895
9.0,881.0584813580065
9.2,881.2650719779144
9.4,881.4645176195304
9.6,881.6569977811946
9.8,881.8426901227934
10.0,882.0217703897329
10.2,882.194412339394
10.4,882.3607876701951
10.6,882.5210659533776
10.8,882.6754145676192
11.0,882.8239986365718
11.2,882.96698096941
11.4,883.1045220044673
11.6,883.236779756026
11.8,883.3639097643173
12.0,883.4860650487797
12.2,883.6033960646092
12.4,883.7160506626333
12.6,883.8241740525204
12.8,883.9279087693375
13.0,884.027394643449
13.2,884.1227687737522
13.4,884.2141655042228
13.6,884.3017164037473
13.8,884.385550249201
14.0,884.465793011729
14.2,884.5425678461773
14.4,884.61599508361
14.6,884.6861922268484
14.8,884.7532739489569
15.0,884.8173520945916
15.2,884.8785356841285
15.4,884.9369309204757
15.6,884.9926411984732
15.8,885.0457671167753
16.0,885.0964064921111
16.2,885.1446543758086
16.4,885.1906030724705
16.6,885.2343421606793
16.8,885.2759585156145
17.0,885.3155363334565
17.2,885.3531571574497
17.4,885.3888999055015
17.6,885.4228408991848
17.8,885.4550538940163
18.0,885.4856101108794
18.2,885.5145782684634
18.4,885.5420246165855
18.6,885.5680129702689
18.8,885.5926047444456
19.0,885.6158589891575
19.2,885.6378324251294
19.4,885.6585794795861
19.6,885.6781523221952
19.8,885.6966009010093
20.0,885.7139729782944
20.2,885.730314166123
20.4,885.7456679616239
20.6,885.7600757817745
20.8,885.7735769976315
21.0,885.7862089678924
21.2,885.7980070716941
21.4,885.8090047405436
21.6,885.8192334892958
21.8,885.8287229460846
22.0,885.837500881124
22.2,885.8455932342989
22.4,885.8530241414682
22.6,885.8598159594083
22.8,885.8659892893282
23.0,885.8715629988949
23.2,885.8765542427071
23.4,885.8809784811651
23.6,885.8848494976858
23.8,885.8881794142175
24.0,885.8909787050148
24.2,885.8932562086366
24.4,885.8950191381365
24.6,885.8962730894187
24.8,885.8970220477391
25.0,885.8972683923321
25.2,885.897012899153
25.4,885.8962547417287
25.6,885.8949914901124
25.8,885.893219107946
26.0,885.8909319476369
26.2,885.8881227436603
26.4,885.8847826040044
26.6,885.8809009997801
26.8,885.8764657530195
27.0,885.8714630226971
27.2,885.8658772890055
27.4,885.85969133593
27.6,885.852886232163
27.8,885.8454413104106
28.0,885.8373341451448
28.2,885.8285405288594
28.4,885.8190344468936
28.6,885.8087880508895
28.8,885.7977716309578
29.0,885.7859535866259
29.2,885.77330039665
29.4,885.759776587775
29.6,885.7453447025315
29.8,885.7299652661619
30.0,885.7135967527728
30.2,885.6961955508123
30.4,885.6777159279761
30.6,885.6581099956511
30.8,885.6373276730026
31.0,885.6153166508219
31.2,885.5920223552484
31.4,885.5673879114844
31.6,885.5413541076234
31.8,885.5138593587166
32.0,885.4848396711996
32.2,885.4542286078085
32.4,885.4219572531118
32.6,885.3879541797866
32.8,885.3521454157707
33.0,885.314454412419
33.2,885.2748020137961
33.4,885.2331064272332
33.6,885.1892831952817
33.8,885.1432451691902
34.0,885.0949024840318
34.2,885.0441625356109
34.4,884.9909299592695
34.6,884.935106610716
34.8,884.8765915489963
35.0,884.8152810217194
35.2,884.7510684526532
35.4,884.683844431794
35.6,884.6134967080177
35.8,884.5399101844057
36.0,884.4629669163435
36.2,884.3825461124767
36.4,884.2985241386074
36.6,884.2107745246052
36.8,884.1191679744009
37.0,884.0235723791258
37.2,883.9238528334482
37.4,883.8198716551547
37.6,883.7114884080125
37.8,883.5985599279436
38.0,883.4809403525306
38.2,883.3584811538653
38.4,883.2310311747447
38.6,883.0984366682043
38.8,882.9605413403763
39.0,882.8171863966425
39.2,882.6682105910489
39.4,882.5134502789357
39.6,882.3527394727255
39.8,882.1859099008065
40.0,882.012791069433
40.2,881.833210327559
40.4,881.6469929345101
40.6,881.4539621303871
40.8,881.2539392090897
41.0,881.046743593835
41.2,880.8321929150387
41.4,880.610103090419
41.6,880.3802884071723
41.8,880.1425616060643
42.0,879.8967339672702
42.2,879.6426153977941
42.4,879.3800145202855
42.6,879.10873876307
42.8,878.8285944512036
43.0,878.5393868983521
43.2,878.2409204992978
43.4,877.9329988228693
43.6,877.6154247050835
43.8,877.2880003422945
44.0,876.950527384133
44.2,876.6028070260263
44.4,876.2446401010828
44.6,875.8758271711297
44.8,875.4961686166902
45.0,875.1054647256896
45.2,874.7035157806835
45.4,874.2901221444016
45.6,873.8650843434084
45.8,873.4282031496817
46.0,872.979279659922
46.2,872.5181153724053
46.4,872.044512261204
46.6,871.558272847605
46.8,871.0592002685643
47.0,870.5470983420427
47.2,870.021771629084
47.4,869.483025492499
47.6,868.9306661520329
47.8,868.3645007359075
48.0,867.7843373286349
48.2,867.1899850150176
48.4,866.5812539202583
48.6,865.9579552461166
48.8,865.3199013030652
49.0,864.6669055384056
49.2,863.998782560324
49.4,863.315348157877
49.6,862.6164193169099
49.8,861.9018142319292
50.0,861.1713523139588
