0.0,765.1707556094
0.2,767.5454001055231
0.4,769.874723874195
0.6,772.1608003390402
0.8,774.4054095316525
1.0,776.6100660248177
1.2,778.7760560489531
1.4,780.9044785168585
1.6,782.9962851888349
1.8,785.0523164563881
2.0,787.073330766915
2.2,789.0600271465044
2.4,791.0130613394449
2.6,792.9330566827063
2.8,794.8206110239253
3.0,796.6763008994093
3.2,798.5006839527364
3.4,800.2943003037623
3.6,802.0576733377335
3.8,803.7913102015416
4.0,805.4957021699945
4.2,807.1713249680449
4.4,808.8186390909273
4.6,810.4380901407483
4.8,812.0301091864184
5.0,813.5951131483541
5.2,815.1335052069539
5.4,816.6456752328296
5.6,818.1320002363628
5.8,819.5928448339986
6.0,821.0285617286427
6.2,822.4394922015277
6.4,823.8259666129375
6.6,825.1883049092288
6.8,826.5268171336446
7.0,827.8418039384859
7.2,829.1335570962926
7.4,830.4023600077833
7.6,831.6484882043995
7.8,832.8722098434246
8.0,834.0737861937569
8.2,835.2534721105537
8.4,836.41151649709
8.6,837.5481627523138
8.8,838.6636492027233
9.0,839.7582095173286
9.2,840.8320731046092
9.4,841.8854654905164
9.6,842.918608676718
9.8,843.9317214784194
10.0,844.9250198412333
10.2,845.8987171367064
10.4,846.8530244362408
10.6,847.78815076327
10.8,848.7043033236745
11.0,849.6016877145303
11.2,850.4805081113919
11.4,851.3409674344134
11.6,852.1832674937007
11.8,853.007609114375
12.0,853.8141922419062
12.2,854.6032160283406
12.4,855.3748789001156
12.6,856.1293786082017
12.8,856.8669122613641
13.0,857.5876763433728
13.2,858.2918667150218
13.4,858.9796786018438
13.6,859.6513065684245
13.8,860.3069444802318
14.0,860.9467854538794
14.2,861.5710217967464
14.4,862.1798449368655
14.6,862.773445343984
14.8,863.3520124426846
15.0,863.9157345184333
15.2,864.4647986173991
15.4,864.9993904408634
15.6,865.5196942350058
15.8,866.025892676822
16.0,866.5181667568959
16.2,866.9966956597096
16.4,867.46165664214
16.6,867.9132249107512
16.8,868.351573498453
17.0,868.7768731410578
17.2,869.1892921542268
17.4,869.5889963112589
17.6,869.9761487221375
17.8,870.3509097142107
18.0,870.7134367148464
18.2,871.0638841363653
18.4,871.4024032635231
18.6,871.7291421437764
18.8,872.0442454805407
19.0,872.347854529614
19.2,872.6401069989139
19.4,872.921136951649
19.6,873.1910747130212
19.8,873.4500467805334
20.0,873.6981757379523
20.2,873.9355801729636
20.4,874.1623745985321
20.6,874.3786693779693
20.8,874.5845706536944
21.0,874.7801802796616
21.2,874.9655957574207
21.4,875.1409101757616
21.6,875.3062121538934
21.8,875.4615857880962
22.0,875.6071106017841
22.2,875.7428614989122
22.4,875.8689087206546
22.6,875.9853178052882
22.8,876.0921495512079
23.0,876.1894599830032
23.2,876.2773003205314
23.4,876.3557169509179
23.6,876.4247514034245
23.8,876.4844403271255
24.0,876.5348154713397
24.2,876.575903668768
24.4,876.6077268212958
24.6,876.6303018884224
24.8,876.6436408782857
25.0,876.6477508412611
25.2,876.6426338661145
25.4,876.6282870787015
25.6,876.6047026432085
25.8,876.5718677659409
26.0,876.529764701667
26.2,876.4783707625393
26.4,876.4176583296143
26.6,876.3475948670057
26.8,876.268142938706
27.0,876.1792602281216
27.2,876.080899560371
27.4,875.9730089274003
27.6,875.8555315159755
27.8,875.7284057386138
28.0,875.5915652675225
28.2,875.4449390716125
28.4,875.288451456659
28.6,875.1220221086804
28.8,874.9455661406082
29.0,874.7589941423169
29.2,874.5622122340844
29.4,874.3551221235477
29.6,874.1376211662125
29.8,873.909602429574
30.0,873.6709547608928
30.2,873.4215628586676
30.4,873.1613073478275
30.6,872.8900648586637
30.8,872.6077081094995
31.0,872.3141059930857
31.2,872.0091236666902
31.4,871.6926226458306
31.6,871.3644609015804
31.8,871.0244929613527
32.0,870.6725700130455
32.2,870.3085400124019
32.4,869.9322477934144
32.6,869.5435351815694
32.8,869.1422411096993
33.0,868.7282017361747
33.2,868.3012505651371
33.4,867.8612185684345
33.6,867.4079343088881
33.8,866.9412240644767
34.0,866.4609119529949
34.2,865.9668200566904
34.4,865.4587685463584
34.6,864.9365758043253
34.8,864.400058545715
35.0,863.849031937356
35.2,863.2833097136495
35.4,862.7027042886775
35.6,862.1070268638051
35.8,861.4960875299898
36.0,860.8696953639858
36.2,860.227658517604
36.4,859.5697842991623
36.6,858.8958792462431
36.8,858.20574918886
37.0,857.4991993021185
37.2,856.7760341474607
37.4,856.0360577015671
37.6,855.279073372011
37.8,854.504883998757
38.0,853.713291840622
38.2,852.904098545837
38.4,852.0771051058797
38.6,851.2321117917895
38.8,850.3689180722154
39.0,849.48732251251
39.2,848.5871226542369
39.4,847.6681148745295
39.6,846.7300942248191
39.8,845.7728542485288
40.0,844.7961867774269
40.2,843.7998817064289
40.4,842.783726746743
40.6,841.747507157368
40.8,840.6910054550706
41.0,839.6140011030905
41.2,838.5162701789534
41.4,837.3975850219045
41.6,836.2577138606104
41.8,835.0964204219163
42.0,833.913463521592
42.2,832.7085966381342
42.4,831.48156747084
42.6,830.2321174835101
42.8,828.9599814352724
43.0,827.6648869001584
43.2,826.3465537771968
43.4,825.0046937929106
43.6,823.6390099982302
43.8,822.2491962619433
44.0,820.8349367629097
44.2,819.3959054833599
44.4,817.931765705685
44.6,816.442169515192
44.8,814.9267573113618
45.0,813.385157330191
45.2,811.8169851802213
45.4,810.2218433948675
45.6,808.5993210035962
45.8,806.948993124352
46.0,805.2704205791912
46.2,803.5631495340123
46.4,801.8267111607266
46.6,800.0606213144634
46.8,798.264380206142
47.0,796.4374720261055
47.2,794.5793644282023
47.4,792.6895077027069
47.6,790.7673333357643
47.8,788.8122514607348
48.0,786.8236464540549
48.2,784.8008696431992
48.4,782.7432278460439
48.6,780.649966364215
48.8,778.5202452535893
49.0,776.3531083268274
49.2,774.1474454607927
49.4,771.9019502926974
49.6,769.6150770149604
49.8,767.2850012909664
50.0,764.9095908475877
