0.0,780.7822712489649
0.2,782.5768026527654
0.4,784.3908398679064
0.6,786.2253738457999
0.8,788.0800803675332
1.0,789.9534261592024
1.2,791.8428249671647
1.4,793.7448309545906
1.6,795.6553548390508
1.8,797.5698876948245
2.0,799.4837182282452
2.2,801.3921313783184
2.4,803.2905789638927
2.6,805.1748164016508
2.8,807.0410028654022
3.0,808.8857653064968
3.2,810.7062292539337
3.4,812.5000211116987
3.6,814.2652477258143
3.8,816.00045935112
4.0,817.7046019214621
4.2,819.3769638690959
4.4,821.0171218136696
4.6,822.6248884011876
4.8,824.2002645453548
5.0,825.743397399465
5.2,827.254544622196
5.4,828.7340449184377
5.6,830.1822944341008
5.8,831.5997283415109
6.0,832.9868068395332
6.2,834.3440047767248
6.4,835.6718041549176
6.6,836.9706888575852
6.8,838.241141050989
7.0,839.483638811392
7.2,840.6986546290362
7.4,841.886654523966
7.6,843.0480975782921
7.8,844.1834357444208
8.0,845.2931138306377
8.2,846.3775695963845
8.4,847.4372339117716
8.6,848.4725309514209
8.8,849.4838784033494
9.0,850.4716876807124
9.2,851.4363641288777
9.4,852.3783072233085
9.6,853.2979107556409
9.8,854.1955630065443
10.0,855.0716469047022
10.2,855.926540171732
10.4,856.7606154531505
10.6,857.5742404356963
10.8,858.3677779514402
11.0,859.1415860692048
11.2,859.896018173874
11.4,860.6314230342134
11.6,861.3481448598501
11.8,862.046523348082
12.0,862.7268937211905
12.2,863.3895867549356
12.4,864.0349287989111
12.6,864.6632417894227
12.8,865.274843255544
13.0,865.8700463189847
13.2,866.4491596883839
13.4,867.012487648623
13.6,867.5603300457192
13.8,868.0929822678409
14.0,868.6107352229518
14.2,869.1138753135656
14.4,869.6026844090567
14.6,870.0774398159526
14.8,870.5384142465905
15.0,870.9858757865012
15.2,871.4200878608502
15.4,871.8413092002362
15.6,872.2497938061216
15.8,872.6457909161451
16.0,873.0295449695333
16.2,873.4012955728155
16.4,873.7612774660129
16.6,874.1097204894571
16.8,874.4468495513719
17.0,874.7728845963305
17.2,875.0880405746884
17.4,875.3925274130688
17.6,875.6865499859671
17.8,875.970308088525
18.0,876.243996410514
18.2,876.5078045115521
18.4,876.7619167975711
18.6,877.0065124985418
18.8,877.2417656474528
19.0,877.4678450605319
19.2,877.6849143186967
19.4,877.8931317502074
19.6,878.0926504144946
19.8,878.2836180871291
20.0,878.4661772458952
20.2,878.6404650579307
20.4,878.8066133678828
20.6,878.9647486870441
20.8,879.1149921834117
21.0,879.2574596726284
21.2,879.3922616097524
21.4,879.5195030818072
21.6,879.6392838010619
21.8,879.7516980989926
22.0,879.8568349208753
22.2,879.954777820964
22.4,880.0456049582068
22.6,880.1293890924551
22.8,880.2061975811224
23.0,880.2760923762528
23.2,880.3391300219599
23.4,880.3953616521989
23.6,880.4448329888388
23.8,880.4875843400039
24.0,880.5236505986555
24.2,880.5530612413902
24.4,880.5758403274307
24.6,880.5920064977915
24.8,880.6015729746049
25.0,880.6045475605932
25.2,880.60093263868
25.4,880.5907251717341
25.6,880.5739167024461
25.8,880.5504933533374
26.0,880.5204358269074
26.2,880.4837194059293
26.4,880.4403139539036
26.6,880.3901839156885
26.8,880.3332883183217
27.0,880.2695807720595
27.2,880.199009471656
27.4,880.1215171979126
27.6,880.0370413195258
27.8,879.945513795271
28.0,879.846861176556
28.2,879.7410046103843
28.4,879.6278598427692
28.6,879.5073372226421
28.8,879.3793417062989
29.0,879.2437728624334
29.2,879.100524877804
29.4,878.9494865635817
29.6,878.790541362432
29.8,878.6235673563783
30.0,878.4484372754979
30.2,878.2650185074999
30.4,878.0731731082353
30.6,877.8727578131853
30.8,877.6636240499759
31.0,877.4456179519611
31.2,877.2185803729186
31.4,876.9823469028928
31.6,876.7367478852228
31.8,876.4816084347832
32.0,876.216748457463
32.2,875.9419826709021
32.4,875.6571206264953
32.6,875.3619667326701
32.8,875.0563202794349
33.0,874.7399754641812
33.2,874.4127214187196
33.4,874.074342237512
33.6,873.7246170070546
33.8,873.363319836347
34.0,872.9902198883766
34.2,872.605081412521
34.4,872.2076637777633
34.6,871.7977215065907
34.8,871.3750043094296
35.0,870.9392571194484
35.2,870.4902201275385
35.4,870.0276288172591
35.6,869.5512139995062
35.8,869.0607018466417
36.0,868.5558139257928
36.2,868.0362672310013
36.4,867.501774213876
36.6,866.9520428123731
36.8,866.3867764772962
37.0,865.8056741960853
37.2,865.2084305134271
37.4,864.5947355481958
37.6,863.9642750062015
37.8,863.3167301882023
38.0,862.6517779926025
38.2,861.9690909122475
38.4,861.2683370246934
38.6,860.5491799753245
38.8,859.8112789526671
39.0,859.0542886552489
39.2,858.2778592493434
39.4,857.4816363169402
39.6,856.6652607932972
39.8,855.8283688934383
40.0,854.9705920269972
40.2,854.0915567008382
40.4,853.1908844089497
40.6,852.2681915091886
40.8,851.3230890865749
41.0,850.3551828030328
41.2,849.3640727337627
41.4,848.349353190899
41.6,847.310612535854
41.8,846.2474329829334
42.0,845.1593903987093
42.2,844.0460541046068
42.4,842.9069866947892
42.6,841.7417438884727
42.8,840.5498744463479
43.0,839.3309201962189
43.2,838.0844162350317
43.4,836.809891405181
43.6,835.5068691845769
43.8,834.1748691844952
44.0,832.8134095182744
44.2,831.4220103877389
44.4,830.0001993309662
44.6,828.5475186796097
44.8,827.0635358769241
45.0,825.5478573940312
45.2,824.0001470307478
45.4,822.4201493716085
45.6,820.8077190560579
45.8,819.162856281163
46.0,817.4857485558234
46.2,815.7768181472645
46.4,814.0367739010859
46.6,812.2666651982735
46.8,810.4679347916405
47.0,808.6424662313086
47.2,806.7926206696859
47.4,804.9212571829263
47.6,803.0317305209082
47.8,801.1278605526204
48.0,799.2138687212972
48.2,797.2942786099491
48.4,795.3737801992188
48.6,793.4570604275906
48.8,791.5486059869563
49.0,789.6524875666545
49.2,787.7721376083574
49.4,785.9101356641062
49.6,784.068016328534
49.8,782.2461142240038
50.0,780.4434585895469
