0.0,820.0281310245291
0.2,822.0427356119772
0.4,824.0125196995428
0.6,825.9376467128847
0.8,827.8183048887888
1.0,829.6547082761095
1.2,831.4470975870368
1.4,833.1957408946317
1.6,834.9009341737114
1.8,836.5630016833175
2.0,838.1822961901551
2.2,839.7591990335374
2.4,841.2941200334884
2.6,842.7874972447528
2.8,844.2397965605104
3.0,845.651511170599
3.2,847.0231608799888
3.4,848.3552912941345
3.6,849.6484728786334
3.8,850.9032999013469
4.0,852.1203892657885
4.2,853.3003792451327
4.4,854.4439281266726
4.6,855.5517127769205
4.8,856.6244271378314
5.0,857.6627806648148
5.2,858.6674967172913
5.4,859.6393109125634
5.6,860.5789694536775
5.8,861.4872274417943
6.0,862.3648471833344
6.2,863.2125965018471
6.4,864.031247064161
6.6,864.8215727299216
6.8,865.5843479331155
7.0,866.3203461036212
7.2,867.0303381362301
7.4,867.7150909139442
7.6,868.3753658917014
7.8,869.0119177459911
8.0,869.6254930951345
8.2,870.2168292943013
8.4,870.7866533086359
8.6,871.3356806671716
8.8,871.8646144995369
9.0,872.3741446567905
9.2,872.8649469170914
9.4,873.3376822762978
9.6,873.792996323008
9.8,874.2315186970277
10.0,874.6538626297304
10.2,875.0606245643272
10.4,875.4523838536385
10.6,875.8297025325858
10.8,876.1931251622926
11.0,876.5431787423981
11.2,876.8803726879426
11.4,877.2051988669932
11.6,877.5181316950204
11.8,877.8196282819222
12.0,878.1101286275234
12.2,878.3900558613382
12.4,878.6598165223872
12.6,878.9198008748898
12.8,879.1703832557166
13.0,879.4119224495764
13.2,879.6447620880263
13.4,879.8692310685292
13.6,880.0856439899381
13.8,880.2943016009585
14.0,880.4954912583196
14.2,880.689487391586
14.4,880.8765519717372
14.6,881.0569349808553
14.8,881.2308748804683
15.0,881.3985990763102
15.2,881.5603243774693
15.4,881.7162574481055
15.6,881.8665952501192
15.8,882.0115254753564
16.0,882.1512269661206
16.2,882.2858701229496
16.4,882.4156172987894
16.6,882.5406231788587
16.8,882.6610351456575
17.0,882.7769936287114
17.2,882.8886324387829
17.4,882.9960790863976
17.6,883.0994550846482
17.8,883.198876236341
18.0,883.2944529056348
18.2,883.3862902744075
18.4,883.4744885836528
18.6,883.5591433602689
18.8,883.6403456296562
19.0,883.718182114579
19.2,883.7927354207857
19.4,883.864084209904
19.6,883.9323033601545
19.8,883.9974641154339
20.0,884.0596342233312
20.2,884.1188780626418
20.4,884.1752567609442
20.6,884.2288283027964
20.8,884.2796476291003
21.0,884.327766728173
21.2,884.3732347190416
21.4,884.416097927469
21.6,884.4563999551915
21.8,884.4941817428345
22.0,884.5294816269414
22.2,884.5623353915399
22.4,884.5927763146318
22.6,884.6208352099807
22.8,884.6465404645377
23.0,884.6699180718254
23.2,884.6909916615747
23.4,884.7097825258816
23.6,884.726309642129
23.8,884.7405896928946
24.0,884.7526370830375
24.2,884.7624639541378
24.4,884.7700801964357
24.6,884.7754934583938
24.8,884.7787091539876
25.0,884.7797304677993
25.2,884.778558357972
25.4,884.7751915570597
25.6,884.7696265707818
25.8,884.7618576746723
26.0,884.7518769085904
26.2,884.7396740690351
26.4,884.7252366991876
26.6,884.7085500765764
26.8,884.6895971982451
27.0,884.6683587632705
27.2,884.6448131524637
27.4,884.618936405056
27.6,884.590702192152
27.8,884.5600817867049
28.0,884.5270440297463
28.2,884.4915552925762
28.4,884.4535794345952
28.6,884.4130777564374
28.8,884.3700089480312
29.0,884.324329031202
29.2,884.2759912963942
29.4,884.2249462330766
29.6,884.1711414533687
29.8,884.1145216084029
30.0,884.0550282969231
30.2,883.9925999655974
30.4,883.9271718005111
30.6,883.8586756092927
30.8,883.7870396933142
31.0,883.7121887094057
31.2,883.6340435205176
31.4,883.5525210347727
31.6,883.4675340323516
31.8,883.3789909796758
32.0,883.2867958303692
32.2,883.1908478125075
32.4,883.0910412016984
32.6,882.9872650795796
32.8,882.8794030773727
33.0,882.7673331041907
33.2,882.650927059866
33.4,882.5300505321483
33.6,882.4045624782069
33.8,882.2743148904794
34.0,882.139152447012
34.2,881.998912146565
34.4,881.8534229288883
34.6,881.7025052807128
34.8,881.5459708281634
35.0,881.3836219164577
35.2,881.2152511779326
35.4,881.0406410896221
35.6,880.8595635218006
35.8,880.6717792791039
36.0,880.4770376360435
36.2,880.275075868937
36.4,880.0656187864893
36.6,879.8483782614682
36.8,879.6230527661307
37.0,879.389326914263
37.2,879.1468710128962
37.4,878.8953406269574
37.6,878.634376160298
37.8,878.3636024567088
38.0,878.0826284246891
38.2,877.7910466898709
38.4,877.4884332791139
38.6,877.1743473403768
38.8,876.8483309025313
39.0,876.5099086793201
39.2,876.158587921659
39.4,875.7938583224449
39.6,875.4151919779646
39.8,875.0220434098824
40.0,874.613849651631
40.2,874.1900304028384
40.4,873.7499882551783
40.6,873.2931089927498
40.8,872.8187619697641
41.0,872.3263005679379
41.2,871.8150627355813
41.4,871.2843716099034
41.6,870.7335362235599
41.8,870.1618522959283
42.0,869.56860310902
42.2,868.9530604673323
42.4,868.3144857403078
42.6,867.6521309854123
42.8,866.9652401491608
43.0,866.2530503427349
43.2,865.5147931881376
43.4,864.7496962301287
43.6,863.9569844085008
43.8,863.1358815845667
44.0,862.2856121150783
44.2,861.4054024661615
44.4,860.4944828592545
44.6,859.5520889404818
44.8,858.5774634643918
45.0,857.5698579825313
45.2,856.5285345269465
45.4,855.4527672783767
45.6,854.3418442086618
45.8,853.1950686867217
46.0,852.011761037377
46.2,850.7912600422894
46.4,849.5329243723924
46.6,848.2361339413692
46.8,846.9002911700152
47.0,845.5248221516921
47.2,844.1091777095479
47.4,842.6528343367289
47.6,841.1552950114543
47.8,839.6160898795449
48.0,838.034776797805
48.2,836.4109417325253
48.4,834.7441990083254
48.6,833.0341914035396
48.8,831.2805900894123
49.0,829.4830944114447
49.2,827.6414315123628
49.4,825.7553557973114
49.6,823.8246482430303
49.8,821.8491155539164
50.0,819.828589169017
