0.0,837.1403207664029
0.2,839.2715346319538
0.4,841.3210581629896
0.6,843.2876945010271
0.8,845.1707635564878
1.0,846.9701047186124
1.2,848.6860694879778
1.4,850.3195045219773
1.6,851.8717258494537
1.8,853.3444852411983
2.0,854.7399299103052
2.2,856.0605568546681
2.4,857.3091632400238
2.6,858.4887942551385
2.8,859.6026898527293
3.0,860.654231724414
3.2,861.6468917511871
3.4,862.5841830298585
3.6,863.4696144088048
3.8,864.3066492820031
4.0,865.0986691974001
4.2,865.848942642554
4.4,866.5605991847412
4.6,867.2366089708006
4.8,867.8797674390693
5.0,868.4926849656207
5.2,869.0777810619677
5.4,869.6372826623918
5.6,870.1732259858012
5.8,870.6874614281083
6.0,871.1816609343012
6.2,871.6573273117533
6.4,872.1158049745753
6.6,872.5582916494467
6.8,872.9858506229021
7.0,873.3994231651653
7.2,873.7998408233021
7.4,874.1878373341201
7.6,874.5640599626875
7.8,874.9290801239266
8.0,875.2834031912362
8.2,875.6274774367444
8.4,875.9617020822343
8.6,876.2864344679529
8.8,876.6019963686697
9.0,876.9086795029123
9.2,877.2067502928595
9.4,877.4964539395779
9.6,877.778017881843
9.8,878.0516547073859
10.0,878.3175645837064
10.2,878.5759372721991
10.4,878.8269537847666
10.6,879.0707877368062
10.8,879.3076064448153
11.0,879.53757181115
11.2,879.7608410329308
11.4,879.9775671668523
11.6,880.1878995768417
11.8,880.3919842871765
12.0,880.5899642598298
12.2,880.7819796114806
12.4,880.9681677827601
12.6,881.1486636698867
12.8,881.3235997268177
13.0,881.4931060443843
13.2,881.657310411501
13.4,881.8163383624568
13.6,881.9703132133959
13.8,882.1193560904156
14.0,882.2635859511465
14.2,882.4031196012597
14.4,882.5380717070141
14.6,882.6685548046983
14.8,882.7946793076349
15.0,882.9165535112575
15.2,883.034283596667
15.4,883.147973632984
15.6,883.2577255787504
15.8,883.3636392825861
16.0,883.4658124832657
16.2,883.5643408093556
16.4,883.6593177785235
16.6,883.7508347966187
16.8,883.8389811566061
17.0,883.92384403742
17.2,884.0055085028006
17.4,884.0840575001599
17.6,884.1595718595221
17.8,884.2321302925708
18.0,884.3018093918339
18.2,884.3686836300275
18.4,884.4328253595775
18.6,884.494304812331
18.8,884.5531900994671
19.0,884.609547211611
19.2,884.6634400191529
19.4,884.714930272768
19.6,884.7640776041363
19.8,884.8109395268493
20.0,884.8555714374983
20.2,884.898026616929
20.4,884.9383562316516
20.6,884.976609335389
20.8,885.0128328707478
21.0,885.0470716709948
21.2,885.0793684619208
21.4,885.1097638637725
21.6,885.1382963932357
21.8,885.1650024654472
22.0,885.1899163960197
22.2,885.2130704030592
22.4,885.234494609156
22.6,885.2542170433316
22.8,885.2722636429246
23.0,885.288658255398
23.2,885.303422640052
23.4,885.3165764696271
23.6,885.3281373317842
23.8,885.3381207304477
24.0,885.3465400870004
24.2,885.3534067413198
24.4,885.3587299526455
24.6,885.3625169002718
24.8,885.3647726840559
25.0,885.3655003247393
25.2,885.3647007640777
25.4,885.3623728647765
25.6,885.3585134102314
25.8,885.3531171040764
26.0,885.3461765695384
26.2,885.3376823486044
26.4,885.3276229010046
26.6,885.3159846030202
26.8,885.3027517461205
27.0,885.2879065354413
27.2,885.2714290881131
27.4,885.2532974314523
27.6,885.2334875010268
27.8,885.2119731386106
28.0,885.1887260900419
28.2,885.1637160030027
28.4,885.136910424732
28.6,885.1082747996946
28.8,885.07777246722
29.0,885.0453646591328
29.2,885.0110104973901
29.4,884.9746669917473
29.6,884.9362890374694
29.8,884.8958294131071
30.0,884.8532387783565
30.2,884.8084656720184
30.4,884.7614565100757
30.6,884.7121555839045
30.8,884.6605050586315
31.0,884.606444971654
31.2,884.5499132313308
31.4,884.4908456158554
31.6,884.4291757723164
31.8,884.3648352159506
32.0,884.2977533295899
32.2,884.2278573632987
32.4,884.1550724341968
32.6,884.079321526459
32.8,884.0005254914736
33.0,883.9186030481436
33.2,883.8334707833051
33.4,883.7450431522307
33.6,883.6532324791829
33.8,883.5579489579719
34.0,883.4591006524652
34.2,883.3565934969868
34.4,883.2503312965353
34.6,883.1402157267338
34.8,883.0261463334133
35.0,882.9080205317091
35.2,882.7857336045313
35.4,882.6591787002357
35.6,882.5282468292888
35.8,882.3928268596686
36.0,882.2528055106769
36.2,882.1080673447598
36.4,881.9584947568127
36.6,881.8039679603062
36.8,881.6443649693701
37.0,881.479561575722
37.2,881.309431318994
37.4,881.1338454485903
37.6,880.9526728746529
37.8,880.7657801050285
38.0,880.5730311642391
38.2,880.3742874893723
38.4,880.1694077964462
38.6,879.9582479091388
38.8,879.7406605397601
39.0,879.516495009936
39.2,879.2855968956137
39.4,879.047807577685
39.6,878.80296367569
39.8,878.5508963377537
40.0,878.2914303551064
40.2,878.0243830643284
40.4,877.7495629949345
40.6,877.4667682142324
40.8,877.1757843157627
41.0,876.8763819923711
41.2,876.5683141304002
41.4,876.2513123581211
41.6,875.9250829798252
41.8,875.5893022276056
42.0,875.2436107664038
42.2,874.8876073950817
42.4,874.5208418977988
42.6,874.1428070164851
42.8,873.7529295372757
43.0,873.3505605118638
43.2,872.9349646690381
43.4,872.5053091121895
43.6,872.060651444912
43.8,871.5999275182211
44.0,871.1219390481731
44.2,870.6253414101167
44.4,870.1086319732838
44.6,869.5701393943508
44.8,869.0080143379502
45.0,868.4202221326018
45.2,867.8045378986767
45.4,867.1585446973196
45.6,866.4796352424455
45.8,865.7650176890949
46.0,865.0117259583376
46.2,864.2166349801686
46.4,863.3764811311353
46.6,862.4878880137186
46.8,861.5473975720909
47.0,860.5515063675319
47.2,859.4967066516676
47.4,858.3795316832458
47.6,857.1966045419088
47.8,855.9446895086852
48.0,854.6207449164169
48.2,853.2219762327821
48.4,851.7458880321645
48.6,850.1903334475676
48.8,848.5535596758549
49.0,846.8342481427132
49.2,845.0315480195699
49.4,843.1451019225659
49.6,841.1750628103317
49.8,839.12210132708
50.0,836.9874031024616
