0.0,792.0735833804041
0.2,794.3043006665193
0.4,796.4947650071855
0.6,798.6453734497076
0.8,800.7565240596325
1.0,802.828615977466
1.2,804.8620494692035
1.4,806.8572259704391
1.6,808.8145481238373
1.8,810.734419809775
2.0,812.6172461699817
2.2,814.4634336240322
2.4,816.2733898785655
2.6,818.0475239291325
2.8,819.7862460545927
3.0,821.4899678040118
3.2,823.1591019760302
3.4,824.7940625906986
3.6,826.3952648538027
3.8,827.9631251137216
4.0,829.4980608108849
4.2,831.0004904199244
4.4,832.470833384629
4.6,833.9095100458419
4.8,835.3169415624565
5.0,836.6935498256867
5.2,838.0397573668122
5.4,839.3559872586122
5.6,840.6426630107235
5.8,841.9002084591746
6.0,843.1290476503614
6.2,844.3296047197491
6.4,845.5023037655936
6.6,846.6475687179928
6.8,847.765823203585
7.0,848.8574904062276
7.2,849.9229929239905
7.4,850.962752622813
7.6,851.9771904871754
7.8,852.9667264681409
8.0,853.9317793291319
8.2,854.8727664897993
8.4,855.7901038683525
8.6,856.6842057227115
8.8,857.5554844908442
9.0,858.4043506306492
9.2,859.2312124597396
9.4,860.0364759954762
9.6,860.8205447955994
9.8,861.5838197997933
10.0,862.3266991725138
10.2,863.049578147398
10.4,863.7528488735702
10.6,864.4369002641367
10.8,865.1021178471631
11.0,865.7488836194046
11.2,866.377575903055
11.4,866.9885692057574
11.6,867.5822340841148
11.8,868.1589370109174
12.0,868.7190402462896
12.2,869.2629017129447
12.4,869.7908748757205
12.6,870.3033086255508
12.8,870.8005471680094
13.0,871.282929916555
13.2,871.7507913905775
13.4,872.2044611183416
13.6,872.6442635448929
13.8,873.0705179449934
14.0,873.483538341119
14.2,873.8836334265492
14.4,874.2711064935554
14.6,874.6462553666836
14.8,875.0093723411109
15.0,875.3607441260382
15.2,875.7006517930735
15.4,876.029370729538
15.6,876.3471705966236
15.8,876.6543152923115
16.0,876.9510629189496
16.2,877.2376657553801
16.4,877.514370233494
16.6,877.7814169190777
16.8,878.0390404968136
17.0,878.2874697592819
17.2,878.5269275998045
17.4,878.7576310089677
17.6,878.9797910746483
17.8,879.1936129853668
18.0,879.3992960367818
18.2,879.5970336411408
18.4,879.7870133394906
18.6,879.9694168164564
18.8,880.1444199173887
19.0,880.312192667681
19.2,880.4728992940537
19.4,880.6266982476079
19.6,880.7737422284432
19.8,880.9141782116416
20.0,881.0481474744173
20.2,881.1757856242355
20.4,881.297222627705
20.6,881.4125828400514
20.8,881.5219850349848
21.0,881.6255424347756
21.2,881.7233627403581
21.4,881.8155481612885
21.6,881.9021954453851
21.8,881.9833959078894
22.0,882.0592354599864
22.2,882.1297946365358
22.4,882.1951486228689
22.6,882.2553672805122
22.8,882.3105151717095
23.0,882.3606515826185
23.2,882.40583054507
23.4,882.4461008567816
23.6,882.4815060999301
23.8,882.5120846579921
24.0,882.5378697307741
24.2,882.5588893475625
24.4,882.5751663783277
24.6,882.5867185429344
24.8,882.5935584183115
25.0,882.5956934435507
25.2,882.5931259229071
25.4,882.5858530266911
25.6,882.5738667900401
25.8,882.5571541095835
26.0,882.5356967380068
26.2,882.5094712765449
26.4,882.4784491654347
26.6,882.4425966723702
26.8,882.4018748790136
27.0,882.3562396656238
27.2,882.3056416938707
27.4,882.2500263879181
27.6,882.1893339138619
27.8,882.123499157621
28.0,882.052451701388
28.2,881.976115798751
28.4,881.8944103486112
28.6,881.8072488680257
28.8,881.7145394641097
29.0,881.6161848051482
29.2,881.512082091062
29.4,881.4021230233915
29.6,881.2861937749585
29.8,881.1641749593778
30.0,881.0359416005921
30.2,880.9013631026123
30.4,880.7603032196455
30.6,880.6126200267994
30.8,880.4581658915573
31.0,880.2967874462163
31.2,880.128325561486
31.4,879.9526153214488
31.6,879.7694860000813
31.8,879.5787610395369
32.0,879.3802580303935
32.2,879.1737886940653
32.4,878.9591588675785
32.6,878.7361684909106
32.8,878.5046115970866
33.0,878.2642763052254
33.2,878.0149448167242
33.4,877.7563934147673
33.6,877.488392467335
33.8,877.2107064338862
34.0,876.9230938758825
34.2,876.6253074713117
34.4,876.3170940333612
34.6,875.9981945333848
34.8,875.668344128295
35.0,875.3272721925043
35.2,874.9747023545272
35.4,874.6103525383448
35.6,874.2339350096215
35.8,873.8451564268488
36.0,873.4437178974825
36.2,873.0293150391211
36.4,872.6016380457637
36.6,872.1603717591688
36.8,871.7051957453187
37.0,871.235784375986
37.2,870.751806915372
37.4,870.2529276117831
37.6,869.7388057942869
37.8,869.2090959742745
38.0,868.663447951843
38.2,868.1015069268916
38.4,867.5229136148125
38.6,866.927304366634
38.8,866.3143112934662
39.0,865.6835623950776
39.2,865.0346816924149
39.4,864.3672893638661
39.6,863.6810018850493
39.8,862.9754321718943
40.0,862.2501897267725
40.2,861.5048807874134
40.4,860.7391084783354
40.6,859.9524729645061
40.8,859.1445716069325
41.0,858.3149991198741
41.2,857.4633477293611
41.4,856.5892073326889
41.6,855.6921656585545
41.8,854.7718084274885
42.0,853.8277195122394
42.2,852.8594810977494
42.4,851.8666738403699
42.6,850.8488770259498
42.8,849.8056687264407
43.0,848.7366259546508
43.2,847.64132481679
43.4,846.5193406624446
43.6,845.3702482316271
43.8,844.1936217985491
44.0,842.9890353117745
44.2,841.7560625304126
44.4,840.494277156025
44.6,839.2032529599268
44.8,837.8825639055736
45.0,836.5317842657407
45.2,835.1504887342103
45.4,833.7382525317043
45.6,832.2946515058061
45.8,830.8192622246412
46.0,829.3116620640981
46.2,827.7714292883943
46.4,826.198143123806
46.6,824.5913838254062
46.8,822.9507327366764
47.0,821.2757723418744
47.2,819.5660863110678
47.4,817.8212595377655
47.6,816.0408781690992
47.8,814.224529628535
48.0,812.3718026311168
48.2,810.4822871912661
48.4,808.5555746231913
48.6,806.5912575339775
48.8,804.5889298094577
49.0,802.5481865929866
49.2,800.4686242572611
49.4,798.3498403693573
49.6,796.1914336491739
49.8,793.9930039214947
50.0,791.7541520619035
