0.0,771.2080224172975
0.2,773.4449147271224
0.4,775.6439342074291
0.6,777.8059380001298
0.8,779.9317584269729
1.0,782.0222022776029
1.2,784.0780502125892
1.4,786.1000562828028
1.6,788.0889475657203
1.8,790.0454239184311
2.0,791.9701578463405
2.2,793.8637944857915
2.4,795.7269516980926
2.6,797.5602202717255
2.8,799.3641642288449
3.0,801.1393212315579
3.2,802.8862030828919
3.4,804.6052963168488
3.6,806.2970628714733
3.8,807.9619408384661
4.0,809.6003452825333
4.2,811.2126691233852
4.4,812.7992840730926
4.6,814.3605416213635
4.8,815.896774061219
5.0,817.4082955475377
5.2,818.895403180977
5.4,820.3583781098877
5.6,821.7974866429944
5.8,823.2129813658322
6.0,824.6051022541856
6.2,825.9740777780836
6.4,827.3201259902492
6.6,828.6434555932808
6.8,829.9442669802547
7.0,831.2227532438652
7.2,832.4791011496819
7.4,833.7134920695644
7.6,834.9261028717518
7.8,836.117106764633
8.0,837.2866740916755
8.2,838.4349730754743
8.4,839.5621705093472
8.6,840.6684323953566
8.8,841.7539245280778
9.0,842.8188130238528
9.2,843.8632647956624
9.4,844.8874479741252
9.6,845.8915322754715
9.8,846.8756893176628
10.0,847.840092886109
10.2,848.7849191506955
10.4,849.7103468360564
10.6,850.6165573472272
10.8,851.5037348529711
11.0,852.3720663292102
11.2,853.221741565097
11.4,854.0529531343383
11.6,854.865896334433
11.8,855.660769096511
12.0,856.4377718684594
12.2,857.1971074740045
12.4,857.938980950372
12.6,858.6635993670927
12.8,859.3711716284452
13.0,860.0619082619327
13.2,860.7360211950975
13.4,861.3937235228576
13.6,862.0352292674329
13.8,862.6607531328024
14.0,863.2705102554999
14.2,863.8647159534238
14.4,864.4435854741997
14.6,865.0073337444971
14.8,865.5561751215687
15.0,866.0903231481448
15.2,866.6099903116916
15.4,867.11538780891
15.6,867.606725316236
15.8,868.0842107669882
16.0,868.5480501356989
16.2,868.9984472300627
16.4,869.4356034908449
16.6,869.8597177999981
16.8,870.2709862971619
17.0,870.6696022046383
17.2,871.0557556608777
17.4,871.4296335624426
17.6,871.7914194143707
17.8,872.141293188804
18.0,872.4794311917203
18.2,872.8060059375598
18.4,873.1211860315178
18.6,873.4251360592478
18.8,873.7180164836998
19.0,873.999983548807
19.2,874.2711891897238
19.4,874.531780949308
19.6,874.7819019005411
19.8,875.0216905745799
20.0,875.2512808941308
20.2,875.4708021118497
20.4,875.6803787534693
20.6,875.8801305653718
20.8,876.0701724663279
21.0,876.2506145031363
21.2,876.4215618099114
21.4,876.5831145707755
21.6,876.7353679857267
21.8,876.8784122394666
22.0,877.0123324729848
22.2,877.1372087577088
22.4,877.253116072046
22.6,877.3601242801507
22.8,877.458298112766
23.0,877.5476971500051
23.2,877.6283758059419
23.4,877.700383314899
23.6,877.76376371933
23.8,877.818555859204
24.0,877.8647933628129
24.2,877.9025046389282
24.4,877.9317128702515
24.6,877.952436008103
24.8,877.9646867683126
25.0,877.9684726282786
25.2,877.9637958251731
25.4,877.9506533552811
25.6,877.929036974469
25.8,877.8989331997875
26.0,877.8603233122233
26.2,877.8131833606221
26.4,877.7574841668155
26.6,877.6931913319933
26.8,877.6202652443719
27.0,877.5386610882229
27.2,877.448328854327
27.4,877.3492133519424
27.6,877.2412542223738
27.8,877.1243859542496
28.0,876.9985379006207
28.2,876.8636342980076
28.4,876.7195942875363
28.6,876.5663319383133
28.8,876.4037562732052
29.0,876.2317712971986
29.2,876.0502760285337
29.4,875.8591645328122
29.6,875.6583259602986
29.8,875.4476445866449
30.0,875.2269998572791
30.2,874.9962664357159
30.4,874.7553142560525
30.6,874.5040085799292
30.8,874.2422100582397
31.0,873.9697747978882
31.2,873.6865544338923
31.4,873.392396207139
31.6,873.0871430481042
31.8,872.7706336668408
32.0,872.4427026495441
32.2,872.1031805619914
32.4,871.7518940601453
32.6,871.3886660081984
32.8,871.0133156043103
33.0,870.6256585142771
33.2,870.2255070133326
33.4,869.8126701362547
33.6,869.3869538359072
33.8,868.9481611503016
34.0,868.4960923782122
34.2,868.0305452633139
34.4,867.5513151867531
34.6,867.0581953679831
34.8,866.5509770736152
35.0,866.0294498339528
35.2,865.4934016667784
35.4,864.9426193078621
35.6,864.3768884475529
35.8,863.7959939727011
36.0,863.1997202130377
36.2,862.5878511910157
36.4,861.9601708739849
36.6,861.3164634274464
36.8,860.6565134679888
37.0,859.9801063143833
37.2,859.2870282351703
37.4,858.5770666909417
37.6,857.8500105693913
37.8,857.1056504110754
38.0,856.3437786237113
38.2,855.5641896827273
38.4,854.7666803156751
38.6,853.9510496680263
38.8,853.1170994478023
39.0,852.2646340464229
39.2,851.3934606331193
39.4,850.5033892202364
39.6,849.5942326967478
39.8,848.665806827331
40.0,847.7179302144008
40.2,846.7504242205691
40.4,845.7631128491121
40.6,844.7558225801464
40.8,843.7283821603902
41.0,842.6806223445678
41.2,841.6123755867467
41.4,840.5234756801467
41.6,839.4137573442462
41.8,838.2830557583237
42.0,837.1312060409155
42.2,835.9580426750356
42.4,834.7633988794041
42.6,833.5471059263351
42.8,832.3089924073802
43.0,831.0488834482674
43.2,829.7665998751448
43.4,828.4619573346049
43.6,827.1347653704499
43.8,825.7848264606316
44.0,824.4119350182748
44.2,823.0158763611596
44.4,821.5964256544838
44.6,820.1533468321637
44.8,818.6863915023326
45.0,817.1952978430785
45.2,815.6797894948015
45.4,814.1395744558782
45.6,812.5743439885786
45.8,810.983771542391
46.0,809.3675117020767
46.2,807.7251991678713
46.4,806.0564477753031
46.6,804.3608495620807
46.8,802.6379738894233
47.0,800.8873666250676
47.2,799.1085493949764
47.4,797.3010189105054
47.6,795.464246377444
47.8,793.597676992959
48.0,791.7007295360003
48.2,789.7727960562248
48.4,787.8132416659198
48.6,785.8214044387915
48.8,783.796595418826
49.0,781.7380987417257
49.2,779.645171870696
49.4,777.5170459475914
49.6,775.3529262596577
49.8,773.1519928213099
50.0,770.9134010695922
