0.0,880.6877218932931
0.2,881.2891606247512
0.4,881.8449440728283
0.6,882.3553869858829
0.8,882.8212315428282
1.0,883.24362450731
1.2,883.6240836984764
1.4,883.9644553793729
1.6,884.2668645091637
1.8,884.5336600316766
2.0,884.7673574717517
2.2,884.9705810834749
2.4,885.1460076503794
2.6,885.2963137943258
2.8,885.4241283299061
3.0,885.5319908310264
3.2,885.6223171831249
3.4,885.6973725043031
3.6,885.7592514545707
3.8,885.809865632957
4.0,885.8509375006598
4.2,885.8840000722337
4.4,885.9104014881474
4.6,885.9313135181477
4.8,885.9477430391069
5.0,885.96054557402
5.2,885.9704400595335
5.4,885.9780241162978
5.6,885.9837892184504
5.8,885.9881352857058
6.0,885.9913843455565
6.2,885.9937930276448
6.4,885.9955637530243
6.6,885.9968545652976
6.8,885.9977876175792
7.0,885.9984563793004
7.2,885.9989316614302
7.4,885.9992665797429
7.6,885.9995005856612
7.8,885.9996626953711
8.0,885.999774042654
8.2,885.9998498712876
8.4,885.9999010706867
8.6,885.9999353450918
8.8,885.9999580931419
9.0,885.9999730618295
9.2,885.9999828271161
9.4,885.9999891431539
9.6,885.9999931931997
9.8,885.9999957679071
10.0,885.9999973906367
10.2,885.9999984045774
10.4,885.999999032672
10.6,885.9999994184005
10.8,885.9999996532456
11.0,885.9999997949953
11.2,885.9999998798163
11.4,885.9999999301343
11.6,885.9999999597269
11.8,885.9999999769806
12.0,885.9999999869531
12.2,885.9999999926677
12.4,885.999999995914
12.6,885.9999999977422
12.8,885.999999998763
13.0,885.999999999328
13.2,885.9999999996379
13.4,885.9999999998065
13.6,885.9999999998975
13.8,885.9999999999461
14.0,885.999999999972
14.2,885.9999999999856
14.4,885.9999999999925
14.6,885.9999999999961
14.8,885.9999999999981
15.0,885.9999999999991
15.2,885.9999999999997
15.4,885.9999999999999
15.6,886.0
15.8,886.0
16.0,886.0
16.2,886.0
16.4,886.0
16.6,886.0
16.8,886.0
17.0,886.0
17.2,886.0
17.4,886.0
17.6,886.0
17.8,886.0
18.0,886.0
18.2,886.0
18.4,886.0
18.6,886.0
18.8,886.0
19.0,886.0
19.2,886.0
19.4,886.0
19.6,886.0
19.8,886.0
20.0,886.0
20.2,886.0
20.4,886.0
20.6,886.0
20.8,886.0
21.0,886.0
21.2,886.0
21.4,886.0
21.6,886.0
21.8,886.0
22.0,886.0
22.2,886.0
22.4,886.0
22.6,886.0
22.8,886.0
23.0,886.0
23.2,886.0
23.4,886.0
23.6,886.0
23.8,886.0
24.0,886.0
24.2,886.0
24.4,886.0
24.6,886.0
24.8,886.0
25.0,886.0
25.2,886.0
25.4,886.0
25.6,886.0
25.8,886.0
26.0,886.0
26.2,886.0
26.4,886.0
26.6,886.0
26.8,886.0
27.0,886.0
27.2,886.0
27.4,886.0
27.6,886.0
27.8,886.0
28.0,886.0
28.2,886.0
28.4,886.0
28.6,886.0
28.8,886.0
29.0,886.0
29.2,886.0
29.4,886.0
29.6,886.0
29.8,886.0
30.0,886.0
30.2,886.0
30.4,886.0
30.6,886.0
30.8,886.0
31.0,886.0
31.2,886.0
31.4,886.0
31.6,886.0
31.8,886.0
32.0,886.0
32.2,886.0
32.4,886.0
32.6,886.0
32.8,886.0
33.0,886.0
33.2,886.0
33.4,886.0
33.6,886.0
33.8,886.0
34.0,886.0
34.2,886.0
34.4,886.0
34.6,885.9999999999999
34.8,885.9999999999997
35.0,885.9999999999991
35.2,885.9999999999981
35.4,885.9999999999961
35.6,885.9999999999925
35.8,885.9999999999856
36.0,885.999999999972
36.2,885.9999999999461
36.4,885.9999999998975
36.6,885.9999999998065
36.8,885.9999999996379
37.0,885.999999999328
37.2,885.999999998763
37.4,885.9999999977422
37.6,885.999999995914
37.8,885.9999999926674
38.0,885.9999999869528
38.2,885.99999997698
38.4,885.9999999597261
38.6,885.9999999301327
38.8,885.9999998798136
39.0,885.9999997949905
39.2,885.999999653237
39.4,885.9999994183856
39.6,885.9999990326463
39.8,885.9999984045338
40.0,885.9999973905632
40.2,885.9999957677838
40.4,885.9999931929947
40.6,885.9999891428158
40.8,885.9999828265627
41.0,885.9999730609313
41.2,885.9999580916957
41.4,885.999935342781
41.6,885.9999010670232
41.8,885.9998498655242
42.0,885.999774033657
42.2,885.9996626814345
42.4,885.9995005642378
42.6,885.9992665470619
42.8,885.9989316119535
43.0,885.9984563049613
43.2,885.9977875067226
43.4,885.9968544012191
43.6,885.9955635119757
43.8,885.9937926761332
44.0,885.9913838367229
44.2,885.9881345545105
44.4,885.9837881753323
44.6,885.9780226388982
44.8,885.9704379819933
45.0,885.9605426732614
45.2,885.9477390174145
45.4,885.9313079812484
45.6,885.9103939178789
45.8,885.8839897927786
46.0,885.8509236372101
46.2,885.8098470615768
46.4,885.7592267419407
46.6,885.697339835973
46.8,885.6222742788684
47.0,885.5319348459027
47.2,885.4240557396888
47.4,885.2962202640612
47.6,885.1458878849974
47.8,884.9704286595932
48.0,884.7671646500851
48.2,884.5334175497984
48.4,884.2665613547326
48.6,883.964078544365
48.8,883.6236179153988
49.0,883.2430519688329
49.2,882.820531606723
49.4,882.3545358675898
49.6,881.8439145283692
49.8,881.2879216270477
50.0,880.6862383052141
