0.0,808.869046855864
0.2,810.9486105634301
0.4,812.9866977365535
0.6,814.9836385929717
0.8,816.9397701771532
1.0,818.8554366663516
1.2,820.7309896450105
1.4,822.5667883464018
1.6,824.3631998605441
1.8,826.1205993076052
2.0,827.8393699761674
2.2,829.5199034258972
2.4,831.1625995543352
2.6,832.7678666276905
2.8,834.3361212756903
3.0,835.8677884507067
3.2,837.3633013515436
3.4,838.8231013124242
3.6,840.2476376578801
3.8,841.6373675243848
4.0,842.9927556497247
4.2,844.3142741312283
4.4,845.602402154108
4.6,846.8576256912826
4.8,848.0804371761633
5.0,849.2713351499796
5.2,850.4308238853191
5.4,851.5594129876287
5.6,852.6576169764946
5.8,853.7259548485841
6.0,854.7649496241654
6.2,855.7751278791735
6.4,856.7570192648042
6.6,857.7111560166397
6.8,858.6380724553094
7.0,859.5383044806842
7.2,860.4123890615892
7.4,861.2608637229864
7.6,862.0842660325518
7.8,862.8831330885199
8.0,863.6580010106195
8.2,864.4094044358624
8.4,865.1378760208797
8.6,865.8439459524253
8.8,866.5281414675833
9.0,867.1909863851355
9.2,867.8330006494479
9.4,868.4546998881451
9.6,869.0565949847415
9.8,869.6391916672966
10.0,870.2029901140619
10.2,870.7484845769796
10.4,871.2761630237902
10.6,871.7865067994003
10.8,872.2799903070595
11.0,872.7570807097889
11.2,873.2182376524058
11.4,873.6639130043868
11.6,874.0945506237158
11.8,874.5105861417716
12.0,874.912446769215
12.2,875.3005511227551
12.4,875.6753090725874
12.6,876.0371216102202
12.8,876.3863807363354
13.0,876.7234693682562
13.2,877.0487612665385
13.4,877.3626209801357
13.6,877.6654038095469
13.8,877.9574557872962
14.0,878.2391136750617
14.2,878.5107049767288
14.4,878.7725479666136
14.6,879.0249517320766
14.8,879.2682162297231
15.0,879.5026323543728
15.2,879.7284820199684
15.4,879.9460382515854
15.6,880.1555652877041
15.8,880.3573186919043
16.0,880.5515454731473
16.2,880.7384842138235
16.4,880.9183652047484
16.6,881.0914105863105
16.8,881.2578344949923
17.0,881.4178432144998
17.2,881.5716353307675
17.4,881.719401890121
17.6,881.8613265599155
17.8,881.9975857909856
18.0,882.1283489812791
18.2,882.2537786400729
18.4,882.3740305521995
18.6,882.4892539417472
18.8,882.5995916347215
19.0,882.7051802201943
19.2,882.8061502094916
19.4,882.9026261930061
19.6,882.9947269942459
19.8,883.0825658207685
20.0,883.1662504116664
20.2,883.2458831813083
20.4,883.3215613590644
20.6,883.3933771247632
20.8,883.4614177396625
21.0,883.5257656727316
21.2,883.5864987220682
21.4,883.6436901312924
21.6,883.6974087007796
21.8,883.7477188936116
22.0,883.7946809361424
22.2,883.8383509130897
22.4,883.8787808570746
22.6,883.9160188325491
22.8,883.9501090140558
23.0,883.9810917587798
23.2,884.009003673356
23.4,884.0338776749054
23.6,884.055743046281
23.8,884.0746254855048
24.0,884.0905471493865
24.2,884.1035266913145
24.4,884.1135792932154
24.6,884.1207166916757
24.8,884.1249471982284
25.0,884.1262757137962
25.2,884.1247037372997
25.4,884.1202293684232
25.6,884.112847304542
25.8,884.1025488318102
26.0,884.0893218104096
26.2,884.0731506539603
26.4,884.0540163030944
26.6,884.0318961931955
26.8,884.0067642163068
27.0,883.9785906772138
27.2,883.9473422437102
27.4,883.912981891059
27.6,883.8754688406639
27.8,883.8347584929728
28.0,883.7908023546396
28.2,883.743547959981
28.4,883.6929387867689
28.6,883.6389141664124
28.8,883.5814091885926
29.0,883.5203546004243
29.2,883.4556767002366
29.4,883.387297226074
29.6,883.3151332390387
29.8,883.2390970016131
30.0,883.1590958511177
30.2,883.0750320684842
30.4,882.9868027425412
30.6,882.8942996300352
30.8,882.7974090116352
31.0,882.6960115441909
31.2,882.5899821095458
31.4,882.4791896602296
31.6,882.3634970623882
31.8,882.2427609363336
32.0,882.1168314951301
32.2,881.9855523816607
32.4,881.8487605046524
32.6,881.7062858741664
32.8,881.5579514370902
33.0,881.4035729132055
33.2,881.2429586324263
33.4,881.0759093738399
33.6,880.9022182072079
33.8,880.721670337613
34.0,880.5340429539632
34.2,880.3391050820896
34.4,880.136617443198
34.6,879.9263323184505
34.8,879.7079934204774
35.0,879.4813357726283
35.2,879.2460855967887
35.4,879.0019602105932
35.6,878.7486679348713
35.8,878.4859080121696
36.0,878.2133705371804
36.2,877.9307363999098
36.4,877.6376772424015
36.6,877.3338554298163
36.8,877.0189240366483
37.0,876.6925268488329
37.2,876.3542983824656
37.4,876.0038639198214
37.6,875.6408395633174
37.8,875.2648323080172
38.0,874.8754401332196
38.2,874.4722521136234
38.4,874.0548485504887
38.6,873.6228011231551
38.8,873.1756730611997
39.0,872.7130193374417
39.2,872.2343868819195
39.4,871.7393148168799
39.6,871.2273347127267
39.8,870.6979708647875
40.0,870.1507405906564
40.2,869.5851545477731
40.4,869.0007170707997
40.6,868.3969265282497
40.8,867.7732756977208
41.0,867.1292521589833
41.2,866.4643387040629
41.4,865.7780137633612
41.6,865.0697518467482
41.8,864.3390239984661
42.0,863.5852982645808
42.2,862.8080401716277
42.4,862.0067132150034
42.6,861.1807793555737
42.8,860.3296995228839
43.0,859.4529341232849
43.2,858.5499435512203
43.4,857.620188701859
43.6,856.6631314832056
43.8,855.6782353257753
44.0,854.6649656878853
44.2,853.6227905545886
44.4,852.5511809282566
44.6,851.4496113088176
44.8,850.3175601616518
45.0,849.1545103711682
45.2,847.9599496781059
45.4,846.7333710986447
45.6,845.4742733234516
45.8,844.1821610948521
46.0,842.8565455603816
46.2,841.4969446010522
46.4,840.1028831327585
46.6,838.6738933793472
46.8,837.2095151159851
47.0,835.7092958815753
47.2,834.1727911590983
47.4,832.5995645228975
47.6,830.989187752054
47.8,829.341240909163
48.0,827.6553123839628
48.2,825.9309989014362
48.4,824.1679054941609
48.6,822.3656454388555
48.8,820.5238401572334
49.0,818.642119081447
49.2,816.7201194845736
49.4,814.7574862767634
49.6,812.7538717678351
49.8,810.7089353972692
50.0,808.6223434327097
