0.0,875.6909709069677
0.2,876.2916696124205
0.4,876.8691321859313
0.6,877.4234775677032
0.8,877.9548686151488
1.0,878.4635119781725
1.2,878.9496576196105
1.4,879.4135979893485
1.6,879.8556668646505
1.8,880.2762378730238
2.0,880.6757227174523
2.2,881.0545691269947
2.4,881.4132585585285
2.6,881.75230367779
2.8,882.0722456497672
3.0,882.3736512699599
3.2,882.6571099689838
3.4,882.9232307234857
3.6,883.1726389063497
3.8,883.4059731087343
4.0,883.6238819655988
4.2,883.8270210150962
4.4,884.0160496205601
4.6,884.1916279818367
4.8,884.3544142604565
5.0,884.5050618406518
5.2,884.6442167455589
5.4,884.7725152251452
5.6,884.8905815295263
5.8,884.9990258784346
6.0,885.098442634715
6.2,885.1894086869056
6.4,885.2724820432411
6.6,885.3482006368465
6.8,885.4170813394804
7.0,885.4796191789892
7.2,885.536286753641
7.4,885.587533834766
7.6,885.6337871476201
7.8,885.6754503191378
8.0,885.7129039802335
8.2,885.7465060095567
8.4,885.7765919050858
8.6,885.8034752696536
8.8,885.827448396415
9.0,885.8487829403814
9.2,885.8677306624381
9.4,885.8845242326965
9.6,885.8993780806182
9.8,885.9124892800289
10.0,885.9240384579208
10.2,885.9341907167933
10.4,885.9430965611699
10.6,885.9508928198634
10.8,885.9577035564979
11.0,885.9636409617308
11.2,885.9688062215414
11.4,885.9732903568404
11.6,885.9771750305057
11.8,885.9805333187543
12.0,885.9834304445083
12.2,885.9859244711026
12.4,885.9880669553079
12.6,885.9899035592073
12.8,885.9914746209618
13.0,885.9928156849327
13.2,885.9939579920037
13.4,885.994928931253
13.6,885.9957524543864
13.8,885.9964494545417
14.0,885.9970381112282
14.2,885.9975342032822
14.4,885.9979513917798
14.6,885.998301474894
14.8,885.9985946166839
15.0,885.9988395517832
15.2,885.9990437679144
15.4,885.9992136680944
15.6,885.9993547143243
15.8,885.9994715544664
16.0,885.999568133921
16.2,885.9996477936187
16.4,885.9997133557363
16.6,885.9997671984461
16.8,885.9998113209034
17.0,885.9998473995777
17.2,885.9998768369352
17.4,885.999900803387
17.6,885.9999202733283
17.8,885.9999360560123
18.0,885.9999488219215
18.2,885.9999591252298
18.4,885.999967422879
18.6,885.9999740907366
18.8,885.9999794372397
19.0,885.9999837148879
19.2,885.9999871298942
19.4,885.9999898502679
19.6,885.9999920125672
19.8,885.9999937275221
20.0,885.9999950847061
20.2,885.9999961564066
20.4,885.9999970008224
20.6,885.9999976646984
20.8,885.9999981854907
21.0,885.9999985931418
21.2,885.999998911531
21.4,885.999999159657
21.6,885.9999993526002
21.8,885.9999995023015
22.0,885.9999996181945
22.2,885.9999997077134
22.4,885.9999997767034
22.6,885.999999829748
22.8,885.9999998704332
23.0,885.9999999015565
23.2,885.9999999252944
23.4,885.9999999433346
23.6,885.9999999569801
23.8,885.9999999672319
24.0,885.9999999748536
24.2,885.9999999804203
24.4,885.9999999843573
24.6,885.9999999869686
24.8,885.9999999884577
25.0,885.9999999889413
25.2,885.9999999884574
25.4,885.999999986968
25.6,885.9999999843562
25.8,885.9999999804189
26.0,885.9999999748517
26.2,885.9999999672293
26.4,885.9999999569765
26.6,885.9999999433297
26.8,885.9999999252879
27.0,885.9999999015477
27.2,885.9999998704211
27.4,885.999999829732
27.6,885.9999997766821
27.8,885.9999997076853
28.0,885.9999996181572
28.2,885.9999995022522
28.4,885.9999993525352
28.6,885.9999991595714
28.8,885.9999989114184
29.0,885.9999985929941
29.2,885.9999981852973
29.4,885.9999976644457
29.6,885.9999970004927
29.8,885.9999961559774
30.0,885.9999950841483
30.2,885.9999937267988
30.4,885.9999920116312
30.6,885.9999898490589
30.8,885.9999871283358
31.0,885.9999837128834
31.2,885.9999794346664
31.4,885.9999740874399
31.6,885.999967418664
31.8,885.9999591198514
32.0,885.9999488150725
32.2,885.9999360473078
32.4,885.9999202622876
32.6,885.9999007894106
32.8,885.9998768192777
33.0,885.9998473773134
33.2,885.9998112928856
33.4,885.9997671632574
33.6,885.999713311628
33.8,885.9996477384381
34.0,885.9995680650235
34.2,885.99947146861
34.4,885.9993546075424
34.6,885.9992135355445
34.8,885.9990436036973
35.0,885.9988393487263
35.2,885.9985943660846
35.4,885.9983011662154
35.6,885.9979510122902
35.8,885.9975337376296
36.0,885.997037540939
36.2,885.9964487574315
36.4,885.9957516038694
36.6,885.9949278955329
36.8,885.9939567331311
37.0,885.9928141577058
37.2,885.9914727716497
37.4,885.9899013240703
37.6,885.9880642588854
37.8,885.9859212242388
38.0,885.9834265420776
38.2,885.9805286370504
38.4,885.9771694242487
38.6,885.9732836557556
38.8,885.9687982264564
39.0,885.9636314401349
39.2,885.9576922374998
39.4,885.9508793884801
39.6,885.9430806518717
39.8,885.9341719062276
40.0,885.9240162567255
40.2,885.9124631236465
40.4,885.8993473190112
40.6,885.8844881188579
40.8,885.8676883395897
41.0,885.848733427739
41.2,885.8273905734003
41.4,885.8034078584229
41.6,885.776513451242
41.8,885.7464148609051
42.0,885.7127982634398
42.2,885.6753279141387
42.4,885.6336456596396
42.6,885.5873705637841
42.8,885.5360986611624
43.0,885.4794028519589
43.2,885.4168329511954
43.4,885.3479159047145
43.6,885.272156183242
43.8,885.1890363646145
44.0,885.098017912756
44.2,884.9985421602419
44.4,884.8900314992981
44.6,884.7718907838893
44.8,884.643508943144
45.0,884.5042608037894
45.2,884.353509116562
45.4,884.1906067787306
45.6,884.014899241995
45.8,883.8257270921159
46.0,883.6224287837581
46.2,883.4043435112335
46.4,883.1708141931637
46.6,882.921190546592
46.8,882.6548322238232
47.0,882.3711119832889
47.2,882.0694188640903
47.4,881.7491613325869
47.6,881.4097703685187
47.8,881.0507024577082
48.0,880.6714424584025
48.2,880.2715063087998
48.4,879.8504435442733
48.6,879.4078395942553
48.8,878.9433178306492
49.0,878.45654134201
49.2,877.9472144105075
49.4,877.4150836718552
49.6,876.859938941889
49.8,876.2816136972685
50.0,875.6799852017858
