0.0,857.8608824034771
0.2,858.6276652573891
0.4,859.3781667253468
0.6,860.112801743161
0.8,860.8319231669778
1.0,861.5358314515053
1.2,862.2247859358372
1.4,862.8990159664032
1.6,863.5587305614785
1.8,864.204125963962
2.0,864.8353910091067
2.2,865.452710616124
2.4,866.0562678737966
2.6,866.6462451841936
2.8,867.222824834545
3.0,867.7861892516005
3.2,868.3365210935405
3.4,868.8740032646762
3.6,869.3988188956005
3.8,869.9111513083744
4.0,870.4111839750498
4.2,870.8991004728026
4.4,871.3750844369106
4.6,871.8393195120332
4.8,872.2919893019961
5.0,872.7332773181955
5.2,873.1633669267195
5.4,873.582441294276
5.6,873.9906833330218
5.8,874.3882756443898
6.0,874.7754004620077
6.2,875.1522395938167
6.4,875.5189743634836
6.6,875.8757855512188
6.8,876.2228533340996
7.0,876.5603572260095
7.2,876.8884760172979
7.4,877.2073877142695
7.6,877.5172694786112
7.8,877.8182975668619
8.0,878.110647270034
8.2,878.3944928534905
8.4,878.6700074971849
8.6,878.9373632363622
8.8,879.1967309028281
9.0,879.4482800668799
9.2,879.6921789799986
9.4,879.928594518396
9.6,880.157692127506
9.8,880.3796357675109
10.0,880.5945878599825
10.2,880.8027092357258
10.4,881.0041590838939
10.6,881.1990949024555
10.8,881.3876724500775
11.0,881.5700456994912
11.2,881.7463667924013
11.4,881.9167859959928
11.6,882.0814516610878
11.8,882.2405101819984
12.0,882.3941059581168
12.2,882.5423813572788
12.4,882.6854766809354
12.6,882.8235301311544
12.8,882.9566777794789
13.0,883.0850535376558
13.2,883.2087891302486
13.4,883.3280140691411
13.6,883.4428556299325
13.8,883.5534388302259
14.0,883.6598864097969
14.2,883.7623188126353
14.4,883.8608541708415
14.6,883.9556082903571
14.8,884.0466946385043
15.0,884.1342243333057
15.2,884.2183061345506
15.4,884.2990464365703
15.6,884.376549262682
15.8,884.4509162612588
16.0,884.5222467033732
16.2,884.5906374819683
16.4,884.6561831124995
16.6,884.7189757349922
16.8,884.7791051174528
17.0,884.8366586605752
17.2,884.8917214036759
17.4,884.944376031793
17.6,884.9947028838799
17.8,885.0427799620265
18.0,885.0886829416346
18.2,885.1324851824775
18.4,885.1742577405693
18.6,885.2140693807713
18.8,885.2519865900601
19.0,885.2880735913843
19.2,885.3223923580324
19.4,885.3550026284416
19.6,885.3859619213673
19.8,885.4153255513438
20.0,885.443146644361
20.2,885.4694761536853
20.4,885.4943628757504
20.6,885.5178534660524
20.8,885.5399924549757
21.0,885.5608222634839
21.2,885.5803832186107
21.4,885.5987135686847
21.6,885.6158494982276
21.8,885.6318251424652
22.0,885.6466726013932
22.2,885.6604219533432
22.4,885.6731012679945
22.6,885.6847366187836
22.8,885.6953520946624
23.0,885.7049698111597
23.2,885.7136099207061
23.4,885.7212906221827
23.6,885.7280281696566
23.8,885.7338368802729
24.0,885.7387291412722
24.2,885.742715416108
24.4,885.745804249642
24.6,885.7480022723961
24.8,885.7493142038488
25.0,885.7497428547592
25.2,885.749289128513
25.4,885.7479520214837
25.6,885.7457286224068
25.8,885.7426141107703
26.0,885.7386017542246
26.2,885.7336829050217
26.4,885.7278469954954
26.6,885.721081532598
26.8,885.7133720915135
27.0,885.7047023083683
27.2,885.6950538720655
27.4,885.6844065152736
27.6,885.6727380045993
27.8,885.6600241299813
28.0,885.6462386933438
28.2,885.6313534965512
28.4,885.6153383287079
28.6,885.5981609528505
28.8,885.5797870920842
29.0,885.5601804152134
29.2,885.539302521924
29.4,885.5171129275742
29.6,885.4935690476527
29.8,885.4686261819671
30.0,885.4422374986284
30.2,885.4143540178928
30.4,885.3849245959323
30.6,885.3538959086013
30.8,885.3212124352702
31.0,885.2868164427971
31.2,885.2506479697099
31.4,885.2126448106728
31.6,885.172742501311
31.8,885.1308743034677
32.0,885.0869711909695
32.2,885.0409618359719
32.4,884.9927725959637
32.6,884.9423275015021
32.8,884.8895482447515
33.0,884.8343541689021
33.2,884.7766622585384
33.4,884.7163871310273
33.6,884.6534410289995
33.8,884.5877338139877
34.0,884.5191729612903
34.2,884.4476635561258
34.4,884.373108291136
34.6,884.2954074653026
34.8,884.2144589843305
35.0,884.1301583625535
35.2,884.0423987264145
35.4,883.9510708195663
35.6,883.8560630096395
35.8,883.7572612967176
36.0,883.6545493235583
36.2,883.5478083875923
36.4,883.4369174547318
36.6,883.3217531750128
36.8,883.2021899000929
37.0,883.0780997026211
37.2,882.9493523974925
37.4,882.8158155649955
37.6,882.6773545758547
37.8,882.5338326181668
38.0,882.3851107262248
38.2,882.2310478112173
38.4,882.0715006937885
38.6,881.9063241384346
38.8,881.7353708897145
39.0,881.5584917102409
39.2,881.3755354204159
39.4,881.1863489398712
39.6,880.9907773305673
39.8,880.7886638415017
40.0,880.5798499549677
40.2,880.36417543431
40.4,880.1414783731087
40.6,879.9115952457244
40.8,879.6743609591331
41.0,879.4296089059749
41.2,879.1771710187332
41.4,878.9168778249655
41.6,878.6485585034943
41.8,878.3720409414715
42.0,878.0871517922196
42.2,877.7937165337584
42.4,877.4915595279141
42.6,877.1805040799137
42.8,876.8603724983626
43.0,876.5309861554994
43.2,876.1921655476244
43.4,875.8437303555966
43.6,875.4854995052908
43.8,875.1172912279095
44.0,874.7389231200402
44.2,874.350212203356
44.4,873.9509749838485
44.6,873.5410275104911
44.8,873.1201854332286
45.0,872.6882640601906
45.2,872.2450784140289
45.4,871.7904432872814
45.6,871.3241732966667
45.8,870.8460829362173
46.0,870.35598662916
46.2,869.8536987784474
46.4,869.3390338158225
46.6,868.811806249214
46.8,868.271830707982
47.0,867.7189219847386
47.2,867.1528950703345
47.4,866.5735651733718
47.6,865.9807477038561
47.8,865.3742581765697
48.0,864.7539119454258
48.2,864.1195236073451
48.4,863.4709058108614
48.6,862.80786708415
48.8,862.1302081992582
49.0,861.4377165830213
49.2,860.7301584529895
49.4,860.0072687546879
49.6,859.26873958042
49.8,858.5142084186111
50.0,857.7432480772248
