0.0,862.1231336048501
0.2,862.840529819205
0.4,863.5421093058023
0.6,864.2280500727767
0.8,864.8985316076004
1.0,865.5537348729224
1.2,866.1938422975234
1.4,866.8190377623517
1.6,867.4295065816224
1.8,868.025435478975
2.0,868.6070125587079
2.2,869.1744272721184
2.4,869.7278703789987
2.6,870.2675339043534
2.8,870.7936110904172
3.0,871.3062963440708
3.2,871.805785179768
3.4,872.2922741580977
3.6,872.7659608201257
3.8,873.227043617665
4.0,873.6757218396486
4.2,874.112195534777
4.4,874.5366654306364
4.6,874.9493328494868
4.8,875.3503996209312
5.0,875.7400679916856
5.2,876.1185405326796
5.4,876.4860200437205
5.6,876.8427094559646
5.8,877.1888117324409
6.0,877.5245297668789
6.2,877.8500662810965
6.4,878.1656237212022
6.6,878.4714041528729
6.8,878.7676091559649
7.0,879.0544397187177
7.2,879.3320961318077
7.4,879.6007778825077
7.6,879.8606835492038
7.8,880.1120106965202
8.0,880.3549557712921
8.2,880.5897139996299
8.4,880.816479285303
8.6,881.0354441096704
8.8,881.2467994333748
9.0,881.4507346000113
9.2,881.6474372419696
9.4,881.8370931886415
9.6,882.0198863771759
9.8,882.1959987659521
10.0,882.3656102509311
10.2,882.5288985850352
10.4,882.6860393006943
10.6,882.8372056356852
10.8,882.9825684623768
11.0,883.1222962204869
11.2,883.2565548534396
11.4,883.3855077484025
11.6,883.5093156800682
11.8,883.6281367582394
12.0,883.7421263792536
12.2,883.8514371812824
12.4,883.9562190035233
12.6,884.05661884929
12.8,884.1527808529977
13.0,884.2448462510295
13.2,884.3329533564558
13.4,884.417237537573
13.6,884.497831200213
13.8,884.5748637737692
14.0,884.6484617008737
14.2,884.7187484306507
14.4,884.7858444154655
14.6,884.8498671110771
14.8,884.9109309800981
15.0,884.9691474986577
15.2,885.0246251661548
15.4,885.0774695179872
15.6,885.1277831411314
15.8,885.1756656924487
16.0,885.2212139195827
16.2,885.2645216843165
16.4,885.3056799882456
16.6,885.3447770006296
16.8,885.3818980882734
17.0,885.4171258472944
17.2,885.4505401366274
17.4,885.4822181131154
17.6,885.5122342680402
17.8,885.5406604649397
18.0,885.5675659785635
18.2,885.5930175348158
18.4,885.6170793515398
18.6,885.6398131799939
18.8,885.661278346874
19.0,885.6815317967402
19.2,885.7006281347041
19.4,885.71861966924
19.6,885.73555645498
19.8,885.7514863353649
20.0,885.7664549850149
20.2,885.7805059516978
20.4,885.7936806977705
20.6,885.8060186409722
20.8,885.817557194457
21.0,885.8283318059534
21.2,885.8383759959416
21.4,885.8477213947492
21.6,885.8563977784637
21.8,885.8644331035701
22.0,885.8718535402227
22.2,885.8786835040663
22.4,885.8849456865286
22.6,885.8906610835056
22.8,885.8958490223711
23.0,885.9005271872444
23.2,885.9047116424548
23.4,885.9084168541465
23.6,885.9116557099729
23.8,885.914439536834
24.0,885.9167781166148
24.2,885.9186796998881
24.4,885.9201510175503
24.6,885.9211972903623
24.8,885.9218222363739
25.0,885.9220280762154
25.2,885.9218155362416
25.4,885.9211838495235
25.6,885.9201307546821
25.8,885.9186524925702
26.0,885.9167438008056
26.2,885.9143979061705
26.4,885.9116065148916
26.6,885.9083598008249
26.8,885.9046463915703
27.0,885.9004533525485
27.2,885.8957661690753
27.4,885.8905687264748
27.6,885.8848432882801
27.8,885.8785704725681
28.0,885.8717292264878
28.2,885.8642967990417
28.4,885.8562487121842
28.6,885.8475587303107
28.8,885.8381988282081
29.0,885.8281391575514
29.2,885.8173480120255
29.4,885.8057917911663
29.6,885.7934349630112
29.8,885.7802400256594
30.0,885.7661674678421
30.2,885.751175728613
30.4,885.7352211562669
30.6,885.7182579666035
30.8,885.7002382006539
31.0,885.6811116819954
31.2,885.6608259737774
31.4,885.6393263355918
31.6,885.6165556803189
31.8,885.5924545310853
32.0,885.5669609784732
32.2,885.5400106381226
32.4,885.5115366088695
32.6,885.4814694315652
32.8,885.4497370487259
33.0,885.4162647651578
33.2,885.3809752097116
33.4,885.3437882983096
33.6,885.3046211984046
33.8,885.2633882950113
34.0,885.2200011584663
34.2,885.1743685140606
34.4,885.126396213694
34.6,885.075987209695
34.8,885.0230415309474
35.0,884.9674562614654
35.2,884.909125521551
35.4,884.8479404516662
35.6,884.7837891991487
35.8,884.7165569078919
36.0,884.6461257111082
36.2,884.5723747272864
36.4,884.4951800594473
36.6,884.4144147977972
36.8,884.3299490258685
37.0,884.241649830231
37.2,884.1493813138491
37.4,884.053004613147
37.6,883.952377918845
37.8,883.8473565006069
38.0,883.7377927355402
38.2,883.6235361405728
38.4,883.504433408725
38.6,883.3803284492777
38.8,883.2510624318351
39.0,883.1164738342593
39.2,882.9763984944524
39.4,882.8306696659392
39.6,882.6791180772019
39.8,882.5215719946982
40.0,882.3578572894867
40.2,882.1877975073699
40.4,882.0112139424524
40.6,881.8279257140025
40.8,881.6377498464889
41.0,881.440501352658
41.2,881.235993319504
41.4,881.0240369969698
41.6,880.8044418892106
41.8,880.577015848241
42.0,880.341565169773
42.2,880.0978946910474
42.4,879.8458078904491
42.6,879.5851069886918
42.8,879.3155930513456
43.0,879.0370660924784
43.2,878.7493251791736
43.4,878.4521685366808
43.6,878.145393653952
43.8,877.8287973893148
44.0,877.502176076024
44.2,877.1653256274388
44.4,876.8180416415669
44.6,876.4601195047159
44.8,876.0913544939981
45.0,875.7115418784281
45.2,875.3204770183638
45.4,874.9179554630384
45.6,874.5037730459376
45.8,874.077725977783
46.0,873.6396109368842
46.2,873.1892251566375
46.4,872.7263665099451
46.6,872.2508335903517
46.8,871.7624257896914
47.0,871.2609433720589
47.2,870.7461875439258
47.4,870.2179605202332
47.6,869.6760655863089
47.8,869.1203071554689
48.0,868.5504908221751
48.2,867.9664234106385
48.4,867.3679130187736
48.6,866.7547690574182
48.8,866.1268022847594
49.0,865.483824835912
49.2,864.8256502476221
49.4,864.1520934780767
49.6,863.4629709218234
49.8,862.7581004198175
50.0,862.037301264635
