0.0,528.6038776438878
0.2,534.5042265412981
0.4,540.3223949033181
0.6,546.0582265555279
0.8,551.7116311668932
1.0,557.2825851616418
1.2,562.7711322658512
1.4,568.1773836886507
1.6,573.5015179407577
1.8,578.743780295837
2.0,583.9044819028671
2.2,588.9839985602875
2.4,593.9827691651736
2.6,598.901293852994
2.8,603.7401318456567
3.0,608.499899027508
3.2,613.1812652706875
3.4,617.7849515327842
3.6,622.3117267510243
3.8,626.7624045582803
4.0,631.1378398470013
4.2,635.4389252077182
4.4,639.6665872690911
4.6,643.8217829665247
4.8,647.9054957661969
5.0,651.9187318709317
5.2,655.8625164337103
5.4,659.7378898037604
5.6,663.5459038291203
5.8,667.2876182383451
6.0,670.9640971226277
6.2,674.5764055380816
6.4,678.1256062462613
6.6,681.6127566092429
6.8,685.0389056537391
7.0,688.4050913168167
7.2,691.7123378838398
7.4,694.9616536273003
7.6,698.1540286532288
7.8,701.2904329599456
8.0,704.3718147120005
8.2,707.3990987303116
8.4,710.3731851977382
8.6,713.2949485776356
8.8,716.1652367413577
9.0,718.9848702991957
9.2,721.75464212789
9.4,724.4753170866261
9.6,727.1476319123344
9.8,729.7722952841598
10.0,732.3499880461587
10.2,734.8813635766066
10.4,737.3670482917712
10.6,739.8076422716157
10.8,742.2037199946395
11.0,744.5558311689359
11.2,746.8645016465426
11.4,749.1302344082754
11.6,751.3535106064559
11.8,753.5347906532638
12.0,755.6745153428591
12.2,757.7731069959062
12.4,759.8309706157044
12.6,761.8484950457422
12.8,763.8260541191783
13.0,765.7640077914583
13.2,767.6627032480295
13.4,769.5224759798815
13.6,771.3436508204182
13.8,773.1265429379545
14.0,774.8714587789095
14.2,776.5786969575348
14.4,778.2485490887696
14.6,779.8813005615357
14.8,781.4772312504862
15.0,783.0366161648785
15.2,784.559726033871
15.4,786.0468278281171
15.6,787.4981852180777
15.8,788.9140589699562
16.0,790.2947072806134
16.2,791.6403860532108
16.4,792.9513491156847
16.6,794.2278483844569
16.8,795.4701339760431
17.0,796.6784542694313
17.2,797.8530559222762
17.4,798.994183844078
17.6,800.1020811296096
17.8,801.1769889559035
18.0,802.2191464461362
18.2,803.2287905037313
18.4,804.2061556199703
18.6,805.1514736583318
18.8,806.0649736186992
19.0,806.946881384471
19.2,807.7974194554914
19.4,808.6168066695807
19.6,809.4052579153082
19.8,810.1629838384946
20.0,810.8901905447723
20.2,811.5870793003794
20.4,812.2538462331887
20.6,812.8906820358236
20.8,813.4977716725426
21.0,814.0752940914268
21.2,814.6234219432455
21.4,815.1423213082354
21.6,815.632151431888
21.8,816.0930644707078
22.0,816.5252052487846
22.2,816.9287110259061
22.4,817.3037112778349
22.6,817.650327489276
22.8,817.9686729599791
23.0,818.2588526243345
23.2,818.5209628847651
23.4,818.7550914591476
23.6,818.9613172424488
23.8,819.139710182722
24.0,819.290331171568
24.2,819.4132319491392
24.4,819.5084550237415
24.6,819.57603360607
24.8,819.6159915581032
25.0,819.6283433566672
25.2,819.6130940716797
25.4,819.5702393590758
25.6,819.4997654684153
25.8,819.4016492651701
26.0,819.2758582676843
26.2,819.1223506987977
26.4,818.941075552118
26.6,818.7319726729123
26.8,818.4949728535815
27.0,818.2299979436602
27.2,817.9369609742613
27.4,817.6157662968566
27.6,817.2663097362491
27.8,816.8884787575486
28.0,816.4821526469109
28.2,816.0472027057443
28.4,815.583492458016
28.6,815.0908778702153
28.8,814.5692075834459
29.0,814.0183231570222
29.2,813.4380593228414
29.4,812.8282442496865
29.6,812.1886998165005
29.8,811.5192418935317
30.0,810.8196806301178
30.2,810.0898207477316
30.4,809.3294618367556
30.6,808.5383986553018
30.8,807.7164214282285
31.0,806.86331614435
31.2,805.9788648496674
31.4,805.0628459342904
31.6,804.1150344105677
31.8,803.1352021797821
32.0,802.1231182846348
32.2,801.078549144601
32.4,800.0012587711271
32.6,798.8910089595322
32.8,797.7475594543916
33.0,796.5706680851225
33.2,795.360090868448
33.4,794.1155820744083
33.6,792.836894252609
33.8,791.5237782154475
34.0,790.1759829751496
34.2,788.7932556315775
34.4,787.3753412079368
34.6,785.9219824317272
34.8,784.4329194585316
35.0,782.9078895365491
35.2,781.3466266101193
35.4,779.7488608608923
35.6,778.1143181857327
35.8,776.4427196109488
36.0,774.733780642969
36.2,772.9872105561694
36.4,771.2027116191844
36.6,769.3799782616869
36.8,767.5186961843252
37.0,765.6185414152263
37.2,763.6791793172243
37.4,761.7002635507445
37.6,759.6814349980453
37.8,757.6223206553153
38.0,755.5225324998875
38.2,753.3816663406144
38.4,751.1993006601849
38.6,748.9749954588808
38.8,746.7082911099455
39.0,744.3987072373619
39.2,742.0457416273971
39.4,739.6488691857658
39.6,737.2075409526734
39.8,734.7211831883234
40.0,732.1891965416895
40.2,729.6109553154735
40.4,726.9858068401581
40.6,724.3130709699421
40.8,721.5920397130864
41.0,718.8219770088081
41.2,716.0021186623329
41.4,713.1316724490414
41.6,710.2098183978368
41.8,707.2357092629095
42.0,704.2084711919796
42.2,701.12720459788
42.4,697.9909852389824
42.6,694.7988655125029
42.8,691.5498759631311
43.0,688.2430270077512
43.2,684.8773108752418
43.4,681.4517037585073
43.6,677.9651681739821
43.8,674.4166555219192
44.0,670.8051088388037
44.2,667.1294657312741
44.4,663.3886614789916
44.6,659.5816322919858
44.8,655.7073187061708
45.0,651.7646690989569
45.2,647.7526433052294
45.4,643.6702163124302
45.6,639.5163820120875
45.8,635.2901569839133
46.0,630.9905842875398
46.2,626.616737236119
46.4,622.1677231253685
46.6,617.6426868912353
46.8,613.0408146691657
47.0,608.3613372280339
47.2,603.6035332520889
47.4,598.766732444837
47.6,593.8503184295873
47.8,588.8537314224415
48.0,583.7764706548012
48.2,578.6180965240021
48.4,573.3782324524195
48.6,568.0565664373604
48.8,562.6528522761857
49.0,557.1669104534357
49.2,551.5986286791847
49.4,545.947962070453
49.6,540.2149329701873
49.8,534.3996304010968
50.0,528.50220915444
