0.0,815.9078507654208
0.2,817.8755963161177
0.4,819.7998556251489
0.6,821.6808662596737
0.8,823.5188839883714
1.0,825.3141835179995
1.2,827.0670591273984
1.4,828.777825195937
1.6,830.4468166241163
1.8,832.07438914477
2.0,833.6609195240342
2.2,835.2068056519907
2.4,836.7124665235984
2.6,838.1783421112434
2.8,839.6048931309169
3.0,840.9926007046913
3.2,842.3419659227939
3.4,843.6535093091691
3.6,844.9277701949758
3.8,846.1653060049719
4.0,847.3666914622033
4.2,848.5325177168247
4.4,849.6633914052395
4.6,850.7599336460516
4.8,851.822778979572
5.0,852.8525742578148
5.2,853.8499774920568
5.4,854.8156566651176
5.6,855.7502885155383
5.8,856.6545573008165
6.0,857.5291535467738
6.2,858.374772790001
6.4,859.1921143201569
6.6,859.9818799286767
6.8,860.7447726701822
7.0,861.4814956425977
7.2,862.1927507916413
7.4,862.8792377450073
7.6,863.5416526811705
7.8,864.1806872373406
8.0,864.7970274606758
8.2,865.3913528064304
8.4,865.9643351862745
8.6,866.516638069573
8.8,867.0489156399715
9.0,867.5618120091914
9.2,868.0559604895031
9.4,868.531982925917
9.6,868.990489088725
9.8,869.4320761266263
10.0,869.8573280802901
10.2,870.266815455856
10.4,870.6610948575303
10.6,871.0407086781321
10.8,871.4061848461488
11.0,871.7580366276048
11.2,872.0967624808125
11.4,872.4228459618647
11.6,872.7367556785518
11.8,873.038945290231
12.0,873.3298535510486
12.2,873.6099043938193
12.4,873.8795070517876
12.6,874.1390562154468
12.8,874.3889322215628
13.0,874.6295012715455
13.2,874.8611156763221
13.4,875.0841141249014
13.6,875.2988219738668
13.8,875.5055515551056
14.0,875.7046024991565
14.2,875.8962620716552
14.4,876.0808055204577
14.6,876.2584964311341
14.8,876.4295870886492
15.0,876.5943188431637
15.2,876.7529224780318
15.4,876.9056185781949
15.6,877.0526178973126
15.8,877.1941217221057
16.0,877.3303222325221
16.2,877.4614028564744
16.4,877.5875386180211
16.6,877.7088964780025
16.8,877.8256356662578
17.0,877.9379080046741
17.2,878.0458582204326
17.4,878.1496242489234
17.6,878.2493375259049
17.8,878.3451232685796
18.0,878.4371007453475
18.2,878.5253835340832
18.4,878.6100797688562
18.6,878.6912923750865
18.8,878.76911929319
19.0,878.8436536908237
19.2,878.9149841638923
19.4,878.9831949265233
19.6,879.0483659902517
19.8,879.1105733326938
20.0,879.1698890560133
20.2,879.2263815355057
20.4,879.2801155586449
20.6,879.3311524549526
20.8,879.3795502170525
21.0,879.4253636132854
21.2,879.4686442922556
21.4,879.5094408796846
21.6,879.5477990679383
21.8,879.5837616985903
22.0,879.6173688383742
22.2,879.6486578488674
22.4,879.6776634502336
22.6,879.7044177793407
22.8,879.7289504425514
23.0,879.7512885634687
23.2,879.7714568258995
23.4,879.7894775122819
23.6,879.8053705378013
23.8,879.819153480398
24.0,879.830841606854
24.2,879.8404478951196
24.4,879.8479830530198
24.6,879.8534555334643
24.8,879.8568715462552
25.0,879.8582350665694
25.2,879.8575478401668
25.4,879.8548093853597
25.6,879.8500169917459
25.8,879.8431657156968
26.0,879.8342483725606
26.2,879.8232555255224
26.4,879.8101754710422
26.6,879.7949942207634
26.8,879.7776954797713
27.0,879.7582606210497
27.2,879.7366686559691
27.4,879.7128962006165
27.6,879.6869174377541
27.8,879.658704074177
28.0,879.6282252932165
28.2,879.5954477021223
28.4,879.5603352740305
28.6,879.5228492842156
28.8,879.4829482403024
29.0,879.4405878061035
29.2,879.3957207187308
29.4,879.3482966986239
29.6,879.2982623521237
29.8,879.2455610662147
30.0,879.1901328950592
30.2,879.1319144379371
30.4,879.0708387082163
30.6,879.0068349929763
30.8,878.9398287029228
31.0,878.8697412122393
31.2,878.7964896880454
31.4,878.7199869091478
31.6,878.6401410738033
31.8,878.5568555962432
32.0,878.4700288917476
32.2,878.3795541501054
32.4,878.2853190973416
32.6,878.1872057456584
32.8,878.085090131593
33.0,877.9788420424709
33.2,877.8683247313094
33.4,877.7533946204088
33.6,877.6339009939633
33.8,877.5096856801155
34.0,877.3805827229894
34.2,877.2464180453421
34.4,877.1070091025903
34.6,876.9621645290914
34.8,876.8116837776843
35.0,876.6553567536242
35.2,876.4929634441789
35.4,876.324273545291
35.6,876.1490460868496
35.8,875.9670290582495
36.0,875.7779590360561
36.2,875.5815608157295
36.4,875.3775470494929
36.6,875.1656178925595
36.8,874.9454606600523
37.0,874.7167494970669
37.2,874.4791450644303
37.4,874.232294242806
37.6,873.9758298578724
37.8,873.709370429374
38.0,873.4325199468904
38.2,873.1448676752088
38.4,872.8459879921951
38.6,872.5354402620526
38.8,872.212768746835
39.0,871.8775025590242
39.2,871.5291556579089
39.4,871.1672268924004
39.6,870.7912000927932
39.8,870.4005442138242
40.0,869.9947135312036
40.2,869.5731478935807
40.4,869.1352730316697
40.6,868.6805009260025
40.8,868.2082302344793
41.0,867.7178467805765
41.2,867.2087241027333
41.4,866.6802240650729
41.6,866.1316975292339
41.8,865.5624850866876
42.0,864.9719178505
42.2,864.3593183050617
42.4,863.7240012118806
42.6,863.0652745690702
42.8,862.3824406217298
43.0,861.674796919953
43.2,860.9416374207614
43.4,860.1822536298167
43.6,859.3959357783493
43.8,858.5819740303212
44.0,857.739659714464
44.2,856.8682865754661
44.4,855.96715203825
44.6,855.0355584789838
44.8,854.0728144962073
45.0,853.0782361752288
45.2,852.0511483387787
45.4,850.9908857767689
45.6,849.8967944479277
45.8,848.7682326460584
46.0,847.6045721236846
46.2,846.4051991659406
46.4,845.1695156076904
46.6,843.8969397870628
46.8,842.5869074288386
47.0,841.2388724514328
47.2,839.8523076915804
47.4,838.4267055412452
47.6,836.9615784917438
47.8,835.4564595805845
48.0,833.9109027370827
48.2,832.3244830234125
48.4,830.6967967683909
48.6,829.0274615919488
48.8,827.3161163189495
49.0,825.562420781711
49.2,823.7660555113306
49.4,821.9267213186347
49.6,820.0441387663226
49.8,818.1180475346027
50.0,816.1482056833484
