0.0,867.8886289685618
0.2,868.4581205938995
0.4,869.0102741695501
0.6,869.5452810861103
0.8,870.0633418292792
1.0,870.5646660094399
1.2,871.0494723428701
1.4,871.5179885848042
1.6,871.9704514148804
1.8,872.407106275822
2.0,872.8282071664969
2.2,873.234016390793
2.4,873.6248042640228
2.6,874.000848778827
2.8,874.3624352327913
3.0,874.709855820213
3.2,875.0434091906484
3.4,875.3633999770586
3.6,875.6701382965152
3.8,875.9639392265615
4.0,876.2451222604257
4.2,876.5140107443609
4.4,876.7709313004351
4.6,877.0162132381212
4.8,877.250187958037
5.0,877.4731883511586
5.2,877.6855481967814
5.4,877.8876015624323
5.6,878.0796822088398
5.8,878.2621230029557
6.0,878.4352553418894
6.2,878.5994085904647
6.4,878.7549095349433
6.6,878.9020818552799
6.8,879.0412456180845
7.0,879.1727167922667
7.2,879.2968067891281
7.4,879.413822028462
7.6,879.5240635319925
7.8,879.6278265452811
8.0,879.7254001889988
8.2,879.817067140257
8.4,879.9031033444719
8.6,879.9837777580356
8.8,880.0593521218678
9.0,880.1300807657308
9.2,880.1962104430094
9.4,880.2579801954881
9.6,880.3156212475006
9.8,880.3693569286743
10.0,880.4194026243662
10.2,880.4659657527612
10.4,880.509245767498
10.6,880.5494341845939
10.8,880.5867146323644
11.0,880.6212629229591
11.2,880.6532471440939
11.4,880.6828277695092
11.6,880.7101577866665
11.8,880.7353828401726
12.0,880.7586413894253
12.2,880.7800648789752
12.4,880.7997779201199
12.6,880.8178984822721
12.8,880.8345380926792
13.0,880.8498020431128
13.2,880.8637896022002
13.4,880.8765942321193
13.6,880.8883038084451
13.8,880.899000841997
14.0,880.9087627016028
14.2,880.9176618367712
14.4,880.9257659993323
14.6,880.9331384631782
14.8,880.9398382413167
15.0,880.9459202995147
15.2,880.9514357658912
15.4,880.9564321358832
15.6,880.9609534720815
15.8,880.9650405985018
16.0,880.9687312889191
16.2,880.9720604489586
16.4,880.9750602916912
16.6,880.9777605065439
16.8,880.9801884213815
17.0,880.9823691576698
17.2,880.9843257786716
17.4,880.9860794306726
17.6,880.9876494772675
17.8,880.9890536267762
18.0,880.9903080528842
18.2,880.9914275086345
18.4,880.9924254339179
18.6,880.9933140566326
18.8,880.9941044876962
19.0,880.9948068101147
19.2,880.9954301623171
19.4,880.9959828159812
19.6,880.9964722485757
19.8,880.9969052108536
20.0,880.9972877895311
20.2,880.9976254653885
20.4,880.9979231670269
20.6,880.9981853205151
20.8,880.9984158951529
21.0,880.9986184455755
21.2,880.9987961504148
21.4,880.998951847729
21.6,880.9990880674034
21.8,880.9992070607133
22.0,880.9993108272381
22.2,880.9994011392997
22.4,880.9994795640922
22.6,880.9995474836591
22.8,880.9996061128635
23.0,880.9996565154878
23.2,880.9996996185885
23.4,880.9997362252207
23.6,880.9997670256379
23.8,880.9997926070613
24.0,880.9998134621042
24.2,880.999829995923
24.4,880.9998425321637
24.6,880.9998513177526
24.8,880.9998565265804
25.0,880.9998582621109
25.2,880.9998565589403
25.4,880.9998513833216
25.6,880.9998426326582
25.8,880.9998301339647
26.0,880.9998136412768
26.2,880.9997928319892
26.4,880.9997673020854
26.6,880.9997365602156
26.8,880.9997000205713
27.0,880.9996569944889
27.2,880.9996066807121
27.4,880.999548154226
27.6,880.9994803535715
27.8,880.9994020665328
28.0,880.9993119140863
28.2,880.9992083324842
28.4,880.9990895533363
28.6,880.9989535815486
28.8,880.9987981709596
29.0,880.9986207975116
29.2,880.9984186297802
29.4,880.99818849668
29.6,880.9979268521523
29.8,880.9976297366352
30.0,880.9972927351045
30.2,880.9969109314728
30.4,880.9964788591247
30.6,880.9959904473592
30.8,880.9954389635112
31.0,880.9948169505194
31.2,880.9941161597044
31.4,880.9933274785282
31.6,880.9924408530998
31.8,880.9914452052059
32.0,880.9903283436449
32.2,880.9890768696561
32.4,880.9876760762455
32.6,880.9861098412279
32.8,880.9843605138161
33.0,880.9824087946167
33.2,880.9802336089089
33.4,880.977811973115
33.6,880.9751188543994
33.8,880.9721270233678
34.0,880.9688068998779
34.2,880.9651263920117
34.4,880.9610507283088
34.6,880.9565422834052
34.8,880.951560397276
35.0,880.9460611883403
35.2,880.9399973607383
35.4,880.9333180061607
35.6,880.9259684006706
35.8,880.9178897970294
36.0,880.9090192131047
36.2,880.8992892170128
36.4,880.8886277097209
36.6,880.8769577059049
36.8,880.8641971139372
37.0,880.8502585159483
37.2,880.8350489489811
37.4,880.8184696883234
37.6,880.8004160341768
37.8,880.7807771028818
38.0,880.7594356239766
38.2,880.7362677444283
38.4,880.7111428414185
38.6,880.683923345109
38.8,880.6544645728527
39.0,880.6226145763326
39.2,880.5882140031349
39.4,880.551095974268
39.6,880.5110859791331
39.8,880.4680017894364
40.0,880.4216533935102
40.2,880.3718429524606
40.4,880.3183647795164
40.6,880.2610053438775
40.8,880.1995433002867
41.0,880.1337495454526
41.2,880.0633873023418
41.4,879.9882122332377
41.6,879.9079725823296
41.8,879.8224093484445
42.0,879.7312564883772
42.2,879.6342411511021
42.4,879.5310839429649
42.6,879.4214992237653
42.8,879.3051954334387
43.0,879.181875448838
43.2,879.051236969906
43.4,878.912972934313
43.6,878.766771959411
43.8,878.6123188101444
44.0,878.4492948913347
44.2,878.2773787625435
44.4,878.0962466735134
44.6,877.9055731179816
44.8,877.7050314034723
45.0,877.4942942344936
45.2,877.2730343063997
45.4,877.0409249070261
45.6,876.7976405230752
45.8,876.5428574481135
46.0,876.276254388948
46.2,875.997513067077
46.4,875.7063188118616
46.6,875.4023611420415
46.8,875.0853343322168
47.0,874.7549379609419
47.2,874.4108774371366
47.4,874.0528645015887
47.6,873.6806177004329
47.8,873.2938628276193
48.0,872.8923333335387
48.2,872.47577069715
48.4,872.0439247591626
48.6,871.5965540140421
48.8,871.133425858859
49.0,870.654316797256
49.2,870.1590125970937
49.4,869.647308400618
49.6,869.119008786306
49.8,868.5739277818509
50.0,868.0118888280699
