0.0,876.4068895687518
0.2,876.932929793193
0.4,877.4184116749022
0.6,877.8636732199853
0.8,878.2694306954816
1.0,878.6367578719816
1.2,878.9670555528763
1.4,879.2620128774515
1.6,879.5235622035376
1.8,879.7538295813426
2.0,879.9550829157655
2.2,880.1296798813256
2.4,880.2800175116711
2.6,880.4084851513647
2.8,880.5174221534536
3.0,880.6090813573774
3.2,880.6855990140274
3.4,880.7489714628207
3.6,880.8010385309711
3.8,880.843473334723
4.0,880.8777779279491
4.2,880.9052840715157
4.4,880.9271582883359
4.6,880.944410320705
4.8,880.9579041114018
5.0,880.968370478816
5.2,880.9764207382902
5.4,880.982560626028
5.6,880.987203997892
5.8,880.9906858941191
6.0,880.9932746749382
6.2,880.9951830357702
6.4,880.9965778004126
6.6,880.9975884644668
6.8,880.9983145187803
7.0,880.9988316245841
7.2,880.9991967398249
7.4,880.9994523120065
7.6,880.9996296589196
7.8,880.9997516572829
8.0,880.9998348526337
8.2,880.9998910937079
8.4,880.9999287825585
8.6,880.9999538189978
8.8,880.9999703055039
9.0,880.9999810671194
9.2,880.9999880304302
9.4,880.9999924966552
9.6,880.9999953362031
9.8,880.9999971257342
10.0,880.9999982436486
10.2,880.9999989358864
10.4,880.9999993607775
10.6,880.9999996192856
10.8,880.9999997751848
11.0,880.9999998683784
11.2,880.9999999235988
11.4,880.9999999560315
11.6,880.999999974913
11.8,880.9999999858088
12.0,880.9999999920411
12.2,880.9999999955746
12.4,880.9999999975604
12.6,880.9999999986666
12.8,880.9999999992774
13.0,880.9999999996116
13.2,880.9999999997929
13.4,880.9999999998905
13.6,880.9999999999426
13.8,880.99999999997
14.0,880.9999999999843
14.2,880.9999999999917
14.4,880.9999999999957
14.6,880.9999999999978
14.8,880.999999999999
15.0,880.9999999999995
15.2,880.9999999999999
15.4,881.0
15.6,881.0
15.8,881.0
16.0,881.0
16.2,881.0
16.4,881.0
16.6,881.0
16.8,881.0
17.0,881.0
17.2,881.0
17.4,881.0
17.6,881.0
17.8,881.0
18.0,881.0
18.2,881.0
18.4,881.0
18.6,881.0
18.8,881.0
19.0,881.0
19.2,881.0
19.4,881.0
19.6,881.0
19.8,881.0
20.0,881.0
20.2,881.0
20.4,881.0
20.6,881.0
20.8,881.0
21.0,881.0
21.2,881.0
21.4,881.0
21.6,881.0
21.8,881.0
22.0,881.0
22.2,881.0
22.4,881.0
22.6,881.0
22.8,881.0
23.0,881.0
23.2,881.0
23.4,881.0
23.6,881.0
23.8,881.0
24.0,881.0
24.2,881.0
24.4,881.0
24.6,881.0
24.8,881.0
25.0,881.0
25.2,881.0
25.4,881.0
25.6,881.0
25.8,881.0
26.0,881.0
26.2,881.0
26.4,881.0
26.6,881.0
26.8,881.0
27.0,881.0
27.2,881.0
27.4,881.0
27.6,881.0
27.8,881.0
28.0,881.0
28.2,881.0
28.4,881.0
28.6,881.0
28.8,881.0
29.0,881.0
29.2,881.0
29.4,881.0
29.6,881.0
29.8,881.0
30.0,881.0
30.2,881.0
30.4,881.0
30.6,881.0
30.8,881.0
31.0,881.0
31.2,881.0
31.4,881.0
31.6,881.0
31.8,881.0
32.0,881.0
32.2,881.0
32.4,881.0
32.6,881.0
32.8,881.0
33.0,881.0
33.2,881.0
33.4,881.0
33.6,881.0
33.8,881.0
34.0,881.0
34.2,881.0
34.4,881.0
34.6,881.0
34.8,880.9999999999999
35.0,880.9999999999995
35.2,880.999999999999
35.4,880.9999999999978
35.6,880.9999999999957
35.8,880.9999999999917
36.0,880.9999999999843
36.2,880.99999999997
36.4,880.9999999999426
36.6,880.9999999998905
36.8,880.9999999997929
37.0,880.9999999996116
37.2,880.9999999992774
37.4,880.9999999986668
37.6,880.9999999975606
37.8,880.999999995575
38.0,880.9999999920418
38.2,880.9999999858103
38.4,880.9999999749158
38.6,880.9999999560365
38.8,880.9999999236077
39.0,880.9999998683942
39.2,880.9999997752125
39.4,880.9999996193337
39.6,880.9999993608606
39.8,880.9999989360292
40.0,880.999998243892
40.2,880.9999971261454
40.4,880.9999953368927
40.6,880.9999924978019
40.8,880.9999880323223
41.0,880.9999810702162
41.2,880.9999703105324
41.4,880.9999538270973
41.6,880.9999287955014
41.8,880.9998911142272
42.0,880.9998348849089
42.2,880.9997517076512
42.4,880.9996297369094
42.6,880.9994524318266
42.8,880.9991969224868
43.0,880.9988319009007
43.2,880.9983149335662
43.4,880.9975890823641
43.6,880.9965787138984
43.8,880.9951843760618
44.0,880.9932766267078
44.2,880.9906887151631
44.4,880.987208045183
44.6,880.9825663899001
44.8,880.9764288868824
45.0,880.9683819153138
45.2,880.9579200470794
45.4,880.9444323672627
45.6,880.927188573545
45.8,880.905325382697
46.0,880.8778338883299
46.2,880.8435486181705
46.4,880.8011391210075
46.6,880.749104962111
46.8,880.6857750106963
47.0,880.6093118544942
47.2,880.5177220678104
47.4,880.4088728872223
47.6,880.2805156144508
47.8,880.1303157752545
48.0,879.9558897282504
48.2,879.7548470553639
48.4,879.5248376976355
48.6,879.263602450981
48.8,878.9690251321688
49.0,878.6391844909563
49.2,878.2724038021611
49.4,877.867296038372
49.6,877.4228026098555
49.8,876.9382238643757
50.0,876.4132398584832
