0.0,860.0192258476467
0.2,860.6828301313218
0.4,861.330801729162
0.6,861.9633418955021
0.8,862.5806529082778
1.0,863.182938054035
1.2,863.7704016083112
1.4,864.3432488113572
1.6,864.9016858391903
1.8,865.4459197699865
2.0,865.9761585458353
2.2,866.4926109299033
2.4,866.995486459068
2.6,867.4849953920992
2.8,867.9613486534857
3.0,868.4247577730185
3.2,868.8754348212617
3.4,869.3135923410524
3.6,869.7394432751898
3.8,870.1532008904862
4.0,870.555078698366
4.2,870.9452903722113
4.4,871.3240496616627
4.6,871.6915703040967
4.8,872.0480659335095
5.0,872.3937499870467
5.2,872.7288356094224
5.4,873.0535355554828
5.6,873.3680620911706
5.8,873.6726268931553
6.0,873.9674409473906
6.2,874.2527144468721
6.4,874.5286566888603
6.6,874.795475971841
6.8,875.0533794924894
7.0,875.3025732429055
7.2,875.5432619083846
7.4,875.7756487659801
7.6,875.9999355841168
7.8,876.2163225235004
8.0,876.4250080395666
8.2,876.6261887867062
8.4,876.8200595244889
8.6,877.0068130261075
8.8,877.1866399892483
9.0,877.359728949586
9.2,877.5262661970894
9.4,877.6864356953149
9.6,877.8404190038502
9.8,877.9883952040614
10.0,878.1305408282807
10.2,878.2670297925641
10.4,878.3980333331293
10.6,878.523719946577
10.8,878.6442553339808
11.0,878.7598023489204
11.2,878.870520949519
11.4,878.9765681545317
11.6,879.078098003519
11.8,879.1752615211279
12.0,879.2682066854879
12.2,879.3570784007196
12.4,879.4420184735385
12.6,879.5231655939281
12.8,879.6006553198416
13.0,879.6746200658826
13.2,879.7451890959044
13.4,879.8124885194576
13.6,879.8766412920041
13.8,879.9377672188091
14.0,879.9959829624136
14.2,880.05140205358
14.4,880.1041349055985
14.6,880.1542888318329
14.8,880.201968066381
15.0,880.247273787715
15.2,880.2903041451658
15.4,880.3311542881097
15.6,880.3699163977099
15.8,880.4066797210644
16.0,880.4415306076089
16.2,880.474552547618
16.4,880.5058262126498
16.6,880.5354294977772
16.8,880.5634375654441
17.0,880.5899228907938
17.2,880.6149553083029
17.4,880.638602059572
17.6,880.6609278421088
17.8,880.6819948589523
18.0,880.7018628689837
18.2,880.720589237772
18.4,880.7382289888056
18.6,880.7548348549639
18.8,880.7704573300849
19.0,880.7851447204908
19.2,880.7989431963324
19.4,880.811896842621
19.6,880.8240477098205
19.8,880.8354358638724
20.0,880.8460994355333
20.2,880.856074668911
20.4,880.8653959690844
20.6,880.8740959487011
20.8,880.8822054734497
21.0,880.8897537063083
21.2,880.8967681504743
21.4,880.9032746908886
21.6,880.9092976342663
21.8,880.9148597475565
22.0,880.9199822947554
22.2,880.924685071999
22.4,880.9289864408724
22.6,880.9329033598726
22.8,880.9364514139642
23.0,880.9396448421797
23.2,880.9424965632118
23.4,880.9450181989525
23.6,880.9472200959431
23.8,880.9491113446916
24.0,880.9506997968318
24.2,880.9519920800919
24.4,880.9529936110483
24.6,880.9537086056465
24.8,880.954140087471
25.0,880.9542898937515
25.2,880.9541586790967
25.4,880.9537459169532
25.6,880.9530498987838
25.8,880.9520677309729
26.0,880.9507953294618
26.2,880.9492274121277
26.4,880.9473574889174
26.6,880.9451778497569
26.8,880.9426795502568
27.0,880.9398523952415
27.2,880.93668492013
27.4,880.9331643702058
27.6,880.9292766778094
27.8,880.9250064375013
28.0,880.9203368792362
28.2,880.9152498396037
28.4,880.9097257311892
28.6,880.9037435101125
28.8,880.8972806418105
29.0,880.8903130651306
29.2,880.8828151548074
29.4,880.8747596824015
29.6,880.8661177757804
29.8,880.8568588772271
30.0,880.84695070027
30.2,880.8363591853279
30.4,880.825048454268
30.6,880.8129807639857
30.8,880.8001164591112
31.0,880.7864139239574
31.2,880.7718295338291
31.4,880.7563176058102
31.6,880.739830349161
31.8,880.7223178154504
32.0,880.7037278485594
32.2,880.6840060346933
32.4,880.6630956525423
32.6,880.6409376237351
32.8,880.6174704637331
33.0,880.5926302333128
33.2,880.5663504907917
33.4,880.5385622451481
33.6,880.509193910193
33.8,880.47817125995
34.0,880.4454173854024
34.2,880.410852652763
34.4,880.3743946634293
34.6,880.3359582157781
34.8,880.2954552689598
35.0,880.2527949088458
35.2,880.207883316284
35.4,880.1606237378138
35.6,880.1109164589877
35.8,880.0586587804468
36.0,880.0037449968872
36.2,879.9460663790567
36.4,879.8855111589093
36.6,879.8219645180449
36.8,879.7553085795505
37.0,879.6854224033546
37.2,879.6121819851984
37.4,879.535460259319
37.6,879.4551271049315
37.8,879.3710493565862
38.0,879.2830908184707
38.2,879.1911122827105
38.4,879.0949715517189
38.6,878.994523464627
38.8,878.8896199278213
39.0,878.7801099495975
39.2,878.6658396789326
39.4,878.5466524483584
39.6,878.4223888209153
39.8,878.2928866411411
40.0,878.1579810900471
40.2,878.0175047440136
40.4,877.8712876375264
40.6,877.7191573296589
40.8,877.5609389741985
41.0,877.3964553932934
41.2,877.2255271544898
41.4,877.0479726510139
41.6,876.8636081851402
41.8,876.6722480544769
42.0,876.4737046409848
42.2,876.2677885025388
42.4,876.0543084668257
42.6,875.8330717273642
42.8,875.6038839414254
43.0,875.366549329616
43.2,875.1208707768878
43.4,874.8666499347227
43.6,874.6036873242359
43.8,874.3317824399417
44.0,874.0507338539092
44.2,873.7603393200449
44.4,873.4603958782245
44.6,873.150699958003
44.8,872.8310474816262
45.0,872.5012339660694
45.2,872.161054623829
45.4,871.8103044621981
45.6,871.4487783807554
45.8,871.0762712668061
46.0,870.6925780885186
46.2,870.2974939855043
46.4,869.8908143565976
46.6,869.472334944606
46.8,869.0418519178007
47.0,868.599161947939
47.2,868.1440622846151
47.4,867.6763508257505
47.6,867.1958261840495
47.8,866.7022877492577
48.0,866.19553574608
48.2,865.6753712876252
48.4,865.1415964242645
48.6,864.5940141878085
48.8,864.0324286309212
49.0,863.4566448617117
49.2,862.8664690734565
49.4,862.2617085694334
49.6,861.6421717828542
49.8,861.007668291913
50.0,860.3580088299788
