0.0,858.3442785383409
0.2,859.029079563024
0.4,859.6983354099572
0.6,860.3522458999581
0.8,860.9910114794083
1.0,861.6148332009406
1.2,862.2239127010586
1.4,862.8184521746628
1.6,863.3986543464746
1.8,863.9647224393575
2.0,864.5168601395485
2.2,865.0552715588221
2.4,865.580161193624
2.6,866.0917338812202
2.8,866.5901947529196
3.0,867.0757491844389
3.2,867.5486027434872
3.4,868.0089611346634
3.6,868.4570301417617
3.8,868.8930155675955
4.0,869.317123171457
4.2,869.7295586043376
4.4,870.1305273420448
4.6,870.5202346163537
4.8,870.8988853443432
5.0,871.2666840560705
5.2,871.6238348207438
5.4,871.9705411715569
5.6,872.307006029355
5.8,872.6334316253066
6.0,872.9500194227527
6.2,873.2569700384158
6.4,873.554483163146
6.6,873.8427574823845
6.8,874.1219905965288
7.0,874.392378941376
7.2,874.6541177088278
7.4,874.9074007680342
7.6,875.1524205871514
7.8,875.3893681558878
8.0,875.6184329090108
8.2,875.8398026509755
8.4,876.0536634818407
8.6,876.2601997246297
8.8,876.4595938542841
9.0,876.6520264283586
9.2,876.8376760195947
9.4,877.0167191505077
9.6,877.1893302301096
9.8,877.3556814928885
10.0,877.5159429401539
10.2,877.6702822838499
10.4,877.8188648929321
10.6,877.9618537423919
10.8,878.099409365008
11.0,878.2316898058923
11.2,878.358850579891
11.4,878.4810446318915
11.6,878.5984223000779
11.8,878.711131282171
12.0,878.8193166046718
12.2,878.9231205951332
12.4,879.0226828574589
12.6,879.1181402502361
12.8,879.2096268680885
13.0,879.2972740260337
13.2,879.3812102468204
13.4,879.4615612512123
13.6,879.538449951179
13.8,879.6119964459461
14.0,879.6823180208511
14.2,879.7495291489425
14.4,879.8137414952591
14.6,879.8750639237118
14.8,879.9336025064929
15.0,879.9894605359285
15.2,880.0427385386851
15.4,880.0935342922355
15.6,880.1419428434921
15.8,880.1880565294992
16.0,880.2319650000876
16.2,880.2737552423768
16.4,880.3135116070201
16.6,880.3513158360778
16.8,880.3872470924028
17.0,880.4213819904252
17.2,880.4537946282169
17.4,880.4845566207177
17.6,880.5137371340046
17.8,880.5414029204848
18.0,880.5676183548929
18.2,880.5924454709747
18.4,880.6159439987357
18.6,880.6381714021425
18.8,880.6591829171555
19.0,880.6790315899805
19.2,880.6977683154253
19.4,880.7154418752502
19.6,880.7320989764027
19.8,880.7477842890282
20.0,880.7625404841543
20.2,880.7764082709436
20.4,880.7894264334186
20.6,880.8016318665588
20.8,880.8130596116808
21.0,880.8237428910074
21.2,880.8337131413396
21.4,880.8430000467504
21.6,880.8516315702168
21.8,880.8596339841159
22.0,880.867031899511
22.2,880.8738482941592
22.4,880.8801045391751
22.6,880.8858204242885
22.8,880.891014181639
23.0,880.8957025080534
23.2,880.8999005857567
23.4,880.9036221014687
23.6,880.9068792638491
23.8,880.9096828192457
24.0,880.912042065721
24.2,880.913964865319
24.4,880.9154576545528
24.6,880.9165254530875
24.8,880.9171718706021
25.0,880.9173991118182
25.2,880.917207979684
25.4,880.9165978767088
25.6,880.9155668044485
25.8,880.9141113611429
26.0,880.9122267375114
26.2,880.9099067107225
26.4,880.9071436365448
26.6,880.9039284397065
26.8,880.9002506024809
27.0,880.8960981515279
27.2,880.8914576430222
27.4,880.8863141461046
27.6,880.8806512246933
27.8,880.8744509177014
28.0,880.8676937177067
28.2,880.8603585481252
28.4,880.852422738943
28.6,880.8438620010678
28.8,880.8346503993599
29.0,880.8247603244125
29.2,880.8141624631501
29.4,880.8028257683192
29.6,880.7907174269501
29.8,880.7778028278702
30.0,880.7640455283545
30.2,880.74940722
30.4,880.7338476939166
30.6,880.71732480533
30.8,880.6997944376898
31.0,880.6812104663893
31.2,880.6615247221949
31.4,880.6406869544928
31.6,880.6186447944619
31.8,880.5953437182806
32.0,880.5707270104814
32.2,880.544735727567
32.4,880.5173086620025
32.6,880.4883823067015
32.8,880.4578908201219
33.0,880.425765992092
33.2,880.3919372104859
33.4,880.3563314288642
33.6,880.3188731352038
33.8,880.2794843218315
34.0,880.2380844566819
34.2,880.1945904559947
34.4,880.1489166585684
34.6,880.1009748016834
34.8,880.0506739988064
35.0,879.9979207191841
35.2,879.9426187694344
35.4,879.8846692772386
35.6,879.8239706772297
35.8,879.7604186991798
36.0,879.6939063585709
36.2,879.6243239496405
36.4,879.5515590409814
36.6,879.4754964737725
36.8,879.3960183627127
37.0,879.3130040997187
37.2,879.2263303604493
37.4,879.135871113704
37.6,879.041497633742
37.8,878.9430785155593
38.0,878.8404796931508
38.2,878.7335644607823
38.4,878.6221934972837
38.6,878.5062248933698
38.8,878.3855141819861
39.0,878.2599143716667
39.2,878.1292759828855
39.4,877.9934470873702
39.6,877.8522733503438
39.8,877.7055980756422
40.0,877.5532622536571
40.2,877.3951046120363
40.4,877.2309616690694
40.6,877.0606677896758
40.8,876.884055243906
41.0,876.7009542678538
41.2,876.5111931268762
41.4,876.3145981810019
41.6,876.1109939524067
41.8,875.9002031948262
42.0,875.6820469647661
42.2,875.4563446943672
42.4,875.2229142657746
42.6,874.9815720868527
42.8,874.7321331680859
43.0,874.4744112004975
43.2,874.2082186344155
43.4,873.9333667589098
43.6,873.649665781722
43.8,873.3569249095088
44.0,873.0549524282133
44.2,872.7435557833794
44.4,872.4225416602271
44.6,872.0917160632989
44.8,871.7508843954944
45.0,871.399851536309
45.2,871.038421919094
45.4,870.6663996071584
45.6,870.2835883685354
45.8,869.8897917492441
46.0,869.4848131448725
46.2,869.0684558703251
46.4,868.6405232275732
46.6,868.20081857126
46.8,867.7491453720163
47.0,867.2853072773484
47.2,866.8091081699738
47.4,866.3203522234833
47.6,865.8188439552191
47.8,865.3043882762701
48.0,864.7767905384915
48.2,864.235856578472
48.4,863.6813927583763
48.6,863.1132060036063
48.8,862.5311038372341
49.0,861.934894411173
49.2,861.3243865340598
49.4,860.6993896958405
49.6,860.0597140890595
49.8,859.405170626862
50.0,858.7355709577382
