0.0,566.793486041531
0.2,573.4472428117415
0.4,579.958042981919
0.6,586.3285405754358
0.8,592.5613687049579
1.0,598.6591381415677
1.2,604.6244359474405
1.4,610.459824173238
1.6,616.1678386211764
1.8,621.7509876745181
2.0,627.2117511940404
2.2,632.5525794818384
2.4,637.7758923126278
2.6,642.8840780325253
2.8,647.8794927251065
3.0,652.7644594443638
3.2,657.5412675140193
3.4,662.2121718924844
3.6,666.7793926026025
3.8,671.2451142251632
4.0,675.6114854550375
4.2,679.8806187186477
4.4,684.0545898513652
4.6,688.13543783331
4.8,692.1251645819226
5.0,696.0257347995779
5.2,699.8390758744221
5.4,703.5670778325336
5.6,707.2115933394405
5.8,710.7744377489602
6.0,714.2573891972804
6.2,717.6621887401521
6.4,720.9905405310337
6.6,724.2441120379991
6.8,727.4245342972055
7.0,730.5334022007086
7.2,733.5722748164109
7.4,736.5426757379399
7.6,739.4460934622645
7.8,742.2839817928824
8.0,745.0577602664416
8.2,747.7688146006925
8.4,750.4184971617091
8.6,753.0081274483703
8.8,755.5389925921381
9.0,758.0123478702317
9.2,760.4294172303556
9.4,762.791393825211
9.6,765.0994405550789
9.8,767.3546906168465
10.0,769.5582480579135
10.2,771.7111883334973
10.4,773.814558865931
10.6,775.8693796046269
10.8,777.8766435854599
11.0,779.8373174884015
11.2,781.7523421923177
11.4,783.6226333259219
11.6,785.4490818139509
11.8,787.2325544177102
12.0,788.9738942692114
12.2,790.6739213981938
12.4,792.333433251398
12.6,793.9532052035267
12.8,795.5339910593937
13.0,797.076523546826
13.2,798.5815147999476
13.4,800.049656832527
13.6,801.4816220011292
13.8,802.8780634578619
14.0,804.2396155925577
14.2,805.566894464272
14.4,806.8604982220273
14.6,808.1210075147674
14.8,809.3489858905186
15.0,810.5449801847946
15.2,811.7095208983005
15.4,812.843122564028
15.6,813.9462841038454
15.8,815.0194891747143
16.0,816.0632065046807
16.2,817.0778902187961
16.4,818.0639801551447
16.6,819.0219021711566
16.8,819.9520684403973
17.0,820.8548777400239
17.2,821.7307157291091
17.4,822.5799552180292
17.6,823.4029564291133
17.8,824.2000672487512
18.0,824.9716234711536
18.2,825.71794903395
18.4,826.4393562458107
18.6,827.1361460062694
18.8,827.8086080179133
19.0,828.457020991107
19.2,829.081652841401
19.4,829.6827608797707
19.6,830.2605919958227
19.8,830.8153828340954
20.0,831.3473599635726
20.2,831.856740040516
20.4,832.3437299647225
20.6,832.8085270292898
20.8,833.2513190639786
21.0,833.6722845722416
21.2,834.0715928619873
21.4,834.4494041701357
21.6,834.8058697810168
21.8,835.1411321386562
22.0,835.4553249529865
22.2,835.7485733000152
22.4,836.0209937159755
22.6,836.2726942854839
22.8,836.5037747237209
23.0,836.7143264526466
23.2,836.9044326712641
23.4,837.074168419938
23.6,837.22360063877
23.8,837.3527882200374
24.0,837.4617820546946
24.2,837.5506250729368
24.4,837.6193522788249
24.6,837.6679907789701
24.8,837.6965598052756
25.0,837.705070731732
25.2,837.6935270852643
25.4,837.6619245506265
25.6,837.6102509693429
25.8,837.5384863326899
26.0,837.4466027687195
26.2,837.3345645233188
26.4,837.202327935303
26.6,837.0498414055388
26.8,836.8770453600963
27.0,836.683872207421
27.2,836.4702462895231
27.4,836.2360838271768
27.6,835.9812928591214
27.8,835.7057731752506
28.0,835.4094162437818
28.2,835.0921051323843
28.4,834.7537144232502
28.6,834.3941101220844
28.8,834.0131495609834
29.0,833.6106812951743
29.2,833.1865449935733
29.4,832.7405713231208
29.6,832.272581826844
29.8,831.7823887955898
30.0,831.2697951333644
30.2,830.7345942162066
30.4,830.1765697445192
30.6,829.5954955887659
30.8,828.9911356284424
31.0,828.3632435842123
31.2,827.7115628430972
31.4,827.035826276596
31.6,826.3357560516023
31.8,825.6110634339788
32.0,824.8614485846391
32.2,824.0866003479797
32.4,823.2861960324942
32.6,822.459901183399
32.8,821.607369347087
33.0,820.728241827227
33.2,819.8221474323134
33.4,818.8887022144738
33.6,817.9275091993339
33.8,816.9381581067429
34.0,815.9202250621557
34.2,814.8732722984788
34.4,813.7968478481811
34.6,812.690485225483
34.8,811.5537030984427
35.0,810.3860049507666
35.2,809.1868787331857
35.4,807.9557965042545
35.6,806.6922140604436
35.8,805.3955705554206
36.0,804.0652881084371
36.2,802.7007714017616
36.4,801.3014072671338
36.6,799.8665642612431
36.8,798.3955922302731
37.0,796.8878218635898
37.2,795.3425642366965
37.4,793.7591103436228
37.6,792.1367306189632
37.8,790.4746744498342
38.0,788.7721696780736
38.2,787.0284220930628
38.4,785.2426149156178
38.6,783.4139082734533
38.8,781.5414386687988
39.0,779.6243184388057
39.2,777.6616352094654
39.4,775.6524513438255
39.6,773.59580338537
39.8,771.4907014975057
40.0,769.336128900175
40.2,767.1310413046958
40.4,764.8743663480062
40.6,762.5650030275756
40.8,760.2018211383185
41.0,757.7836607129311
41.2,755.3093314671447
41.4,752.7776122514675
41.6,750.1872505110638
41.8,747.5369617554851
42.0,744.8254290400417
42.2,742.0513024606676
42.4,739.2131986641915
42.6,736.3097003759879
42.8,733.3393559470294
43.0,730.3006789224144
43.2,727.1921476334807
43.4,724.0122048156562
43.6,720.7592572542227
43.8,717.4316754601924
44.0,714.027793378513
44.2,710.5459081308217
44.4,706.9842797949698
44.6,703.341131223529
44.8,699.6146479034761
45.0,695.8029778592199
45.2,691.9042316011094
45.4,687.9164821215064
45.6,683.8377649404645
45.8,679.6660782029825
46.0,675.3993828297386
46.2,671.0356027231242
46.4,666.5726250303104
46.6,662.0083004649786
46.8,657.3404436892405
47.0,652.5668337571573
47.2,647.6852146211384
47.4,642.6932957023739
47.6,637.5887525263067
47.8,632.3692274240062
48.0,627.0323303001481
48.2,621.5756394681401
48.4,615.9967025527667
48.6,610.2930374605477
48.8,604.4621334178252
49.0,598.5014520764065
49.2,592.4084286863988
49.4,586.1804733356734
49.6,579.8149722552004
49.8,573.3092891892887
50.0,566.6607668295577
