0.0,811.4883543660537
0.2,813.482866392174
0.4,815.4352743951434
0.6,817.3458829144622
0.8,819.2150072713032
1.0,821.0429740179939
1.2,822.8301213335818
1.4,824.5767993637223
1.6,826.2833705034426
1.8,827.950209621661
2.0,829.5777042266697
2.2,831.1662545721199
2.4,832.7162737033798
2.6,834.2281874444566
2.8,835.7024343260066
3.0,837.1394654552598
3.2,838.5397443290011
3.4,839.9037465910369
3.6,841.2319597358584
3.8,842.5248827604815
4.0,843.7830257666872
4.2,845.0069095161181
4.4,846.1970649409037
4.6,847.3540326126677
4.8,848.4783621729512
5.0,849.5706117282243
5.2,850.6313472127908
5.4,851.6611417229855
5.6,852.6605748261487
5.8,853.6302318479159
6.0,854.5707031413895
6.2,855.482583341778
6.4,856.3664706100678
6.6,857.2229658692635
6.8,858.0526720366792
7.0,858.8561932556894
7.2,859.6341341302533
7.4,860.3870989654237
7.6,861.1156910169182
7.8,861.8205117527
8.0,862.502160129354
8.2,863.1612318858845
8.4,863.7983188573869
8.6,864.4140083108574
8.8,865.0088823052196
9.0,865.5835170774482
9.2,866.1384824564723
9.4,866.6743413063352
9.6,867.191648999891
9.8,867.6909529241068
10.0,868.1727920178485
10.2,868.6376963428204
10.4,869.0861866881464
10.6,869.518774208882
10.8,869.9359600985734
11.0,870.3382352958021
11.2,870.7260802244855
11.4,871.0999645675557
11.6,871.46034707348
11.8,871.807675394959
12.0,872.1423859590076
12.2,872.4649038675091
12.4,872.7756428272266
12.6,873.0750051081678
12.8,873.3633815291087
13.0,873.6411514690203
13.2,873.9086829030747
13.4,874.1663324618622
13.6,874.4144455124123
13.8,874.6533562595812
14.0,874.8833878663521
14.2,875.1048525915846
14.4,875.3180519437502
14.6,875.5232768491966
14.8,875.7208078335028
15.0,875.910915214509
15.2,876.093859305632
15.4,876.2698906281174
15.6,876.4392501309185
15.8,876.6021694169347
16.0,876.7588709743994
16.2,876.9095684122515
16.4,877.0544666983891
16.6,877.1937623997566
16.8,877.3276439232811
17.0,877.4562917567321
17.2,877.5798787086422
17.4,877.6985701464919
17.6,877.8125242324164
17.8,877.9218921557652
18.0,878.0268183618961
18.2,878.1274407766487
18.4,878.2238910260049
18.6,878.3162946504915
18.8,878.4047713139391
19.0,878.4894350062674
19.2,878.5703942400032
19.4,878.6477522403006
19.6,878.7216071282628
19.8,878.792052097413
20.0,878.8591755831993
20.2,878.923061425452
20.4,878.9837890237442
20.6,879.041433485636
20.8,879.0960657678111
21.0,879.147752810132
21.2,879.1965576626691
21.4,879.2425396057668
21.6,879.2857542632348
21.8,879.3262537087584
22.0,879.364086565632
22.2,879.399298099933
22.4,879.4319303072526
22.6,879.4620219931063
22.8,879.4896088471471
23.0,879.5147235113055
23.2,879.537395641976
23.4,879.5576519663658
23.6,879.5755163331175
23.8,879.5910097573111
24.0,879.6041504599381
24.2,879.6149539019384
24.4,879.6234328128741
24.6,879.629597214308
24.8,879.6334544379401
25.0,879.635009138544
25.2,879.6342633017334
25.4,879.6312162465761
25.6,879.6258646230572
25.8,879.6182024043825
26.0,879.6082208740995
26.2,879.5959086080011
26.4,879.5812514507606
26.6,879.5642324872423
26.8,879.5448320084105
27.0,879.5230274717575
27.2,879.4987934561553
27.4,879.4721016110315
27.6,879.442920599755
27.8,879.4112160371201
28.0,879.3769504208007
28.2,879.3400830566533
28.4,879.3005699777376
28.6,879.2583638569263
28.8,879.2134139129762
29.0,879.1656658099375
29.2,879.1150615497805
29.4,879.0615393581305
29.6,879.0050335630103
29.8,878.945474466501
30.0,878.8827882092496
30.2,878.8168966277701
30.4,878.7477171045014
30.6,878.6751624106148
30.8,878.5991405415881
31.0,878.5195545455896
31.2,878.4363023447552
31.4,878.3492765494699
31.6,878.258364265809
31.8,878.1634468963334
32.0,878.0643999344775
32.2,877.9610927528175
32.4,877.8533883855557
32.6,877.7411433056103
32.8,877.6242071967533
33.0,877.5024227212998
33.2,877.3756252839052
33.4,877.2436427920921
33.6,877.1062954141896
33.8,876.9633953354265
34.0,876.8147465129903
34.2,876.6601444309208
34.4,876.4993758557746
34.6,876.3322185940557
34.8,876.1584412524749
35.0,875.9778030021511
35.2,875.7900533479336
35.4,875.5949319040718
35.6,875.3921681775155
35.8,875.1814813601691
36.0,874.9625801314704
36.2,874.7351624726975
36.4,874.4989154944391
36.6,874.2535152786863
36.8,873.9986267370235
37.0,873.7339034863971
37.2,873.4589877439515
37.4,873.1735102424036
37.6,872.8770901674125
37.8,872.5693351183755
38.0,872.2498410940389
38.2,871.9181925042604
38.4,871.5739622092127
38.6,871.2167115872257
38.8,870.8459906324041
39.0,870.4613380830444
39.2,870.0622815817845
39.4,869.6483378682894
39.6,869.219013005163
39.8,868.7738026376214
40.0,868.3121922873313
40.2,867.8336576806441
40.4,867.3376651113003
40.6,866.8236718374947
40.8,866.2911265130147
41.0,865.7394696519731
41.2,865.1681341264591
41.4,864.5765456962356
41.6,863.9641235694033
41.8,863.3302809927518
42.0,862.6744258703087
42.2,861.9959614083964
42.4,861.2942867853021
42.6,860.568797843469
42.8,859.8188878019265
43.0,859.0439479864857
43.2,858.2433685750586
43.4,857.416539355284
43.6,856.5628504914932
43.8,855.681693297907
44.0,854.7724610148264
44.2,853.8345495844712
44.4,852.8673584230248
44.6,851.870291185373
44.8,850.8427565189637
45.0,849.7841688031876
45.2,848.6939488706623
45.4,847.5715247068129
45.6,846.4163321241762
45.8,845.227815407911
46.0,844.0054279290753
46.2,842.7486327223342
46.4,841.4569030248882
46.6,840.1297227735613
46.8,838.7665870571552
47.0,837.3670025213752
47.2,835.9304877238396
47.4,834.456573436922
47.6,832.9448028964244
47.8,831.3947319943481
48.0,829.8059294143114
48.2,828.1779767084604
48.4,826.510468315027
48.6,824.803011516005
48.8,823.0552263347413
49.0,821.2667453735689
49.2,819.4372135919411
49.4,817.5662880258609
49.6,815.65363744973
49.8,813.6989419820737
50.0,811.7018926369126
