0.0,796.7466075738479
0.2,798.8678483032628
0.4,800.9488075470036
0.6,802.9898789646853
0.8,804.9914584412876
1.0,806.9539441805232
1.2,808.8777367878764
1.4,810.7632393429286
1.6,812.6108574606236
1.8,814.420999341172
2.0,816.1940758083321
2.2,817.9305003358567
2.4,819.6306890619288
2.6,821.2950607914661
2.8,822.9240369862098
3.0,824.5180417425638
3.2,826.0775017571964
3.4,827.6028462804557
3.6,829.0945070577011
3.8,830.5529182586922
4.0,831.9785163952199
4.2,833.3717402272066
4.4,834.7330306575434
4.6,836.0628306159666
4.8,837.3615849323195
5.0,838.6297401995727
5.2,839.8677446270178
5.4,841.0760478840731
5.6,842.2551009351738
5.8,843.4053558662451
6.0,844.5272657032798
6.2,845.6212842235652
6.4,846.6878657601231
6.6,847.7274649999466
6.8,848.7405367766256
7.0,849.7275358579735
7.2,850.6889167292688
7.4,851.6251333727395
7.6,852.5366390439146
7.8,853.4238860454782
8.0,854.2873254992505
8.2,855.1274071169279
8.4,855.9445789701967
8.6,856.7392872608401
8.8,857.5119760914355
9.0,858.2630872372376
9.2,858.9930599198207
9.4,859.7023305830403
9.6,860.3913326718595
9.8,861.0604964145585
10.0,861.7102486088312
10.2,862.3410124122455
10.4,862.9532071375235
10.6,863.5472480530677
10.8,864.1235461891399
11.0,864.682508150064
11.2,865.2245359328033
11.4,865.7500267522313
11.6,866.259372873382
11.8,866.7529614509452
12.0,867.2311743762347
12.2,867.6943881318283
12.4,868.142973654056
12.6,868.5772962034733
12.8,868.9977152434321
13.0,869.4045843268362
13.2,869.7982509911312
13.4,870.1790566615588
13.6,870.5473365626741
13.8,870.9034196380993
14.0,871.2476284784617
14.2,871.5802792574378
14.4,871.901681675804
14.6,872.2121389133711
14.8,872.5119475886562
15.0,872.8013977261274
15.2,873.0807727308384
15.4,873.3503493702482
15.6,873.6103977630095
15.8,873.8611813744895
16.0,874.102957018776
16.2,874.335974866905
16.4,874.56047846104
16.6,874.7767047343173
16.8,874.984884036064
17.0,875.1852401620921
17.2,875.3779903897563
17.4,875.563345517468
17.6,875.7415099083455
17.8,875.912681537682
18.0,876.0770520439082
18.2,876.2348067827287
18.4,876.3861248841063
18.6,876.5311793117737
18.8,876.6701369249532
19.0,876.8031585419645
19.2,876.930399005409
19.4,877.0520072486194
19.6,877.1681263630713
19.8,877.2788936664572
20.0,877.3844407711294
20.2,877.4848936526296
20.4,877.5803727180219
20.6,877.6709928737648
20.8,877.7568635928562
21.0,877.8380889809993
21.2,877.9147678415468
21.4,877.9869937389886
21.6,878.0548550607564
21.8,878.1184350771332
22.0,878.1778119990619
22.2,878.2330590336588
22.4,878.2842444372491
22.6,878.3314315657504
22.8,878.374678922244
23.0,878.4140402015806
23.2,878.4495643318828
23.4,878.4812955128123
23.6,878.5092732504866
23.8,878.5335323889359
24.0,878.5541031380059
24.2,878.5710110976204
24.4,878.5842772783321
24.6,878.5939181180975
24.8,878.5999454952247
25.0,878.6023667374564
25.2,878.6011846271559
25.4,878.5963974025816
25.6,878.5879987552413
25.8,878.5759778233326
26.0,878.5603191812844
26.2,878.5410028254282
26.4,878.5180041558351
26.6,878.4912939543706
26.8,878.4608383590273
27.0,878.4265988346078
27.2,878.3885321398394
27.4,878.3465902910189
27.6,878.3007205222897
27.8,878.2508652426709
28.0,878.196961989965
28.2,878.1389433816842
28.4,878.0767370631461
28.6,878.0102656529006
28.8,877.9394466856587
29.0,877.8641925529095
29.2,877.7844104414157
29.4,877.700002269797
29.6,877.6108646234111
29.8,877.5168886877617
30.0,877.4179601806665
30.2,877.31395928343
30.4,877.204760571276
30.6,877.0902329433025
30.8,876.9702395522294
31.0,876.8446377342215
31.2,876.7132789390702
31.4,876.5760086610323
31.6,876.4326663706252
31.8,876.2830854476839
32.0,876.1270931159956
32.2,875.964510379825
32.4,875.7951519626521
32.6,875.6188262484469
32.8,875.4353352258038
33.0,875.2444744352646
33.2,875.0460329201546
33.4,874.8397931812591
33.6,874.6255311356622
33.8,874.4030160800694
34.0,874.1720106589323
34.2,873.9322708376815
34.4,873.6835458813775
34.6,873.4255783390739
34.8,873.1581040341788
35.0,872.8808520610954
35.2,872.5935447884052
35.4,872.2958978688459
35.6,871.9876202563245
35.8,871.668414230188
36.0,871.3379754269565
36.2,870.9959928797103
36.4,870.642149065296
36.6,870.2761199595038
36.8,869.8975751003403
37.0,869.5061776595029
37.2,869.1015845221349
37.4,868.6834463749169
37.6,868.2514078025258
37.8,867.8051073924627
38.0,867.3441778482256
38.2,866.8682461107766
38.4,866.3769334882196
38.6,865.8698557935804
38.8,865.3466234905483
39.0,864.806841847009
39.2,864.2501110961701
39.4,863.6760266050497
39.6,863.0841790500644
39.8,862.4741545994325
40.0,861.8455351020692
40.2,861.1978982826272
40.4,860.5308179423068
40.6,859.8438641650305
40.8,859.1366035285517
41.0,858.4085993200433
41.2,857.6594117556831
41.4,856.8885982037337
41.6,856.0957134105927
41.8,855.2803097292658
42.0,854.4419373497017
42.2,853.580144530407
42.4,852.6944778307477
42.6,851.7844823433308
42.8,850.8497019258457
43.0,849.8896794317454
43.2,848.9039569391314
43.4,847.8920759772093
43.6,846.8535777496826
43.8,845.7880033544465
44.0,844.6948939989552
44.2,843.57379121064
44.4,842.4242370417626
44.6,841.2457742681042
44.8,840.0379465809048
45.0,838.8002987714784
45.2,837.5323769079598
45.4,836.2337285036514
45.6,834.9039026764682
45.8,833.5424502990057
46.0,832.1489241387816
46.2,830.7228789882378
46.4,829.2638717841195
46.6,827.7714617158857
46.8,826.2452103228397
47.0,824.6846815797114
47.2,823.0894419704587
47.4,821.4590605501007
47.6,819.7931089944367
47.8,818.0911616375469
48.0,816.3527954970195
48.2,814.5775902868916
48.4,812.7651284183323
48.6,810.914994988154
48.8,809.0267777552697
49.0,807.1000671052682
49.2,805.134456003323
49.4,803.1295399356919
49.6,801.0849168401107
49.8,799.0001870254249
50.0,796.8749530808456
