0.0,490.8303773217699
0.2,496.71922826387305
0.4,502.5445578938761
0.6,508.3049108585151
0.8,513.9992107184587
1.0,519.6267158164223
1.2,525.1869638327489
1.4,530.6797130876411
1.6,536.1048874102864
1.8,541.4625291176216
2.0,546.7527621325783
2.2,551.9757651731695
2.4,557.1317535944522
2.6,562.2209678855044
2.8,567.2436668280221
3.0,572.2001236579263
3.2,577.0906240157173
3.4,581.9154648836958
3.6,586.6749540257224
3.8,591.3694096597259
4.0,595.9991602236641
4.2,600.5645441681528
4.4,605.0659097461406
4.6,609.5036147876838
4.8,613.8780264557255
5.0,618.1895209820575
5.2,622.4384833839331
5.4,626.6253071622968
5.6,630.7503939827824
5.8,634.8141533407043
6.0,638.8170022113098
6.2,642.7593646865761
6.4,646.6416715998474
6.6,650.4643601396168
6.8,654.2278734537548
7.0,657.9326602454832
7.2,661.5791743623846
7.4,665.1678743797216
7.6,668.6992231793234
7.8,672.1736875252733
8.0,675.5917376376016
8.2,678.9538467651633
8.4,682.2604907588365
8.6,685.5121476461458
8.8,688.7092972083718
9.0,691.8524205611602
9.2,694.9419997396018
9.4,697.9785172886995
9.6,700.9624558600946
9.8,703.8942978158593
10.0,706.7745248401229
10.2,709.6036175592271
10.4,712.3820551710618
10.6,715.1103150841674
10.8,717.7888725671348
11.0,720.4182004087763
11.2,722.998768589481
11.4,725.5310439641138
11.6,728.015489956761
11.8,730.4525662675644
12.0,732.8427285918401
12.2,735.1864283516189
12.4,737.4841124396977
12.6,739.7362229762401
12.8,741.9431970779182
13.0,744.1054666395416
13.2,746.2234581280801
13.4,748.2975923889383
13.6,750.3282844643121
13.8,752.3159434234153
14.0,754.2609722043327
14.2,756.1637674672284
14.4,758.0247194586071
14.6,759.8442118863061
14.8,761.6226218048669
15.0,763.360319510926
15.2,765.0576684482369
15.4,766.7150251219293
15.6,768.3327390215981
15.8,769.9111525528031
16.0,771.4506009765582
16.2,772.9514123563831
16.4,774.4139075124847
16.6,775.8383999826443
16.8,777.2251959893794
17.0,778.574594412961
17.2,779.886886769867
17.4,781.1623571962634
17.6,782.4012824361132
17.8,783.6039318335231
18.0,784.7705673289494
18.2,785.9014434588955
18.4,786.9968073587523
18.6,788.056898768439
18.8,789.0819500405245
19.0,790.0721861505199
19.2,791.0278247090511
19.4,791.9490759756345
19.6,792.8361428737975
19.8,793.6892210072997
20.0,794.5084986772281
20.2,795.2941568997552
20.4,796.0463694243649
20.6,796.7653027523648
20.8,797.4511161555231
21.0,798.1039616946756
21.2,798.7239842381698
21.4,799.3113214800201
21.6,799.8661039576647
21.8,800.388455069225
22.0,800.8784910901795
22.2,801.3363211893752
22.4,801.7620474443074
22.6,802.1557648556122
22.8,802.5175613607169
23.0,802.8475178466064
23.2,803.1457081616712
23.4,803.4121991266014
23.6,803.6470505443036
23.8,803.8503152088192
24.0,804.0220389132263
24.2,804.1622604565107
24.4,804.271011649396
24.6,804.3483173191228
24.8,804.3941953131716
25.0,804.4086565019243
25.2,804.3917047802593
25.4,804.3433370680817
25.6,804.2635433097838
25.8,804.1523064726393
26.0,804.009602544131
26.2,803.8354005282158
26.4,803.629662440532
26.6,803.3923433025534
26.8,803.1233911346994
27.0,802.822746948413
27.2,802.4903447372179
27.4,802.1261114667743
27.6,801.7299670639516
27.8,801.3018244049464
28.0,800.8415893024742
28.2,800.3491604920725
28.4,799.824429617559
28.6,799.2672812156926
28.8,798.6775927001003
29.0,798.0552343445328
29.2,797.4000692655295
29.4,796.7119534045781
29.6,795.9907355098683
29.8,795.2362571177496
30.0,794.4483525340177
30.2,793.6268488151638
30.4,792.7715657497388
30.6,791.8823158399949
30.8,790.9589042839885
31.0,790.0011289583341
31.2,789.0087804018241
31.4,787.9816418001393
31.6,786.9194889718949
31.8,785.822090356279
32.0,784.6892070025613
32.2,783.5205925617631
32.4,782.3159932807961
32.6,781.0751479993929
32.8,779.7977881501675
33.0,778.4836377621583
33.2,777.1324134682188
33.4,775.7438245166353
33.6,774.3175727873605
33.8,772.8533528132645
34.0,771.3508518068105
34.2,769.8097496925747
34.4,768.2297191460304
34.6,766.6104256390248
34.8,764.951527492376
35.0,763.2526759360214
35.2,761.5135151771434
35.4,759.7336824766958
35.6,757.912808234748
35.8,756.0505160850568
36.0,754.1464229992578
36.2,752.2001394010663
36.4,750.2112692908463
36.6,748.179410380901
36.8,746.1041542418064
37.0,743.9850864600894
37.2,741.8217868075238
37.4,739.613829422288
37.6,737.3607830021928
37.8,735.0622110101565
38.0,732.7176718920631
38.2,730.3267193071006
38.4,727.8889023706332
38.6,725.403765909616
38.8,722.870850730514
39.0,720.289693899638
39.2,717.6598290357574
39.4,714.9807866148
39.6,712.2520942863923
39.8,709.4732772019403
40.0,706.6438583538916
40.2,703.7633589257676
40.4,700.8312986524911
40.6,697.84719619048
40.8,694.8105694969208
41.0,691.7209362175748
41.2,688.5778140824161
41.4,685.3807213083419
41.6,682.1291770081443
41.8,678.8227016048736
42.0,675.4608172506772
42.2,672.0430482491473
42.4,668.5689214801588
42.6,665.0379668261423
42.8,661.449717598689
43.0,657.8037109643465
43.2,654.0994883684356
43.4,650.3365959556792
43.6,646.5145849864114
43.8,642.6330122471128
44.0,638.6914404539957
44.2,634.6894386483519
44.4,630.6265825823657
44.6,626.5024550940893
44.8,622.31664647028
45.0,618.0687547958023
45.2,613.7583862883117
45.4,609.3851556169576
45.6,604.9486862038759
45.8,600.4486105073246
46.0,595.8845702854953
46.2,591.2562168405354
46.4,586.5632112436002
46.6,581.8052245450318
46.8,576.9819379816089
47.0,572.093043210486
47.2,567.1382426365923
47.4,562.1172499727609
47.6,557.0297913023323
47.8,551.8756071284655
48.0,546.654456211894
48.2,541.3661224111632
48.4,536.0104261836572
48.6,530.5872427404454
48.8,525.0965288524536
49.0,519.5383597256773
49.2,513.9129760140894
49.4,508.22083894080424
49.6,502.4626889856221
49.8,496.6396013199957
50.0,490.7530299317391
