0.0,777.0185170518672
0.2,779.003521103663
0.4,780.9602283885308
0.6,782.8897234854938
0.8,784.7930056415216
1.0,786.670987546587
1.2,788.5244948886163
1.4,790.3542666776792
1.6,792.1609563181395
1.8,793.9451333974247
2.0,795.7072861507417
2.2,797.4478245526376
2.4,799.1670839789264
2.6,800.8653293762735
2.8,802.5427598717595
3.0,804.1995137510578
3.2,805.8356737315203
3.4,807.4512724554284
3.6,809.0462981289337
3.8,810.6207002337013
4.0,812.1743952409015
4.2,813.707272260872
4.4,815.2191985663632
4.6,816.7100249326442
4.8,818.1795907437554
5.0,819.6277288206695
5.2,821.0542699339346
5.4,822.4590469703608
5.6,823.8418987303219
5.8,825.2026733391576
6.0,826.5412312628367
6.2,827.8574479243832
6.4,829.1512159234624
6.6,830.422446866915
6.8,831.6710728228339
7.0,832.8970474149656
7.2,834.1003465777702
7.4,835.2809689953497
7.6,836.4389362496992
7.8,837.5742927053321
8.0,838.6871051583287
8.2,839.7774622782958
8.4,840.8454738716458
8.6,841.8912699940607
8.8,842.9149999390728
9.0,843.9168311284078
9.2,844.8969479281826
9.4,845.8555504132692
9.6,846.7928531002078
9.8,847.7090836670071
10.0,848.6044816760827
10.2,849.4792973144864
10.4,850.3337901635132
10.6,851.1682280077773
10.8,851.9828856919491
11.0,852.7780440315645
11.2,853.5539887826766
11.4,854.3110096736259
11.6,855.0493995008693
11.8,855.7694532896295
12.0,856.4714675191105
12.2,857.1557394111613
12.4,857.8225662805507
12.6,858.4722449444462
12.8,859.1050711882363
13.0,859.7213392845092
13.2,860.3213415617735
13.4,860.9053680193737
13.6,861.4737059850004
13.8,862.0266398112097
14.0,862.564450607438
14.2,863.0874160041144
14.4,863.5958099456245
14.6,864.0899025090611
14.8,864.5699597458902
15.0,865.0362435438741
15.2,865.489011506807
15.4,865.9285168498312
15.6,866.3550083083194
15.8,866.768730058507
16.0,867.169921648262
16.2,867.5588179365557
16.4,867.9356490403792
16.6,868.3006402880002
16.8,868.6540121776077
17.0,868.9959803405176
17.2,869.3267555082342
17.4,869.6465434827667
17.6,869.955545109692
17.8,870.2539562535377
18.0,870.5419677751302
18.2,870.8197655106134
18.4,871.0875302518966
18.6,871.3454377283363
18.8,871.5936585894885
19.0,871.83235838881
19.2,872.0616975682017
19.4,872.281831443316
19.6,872.4929101895656
19.8,872.6950788287833
20.0,872.8884772164961
20.2,873.0732400297827
20.4,873.2494967556935
20.6,873.417371680211
20.8,873.5769838777413
21.0,873.7284472011202
21.2,873.8718702721252
21.4,874.0073564724848
21.6,874.1350039353749
21.8,874.2549055373935
22.0,874.3671488910074
22.2,874.4718163374599
22.4,874.5689849401314
22.6,874.6587264783446
22.8,874.7411074416048
23.0,874.8161890242651
23.2,874.8840271206096
23.4,874.9446723203444
23.6,874.9981699044871
23.8,875.044559841649
24.0,875.083876784699
24.2,875.1161500678053
24.4,875.1414037038476
24.6,875.1596563821925
24.8,875.1709214668319
25.0,875.1752069948757
25.2,875.172515675401
25.4,875.1628448886535
25.6,875.1461866856031
25.8,875.1225277878526
26.0,875.0918495879035
26.2,875.0541281497802
26.4,875.0093342100193
26.6,874.9574331790268
26.8,874.8983851428113
27.0,874.8321448650992
27.2,874.75866178984
27.4,874.6778800441105
27.6,874.5897384414266
27.8,874.4941704854721
28.0,874.3911043742542
28.2,874.2804630046952
28.4,874.1621639776722
28.6,874.0361196035116
28.8,873.9022369079503
29.0,873.7604176385734
29.2,873.6105582717357
29.4,873.4525500199795
29.6,873.2862788399544
29.8,873.1116254408519
30.0,872.928465293362
30.2,872.736668639167
30.4,872.5361005009797
30.6,872.3266206931473
30.8,872.1080838328344
31.0,871.880339351813
31.2,871.6432315088873
31.4,871.3965994029935
31.6,871.1402769870218
31.8,870.8740930824284
32.0,870.5978713947138
32.2,870.3114305298726
32.4,870.0145840119421
32.6,869.7071403018091
32.8,869.3889028174731
33.0,869.0596699560069
33.2,868.7192351175094
33.4,868.3673867314074
33.6,868.0039082855316
33.8,867.628578358477
34.0,867.2411706558474
34.2,866.8414540510921
34.4,866.4291926317595
34.6,866.0041457521232
34.8,865.5660680932831
35.0,865.1147097320006
35.2,864.6498162197021
35.4,864.1711286732659
35.6,863.6783838794081
35.8,863.1713144146818
36.0,862.6496487833236
36.2,862.1131115753898
36.4,861.5614236478442
36.6,860.9943023314669
36.8,860.4114616666495
37.0,859.8126126713239
37.2,859.1974636444213
37.4,858.5657205083764
37.6,857.9170871942608
37.8,857.2512660731461
38.0,856.5679584372438
38.2,855.866865034233
38.4,855.1476866579654
38.6,854.4101247984006
38.8,853.6538823531836
39.0,852.8786644026932
39.2,852.0841790496773
39.4,851.2701383237275
39.6,850.4362591498217
39.8,849.5822643789937
40.0,848.7078838778448
40.2,847.8128556721181
40.4,846.89692713792
40.6,845.9598562323836
40.8,845.0014127536749
41.0,844.0213796182419
41.2,843.0195541411424
41.4,841.9957493031891
41.6,840.9497949865553
41.8,839.8815391584487
42.0,838.7908489805242
42.2,837.6776118199319
42.4,836.5417361363354
42.6,835.3831522179595
42.8,834.2018127387851
43.0,832.9976931084691
43.2,831.770791586496
43.4,830.5211291324963
43.6,829.2487489656762
43.8,827.9537158079027
44.0,826.6361147872242
44.2,825.2960499815056
44.4,823.9336425853943
44.6,822.5490286880347
44.8,821.1423566537601
45.0,819.7137841033814
45.2,818.2634744995983
45.4,816.7915933463996
45.6,815.2983040190077
45.8,813.7837632478276
46.0,812.2481162868935
46.2,810.6914918042856
46.4,809.1139965388078
46.6,807.515709773704
46.8,805.8966776841954
47.0,804.2569076209895
47.2,802.5963623965089
47.4,800.9149546442596
47.6,799.2125413243937
47.8,797.4889184500119
48.0,795.7438161090099
48.2,793.9768938552404
48.4,792.1877365404098
48.6,790.3758506544455
48.8,788.5406612370847
49.0,786.6815094172063
49.2,784.797650629036
49.4,782.8882535459215
49.6,780.9523997630344
49.8,778.989084250277
50.0,776.9972165860466
