0.0,775.4640398013559
0.2,777.5041870590389
0.4,779.5126555974485
0.6,781.4904427797444
0.8,783.4384890997023
1.0,785.3576770709371
1.2,787.2488305337988
1.4,789.1127143785117
1.6,790.9500346785392
1.8,792.7614392237083
2.0,794.5475184384105
2.2,796.3088066662524
2.4,798.0457837989146
2.6,799.7588772237519
2.8,801.4484640618593
3.0,803.114873665968
3.2,804.7583903456629
3.4,806.3792562860131
3.6,807.9776746248231
3.8,809.5538126532962
4.0,811.1078051049849
4.2,812.6397574984367
4.4,814.1497494999063
4.6,815.6378382738806
4.8,817.1040617908791
5.0,818.5484420640471
5.2,819.9709882883678
5.4,821.3716998588571
5.6,822.7505692468152
5.8,824.107584716034
6.0,825.4427328637636
6.2,826.7560009741558
6.4,828.0473791748124
6.6,829.3168623898887
6.8,830.5644520859399
7.0,831.7901578092865
7.2,832.9939985160955
7.4,834.1760036986111
7.6,835.3362143129768
7.8,836.4746835158909
8.0,837.5914772188859
8.2,838.686674470336
8.4,839.7603676763727
8.6,840.8126626727144
8.8,841.8436786600294
9.0,842.8535480158275
9.2,843.8424159960612
9.4,844.8104403396029
9.6,845.7577907885866
9.8,846.6846485372631
10.0,847.5912056215564
10.2,848.4776642609227
10.4,849.3442361634433
10.6,850.1911418043381
10.8,851.0186096872831
11.0,851.82687559708
11.2,852.616181851371
11.4,853.3867765582273
11.6,854.138912885589
11.8,854.8728483477026
12.0,855.5888441128985
12.2,856.2871643362882
12.4,856.9680755202473
12.6,857.6318459048789
12.8,858.2787448900453
13.0,858.9090424900011
13.2,859.5230088211591
13.4,860.1209136230927
13.6,860.7030258124843
13.8,861.269613069414
14.0,861.8209414551044
14.2,862.3572750600104
14.4,862.8788756809732
14.6,863.3860025260132
14.8,863.878911945243
15.0,864.3578571863195
15.2,864.8230881728183
15.4,865.2748513039073
15.6,865.7133892737137
15.8,866.1389409088092
16.0,866.5517410222933
16.2,866.9520202830089
16.4,867.3400050985041
16.6,867.7159175104258
16.8,868.079975101115
17.0,868.4323909102625
17.2,868.7733733605626
17.4,869.1031261913969
17.6,869.4218483996553
17.8,869.7297341868882
18.0,870.0269729120591
18.2,870.3137490492421
18.4,870.5902421496727
18.6,870.8566268076324
18.8,871.1130726297002
19.0,871.359744206962
19.2,871.5968010898182
19.4,871.8243977650739
19.6,872.0426836350381
19.8,872.2518029983928
20.0,872.4518950326268
20.2,872.6430937778572
20.4,872.825528121886
20.6,872.9993217863617
20.8,873.1645933139349
21.0,873.3214560563143
21.2,873.4700181631413
21.4,873.6103825716172
21.6,873.742646996825
21.8,873.8669039226967
22.0,873.9832405935854
22.2,874.0917390064088
22.4,874.1924759033335
22.6,874.2855227649749
22.8,874.3709458040937
23.0,874.4488059597701
23.2,874.5191588920399
23.4,874.5820549769803
23.6,874.6375393022358
23.8,874.6856516629715
24.0,874.7264265582496
24.2,874.7598931878202
24.4,874.786075449322
24.6,874.8049919358873
24.8,874.8166559341504
25.0,874.8210754226533
25.2,874.81825307065
25.4,874.808186237307
25.6,874.7908669713007
25.8,874.7662820108121
26.0,874.7344127839207
26.2,874.6952354093997
26.4,874.6487206979169
26.6,874.5948341536438
26.8,874.5335359762798
27.0,874.4647810634974
27.2,874.3885190138143
27.4,874.3046941299037
27.6,874.2132454223499
27.8,874.1141066138642
28.0,874.0072061439713
28.2,873.8924671741852
28.4,873.7698075936912
28.6,873.6391400255562
28.8,873.5003718334939
29.0,873.3534051292125
29.2,873.198136780383
29.4,873.0344584192679
29.6,872.8622564520599
29.8,872.6814120689892
30.0,872.4918012552677
30.2,872.2932948029501
30.4,872.0857583238087
30.6,871.8690522633322
30.8,871.6430319159782
31.0,871.4075474418361
31.2,871.1624438848742
31.4,870.9075611929785
31.6,870.6427342400244
31.8,870.3677928502525
32.0,870.0825618252667
32.2,869.7868609740148
32.4,869.4805051461605
32.6,869.1633042693134
32.8,868.8350633906402
33.0,868.4955827234464
33.2,868.1446576993839
33.4,867.7820790270179
33.6,867.4076327575605
33.8,867.0211003586596
34.0,866.6222587972171
34.2,866.2108806322944
34.4,865.7867341192505
34.6,865.3495833263396
34.8,864.8991882650871
35.0,864.4353050358261
35.2,863.9576859898634
35.4,863.466079909792
35.6,862.9602322095292
35.8,862.4398851556828
36.0,861.904778111869
36.2,861.3546478075998
36.4,860.7892286333175
36.6,860.2082529630984
36.8,859.6114515064448
37.0,858.998553690451
37.2,858.369288073448
37.4,857.7233827910111
37.6,857.0605660349368
37.8,856.3805665654726
38.0,855.6831142566966
38.2,854.9679406745136
38.4,854.2347796862263
38.6,853.4833681000972
38.8,852.7134463326965
39.0,851.9247591011684
39.2,851.1170561368319
39.4,850.290092915766
39.6,849.44363140123
39.8,848.5774407919356
40.0,847.6912982693326
40.2,846.7849897362131
40.4,845.8583105380768
40.6,844.9110661578676
40.8,843.9430728738882
41.0,842.9541583699563
41.2,841.9441622861895
41.4,840.9129366982296
41.6,839.8603465122497
41.8,838.7862697627472
42.0,837.6905977999558
42.2,836.5732353536879
42.4,835.4341004606094
42.6,834.2731242423282
42.8,833.0902505222832
43.0,831.8854352702626
43.2,830.6586458644429
43.4,829.409860162163
43.6,828.1390653722037
43.8,826.8462567231269
44.0,825.5314359242622
44.2,824.1946094181495
44.4,822.8357864256786
44.6,821.4549767877564
44.8,820.0521886100652
45.0,818.6274257203142
45.2,817.1806849502849
45.4,815.7119532578935
45.6,814.2212047074023
45.8,812.7083973287354
46.0,811.173469879566
46.2,809.6163385363828
46.4,808.0368935430557
46.6,806.4349958474687
46.8,804.8104737585141
47.0,803.163119657111
47.2,801.4926867958748
47.4,799.7988862226015
47.6,798.0813838628036
47.8,796.3397977961283
48.0,794.573695760591
48.2,792.7825929171646
48.4,790.965949905383
48.6,789.123171218255
48.8,787.253603921977
49.0,785.3565367426935
49.2,783.4311995389471
49.4,781.4767631745037
49.6,779.4923398020162
49.8,777.4769835635435
50.0,775.4296917093421
