0.0,779.3569378822203
0.2,781.2059847380518
0.4,783.0425390976765
0.6,784.8679372471167
0.8,786.6832060397516
1.0,788.4890665207248
1.2,790.2859432414613
1.4,792.0739788553644
1.6,793.8530534374495
1.8,795.622807847539
2.0,797.3826703630199
2.2,799.13188574575
2.4,800.8695458795829
2.6,802.5946211195719
2.8,804.3059915291085
3.0,806.0024772436578
3.2,807.6828672848327
3.4,809.3459462511216
3.6,810.9905184259599
3.8,812.6154289642931
4.0,814.2195819397963
4.2,815.8019551514744
4.4,817.3616116961463
4.6,818.8977084088667
4.8,820.4095013541449
5.0,821.8963486153572
5.2,823.3577106774072
5.4,824.7931487287292
5.6,826.2023212241203
5.8,827.5849790512198
6.0,828.9409596326747
6.2,830.2701802754138
6.4,831.5726310503358
6.6,832.8483674524088
6.8,834.0975030548818
7.0,835.3202023339425
7.2,836.5166738034011
7.4,837.6871635641708
7.6,838.83194934145
7.8,839.9513350543012
8.0,841.0456459381327
8.2,842.1152242205904
8.4,843.1604253354574
8.6,844.1816146471227
8.8,845.1791646496448
9.0,846.1534525989738
9.2,847.1048585340317
9.4,848.0337636416068
9.6,848.9405489209323
9.8,849.8255941059699
10.0,850.6892768064206
10.2,851.5319718320247
10.4,852.3540506685226
10.6,853.1558810775075
10.8,853.9378267961755
11.0,854.7002473165209
11.2,855.4434977267927
11.4,856.16792860096
11.6,856.873885924517
11.8,857.5617110472017
12.0,858.2317406551064
12.2,858.8843067562706
12.4,859.519736675172
12.6,860.1383530526239
12.8,860.7404738484688
13.0,861.3264123451556
13.2,861.8964771508486
13.4,862.4509722011416
13.6,862.9901967587871
13.8,863.5144454110967
14.0,864.0240080648589
14.2,864.5191699387559
14.4,865.0002115533582
14.6,865.4674087188434
14.8,865.9210325206294
15.0,866.361349303138
15.2,866.7886206519233
15.4,867.2031033743976
15.6,867.6050494793892
15.8,867.9947061557588
16.0,868.3723157502897
16.2,868.7381157450545
16.4,869.0923387344469
16.6,869.435212402052
16.8,869.7669594975137
17.0,870.0877978135413
17.2,870.397940163185
17.4,870.6975943574894
17.6,870.9869631836298
17.8,871.2662443836118
18.0,871.5356306336105
18.2,871.7953095240085
18.4,872.0454635401849
18.6,872.2862700440899
18.8,872.5179012566422
19.0,872.7405242409625
19.2,872.9543008864612
19.4,873.1593878937831
19.6,873.3559367606096
19.8,873.5440937683092
20.0,873.7239999694252
20.2,873.8957911759827
20.4,874.0595979485944
20.6,874.2155455863384
20.8,874.3637541173825
21.0,874.5043382903236
21.2,874.6374075662089
21.4,874.7630661112074
21.6,874.8814127898953
21.8,874.99254115912
22.0,875.0965394624073
22.2,875.1934906248756
22.4,875.2834722486231
22.6,875.3665566085509
22.8,875.442810648592
23.0,875.5122959783093
23.2,875.5750688698369
23.4,875.6311802551309
23.6,875.6806757235057
23.8,875.7235955194296
24.0,875.7599745405562
24.2,875.7898423359724
24.4,875.8132231046433
24.6,875.830135694042
24.8,875.8405935989483
25.0,875.8446049604072
25.2,875.8421725648425
25.4,875.8332938433199
25.6,875.8179608709571
25.8,875.796160366487
26.0,875.7678736919733
26.2,875.7330768526913
26.4,875.6917404971814
26.6,875.6438299174893
26.8,875.5893050496093
27.0,875.5281204741498
27.2,875.4602254172414
27.4,875.385563751712
27.6,875.3040739985537
27.8,875.215689328712
28.0,875.1203375652235
28.2,875.0179411857382
28.4,874.9084173254553
28.6,874.7916777805107
28.8,874.6676290118488
29.0,874.5361721496156
29.2,874.3972029981114
29.4,874.2506120413374
29.6,874.0962844491723
29.8,873.9341000842181
30.0,873.7639335093454
30.2,873.5856539959743
30.4,873.3991255331206
30.6,873.2042068372361
30.8,873.0007513628706
31.0,872.7886073141733
31.2,872.567617657258
31.4,872.3376201334396
31.6,872.0984472733536
31.8,871.849926411959
32.0,871.5918797044208
32.2,871.324124142859
32.4,871.0464715739449
32.6,870.7587287173154
32.8,870.4606971847656
33.0,870.1521735001711
33.2,869.8329491200803
33.4,869.5028104549027
33.6,869.1615388906083
33.8,868.808910810841
34.0,868.4446976193306
34.2,868.0686657624784
34.4,867.6805767519714
34.6,867.2801871872691
34.8,866.867248777789
35.0,866.4415083646005
35.2,866.0027079414276
35.4,865.5505846747419
35.6,865.084870922721
35.8,864.605294252838
36.0,864.1115774578466
36.2,863.6034385699295
36.4,863.0805908727936
36.6,862.5427429115189
36.8,861.9895985000172
37.0,861.4208567260195
37.2,860.836211953609
37.4,860.2353538234564
37.6,859.6179672510974
37.8,858.9837324238437
38.0,858.3323247972528
38.2,857.6634150925106
38.4,856.9766692966364
38.6,856.2717486681221
38.8,855.5483097515005
39.0,854.8060044054233
39.2,854.0444798501645
39.4,853.2633787420723
39.6,852.4623392843976
39.8,851.6409953861729
40.0,850.7989768834015
40.2,849.935909839745
40.4,849.0514169471702
40.6,848.1451180505572
40.8,847.2166308240518
41.0,846.2655716307975
41.2,845.2915566015009
41.4,844.2942029708184
41.6,843.2731307135596
41.8,842.2279645248478
42.0,841.158336189295
42.2,840.0638873834988
42.4,838.9442729533049
42.6,837.7991647018083
42.8,836.6282557155278
43.0,835.4312652441388
43.2,834.2079441332335
43.4,832.9580807895618
43.6,831.6815076340114
43.8,830.3781079693463
44.0,829.0478231578547
44.2,827.6906599692197
44.4,826.3066979221563
44.6,824.8960964059802
44.8,823.4591013319522
45.0,821.9960510309297
45.2,820.50738108573
45.4,818.9936277659835
45.6,817.4554297224945
45.8,815.8935275994583
46.0,814.308761238298
46.2,812.702064177963
46.4,811.0744552042197
46.6,809.4270267650527
46.8,807.7609301501645
47.0,806.0773574281708
47.2,804.3775202429407
47.4,802.6626256871654
47.6,800.9338495923282
47.8,799.1923076947788
48.0,797.4390252520595
48.2,795.6749057862453
48.4,793.9006997162052
48.6,792.1169737031016
48.8,790.3240815686636
49.0,788.5221376503438
49.2,786.7109934293151
49.4,784.8902182058036
49.6,783.0590845025463
49.8,781.2165587539478
50.0,779.3612976900813
