0.0,770.1407868419773
0.2,772.3215378500096
0.4,774.4652495302817
0.6,776.5727551471501
0.8,778.6448637306847
1.0,780.682359391272
1.2,782.6860007470179
1.4,784.6565204652687
1.6,786.5946249187703
1.8,788.5009939562026
2.0,790.3762807860502
2.2,792.2211119720127
2.4,794.0360875374342
2.6,795.8217811755321
2.8,797.5787405615521
3.0,799.3074877623625
3.2,801.0085197384394
3.4,802.6823089326842
3.6,804.3293039400638
3.8,805.9499302516716
4.0,807.5445910664779
4.2,809.1136681637701
4.4,810.6575228290858
4.6,812.1764968262986
4.8,813.6709134084496
5.0,815.1410783599002
5.2,816.587281062439
5.4,818.0097955780743
5.6,819.4088817414175
5.8,820.784786254767
6.0,822.1377437792745
6.2,823.467978015872
6.4,824.7757027699885
6.6,826.0611229944639
6.8,827.3244358054708
7.0,828.5658314666903
7.2,829.7854943374368
7.4,830.9836037808908
7.6,832.1603350290706
7.8,833.3158600016526
8.0,834.4503480762226
8.2,835.563966808013
8.4,836.6568825976417
8.6,837.7292613058164
8.8,838.7812688144
9.0,839.8130715336408
9.2,840.8248368557673
9.4,841.8167335555054
9.6,842.7889321384145
9.8,843.7416051382525
10.0,844.6749273648536
10.2,845.5890761042559
10.4,846.4842312730348
10.6,847.360575528986
10.8,848.2182943404582
11.0,849.0575760167674
11.2,849.8786117022216
11.4,850.6815953363572
11.6,851.4667235830328
11.8,852.2341957310476
12.0,852.9842135689474
12.2,853.7169812366569
12.4,854.4327050565323
12.6,855.1315933463691
12.8,855.8138562168157
13.0,856.4797053555615
13.2,857.1293538005558
13.4,857.7630157044069
13.6,858.3809060919893
13.8,858.9832406131552
14.0,859.5702352923216
14.2,860.1421062765672
14.4,860.6990695837353
14.6,861.2413408519081
14.8,861.7691350914814
15.0,862.282666440936
15.2,862.7821479272772
15.4,863.2677912319871
15.6,863.7398064632177
15.8,864.1984019348386
16.0,864.6437839528469
16.2,865.0761566095474
16.4,865.4957215858169
16.6,865.9026779616806
16.8,866.2972220353497
17.0,866.6795471507965
17.2,867.04984353388
17.4,867.4082981369742
17.6,867.7550944920033
17.8,868.0904125717404
18.0,868.4144286591882
18.2,868.7273152248281
18.4,869.029240811497
18.6,869.3203699266251
18.8,869.6008629415577
19.0,869.8708759976618
19.2,870.1305609189169
19.4,870.3800651306793
19.6,870.6195315843086
19.8,870.8490986873439
20.0,871.0689002389236
20.2,871.2790653701435
20.4,871.479718489058
20.6,871.6709792300364
20.8,871.8529624071978
21.0,872.0257779716563
21.2,872.1895309723229
21.4,872.3443215200213
21.6,872.4902447546878
21.8,872.627390815439
22.0,872.755844813305
22.2,872.8756868064362
22.4,872.9869917776098
22.6,873.0898296138697
22.8,873.1842650881523
23.0,873.2703578427559
23.2,873.3481623745312
23.4,873.417728021678
23.6,873.4790989520443
23.8,873.5323141528361
24.0,873.5774074216597
24.2,873.6144073588239
24.4,873.643337360842
24.6,873.6642156150849
24.8,873.6770550955423
25.0,873.6818635596628
25.2,873.6786435462495
25.4,873.6673923743975
25.6,873.6481021434706
25.8,873.6207597341213
26.0,873.585346810367
26.2,873.5418398227482
26.4,873.4902100125968
26.6,873.4304234174592
26.8,873.3624408777254
27.0,873.2862180445209
27.2,873.2017053889382
27.4,873.1088482126847
27.6,873.0075866602417
27.8,872.8978557326373
28.0,872.7795853029467
28.2,872.6527001336499
28.4,872.517119895981
28.6,872.3727591914244
28.8,872.2195275755217
29.0,872.0573295841629
29.2,871.8860647625569
29.4,871.7056276970836
29.6,871.5159080502426
29.8,871.3167905989312
30.0,871.1081552762931
30.2,870.8898772173943
30.4,870.661826808993
30.6,870.4238697436809
30.8,870.1758670786842
31.0,869.9176752996218
31.2,869.6491463895236
31.4,869.3701279034166
31.6,869.0804630487922
31.8,868.7799907722664
32.0,868.4685458527405
32.2,868.1459590013695
32.4,867.812056968631
32.6,867.4666626587755
32.8,867.109595251924
33.0,866.7406703340527
33.2,866.3597000350793
33.4,865.9664931752333
33.6,865.5608554198495
33.8,865.1425894426856
34.0,864.711495097807
34.2,864.2673696000272
34.4,863.8100077138276
34.6,863.3392019506058
34.8,862.8547427740245
35.0,862.3564188131459
35.2,861.8440170829426
35.4,861.3173232116786
35.6,860.776121674543
35.8,860.2201960328084
36.0,859.6493291776685
36.2,859.0633035777827
36.4,858.4619015294294
36.6,857.8449054080374
36.8,857.2120979197311
37.0,856.5632623513901
37.2,855.8981828175855
37.4,855.2166445026268
37.6,854.5184338958155
37.8,853.8033390178786
38.0,853.0711496364329
38.2,852.3216574682193
38.4,851.5546563657417
38.6,850.7699424858533
38.8,849.9673144377604
39.0,849.1465734078442
39.2,848.3075232586652
39.4,847.449970599483
39.6,846.5737248256269
39.8,845.6785981240713
40.0,844.7644054426147
40.2,843.8309644201314
40.4,842.8780952754712
40.6,841.9056206527018
40.8,840.9133654205552
41.0,839.9011564241235
41.2,838.8688221870701
41.4,837.8161925628737
41.6,836.7430983338991
41.8,835.6493707574042
42.0,834.5348410579252
42.2,833.3993398658497
42.4,832.2426966023761
42.6,831.0647388114705
42.8,829.8652914398635
43.0,828.6441760665764
43.2,827.4012100839328
43.4,826.136205832477
43.6,824.8489696926978
43.8,823.5393011369382
44.0,822.2069917453382
44.2,820.8518241901244
44.4,819.4735711930134
44.6,818.071994460924
44.8,816.6468436056008
45.0,815.1978550531346
45.2,813.7247509497059
45.4,812.2272380701837
45.6,810.7050067364767
45.8,809.1577297527452
46.0,807.5850613647494
46.2,805.9866362507107
46.4,804.362068551122
46.6,802.7109509449194
46.8,801.0328537793655
47.0,799.3273242608492
47.2,797.5938857136075
47.4,795.8320369131062
47.6,794.0412515004894
47.8,792.2209774841084
48.0,790.3706368336962
48.2,788.4896251722336
48.4,786.5773115700002
48.6,784.6330384446803
48.8,782.6561215707435
49.0,780.6458502006215
49.2,778.6014872994693
49.4,776.5222698945493
49.6,774.407409539495
49.8,772.2560928929267
50.0,770.0674824100928
