0.0,868.8414268754183
0.2,869.4013494446139
0.4,869.9433726869646
0.6,870.4676831675184
0.8,870.9744796777126
1.0,871.4639732681565
1.2,871.9363872110451
1.4,872.3919568927224
1.6,872.8309296374271
1.8,873.2535644637567
2.0,873.6601317758634
2.2,874.0509129918565
2.4,874.4262001123221
2.6,874.7862952322689
2.8,875.1315100001832
3.0,875.4621650282052
3.2,875.7785892577317
3.4,876.0811192850026
3.6,876.3700986514355
3.8,876.6458771036367
4.0,876.9088098281351
4.2,877.1592566659561
4.4,877.397581312186
4.6,877.6241505056556
4.8,877.8393332138186
5.0,878.0434998177973
5.2,878.237021302431
5.4,878.4202684559874
5.6,878.5936110839916
5.8,878.7574172413839
6.0,878.9120524869561
6.2,879.0578791637236
6.4,879.1952557085825
6.6,879.3245359942749
6.8,879.4460687063442
7.0,879.5601967574183
7.2,879.6672567408046
7.4,879.7675784250226
7.6,879.8614842905536
7.8,879.9492891097324
8.0,880.0312995703719
8.2,880.1078139433783
8.4,880.1791217943029
8.6,880.2455037384727
8.8,880.3072312390681
9.0,880.3645664472424
9.2,880.4177620831501
9.4,880.4670613565205
9.6,880.5126979252252
9.8,880.5548958901117
10.0,880.5938698242284
10.2,880.6298248344418
10.4,880.6629566533428
10.6,880.6934517592656
10.8,880.7214875221813
11.0,880.7472323731989
11.2,880.7708459953883
11.4,880.7924795336468
11.6,880.8122758213548
11.8,880.8303696216017
12.0,880.8468878808202
12.2,880.8619499927356
12.4,880.8756680706118
12.6,880.8881472258679
12.8,880.8994858512381
13.0,880.9097759067498
13.2,880.9191032069077
13.4,880.927547707584
13.6,880.9351837912355
13.8,880.9420805491835
14.0,880.9483020598135
14.2,880.9539076616702
14.4,880.958952220538
14.6,880.9634863897115
14.8,880.967556862771
15.0,880.9712066182823
15.2,880.974475155944
15.4,880.9773987237952
15.6,880.9800105361943
15.8,880.9823409823559
16.0,880.9844178253169
16.2,880.9862663912688
16.4,880.9879097492645
16.6,880.989368881359
16.8,880.9906628433046
17.0,880.9918089159609
17.2,880.9928227476252
17.4,880.9937184875192
17.6,880.9945089107048
17.8,880.9952055347179
18.0,880.9958187282364
18.2,880.9963578121087
18.4,880.9968311530837
18.6,880.9972462505885
18.8,880.9976098169075
19.0,880.9979278511113
19.2,880.9982057070914
19.4,880.9984481560429
19.6,880.9986594437385
19.8,880.9988433429254
20.0,880.9990032011675
20.2,880.9991419844466
20.4,880.9992623168209
20.6,880.9993665164293
20.8,880.999456628115
21.0,880.9995344529306
21.2,880.9996015747685
21.4,880.9996593843499
21.6,880.9997091007915
21.8,880.9997517909519
22.0,880.9997883867487
22.2,880.9998197006237
22.4,880.9998464393171
22.6,880.9998692161053
22.8,880.9998885616333
23.0,880.9999049334756
23.2,880.999918724534
23.4,880.9999302703785
23.6,880.9999398556218
23.8,880.9999477194119
24.0,880.9999540601136
24.2,880.9999590392415
24.4,880.9999627847005
24.6,880.9999653933763
24.8,880.9999669331137
25.0,880.9999674441106
25.2,880.9999669397479
25.4,880.9999654068669
25.6,880.9999628054982
25.8,880.9999590680382
26.0,880.9999540978623
26.2,880.9999477673539
26.4,880.9999399153205
26.6,880.9999303437636
26.8,880.9999188139545
27.0,880.9999050417633
27.2,880.9998886921794
27.4,880.9998693729498
27.6,880.9998466272551
27.8,880.9998199253287
28.0,880.9997886549182
28.2,880.9997521104742
28.4,880.9997094809413
28.6,880.9996598360134
28.8,880.9996021107049
29.0,880.9995350880729
29.2,880.999457379916
29.4,880.9993674052604
29.6,880.9992633664297
29.8,880.9991432224806
30.0,880.9990046597754
30.2,880.9988450594436
30.4,880.9986614614745
30.6,880.9984505251691
30.8,880.9982084856623
31.0,880.9979311062208
31.2,880.997613626002
31.4,880.9972507029573
31.6,880.996836351545
31.8,880.9963638749178
32.0,880.9958257912398
32.2,880.995213753783
32.4,880.9945184644567
32.6,880.9937295804191
32.8,880.9928356134278
33.0,880.9918238215932
33.2,880.9906800932104
33.4,880.9893888223602
33.6,880.9879327759911
33.8,880.9862929522178
34.0,880.9844484296021
34.2,880.9823762072199
34.4,880.980051035353
34.6,880.9774452366995
34.8,880.9745285180417
35.0,880.9712677723745
35.2,880.9676268715625
35.4,880.9635664496614
35.6,880.9590436771242
35.8,880.9540120261906
36.0,880.9484210278513
36.2,880.9422160208751
36.4,880.9353378934859
36.6,880.9277228183835
36.8,880.9193019819127
37.0,880.910001308298
37.2,880.8997411799775
37.4,880.8884361551881
37.6,880.8759946840737
37.8,880.8623188247046
38.0,880.8473039605163
38.2,880.8308385207879
38.4,880.812803705892
38.6,880.7930732191516
38.8,880.7715130072376
39.0,880.7479810111298
39.2,880.7223269297408
39.4,880.6943919983706
39.6,880.6640087842144
39.8,880.63100100118
40.0,880.595183346298
40.2,880.5563613600077
40.4,880.5143313125901
40.6,880.4688801189806
40.8,880.419785284138
41.0,880.3668148810679
41.2,880.3097275634924
41.4,880.2482726150366
41.6,880.1821900366471
41.8,880.1112106737879
42.0,880.0350563847591
42.2,879.953440251262
42.4,879.8660668320971
42.6,879.7726324606084
42.8,879.6728255862145
43.0,879.566327160056
43.2,879.4528110644783
43.4,879.3319445857356
43.6,879.20338892896
43.8,879.06679977409
44.0,878.921827871103
44.2,878.7681196725302
44.4,878.6053180008884
44.6,878.4330627483084
44.8,878.2509916053008
45.0,878.0587408152722
45.2,877.8559459510992
45.4,877.6422427097671
45.6,877.4172677208242
45.8,877.1806593641594
46.0,876.9320585924003
46.2,876.6711097530558
46.4,876.3974614053939
46.6,876.1107671269373
46.8,875.8106863044114
47.0,875.4968849039575
47.2,875.169036215455
47.4,874.8268215658751
47.6,874.4699309967037
47.8,874.0980639006372
48.0,873.7109296129655
48.2,873.3082479533147
48.4,872.8897497137056
48.6,872.455177089232
48.8,872.0042840480272
49.0,871.5368366375948
49.2,871.0526132250166
49.4,870.5514046690149
49.6,870.0330144223312
49.8,869.4972585633823
50.0,868.9439657566817
