0.0,470.8597893321433
0.2,476.059226449614
0.4,481.2290162775011
0.6,486.36813503440413
0.8,491.47558422272243
1.0,496.55039124420637
1.2,501.59160996849334
1.4,506.5983212537979
1.6,511.5696334190785
1.8,516.5046826671584
2.0,521.4026334584315
2.2,526.2626788349415
2.4,531.084040694771
2.6,535.8659700168341
2.8,540.6077470363109
3.0,545.3086813711077
3.2,549.9681120998713
3.4,554.5854077922205
3.6,559.1599664919888
3.8,563.6912156544018
4.0,568.1786120382292
4.2,572.62164155407
4.4,577.0198190700296
4.6,581.3726881761519
4.8,585.6798209090595
5.0,589.9408174383391
5.2,594.1553057162834
5.4,598.3229410926705
5.6,602.4434058963194
5.8,606.5164089852121
6.0,610.5416852670139
6.2,614.5189951918569
6.4,618.4481242192812
6.6,622.3288822612401
6.8,626.1611031030897
7.0,629.9446438044848
7.2,633.6793840820942
7.4,637.3652256760391
7.6,641.0020917019391
7.8,644.5899259904188
8.0,648.1286924159039
8.2,651.6183742164905
8.4,655.0589733066315
8.6,658.4505095843358
8.8,661.7930202345207
9.0,665.0865590301044
9.2,668.3311956323621
9.4,671.5270148920071
9.6,674.6741161523929
9.8,677.7726125561597
10.0,680.8226303565832
10.2,683.8243082348092
10.4,686.7777966240835
10.6,689.6832570420152
10.8,692.5408614318369
11.0,695.3507915135514
11.2,698.1132381457799
11.4,700.8284006990585
11.6,703.4964864412527
11.8,706.1177099356939
12.0,708.6922924525719
12.2,711.2204613940493
12.4,713.7024497335034
12.6,716.138495469233
12.8,718.5288410929121
13.0,720.8737330730129
13.2,723.1734213533671
13.4,725.4281588669797
13.6,727.6382010651637
13.8,729.8038054620139
14.0,731.9252311941981
14.2,734.0027385960011
14.4,736.0365887895176
14.6,738.0270432898591
14.8,739.9743636252042
15.0,741.8788109714957
15.2,743.7406458015556
15.4,745.5601275483735
15.6,747.3375142822945
15.8,749.0730624018175
16.0,750.7670263377008
16.2,752.419658270052
16.4,754.0312078580713
16.6,755.6019219821068
16.8,757.1320444976709
17.0,758.6218160010643
17.2,760.0714736062434
17.4,761.4812507325738
17.6,762.8513769031003
17.8,764.1820775529756
18.0,765.4735738476799
18.2,766.7260825106774
18.4,767.9398156601507
18.6,769.1149806544646
18.8,770.2517799460144
19.0,771.3504109431192
19.2,772.411065879632
19.4,773.4339316919419
19.6,774.4191899030535
19.8,775.3670165134407
20.0,776.2775818983764
20.2,777.1510507114526
20.4,777.9875817940168
20.6,778.787328090255
20.8,779.5504365676693
21.0,780.2770481427036
21.2,780.9672976112846
21.4,781.6213135840532
21.6,782.2392184260763
21.8,782.8211282008358
22.0,783.3671526183052
22.2,783.8773949869335
22.4,784.3519521693689
22.6,784.790914541763
22.8,785.1943659565075
23.0,785.5623837082696
23.2,785.8950385031968
23.4,786.1923944311767
23.6,786.4545089410472
23.8,786.6814328186601
24.0,786.8732101677164
24.2,787.029878393294
24.4,787.1514681880094
24.6,787.2380035207527
24.8,787.2895016279562
25.0,787.3059730073584
25.2,787.2874214142415
25.4,787.2338438601258
25.6,787.1452306139156
25.8,787.0215652055043
26.0,786.8628244318493
26.2,786.6689783655444
26.4,786.4399903659225
26.6,786.175817092734
26.8,785.8764085224543
27.0,785.5417079672853
27.2,785.171652096925
27.4,784.7661709631901
27.6,784.3251880275868
27.8,783.8486201919337
28.0,783.3363778321533
28.2,782.7883648353586
28.4,782.2044786403694
28.6,781.5846102818076
28.8,780.9286444379279
29.0,780.2364594823542
29.2,779.5079275398991
29.4,778.7429145466576
29.6,777.9412803145782
29.8,777.1028786007196
30.0,776.2275571814203
30.2,775.315157931611
30.4,774.3655169095189
30.6,773.3784644470129
30.8,772.3538252458626
31.0,771.2914184801822
31.2,770.191057905346
31.4,769.0525519736738
31.6,767.8757039571891
31.8,766.6603120777651
32.0,765.4061696449818
32.2,764.1130652020246
32.4,762.7807826799612
32.6,761.4091015607443
32.8,759.9977970492869
33.0,758.546640254969
33.2,757.0553983829323
33.4,755.5238349355259
33.6,753.951709924267
33.8,752.3387800926795
34.0,750.6847991503746
34.2,748.9895180187316
34.4,747.252685088537
34.6,745.47404648993
34.8,743.6533463749977
35.0,741.7903272133509
35.2,739.8847301010015
35.4,737.9362950828464
35.6,735.9447614890491
35.8,733.9098682855886
36.0,731.8313544392238
36.2,729.708959297102
36.4,727.5424229812058
36.6,725.3314867978135
36.8,723.0758936621032
37.0,720.7753885380105
37.2,718.4297188933984
37.4,716.0386351705667
37.6,713.60189127208
37.8,711.1192450618464
38.0,708.5904588813356
38.2,706.0153000807644
38.4,703.3935415650288
38.6,700.7249623541042
38.8,698.009348157569
39.0,695.2464919628566
39.2,692.4361946367618
39.4,689.5782655396722
39.6,686.6725231519208
39.8,683.7187957115899
40.0,680.7169218630196
40.2,677.6667513152082
40.4,674.5681455092138
40.6,671.4209782935937
40.8,668.2251366068476
41.0,664.9805211657509
41.2,661.6870471583977
41.4,658.344644940698
41.6,654.9532607350023
41.8,651.5128573294614
42.0,648.0234147766593
42.2,644.4849310899965
42.4,640.8974229362378
42.6,637.2609263225852
42.8,633.5754972765786
43.0,629.8412125170861
43.2,626.0581701145934
43.4,622.2264901389722
43.6,618.3463152928682
43.8,614.4178115288299
44.0,610.4411686482733
44.2,606.4166008803686
44.4,602.3443474389292
44.6,598.2246730553849
44.8,594.0578684859289
45.0,589.8442509909496
45.2,585.5841647848798
45.4,581.2779814546321
45.6,576.926100344833
45.8,572.5289489081142
46.0,568.0869830187842
46.2,563.6006872482653
46.4,559.0705751007636
46.6,554.4971892077139
46.8,549.881101479643
47.0,545.2229132141871
47.2,540.523255159109
47.4,535.7827875292721
47.6,531.0021999766519
47.8,526.1822115125864
48.0,521.3235703816055
48.2,516.4270538863099
48.4,511.4934681629165
48.6,506.5236479072288
48.8,501.518456050943
49.0,496.47878338834914
49.2,491.4055481536412
49.4,486.29969554920257
49.6,481.16219722539165
49.8,475.99405071250203
50.0,470.7962788057293
