0.0,786.5134723653424
0.2,788.7416805676008
0.4,790.92787411904
0.6,793.0731071221237
0.8,795.1782729018051
1.0,797.2441255230066
1.2,799.2713070970567
1.4,801.2603760517766
1.6,803.211832598139
1.8,805.1261392519551
2.0,807.0037358440441
2.2,808.8450495725377
2.4,810.6505012007384
2.6,812.4205085867563
2.8,814.1554885415806
3.0,815.8558577295473
3.2,817.5220330631329
3.4,819.154431849599
3.6,820.7534718231084
3.8,822.3195711259198
4.0,823.8531482666039
4.2,825.354622066677
4.4,826.8244116000013
4.6,828.2629361265426
4.8,829.670615021084
5.0,831.0478676971622
5.2,832.3951135264024
5.4,833.7127717534074
5.6,835.0012614063651
5.8,836.2610012035386
6.0,837.4924094558278
6.2,838.695903965585
6.4,839.8719019218947
6.6,841.0208197925218
6.8,842.1430732127491
7.0,843.2390768713307
7.2,844.3092443937936
7.4,845.3539882233267
7.6,846.3737194994993
7.8,847.3688479350603
8.0,848.3397816910662
8.2,849.2869272505919
8.4,850.210689291283
8.6,851.1114705569997
8.8,851.9896717288142
9.0,852.8456912956116
9.2,853.6799254245508
9.4,854.4927678316344
9.6,855.2846096526357
9.8,856.0558393146247
10.0,856.8068424083341
10.2,857.5380015615955
10.4,858.2496963140743
10.6,858.9423029935227
10.8,859.6161945937638
11.0,860.2717406546105
11.2,860.9093071439167
11.4,861.5292563419475
11.6,862.1319467282451
11.8,862.7177328711597
12.0,863.2869653202026
12.2,863.8399905013689
12.4,864.3771506155653
12.6,864.8987835402693
12.8,865.4052227345335
13.0,865.8967971474374
13.2,866.3738311300776
13.4,866.8366443511777
13.6,867.2855517163819
13.8,867.7208632912924
14.0,868.1428842282938
14.2,868.5519146971963
14.4,868.9482498197207
14.6,869.3321796078366
14.8,869.7039889059504
15.0,870.0639573369339
15.2,870.4123592519707
15.4,870.7494636841885
15.6,871.0755343060343
15.8,871.3908293903405
16.0,871.6956017750217
16.2,871.9900988313307
16.4,872.2745624355958
16.6,872.5492289443524
16.8,872.8143291727738
17.0,873.0700883763008
17.2,873.3167262353608
17.4,873.5544568430615
17.6,873.7834886957404
17.8,874.0040246862409
18.0,874.2162620997891
18.2,874.4203926123337
18.4,874.6166022912099
18.6,874.8050715979876
18.8,874.9859753933591
19.0,875.1594829439169
19.2,875.3257579306774
19.4,875.4849584591972
19.6,875.6372370711341
19.8,875.7827407570999
20.0,875.9216109706558
20.2,876.0539836433031
20.4,876.1799892003144
20.6,876.2997525772657
20.8,876.4133932371196
21.0,876.5210251877189
21.2,876.6227569995518
21.4,876.7186918236519
21.6,876.8089274094993
21.8,876.8935561227987
22.0,876.9726649630044
22.2,877.0463355804785
22.4,877.1146442931654
22.6,877.1776621026736
22.8,877.2354547096633
23.0,877.2880825284417
23.2,877.3356007006756
23.4,877.3780591081346
23.6,877.4155023843906
23.8,877.4479699254001
24.0,877.475495898905
24.2,877.4981092525958
24.4,877.515833720988
24.6,877.5286878309688
24.8,877.5366849059797
25.0,877.5398330688072
25.2,877.5381352429642
25.4,877.5315891526487
25.6,877.5201873212774
25.8,877.5039170685955
26.0,877.48276050638
26.2,877.4566945327493
26.4,877.4256908251115
26.6,877.3897158317832
26.8,877.3487307623233
27.0,877.3026915766304
27.2,877.251548972862
27.4,877.1952483742386
27.6,877.1337299148056
27.8,877.066928424231
28.0,876.9947734117234
28.2,876.9171890491617
28.4,876.8340941535362
28.6,876.7454021688011
28.8,876.651021147252
29.0,876.55085373054
29.2,876.4447971304442
29.4,876.3327431095257
29.6,876.2145779617957
29.8,876.0901824935261
30.0,875.9594320043436
30.2,875.8221962687469
30.4,875.6783395181889
30.6,875.5277204238721
30.8,875.3701920804042
31.0,875.2056019904619
31.2,875.0337920506182
31.4,874.8545985384808
31.6,874.6678521012958
31.8,874.4733777461684
32.0,874.2709948320506
32.2,874.0605170636485
32.4,873.8417524873933
32.6,873.6145034896276
32.8,873.3785667971456
33.0,873.1337334802294
33.2,872.8797889583186
33.4,872.6165130084443
33.6,872.3436797765554
33.8,872.0610577918586
34.0,871.7684099842905
34.2,871.4654937052292
34.4,871.1520607515516
34.6,870.8278573931311
34.8,870.4926244038637
35.0,870.146097096305
35.2,869.7880053599868
35.4,869.4180737034807
35.6,869.0360213002576
35.8,868.6415620383898
36.0,868.2344045741298
36.2,867.8142523893869
36.4,867.3808038531165
36.6,866.9337522866242
36.8,866.4727860327738
37.0,865.9975885290808
37.2,865.507838384657
37.4,865.0032094609655
37.6,864.4833709563279
37.8,863.9479874941198
38.0,863.3967192145728
38.2,862.829221870095
38.4,862.2451469240065
38.6,861.644141652577
38.8,861.0258492502401
39.0,860.3899089378485
39.2,859.7359560738236
39.4,859.0636222680389
39.6,858.3725354982746
39.8,857.6623202290594
40.0,856.9325975327164
40.2,856.1829852124139
40.4,855.4130979270177
40.6,854.6225473175301
40.8,853.810942134896
41.0,852.9778883689464
41.2,852.1229893782493
41.4,851.2458460206237
41.6,850.3460567840752
41.8,849.423217917904
42.0,848.4769235637325
42.2,847.5067658861996
42.4,846.5123352030619
42.6,845.4932201144491
42.8,844.4490076310104
43.0,843.3792833007001
43.2,842.2836313339421
43.4,841.1616347269248
43.6,840.0128753827719
43.8,838.8369342303474
44.0,837.633391340452
44.2,836.4018260391746
44.4,835.1418170181732
44.6,833.852942441664
44.8,832.5347800499036
45.0,831.1869072589632
45.2,829.808901256601
45.4,828.4003390940481
45.6,826.9607977735375
45.8,825.4898543314097
46.0,823.987085916642
46.2,822.4520698646177
46.4,820.8843837658676
46.6,819.283605529183
46.8,817.6493134375
47.0,815.9810861921867
47.2,814.2785029342915
47.4,812.5411432146972
47.6,810.7685868493191
47.8,808.9604135252015
48.0,807.1162018989593
48.2,805.2355277338562
48.4,803.317960358729
48.6,801.3630564481715
48.8,799.3703499330761
49.0,797.3393369337897
49.2,795.2694551601106
49.4,793.1600583470206
49.6,791.0103878763275
49.8,788.8195453663863
50.0,786.586471074489
