0.0,758.9914875859492
0.2,761.5098600371817
0.4,763.972788975471
0.6,766.3821253526536
0.8,768.7396556446656
1.0,771.0471002878513
1.2,773.306112557558
1.4,775.5182778837167
1.6,777.6851135923035
1.8,779.8080690561594
2.0,781.8885262337341
2.2,783.9278005699989
2.4,785.9271422301107
2.6,787.8877376334752
2.8,789.8107112536692
3.0,791.6971276482433
3.2,793.5479936817474
3.4,795.3642609053377
3.6,797.1468280570252
3.8,798.8965436479077
4.0,800.614208601552
4.2,802.3005789159487
4.4,803.9563683200754
4.6,805.5822508999845
4.8,807.1788636723703
5.0,808.746809086719
5.2,810.2866574402773
5.4,811.7989491931568
5.6,813.284197173843
5.8,814.742888668145
6.0,816.1754873871707
6.2,817.582435312212
6.4,818.9641544164443
6.6,820.3210482650917
6.8,821.6535034971632
7.0,822.9618911930501
7.2,824.2465681331906
7.4,825.5078779536797
7.6,826.746152205149
7.8,827.9617113214962
8.0,829.1548655051135
8.2,830.3259155352032
8.4,831.4751535055805
8.6,832.6028634980846
8.8,833.7093221973659
9.0,834.7947994524275
9.2,835.8595587898619
9.4,836.9038578832912
9.6,837.9279489830718
9.8,838.9320793099038
10.0,839.9164914155633
10.2,840.8814235136073
10.4,841.8271097825357
10.6,842.7537806435857
10.8,843.6616630150421
11.0,844.550980544701
11.2,845.4219538219065
11.4,846.2748005703927
11.6,847.1097358230128
11.8,847.9269720793
12.0,848.726719446709
12.2,849.5091857662952
12.4,850.2745767235261
12.6,851.023095944871
12.8,851.7549450807729
13.0,852.4703238755844
13.2,853.16943022503
13.4,853.8524602217417
13.6,854.519608189415
13.8,855.1710667061229
14.0,855.8070266173287
14.2,856.4276770391369
14.4,857.0332053523227
14.6,857.6237971876822
14.8,858.1996364032445
15.0,858.7609050538882
15.2,859.3077833538969
15.4,859.8404496329933
15.6,860.3590802863791
15.8,860.8638497193016
16.0,861.3549302866631
16.2,861.8324922281757
16.4,862.2967035995513
16.6,862.7477302002075
16.8,863.1857354979501
17.0,863.6108805510822
17.2,864.0233239283681
17.4,864.4232216272668
17.6,864.8107269908296
17.8,865.1859906236353
18.0,865.549160307122
18.2,865.900380914648
18.4,866.239794326602
18.6,866.5675393458558
18.8,866.8837516138376
19.0,867.1885635274826
19.2,867.4821041572989
19.4,867.7644991667665
19.6,868.0358707332715
19.8,868.2963374707568
20.0,868.5460143542562
20.2,868.7850126464606
20.4,869.0134398264502
20.6,869.231399520713
20.8,869.4389914365518
21.0,869.6363112979758
21.2,869.8234507841528
21.4,870.0004974704932
21.6,870.1675347724243
21.8,870.3246418919009
22.0,870.4718937666958
22.2,870.6093610225009
22.4,870.7371099278652
22.6,870.8552023519885
22.8,870.9636957253871
23.0,871.0626430034383
23.2,871.152092632814
23.4,871.2320885208022
23.6,871.302670007521
23.8,871.3638718410192
24.0,871.4157241552673
24.2,871.4582524510282
24.4,871.4914775796099
24.6,871.5154157294925
24.8,871.5300784158296
25.0,871.5354724728156
25.2,871.531600048923
25.4,871.5184586050038
25.6,871.496040915257
25.8,871.4643350710628
26.0,871.4233244876839
26.2,871.3729879138378
26.4,871.3132994441443
26.6,871.2442285344489
26.8,871.1657400200315
27.0,871.0777941367
27.2,870.9803465447741
27.4,870.8733483559646
27.6,870.7567461631461
27.8,870.6304820730265
28.0,870.4944937417076
28.2,870.3487144131328
28.4,870.1930729604122
28.6,870.027493930011
28.8,869.8518975887816
29.0,869.6661999738142
29.2,869.4703129450739
29.4,869.2641442407845
29.6,869.0475975355093
29.8,868.8205725008742
30.0,868.5829648688591
30.2,868.3346664975841
30.4,868.0755654394944
30.6,867.8055460118406
30.8,867.5244888693355
31.0,867.232271078854
31.2,866.9287661960255
31.4,866.6138443435566
31.6,866.2873722910961
31.8,865.9492135364475
32.0,865.599228387907
32.2,865.23727404749
32.4,864.8632046947895
32.6,864.476871571191
32.8,864.0781230641454
33.0,863.6668047911858
33.2,863.2427596833514
33.4,862.8058280676628
33.6,862.3558477482717
33.8,861.8926540858952
34.0,861.4160800751156
34.2,860.925956419121
34.4,860.4221116014353
34.6,859.9043719541767
34.8,859.3725617223646
35.0,858.8265031237872
35.2,858.266016403922
35.4,857.6909198853995
35.6,857.1010300114862
35.8,856.4961613830575
36.0,855.8761267885255
36.2,855.2407372261824
36.4,854.5898019184195
36.6,853.9231283172782
36.8,853.2405221007886
37.0,852.5417871595574
37.2,851.8267255730583
37.4,851.0951375750836
37.6,850.346821507815
37.8,849.5815737639587
38.0,848.7991887163932
38.2,847.9994586347531
38.4,847.1821735883591
38.6,846.3471213348706
38.8,845.4940871939964
39.0,844.6228539055444
39.2,843.7332014710207
39.4,842.8249069778931
39.6,841.8977444055272
39.8,840.9514844116594
40.0,839.9858940981068
40.2,839.0007367542157
40.4,837.9957715763218
40.6,836.9707533612226
40.8,835.9254321713693
41.0,834.859552969139
41.2,833.7728552171812
41.4,832.6650724414206
41.6,831.5359317528726
41.8,830.385153323967
42.0,829.2124498146171
42.2,828.0175257428019
42.4,826.8000767939774
42.6,825.559789063219
42.8,824.2963382236254
43.0,823.0093886142199
43.2,821.6985922403949
43.4,820.3635876798686
43.6,819.0039988872146
43.8,817.6194338902836
44.0,816.2094833723132
44.2,814.7737191342342
44.4,813.3116924326462
44.6,811.8229321901865
44.8,810.3069430765526
45.0,808.7632034602793
45.2,807.1911632335017
45.4,805.5902415143624
45.6,803.9598242344026
45.8,802.2992616212005
46.0,800.607865589625
46.2,798.884907058318
46.4,797.1296132113281
46.6,795.3411647281191
46.8,793.5186930083925
47.0,791.6612774211831
47.2,789.7679426104454
47.4,787.8376558917206
47.6,785.8693247763864
47.8,783.8617946613524
48.0,781.813846722784
48.2,779.7241960524625
48.4,777.5914900746621
48.6,775.4143072799098
48.8,773.1911563096829
49.0,770.9204754230032
49.2,768.6006323720248
49.4,766.2299247091615
49.6,763.8065805431108
49.8,761.3287597554337
50.0,758.7945556832219
