0.0,807.1907179814333
0.2,809.2178305301483
0.4,811.2036755810257
0.6,813.1485985740459
0.8,815.052951671125
1.0,816.9170940400581
1.2,818.7413921072807
1.4,820.5262197783572
1.6,822.2719586252689
1.8,823.9789980397366
2.0,825.6477353519808
2.2,827.2785759144916
2.4,828.8719331505486
2.6,830.4282285674041
2.8,831.9478917342082
3.0,833.431360224922
3.2,834.8790795266274
3.4,836.2915029138039
3.6,837.6690912892905
3.8,839.0123129928054
4.0,840.3216435780354
4.2,841.5975655594366
4.4,842.8405681300222
4.6,844.0511468515227
4.8,845.2298033184143
5.0,846.3770447974124
5.2,847.4933838441111
5.4,848.5793378985276
5.6,849.6354288613783
5.8,850.6621826529728
6.0,851.6601287566464
6.2,852.6297997486986
6.4,853.5717308168167
6.6,854.486459268985
6.8,855.3745240348719
7.0,856.2364651616869
7.2,857.0728233064733
7.4,857.8841392267786
7.6,858.670953271602
7.8,859.4338048744737
8.0,860.1732320504644
8.2,860.8897708988616
8.4,861.5839551131738
8.6,862.2563155000562
8.8,862.907379508656
9.0,863.5376707718001
9.2,864.1477086603467
9.4,864.7380078519285
9.6,865.3090779152162
9.8,865.8614229107291
10.0,866.3955410091129
10.2,866.9119241277056
10.4,867.4110575860982
10.6,867.8934197813008
10.8,868.3594818830137
11.0,868.8097075494026
11.2,869.244552663674
11.4,869.664465091651
11.6,870.0698844604477
11.8,870.4612419582552
12.0,870.8389601551556
12.2,871.2034528448005
12.4,871.5551249067071
12.6,871.8943721888489
12.8,872.2215814101487
13.0,872.5371300824119
13.2,872.8413864511809
13.4,873.1347094549321
13.6,873.4174487019878
13.8,873.6899444644736
14.0,873.9525276886035
14.2,874.2055200205526
14.4,874.4492338471364
14.6,874.683972350499
14.8,874.9100295759936
15.0,875.1276905124197
15.2,875.3372311837753
15.4,875.5389187516802
15.6,875.7330116276185
15.8,875.9197595941595
16.0,876.0994039343178
16.2,876.2721775682274
16.4,876.4383051963159
16.6,876.5980034481839
16.8,876.7514810364124
17.0,876.8989389145463
17.2,877.0405704385187
17.4,877.176561530816
17.6,877.3070908467062
17.8,877.4323299418785
18.0,877.552443440881
18.2,877.6675892057646
18.4,877.7779185043785
18.6,877.8835761777923
18.8,877.9847008063506
19.0,878.0814248738985
19.2,878.1738749297492
19.4,878.262171747991
19.6,878.3464304837682
19.8,878.4267608261938
20.0,878.5032671475834
20.2,878.5760486487275
20.4,878.6451994999455
20.6,878.7108089776892
20.8,878.7729615964893
21.0,878.8317372360581
21.2,878.8872112633902
21.4,878.9394546497117
21.6,878.9885340821577
21.8,879.0345120700688
22.0,879.0774470458149
22.2,879.1173934600687
22.4,879.1544018714634
22.6,879.1885190305835
22.8,879.2197879582418
23.0,879.2482480180116
23.2,879.2739349829847
23.4,879.2968810967375
23.6,879.317115128488
23.8,879.3346624224334
24.0,879.3495449412626
24.2,879.3617813038369
24.4,879.3713868170386
24.6,879.3783735017834
24.8,879.3827501131966
25.0,879.3845221549531
25.2,879.3836918877773
25.4,879.3802583321061
25.6,879.3742172649065
25.8,879.3655612106501
26.0,879.3542794264379
26.2,879.3403578812735
26.4,879.3237792294777
26.6,879.3045227782434
26.8,879.2825644493248
27.0,879.2578767348612
27.2,879.2304286473329
27.4,879.2001856636537
27.6,879.1671096634035
27.8,879.1311588612156
28.0,879.0922877333288
28.2,879.050446938333
28.4,879.0055832321355
28.6,878.9576393771869
28.8,878.9065540460198
29.0,878.8522617191588
29.2,878.7946925774771
29.4,878.7337723890914
29.6,878.6694223908961
29.8,878.6015591648642
30.0,878.5300945092521
30.2,878.4549353048733
30.4,878.3759833766231
30.6,878.2931353504619
30.8,878.206282506087
31.0,878.1153106255525
31.2,878.0200998381193
31.4,877.9205244616478
31.6,877.8164528408753
31.8,877.7077471829493
32.0,877.594263390619
32.2,877.4758508935167
32.4,877.3523524779997
32.6,877.2236041160428
32.8,877.0894347937178
33.0,876.9496663398193
33.2,876.8041132552286
33.4,876.6525825436454
33.6,876.4948735443369
33.8,876.330777767593
34.0,876.1600787335989
34.2,875.9825518154622
34.4,875.7979640871614
34.6,875.6060741771981
34.8,875.4066321287614
35.0,875.1993792672251
35.2,874.9840480758173
35.4,874.7603620803084
35.6,874.5280357435739
35.8,874.2867743708929
36.0,874.0362740268371
36.2,873.7762214646085
36.4,873.5062940686682
36.6,873.2261598114876
36.8,872.935477225233
37.0,872.6338953891739
37.2,872.321053933571
37.4,871.9965830607684
37.6,871.6601035841766
37.8,871.311226985781
38.0,870.9495554927687
38.2,870.5746821738004
38.4,870.1861910554021
38.6,869.7836572588769
38.8,869.3666471580688
39.0,868.9347185582343
39.2,868.4874208961938
39.4,868.0242954618486
39.6,867.544875641063
39.8,867.0486871798119
40.0,866.535248469402
40.2,866.0040708524705
40.4,865.4546589493667
40.6,864.8865110044136
40.8,864.2991192514438
41.0,863.6919702978971
41.2,863.0645455266583
41.4,862.4163215147104
41.6,861.746770467571
41.8,861.0553606683794
42.0,860.3415569403958
42.2,859.6048211215838
42.4,858.8446125498459
42.6,858.0603885573981
42.8,857.2516049726846
43.0,856.4177166281523
43.2,855.5581778721388
43.4,854.672443083059
43.6,853.7599671840204
43.8,852.8202061559515
44.0,851.8526175472838
44.2,850.856660978203
44.4,849.8317986374641
44.6,848.7774957697512
44.8,847.6932211515721
45.0,846.5784475536803
45.2,845.4326521880471
45.4,844.2553171374359
45.6,843.0459297656786
45.8,841.8039831068068
46.0,840.5289762312619
46.2,839.2204145874824
46.4,837.8778103172574
46.6,836.5006825433331
46.8,835.0885576278691
47.0,833.6409694004574
47.2,832.1574593545448
47.4,830.6375768112364
47.6,829.0808790495956
47.8,827.4869314027111
48.0,825.8553073189508
48.2,824.1855883879892
48.4,822.4773643313519
48.6,820.7302329573955
48.8,818.9438000808077
49.0,817.1176794068809
49.2,815.2514923809921
49.4,813.3448680038819
49.6,811.3974426135044
49.8,809.4088596343771
50.0,807.3787692955274
