0.0,865.1664724957145
0.2,865.7664313201847
0.4,866.3500464532949
0.6,866.9175174082386
0.8,867.4690478576313
1.0,868.0048456434524
1.2,868.5251227679171
1.4,869.0300953652637
1.6,869.5199836545352
1.8,869.9950118735317
2.0,870.4554081942076
2.2,870.901404619877
2.4,871.3332368646821
2.6,871.7511442158689
2.8,872.1553693794909
3.0,872.5461583102501
3.2,872.9237600262453
3.4,873.2884264094798
3.6,873.6404119930335
3.8,873.9799737358644
4.0,874.3073707862598
4.2,874.6228642349926
4.4,874.9267168592864
4.6,875.2191928587145
4.8,875.5005575841882
5.0,875.771077261207
5.2,876.0310187085475
5.4,876.2806490535811
5.6,876.5202354453966
5.8,876.7500447669061
6.0,876.9703433470844
6.2,877.1813966744805
6.4,877.3834691131053
6.6,877.5768236217698
6.8,877.7617214779068
7.0,877.9384220068699
7.2,878.107182317651
7.4,878.2682570459093
7.6,878.4218981051496
7.8,878.5683544468263
8.0,878.7078718300938
8.2,878.8406926018534
8.4,878.967055487692
8.6,879.0871953942309
8.8,879.2013432233447
9.0,879.3097256986383
9.2,879.4125652045044
9.4,879.5100796380166
9.6,879.6024822738474
9.8,879.6899816423364
10.0,879.7727814207695
10.2,879.8510803378697
10.4,879.9250720914414
10.6,879.9949452790534
10.8,880.0608833415909
11.0,880.1230645194589
11.2,880.1816618211695
11.4,880.2368430040008
11.6,880.2887705663782
11.8,880.3376017515881
12.0,880.3834885623997
12.2,880.4265777861464
12.4,880.4670110297839
12.6,880.5049247644276
12.8,880.5404503788461
13.0,880.5737142413773
13.2,880.6048377697197
13.4,880.6339375080411
13.6,880.6611252108473
13.8,880.6865079330438
14.0,880.7101881256312
14.2,880.7322637364747
14.4,880.7528283155962
14.6,880.771971124445
14.8,880.7897772486177
15.0,880.8063277135042
15.2,880.8216996023606
15.4,880.8359661763194
15.6,880.84919699587
15.8,880.8614580433588
16.0,880.8728118460836
16.2,880.8833175995718
16.4,880.8930312906617
16.6,880.9020058200222
16.8,880.9102911237744
17.0,880.9179342939005
17.2,880.9249796971458
17.4,880.9314690921484
17.6,880.9374417445506
17.8,880.9429345398686
18.0,880.9479820939214
18.2,880.9526168606405
18.4,880.9568692371021
18.6,880.9607676656444
18.8,880.9643387329546
19.0,880.9676072660222
19.2,880.9705964248799
19.4,880.9733277920654
19.6,880.9758214587554
19.8,880.9780961075339
20.0,880.980169091776
20.2,880.9820565116357
20.4,880.9837732866389
20.6,880.985333224894
20.8,880.9867490889408
21.0,880.9880326582645
21.2,880.989194788514
21.4,880.9902454674609
21.6,880.9911938677499
21.8,880.9920483964886
22.0,880.992816741731
22.2,880.9935059159095
22.4,880.9941222962731
22.6,880.994671662389
22.8,880.9951592307652
23.0,880.9955896866495
23.2,880.9959672130617
23.4,880.9962955171097
23.6,880.9965778536417
23.8,880.9968170462793
24.0,880.997015505876
24.2,880.9971752464411
24.4,880.9972978985609
24.6,880.9973847203506
24.8,880.9974366059599
25.0,880.9974540916519
25.2,880.997437359471
25.4,880.997386238508
25.6,880.9973002037667
25.8,880.9971783726261
26.0,880.9970194988965
26.2,880.996821964451
26.4,880.9965837684155
26.6,880.9963025138943
26.8,880.9959753922011
27.0,880.9955991645623
27.2,880.9951701412543
27.4,880.9946841581341
27.6,880.9941365505159
27.8,880.9935221243456
28.0,880.9928351246227
28.2,880.9920692010146
28.4,880.9912173706095
28.6,880.990271977752
28.8,880.9892246509045
29.0,880.9880662564813
29.2,880.9867868495984
29.4,880.9853756216914
29.6,880.9838208449502
29.8,880.982109813526
30.0,880.980228781474
30.2,880.9781628973964
30.4,880.9758961357587
30.6,880.9734112248634
30.8,880.9706895714708
31.0,880.9677111820661
31.2,880.9644545807896
31.4,880.9608967240495
31.6,880.9570129118591
31.8,880.9527766959498
32.0,880.9481597847272
32.2,880.9431319451576
32.4,880.9376609016839
32.6,880.9317122322951
32.8,880.9252492618878
33.0,880.91823295308
33.2,880.9106217946613
33.4,880.9023716878805
33.6,880.8934358307966
33.8,880.8837646009424
34.0,880.8733054365716
34.2,880.8620027167839
34.4,880.8497976408465
34.6,880.8366281070539
34.8,880.822428591489
35.0,880.8071300270755
35.2,880.7906596833272
35.4,880.7729410472303
35.6,880.7538937057043
35.8,880.7334332301169
36.0,880.711471063341
36.2,880.6879144098565
36.4,880.6626661294207
36.6,880.6356246348404
36.8,880.6066837943873
37.0,880.5757328394129
37.2,880.542656277719
37.4,880.507333813248
37.6,880.4696402726568
37.8,880.4294455393302
38.0,880.3866144953951
38.2,880.3410069722759
38.4,880.2924777103277
38.6,880.240876328065
38.8,880.1860473014827
39.0,880.1278299539458
39.2,880.0660584570975
39.4,880.0005618432004
39.6,879.9311640292999
39.8,879.8576838535499
40.0,879.7799351240116
40.2,879.6977266801811
40.4,879.6108624674605
40.6,879.5191416247324
40.8,879.4223585851428
41.0,879.3203031901458
41.2,879.2127608167943
41.4,879.099512518212
41.6,878.9803351771037
41.8,878.85500167211
42.0,878.7232810567351
42.2,878.5849387505151
42.4,878.4397367420235
42.6,878.2874338032456
42.8,878.1277857147837
43.0,877.9605455012882
43.2,877.7854636764473
43.4,877.6022884968036
43.6,877.4107662235997
43.8,877.2106413918058
44.0,877.0016570854191
44.2,876.7835552180755
44.4,876.5560768179673
44.6,876.3189623160166
44.8,876.0719518362149
45.0,875.8147854870072
45.2,875.5472036525703
45.4,875.2689472828149
45.6,874.979758180923
45.8,874.6793792872232
46.0,874.3675549582075
46.2,874.0440312394909
46.4,873.708556131532
46.6,873.3608798469457
46.8,873.0007550582692
47.0,872.6279371350668
47.2,872.2421843693064
47.4,871.8432581879772
47.6,871.430923351975
47.8,871.0049481403389
48.0,870.5651045189844
48.2,870.1111682931489
48.4,869.6429192428421
48.6,869.1601412406698
48.8,868.6626223514862
49.0,868.150154913418
49.2,867.6225355998903
49.4,867.0795654623867
49.6,866.5210499537612
49.8,865.9467989320301
50.0,865.3566266446585
