0.0,850.997514687266
0.2,851.8264975749107
0.4,852.6355926689376
0.6,853.4252394342071
0.8,854.1958690878386
1.0,854.9479044292902
1.2,855.6817597013561
1.4,856.3978404818777
1.6,857.0965436057645
1.8,857.7782571167068
2.0,858.4433602477783
2.2,859.0922234299414
2.4,859.7252083272972
2.6,860.3426678977737
2.8,860.9449464778032
3.0,861.5323798894237
3.2,862.1052955681338
3.4,862.664012709752
3.6,863.2088424344635
3.8,863.7400879661967
4.0,864.2580448254442
4.2,864.7630010336369
4.4,865.2552373271933
4.6,865.7350273793896
4.8,866.2026380282473
5.0,866.6583295086854
5.2,867.1023556872642
5.4,867.5349642979271
5.6,867.9563971772396
5.8,868.3668904977317
6.0,868.7666749980525
6.2,869.1559762087671
6.4,869.5350146727366
6.6,869.9040061591461
6.8,870.2631618703654
7.0,870.6126886409422
7.2,870.9527891281502
7.4,871.2836619936235
7.6,871.6055020757188
7.8,871.9185005523532
8.0,872.2228450941569
8.2,872.51872000788
8.4,872.8063063700662
8.6,873.0857821510906
8.8,873.3573223297245
9.0,873.6210989984478
9.2,873.8772814597885
9.4,874.12603631401
9.6,874.3675275385064
9.8,874.6019165592957
10.0,874.829362315027
10.2,875.0500213139336
10.4,875.2640476841777
10.6,875.4715932180352
10.8,875.6728074103759
11.0,875.8678374918873
11.2,876.0568284574848
11.4,876.2399230903426
11.6,876.4172619819618
11.8,876.5889835486847
12.0,876.7552240450377
12.2,876.916117574274
12.4,877.0717960964618
12.6,877.2223894344463
12.8,877.3680252779908
13.0,877.5088291863789
13.2,877.6449245897439
13.4,877.7764327893618
13.6,877.9034729571314
13.8,878.0261621344396
14.0,878.1446152305929
14.2,878.2589450209756
14.4,878.3692621450801
14.6,878.475675104534
14.8,878.5782902612365
15.0,878.6772118356997
15.2,878.7725419056771
15.4,878.8643804051477
15.6,878.952825123714
15.8,879.0379717064612
16.0,879.1199136543116
16.2,879.1987423249028
16.4,879.2745469340098
16.6,879.3474145575199
16.8,879.4174301339661
17.0,879.484676467619
17.2,879.5492342321255
17.4,879.6111819746885
17.6,879.6705961207664
17.8,879.7275509792738
18.0,879.7821187482614
18.2,879.8343695210459
18.4,879.884371292764
18.6,879.9321899673165
18.8,879.9778893646733
19.0,880.0215312285003
19.2,880.063175234077
19.4,880.1028789964661
19.6,880.1406980788979
19.8,880.1766860013333
20.0,880.2108942491653
20.2,880.2433722820227
20.4,880.2741675426377
20.6,880.3033254657388
20.8,880.3308894869341
21.0,880.3569010515446
21.2,880.3813996233554
21.4,880.4044226932466
21.6,880.426005787672
21.8,880.44618247695
22.0,880.4649843833367
22.2,880.4824411888495
22.4,880.4985806428109
22.6,880.5134285690858
22.8,880.5270088729848
23.0,880.5393435478088
23.2,880.5504526810109
23.4,880.5603544599542
23.6,880.5690651772451
23.8,880.5765992356255
24.0,880.5829691524041
24.2,880.5881855634166
24.4,880.5922572264973
24.6,880.5951910244568
24.8,880.5969919675514
25.0,880.597663195443
25.2,880.5972059786407
25.4,880.5956197194229
25.6,880.5929019522396
25.8,880.5890483435963
26.0,880.5840526914217
26.2,880.5779069239248
26.4,880.5706010979518
26.6,880.5621233968468
26.8,880.5524601278331
27.0,880.5415957189235
27.2,880.5295127153801
27.4,880.5161917757343
27.6,880.5016116673924
27.8,880.4857492618419
28.0,880.4685795294846
28.2,880.4500755341187
28.4,880.4302084270951
28.6,880.408947441177
28.8,880.3862598841292
29.0,880.3621111320685
29.2,880.3364646226046
29.4,880.3092818478067
29.6,880.2805223470265
29.8,880.2501436996133
30.0,880.2181015175568
30.2,880.1843494380927
30.4,880.1488391163087
30.6,880.1115202177879
30.8,880.0723404113256
31.0,880.0312453617604
31.2,879.9881787229534
31.4,879.9430821309562
31.6,879.8958951974023
31.8,879.8465555031603
32.0,879.7949985922834
32.2,879.7411579662894
32.4,879.6849650788057
32.6,879.6263493306091
32.8,879.5652380650905
33.0,879.5015565641721
33.2,879.4352280446996
33.4,879.3661736553314
33.6,879.2943124739433
33.8,879.2195615055572
34.0,879.1418356808081
34.2,879.0610478549467
34.4,878.977108807378
34.6,878.8899272417237
34.8,878.7994097863912
35.0,878.7054609956242
35.2,878.607983350999
35.4,878.506877263321
35.6,878.4020410748649
35.8,878.2933710618914
36.0,878.1807614373564
36.2,878.0641043537197
36.4,877.9432899057393
36.6,877.8182061331245
36.8,877.6887390229033
37.0,877.5547725113386
37.2,877.4161884852107
37.4,877.2728667822603
37.6,877.124685190567
37.8,876.9715194466144
38.0,876.8132432317685
38.2,876.6497281668768
38.4,876.4808438046654
38.6,876.306457619593
38.8,876.1264349947943
39.0,875.9406392057217
39.2,875.7489314000735
39.4,875.5511705735732
39.6,875.3472135411514
39.8,875.1369149030535
40.0,874.9201270053967
40.2,874.6966998946738
40.4,874.4664812657066
40.6,874.2293164025399
40.8,873.9850481117738
41.0,873.733516647838
41.2,873.4745596297237
41.4,873.2080119487136
41.6,872.9337056666716
41.8,872.6514699044909
42.0,872.3611307203475
42.2,872.0625109774455
42.4,871.7554302010108
42.6,871.4397044243528
42.8,871.1151460238933
43.0,870.7815635431415
43.2,870.4387615056974
43.4,870.0865402174592
43.6,869.7246955583247
43.8,869.3530187637892
44.0,868.9712961969691
44.2,868.5793091117029
44.4,868.1768334075148
44.6,867.7636393773591
44.8,867.3394914491968
45.0,866.9041479225898
45.2,866.4573607016339
45.4,865.9988750256715
45.6,865.528429199355
45.8,865.0457543237401
46.0,864.5505740301992
46.2,864.0426042190313
46.4,863.521552804733
46.6,862.9871194699529
46.8,862.4389954302104
47.0,861.8768632114825
47.2,861.3003964427784
47.4,860.7092596658177
47.6,860.1031081638922
47.8,859.4815878119475
48.0,858.8443349498467
48.2,858.1909762806857
48.4,857.5211287959163
48.6,856.8343997288979
48.8,856.1303865383454
49.0,855.4086769229664
49.2,854.6688488683953
49.4,853.9104707273265
49.6,853.1331013335281
49.8,852.3362901502021
50.0,851.5195774529076
