0.0,873.1939745622129
0.2,873.7231884650946
0.4,874.2284512022503
0.6,874.7099161091661
0.8,875.1677990978271
1.0,875.6023780877056
1.2,876.013991770287
1.4,876.4030377325832
1.6,876.7699699749783
1.8,877.1152958678167
2.0,877.4395725991938
2.2,877.7434031732829
2.4,878.0274320241157
2.6,878.292340313938
2.8,878.5388409880308
3.0,878.7676736592153
3.2,878.979599395168
3.4,879.1753954802064
3.6,879.3558502204748
3.8,879.5217578575563
4.0,879.673913650617
4.2,879.8131091814015
4.4,879.9401279299151
4.6,880.0557411616269
4.8,880.1607041596909
5.0,880.2557528281856
5.2,880.3416006848834
5.4,880.4189362547488
5.6,880.4884208683584
5.8,880.5506868628738
6.0,880.6063361771862
6.2,880.6559393274595
6.4,880.7000347446121
6.6,880.7391284513207
6.8,880.7736940529209
7.0,880.8041730141418
7.2,880.8309751918873
7.4,880.8544795932789
7.6,880.8750353278128
7.8,880.892962722728
8.0,880.9085545714572
8.2,880.9220774862554
8.4,880.9337733277208
8.6,880.943860685836
8.8,880.9525363893092
9.0,880.9599770223085
9.2,880.9663404300815
9.4,880.9717671973946
9.6,880.9763820861368
9.8,880.9802954207821
10.0,880.9836044126407
10.2,880.9863944159317
10.4,880.9887401106421
10.6,880.9907066088978
10.8,880.9923504831312
11.0,880.9937207157079
11.2,880.9948595708415
11.4,880.9958033906212
11.6,880.996583317774
11.8,880.9972259484256
12.0,880.9977539186012
12.2,880.9981864285492
12.4,880.9985397091843
12.6,880.9988274350565
12.8,880.9990610882597
13.0,880.9992502776407
13.2,880.9994030175309
13.4,880.9995259700564
13.6,880.9996246548671
13.8,880.9997036298819
14.0,880.9997666463967
14.2,880.9998167816328
14.4,880.9998565515403
14.6,880.9998880064016
14.8,880.9999128115337
15.0,880.9999323151353
15.2,880.9999476051032
15.4,880.9999595564216
15.6,880.9999688705367
15.8,880.9999761079438
16.0,880.9999817150544
16.2,880.9999860462634
16.4,880.9999893820035
16.6,880.9999919434634
16.8,880.9999939045393
17.0,880.9999954015058
17.2,880.9999965408101
17.4,880.9999974053337
17.6,880.9999980594014
17.8,880.9999985527758
18.0,880.9999989238306
18.2,880.9999992020622
18.4,880.9999994100708
18.6,880.9999995651173
18.8,880.9999996803426
19.0,880.999999765719
19.2,880.9999998287906
19.4,880.9999998752456
19.6,880.9999999093599
19.8,880.9999999343369
20.0,880.9999999525696
20.2,880.9999999658393
20.4,880.9999999754681
20.6,880.9999999824341
20.8,880.9999999874586
21.0,880.9999999910721
21.2,880.9999999936629
21.4,880.9999999955149
21.6,880.999999996835
21.8,880.9999999977729
22.0,880.9999999984374
22.2,880.9999999989068
22.4,880.9999999992373
22.6,880.9999999994693
22.8,880.9999999996318
23.0,880.999999999745
23.2,880.9999999998239
23.4,880.9999999998785
23.6,880.999999999916
23.8,880.9999999999418
24.0,880.9999999999594
24.2,880.9999999999714
24.4,880.9999999999792
24.6,880.999999999984
24.8,880.9999999999866
25.0,880.9999999999873
25.2,880.9999999999866
25.4,880.999999999984
25.6,880.9999999999792
25.8,880.9999999999714
26.0,880.9999999999594
26.2,880.9999999999418
26.4,880.999999999916
26.6,880.9999999998785
26.8,880.9999999998239
27.0,880.999999999745
27.2,880.9999999996318
27.4,880.9999999994693
27.6,880.9999999992373
27.8,880.9999999989069
28.0,880.9999999984377
28.2,880.9999999977734
28.4,880.9999999968359
28.6,880.9999999955163
28.8,880.9999999936649
29.0,880.9999999910749
29.2,880.9999999874626
29.4,880.9999999824396
29.6,880.9999999754759
29.8,880.9999999658503
30.0,880.9999999525852
30.2,880.9999999343589
30.4,880.9999999093909
30.6,880.9999998752892
30.8,880.9999998288513
31.0,880.9999997658034
31.2,880.9999996804595
31.4,880.9999995652792
31.6,880.9999994102942
31.8,880.9999992023698
32.0,880.999998924253
32.2,880.9999985533539
32.4,880.9999980601907
32.6,880.9999974064084
32.8,880.9999965422696
33.0,880.9999954034823
33.2,880.9999939072089
33.4,880.9999919470591
33.6,880.9999893868332
33.8,880.9999860527331
34.0,880.9999817236977
34.2,880.9999761194595
34.4,880.9999688858378
34.6,880.9999595766975
34.8,880.9999476318989
35.0,880.9999323504521
35.2,880.9999128579565
35.4,880.9998880672595
35.6,880.9998566311087
35.8,880.999816885387
36.0,880.999766781328
36.2,880.9997038048936
36.4,880.9996248812636
36.6,880.9995262621516
36.8,880.999403393398
37.0,880.9992507600352
37.2,880.9990617057516
37.4,880.9988282234164
37.6,880.9985407130723
37.8,880.9981877035686
38.0,880.9977555337875
38.2,880.9972279892522
38.4,880.9965858897732
38.6,880.9958066237308
38.8,880.9948636246068
39.0,880.9937257854882
39.2,880.9923568074812
39.4,880.9907144783194
39.6,880.9887498779293
39.8,880.9864065083572
40.0,880.9836193462718
40.2,880.9803138172414
40.4,880.9764046921665
40.6,880.9717949076196
40.8,880.9663743134123
41.0,880.9600183524695
41.2,880.9525866800262
41.4,880.9439217312655
41.6,880.9338472487572
41.8,880.922166783401
42.0,880.9086621849972
42.2,880.8930921009999
42.4,880.8751905044171
42.6,880.8546652741237
42.8,880.8311968530063
43.0,880.8044370112721
43.2,880.7740077438599
43.4,880.7395003321197
43.6,880.7004746006837
43.8,880.6564584006943
44.0,880.6069473501836
44.2,880.5514048613823
44.4,880.4892624830087
44.6,880.4199205831305
44.8,880.3427493949742
45.0,880.257090444082
45.2,880.1622583705137
45.4,880.0575431543864
45.6,879.9422127470116
45.8,879.8155161033117
46.0,879.6766866041808
46.2,879.5249458501169
46.4,879.3595077999589
46.6,879.1795832210445
46.8,878.9843844097571
47.0,878.7731301344209
47.2,878.5450507460073
47.4,878.2993933963256
47.6,878.0354272984436
47.8,877.7524489601856
48.0,877.4497873188184
48.2,877.1268087035796
48.4,876.7829215526202
48.6,876.4175808122661
48.8,876.0302919492925
49.0,875.6206145111236
49.2,875.1881651744694
49.4,874.732620229817
49.6,874.2537174572565
49.8,873.7512573582198
50.0,873.2251037176356
