0.0,871.9759129888735
0.2,872.5110047203016
0.4,873.0247360491283
0.6,873.5172693320662
0.8,873.9888041605916
1.0,874.4395772294595
1.2,874.8698618881551
1.4,875.2799673830884
1.6,875.6702378020373
1.8,876.0410507358248
2.0,876.3928156754373
2.2,876.7259721656789
2.4,877.040987739004
2.6,877.3383556553094
2.8,877.6185924751934
3.0,877.8822354954729
3.2,878.129840076594
3.4,878.3619768919568
3.6,878.5792291291266
3.8,878.782189672433
4.0,878.9714582955804
4.2,879.1476388916448
4.4,879.3113367662518
4.6,879.463156017845
4.8,879.6036970268275
5.0,879.7335540730135
5.2,879.8533130983359
5.4,879.9635496291478
5.6,880.0648268697862
5.8,880.1576939763928
6.0,880.2426845173239
6.2,880.3203151239118
6.4,880.3910843328601
6.6,880.4554716192283
6.8,880.5139366167956
7.0,880.5669185206312
7.2,880.6148356649314
7.4,880.6580852676587
7.6,880.6970433322074
7.8,880.7320646952589
8.0,880.7634832091532
8.2,880.7916120464944
8.4,880.8167441143288
8.6,880.8391525650426
8.8,880.859091391147
9.0,880.8767960912971
9.2,880.8924843952343
9.4,880.906357035817
9.6,880.9185985568961
9.8,880.9293781464775
10.0,880.9388504853756
10.2,880.9471566023752
10.4,880.9544247277746
10.6,880.9607711380514
10.8,880.9663009852692
11.0,880.971109105709
11.2,880.9752808030497
11.4,880.9788926022318
11.6,880.9820129709057
11.8,880.9847030060844
12.0,880.9870170842821
12.2,880.989003474027
12.4,880.9907049101846
12.6,880.9921591300096
12.8,880.9933993712685
13.0,880.9944548331415
13.2,880.9953511009193
13.4,880.9961105357617
13.6,880.9967526309903
13.8,880.9972943365409
14.0,880.9977503533142
14.2,880.9981333992404
14.4,880.998454448908
14.6,880.9987229486248
14.8,880.9989470087581
15.0,880.999133575167
15.2,880.9992885814866
15.4,880.999417083954
15.6,880.9995233803861
15.8,880.9996111148337
16.0,880.9996833693417
16.2,880.9997427441515
16.4,880.99979142758
16.6,880.9998312567182
16.8,880.9998637699924
17.0,880.9998902525413
17.2,880.9999117752732
17.4,880.9999292283836
17.6,880.9999433500324
17.8,880.9999547508088
18.0,880.9999639345417
18.2,880.9999713159501
18.4,880.9999772355695
18.6,880.9999819723395
18.8,880.9999857541883
19.0,880.999988766909
19.2,880.9999911615799
19.4,880.9999930607532
19.6,880.9999945635996
19.8,880.9999957501748
20.0,880.9999966849479
20.2,880.9999974197103
20.4,880.9999979959683
20.6,880.9999984469051
20.8,880.9999987989863
21.0,880.9999990732683
21.2,880.9999992864643
21.4,880.9999994518075
21.6,880.9999995797509
21.8,880.9999996785314
22.0,880.9999997546239
22.2,880.999999813106
22.4,880.9999998579497
22.6,880.9999998922541
22.8,880.9999999184319
23.0,880.9999999383554
23.2,880.999999953474
23.4,880.999999964906
23.6,880.9999999735106
23.8,880.9999999799446
24.0,880.9999999847063
24.2,880.9999999881699
24.4,880.9999999906107
24.6,880.9999999922252
24.8,880.9999999931441
25.0,880.9999999934425
25.2,880.9999999931449
25.4,880.9999999922268
25.6,880.9999999906132
25.8,880.9999999881737
26.0,880.999999984712
26.2,880.9999999799525
26.4,880.9999999735217
26.6,880.999999964921
26.8,880.9999999534942
27.0,880.9999999383826
27.2,880.9999999184683
27.4,880.9999998923032
27.6,880.9999998580154
27.8,880.9999998131939
28.0,880.999999754741
28.2,880.9999996786869
28.4,880.9999995799571
28.6,880.9999994520806
28.8,880.9999992868252
29.0,880.9999990737442
29.2,880.9999987996126
29.4,880.9999984477278
29.6,880.9999979970466
29.8,880.9999974211207
30.0,880.999996686789
30.2,880.9999957525731
30.4,880.9999945667173
30.6,880.9999930647978
30.8,880.9999911668159
31.0,880.9999887736734
31.2,880.9999857629097
31.4,880.9999819835608
31.6,880.9999772499782
31.8,880.9999713344137
32.0,880.9999639581532
32.2,880.9999547809422
32.4,880.9999433884112
32.6,880.9999292771653
32.8,880.9999118371521
33.0,880.9998903308755
33.2,880.9998638689586
33.4,880.9998313814995
33.6,880.9997915845948
33.8,880.9997429413315
34.0,880.9996836164671
34.2,880.9996114239389
34.4,880.9995237662474
34.6,880.9994175646762
34.8,880.9992891792059
35.0,880.9991343168913
35.2,880.9989479273697
35.4,880.9987240840735
35.6,880.9984558496283
35.8,880.9981351238303
36.0,880.9977524725191
36.2,880.9972969355928
36.4,880.99675581236
36.6,880.9961144223886
36.8,880.9953558399931
37.0,880.9944606005191
37.2,880.9934063766218
37.4,880.9921676228107
37.6,880.9907151866473
37.8,880.9890158851401
38.0,880.987032045083
38.2,880.9847210063397
38.4,880.9820345873836
38.6,880.978918512771
38.8,880.9753118026468
39.0,880.9711461248737
39.2,880.9663451109169
39.4,880.9608236372263
39.6,880.9544870745245
39.8,880.9472305081234
40.0,880.9389379331647
40.2,880.9294814294857
40.4,880.9187203216575
40.6,880.9065003306041
40.8,880.89265272409
41.0,880.876993474233
41.2,880.8593224310495
41.4,880.8394225218588
41.6,880.8170589871245
41.8,880.7919786640041
42.0,880.7639093294591
42.2,880.7325591152558
42.4,880.6976160075211
42.6,880.6587474437047
42.8,880.6156000197944
43.0,880.5677993204583
43.2,880.514949884385
43.4,880.4566353164878
43.6,880.3924185577937
43.8,880.3218423227676
44.0,880.2444297125085
44.2,880.1596850107171
44.4,880.0670946675649
44.6,879.9661284746192
44.8,879.8562409318089
45.0,879.7368728050791
45.2,879.6074528708947
45.4,879.4673998411778
45.6,879.3161244595897
45.8,879.1530317573935
46.0,878.9775234544517
46.2,878.7890004883035
46.4,878.5868656517684
46.6,878.370526317174
46.8,878.139397223175
47.0,877.8929032982444
47.2,877.6304824933352
47.4,877.351588594963
47.6,877.0556939890846
47.8,876.742292345678
48.0,876.4109011938837
48.2,876.0610643579615
48.4,875.6923542251654
48.6,875.3043738179304
48.8,874.896758644498
49.0,874.4691783042656
49.2,874.0213378266881
49.4,873.5529787254743
49.6,873.0638797530485
49.8,872.553857343737
50.0,872.0227657378632
