0.0,753.1208542221076
0.2,755.4060986099366
0.4,757.6828282203505
0.6,759.9520179850289
0.8,762.2135578395122
1.0,764.4663710492582
1.2,766.708577300811
1.4,768.937685513328
1.6,771.1507998438042
1.8,773.3448227636298
2.0,775.5166411478122
2.2,777.6632846056124
2.4,779.7820492390961
2.6,781.8705840736492
2.8,783.9269410641319
3.0,785.9495924810708
3.2,787.9374214292627
3.4,789.8896922167078
3.6,791.8060073800942
3.8,793.6862575791074
4.0,795.53056953119
4.2,797.3392559033425
4.4,799.1127698050425
4.6,800.8516653800298
4.8,802.5565650603077
5.0,804.2281333567568
5.2,805.8670566103457
5.4,807.4740278828533
5.6,809.0497360801398
5.8,810.5948584258407
6.0,812.1100554953174
6.2,813.5959681439117
6.4,815.0532157949892
6.6,816.4823956760671
6.8,817.884082697094
7.0,819.2588297506757
7.2,820.6071682802157
7.4,821.9296090109506
7.6,823.2266427738804
7.8,824.4987413768274
8.0,825.7463584931702
8.2,826.9699305494953
8.4,828.1698776002927
8.6,829.3466041821727
8.8,830.5005001428138
9.0,831.6319414415634
9.2,832.741290919705
9.4,833.8288990391254
9.6,834.895104588602
9.8,835.9402353572912
10.0,836.9646087752726
10.2,837.9685325212242
10.4,838.9523050974892
10.6,839.9162163729541
10.8,840.8605480942869
11.0,841.7855743662063
11.2,842.6915621015453
11.4,843.5787714419567
11.6,844.4474561501767
11.8,845.2978639748118
12.0,846.1302369886616
12.2,846.9448119016151
12.4,847.7418203491802
12.6,848.5214891577158
12.8,849.2840405874405
13.0,850.0296925542834
13.2,850.758658831637
13.4,851.4711492330487
13.6,852.1673697768772
13.8,852.8475228339057
14.0,853.5118072588841
14.2,854.1604185069398
14.4,854.7935487357659
14.6,855.411386894465
14.8,856.014118799893
15.0,856.6019272013128
15.2,857.1749918341359
15.4,857.7334894634985
15.6,858.2775939183814
15.8,858.8074761169567
16.0,859.3233040838081
16.2,859.8252429596472
16.4,860.3134550041111
16.6,860.7880995922083
16.8,861.2493332049443
17.0,861.6973094146374
17.2,862.1321788654091
17.4,862.5540892493082
17.6,862.9631852785078
17.8,863.3596086539909
18.0,863.7434980311193
18.2,864.1149889824624
18.4,864.4742139582405
18.6,864.8213022447234
18.8,865.156379920903
19.0,865.4795698137459
19.2,865.7909914523127
19.4,866.0907610210195
19.6,866.3789913122966
19.8,866.6557916788929
20.0,866.9212679860516
20.2,867.1755225637805
20.4,867.418654159417
20.6,867.6507578906845
20.8,867.8719251994208
21.0,868.0822438061466
21.2,868.2817976656372
21.4,868.4706669236457
21.6,868.648927874915
21.8,868.8166529226121
22.0,868.9739105393024
22.2,869.1207652295778
22.4,869.2572774944415
22.6,869.3835037975454
22.8,869.499496533367
23.0,869.6053039974071
23.2,869.7009703584799
23.4,869.7865356331642
23.6,869.862035662471
23.8,869.9275020907845
24.0,869.9829623471219
24.2,870.028439628753
24.4,870.0639528872131
24.6,870.0895168167425
24.8,870.1051418451722
25.0,870.1108341272773
25.2,870.1065955406102
25.4,870.0924236838218
25.6,870.0683118774738
25.8,870.0342491673375
26.0,869.9902203301772
26.2,869.9362058819967
26.4,869.8721820887395
26.6,869.7981209794123
26.8,869.7139903616069
27.0,869.6197538393844
27.2,869.5153708334799
27.4,869.400796603783
27.6,869.2759822740411
27.8,869.1408748587252
28.0,868.9954172919923
28.2,868.8395484586742
28.4,868.6732032272092
28.6,868.4963124844306
28.8,868.3088031721189
29.0,868.1105983252099
29.2,867.9016171115508
29.4,867.6817748730801
29.6,867.4509831683057
29.8,867.2091498159353
30.0,866.9561789395165
30.2,866.6919710129207
30.4,866.4164229065041
30.6,866.129427933761
30.8,865.8308758982772
31.0,865.5206531407758
31.2,865.1986425860392
31.4,864.8647237894718
31.6,864.518772983061
31.8,864.1606631204725
32.0,863.7902639210083
32.2,863.4074419121343
32.4,863.012060470269
32.6,862.6039798595124
32.8,862.1830572679681
33.0,861.7491468413026
33.2,861.3020997131547
33.4,860.8417640319999
33.6,860.367984984042
33.8,859.8806048116886
34.0,859.3794628271405
34.2,858.8643954206011
34.4,858.3352360625848
34.6,857.7918152997782
34.8,857.2339607438771
35.0,856.6614970527945
35.2,856.0742459036045
35.4,855.4720259565512
35.6,854.8546528094264
35.8,854.2219389415774
36.0,853.5736936467779
36.2,852.9097229541578
36.4,852.2298295363528
36.6,851.5338126039971
36.8,850.8214677856522
37.0,850.0925869922244
37.2,849.3469582648961
37.4,848.5843656055612
37.6,847.8045887887263
37.8,847.0074031538152
38.0,846.1925793767899
38.2,845.359883219985
38.4,844.5090752590412
38.6,843.6399105858146
38.8,842.752138486146
39.0,841.8455020913788
39.2,840.9197380025388
39.4,839.9745758861176
39.6,839.0097380404449
39.8,838.024938931691
40.0,837.0198846986092
40.2,835.9942726252167
40.4,834.9477905807097
40.6,833.880116426036
40.8,832.790917386681
41.0,831.6798493913949
41.2,830.5465563767759
41.4,829.390669557859
41.6,828.2118066651418
41.8,827.0095711488469
42.0,825.7835513517254
42.2,824.5333196524323
42.4,823.2584315826074
42.6,821.9584249225186
42.8,820.6328187828644
43.0,819.2811126846807
43.2,817.9027856561746
43.4,816.4972953759849
43.6,815.0640774086319
43.8,813.6025446020835
44.0,812.1120867522687
44.2,810.5920706882087
44.4,809.0418409973761
44.6,807.4607216963075
44.8,805.8480192568671
45.0,804.2030275209148
45.2,802.5250351670617
45.4,800.8133365169326
45.6,799.0672465599446
45.8,797.2861211003273
46.0,795.4693828445207
46.2,793.6165540029056
46.4,791.7272955310638
46.6,789.8014524493854
46.8,787.8391037489354
47.0,785.8406142494847
47.2,783.8066845079165
47.4,781.7383936249614
47.6,779.6372287615717
47.8,777.5050945846434
48.0,775.3442959498918
48.2,773.1574880917324
48.4,770.9475905307929
48.6,768.7176637995926
48.8,766.4707517328544
49.0,764.2096961112295
49.2,761.9369343900653
49.4,759.6542945198455
49.6,757.3628029207871
49.8,755.0625220767514
50.0,752.7524327371759
