0.0,813.6792325439412
0.2,815.6594293360224
0.4,817.5969217433714
0.6,819.4919851041342
0.8,821.3449086504052
1.0,823.1559960804184
1.2,824.9255660574345
1.4,826.6539526330332
1.6,828.3415055929962
1.8,829.9885907244411
2.0,831.5955900033424
2.2,833.162901702068
2.4,834.6909404170289
2.6,836.1801370170191
2.8,837.6309385132813
3.0,839.0438078527837
3.2,840.4192236366256
3.4,841.7576797659019
3.6,843.0596850177442
3.8,844.3257625546242
4.0,845.5564493703396
4.2,846.7522956764086
4.4,847.9138642328804
4.6,849.041729627808
4.8,850.1364775098403
5.0,851.1987037785686
5.2,852.229013737397
5.4,853.2280212138174
5.6,854.1963476520332
5.8,855.1346211829149
6.0,856.0434756762688
6.2,856.9235497803694
6.4,857.7754859536378
6.6,858.5999294932603
6.8,859.3975275654099
7.0,860.1689282415879
7.2,860.9147795454254
7.4,861.635728514086
7.6,862.3324202781922
7.8,863.0054971639611
8.0,863.6555978209833
8.2,864.2833563788104
8.4,864.8894016352419
8.6,865.4743562789184
8.8,866.0388361485342
9.0,866.5834495306916
9.2,867.1087964981231
9.4,867.615468289713
9.6,868.1040467334605
9.8,868.575103713243
10.0,869.0292006799574
10.2,869.4668882073488
10.4,869.888705592583
10.6,870.295180501363
10.8,870.6868286571679
11.0,871.0641535739634
11.2,871.4276463315381
11.4,871.7777853924248
11.6,872.1150364591989
11.8,872.4398523707904
12.0,872.7526730363065
12.2,873.0539254047445
12.4,873.3440234688678
12.6,873.623368301432
12.8,873.8923481218808
13.0,874.1513383915715
13.2,874.4007019355555
13.4,874.6407890889137
13.6,874.8719378656366
13.8,875.0944741480403
14.0,875.3087118947305
14.2,875.5149533651472
14.4,875.7134893587635
14.6,875.9045994670606
14.8,876.0885523364542
15.0,876.2656059404121
15.2,876.4360078590704
15.4,876.5999955647371
15.6,876.7577967117443
15.8,876.9096294292015
16.0,877.0557026152837
16.2,877.1962162317823
16.4,877.3313615977295
16.6,877.4613216810089
16.8,877.5862713869443
17.0,877.7063778429545
17.2,877.8218006784489
17.4,877.932692299228
17.6,878.039198155729
17.8,878.141457004548
18.0,878.2396011627405
18.2,878.3337567544804
18.4,878.4240439497274
18.6,878.5105771946187
18.8,878.5934654333655
19.0,878.6728123214914
19.2,878.7487164303053
19.4,878.8212714425503
19.6,878.8905663392165
19.8,878.956685577547
20.0,879.0197092603013
20.2,879.0797132963778
20.4,879.1367695529203
20.6,879.190945999063
20.8,879.2423068414884
21.0,879.2909126519875
21.2,879.3368204872322
21.4,879.3800840009743
21.6,879.4207535488968
21.8,879.458876286348
22.0,879.4944962591925
22.2,879.5276544880097
22.4,879.5583890458719
22.6,879.5867351299264
22.8,879.6127251270027
23.0,879.6363886734553
23.2,879.657752709442
23.4,879.676841527831
23.6,879.6936768179104
23.8,879.7082777040662
24.0,879.7206607795763
24.2,879.7308401356531
24.4,879.7388273858525
24.6,879.7446316859448
24.8,879.7482597493339
25.0,879.7497158580818
25.2,879.7490018695879
25.4,879.7461172189448
25.6,879.7410589169791
25.8,879.7338215439637
26.0,879.7243972389706
26.2,879.7127756848133
26.4,879.6989440885094
26.6,879.6828871571767
26.8,879.6645870692569
27.0,879.6440234409458
27.2,879.6211732876885
27.4,879.596010980587
27.6,879.5685081975486
27.8,879.5386338689932
28.0,879.506354117921
28.2,879.4716321941348
28.4,879.4344284023978
28.6,879.3947000243014
28.8,879.3524012336123
29.0,879.3074830048588
29.2,879.2598930149205
29.4,879.2095755373806
29.6,879.1564713294043
29.8,879.1005175109135
30.0,879.0416474358323
30.2,878.979790555195
30.4,878.914872271915
30.6,878.8468137870395
30.8,878.7755319373298
31.0,878.7009390240356
31.2,878.6229426327606
31.4,878.5414454443494
31.6,878.4563450367647
31.8,878.3675336779634
32.0,878.2748981098285
32.2,878.1783193232638
32.4,878.0776723246113
32.6,877.9728258936143
32.8,877.8636423332098
33.0,877.7499772115007
33.2,877.6316790963346
33.4,877.5085892829863
33.6,877.3805415155236
33.8,877.2473617025156
34.0,877.1088676278323
34.2,876.9648686573657
34.4,876.8151654425977
34.6,876.6595496220275
34.8,876.4978035215653
35.0,876.3296998550912
35.2,876.1550014264658
35.4,875.9734608343756
35.6,875.7848201814793
35.8,875.5888107894095
36.0,875.385152921264
36.2,875.1735555132972
36.4,874.953715917597
36.6,874.7253196575924
36.8,874.4880401982942
37.0,874.2415387332242
37.2,873.9854639900187
37.4,873.7194520567288
37.6,873.4431262308464
37.8,873.1560968930991
38.0,872.8579614080364
38.2,872.5483040534158
38.4,872.226695980349
38.6,871.892695206124
38.8,871.5458466415381
39.0,871.1856821544944
39.2,870.8117206715137
39.4,870.4234683186826
39.6,870.0204186034282
39.8,869.6020526383492
40.0,869.1678394081631
40.2,868.7172360806346
40.4,868.249688362151
40.6,867.7646308983835
40.8,867.2614877202411
41.0,866.7396727350745
41.2,866.1985902628246
41.4,865.6376356165408
41.6,865.0561957264115
41.8,864.453649806164
42.0,863.8293700603926
42.2,863.1827224310827
42.4,862.5130673812934
42.6,861.8197607136732
42.8,861.1021544211782
43.0,860.3595975670829
43.2,859.5914371910914
43.4,858.7970192380835
43.6,857.9756895057833
43.8,857.126794607386
44.0,856.2496829449703
44.2,855.3437056893108
44.4,854.4082177615345
44.6,853.4425788119095
44.8,852.4461541909299
45.0,851.4183159077619
45.2,850.3584435710534
45.4,849.2659253070748
45.6,848.1401586501565
45.8,846.9805514004282
46.0,845.7865224439274
46.2,844.557502530258
46.4,843.2929350031139
46.6,841.9922764791623
46.8,840.6549974709926
47.0,839.2805829500805
47.2,837.8685328459992
47.4,836.4183624784142
47.6,834.9296029187451
47.8,833.4018012787384
48.0,831.8345209235955
48.2,830.2273416077102
48.4,828.5798595315102
48.6,826.8916873183493
48.8,825.1624539108611
49.0,823.3918043866668
49.2,821.5793996938097
49.4,819.7249163067771
49.6,817.8280458044566
49.8,815.8884943718548
50.0,813.9059822278828
