0.0,768.2334396975422
0.2,770.455684008851
0.4,772.6398439542389
0.6,774.786716511338
0.8,776.8970790895794
1.0,778.9716889386592
1.2,781.0112826381902
1.4,783.0165756697191
1.6,784.9882620717838
1.8,786.9270141781647
2.0,788.8334824389939
2.2,790.708295323876
2.4,792.5520593057021
2.6,794.3653589233726
2.8,796.1487569211957
3.0,797.902794462317
3.2,799.6279914131333
3.4,801.3248466952916
3.6,802.9938387015377
3.8,804.6354257713823
4.0,806.2500467222986
4.2,807.8381214319384
4.4,809.4000514666698
4.6,810.936220751598
4.8,812.4469962771203
5.0,813.9327288370029
5.2,815.3937537929336
5.4,816.8303918605181
5.6,818.2429499117268
5.8,819.6317217888795
6.0,820.99698912537
6.2,822.3390221684681
6.4,823.6580805997136
6.6,824.9544143486081
6.8,826.228264395535
7.0,827.479863560072
7.2,828.709437271125
7.4,829.91720431558
7.6,831.103377562456
7.8,832.2681646598375
8.0,833.4117687021608
8.2,834.5343888657352
8.4,835.6362210106846
8.6,836.7174582477926
8.8,837.7782914690384
9.0,838.8189098408983
9.2,839.8395012597697
9.4,840.8402527691521
9.6,841.8213509384728
9.8,842.7829822036969
10.0,843.725333170088
10.2,844.6485908777094
10.4,845.5529430304399
10.6,846.4385781894762
10.8,847.3056859324414
11.0,848.1544569793738
11.2,848.9850832869914
11.4,849.797758112737
11.6,850.5926760501967
11.8,851.3700330375603
12.0,852.1300263408444
12.2,852.8728545136381
12.4,853.598717335157
12.6,854.3078157283987
12.8,855.000351660187
13.0,855.6765280248757
13.2,856.3365485134555
13.4,856.9806174697649
13.6,857.6089397354592
13.8,858.2217204853347
14.0,858.8191650545386
14.2,859.401478759129
14.4,859.9688667113704
14.6,860.5215336310728
14.8,861.0596836541989
15.0,861.5835201398836
15.2,862.0932454769179
15.4,862.5890608906708
15.6,863.0711662513329
15.8,863.5397598842818
16.0,863.9950383832895
16.2,864.4371964272069
16.4,864.8664266006882
16.6,865.2829192194396
16.8,865.6868621604057
17.0,866.078440697243
17.2,866.4578373413608
17.4,866.8252316887562
17.6,867.1808002728093
17.8,867.5247164231578
18.0,867.8571501307212
18.2,868.1782679189009
18.4,868.4882327209485
18.6,868.7872037634552
18.8,869.0753364558865
19.0,869.3527822860624
19.2,869.6196887214552
19.4,869.8761991161607
19.6,870.1224526233817
19.8,870.3585841132485
20.0,870.5847240957899
20.2,870.8009986488635
20.4,871.0075293508431
20.6,871.2044332178626
20.8,871.3918226454116
21.0,871.569805354079
21.2,871.738484339244
21.4,871.897957824513
21.6,872.0483192187124
21.8,872.1896570762473
22.0,872.3220550606436
22.2,872.4455919111022
22.4,872.5603414118972
22.6,872.6663723644616
22.8,872.7637485620127
23.0,872.8525287665768
23.2,872.9327666882884
23.4,873.0045109668395
23.6,873.0678051549747
23.8,873.1226877039323
24.0,873.1691919507418
24.2,873.2073461073031
24.4,873.2371732511778
24.6,873.2586913180353
24.8,873.2719130957114
25.0,873.2768462198372
25.2,873.2734931710187
25.4,873.261851273547
25.6,873.2419126956383
25.8,873.2136644512066
26.0,873.1770884031843
26.2,873.1321612684226
26.4,873.078854624199
26.6,873.0171349163888
26.8,872.9469634693511
27.0,872.8682964976001
27.2,872.7810851193412
27.4,872.6852753719568
27.6,872.5808082295451
27.8,872.4676196226193
28.0,872.3456404600848
28.2,872.214796653629
28.4,872.0750091446577
28.6,871.9261939339291
28.8,871.7682621140445
29.0,871.60111990496
29.2,871.4246686926937
29.4,871.2388050714134
29.6,871.0434208890889
29.8,870.8384032969086
30.0,870.6236348026525
30.2,870.3989933282306
30.4,870.1643522715864
30.6,869.9195805731715
30.8,869.6645427871941
31.0,869.3990991578413
31.2,869.1231057006682
31.4,868.8364142893404
31.6,868.5388727479042
31.8,868.230324948749
32.0,867.9106109164021
32.2,867.5795669372861
32.4,867.2370256755389
32.6,866.8828162949716
32.8,866.5167645872107
33.0,866.1386931060337
33.2,865.7484213078709
33.4,865.3457656984008
33.6,864.9305399851248
33.8,864.5025552357495
34.0,864.0616200421524
34.2,863.6075406896497
34.4,863.1401213312158
34.6,862.6591641662422
34.8,862.1644696233479
35.0,861.6558365466808
35.2,861.1330623850731
35.4,860.5959433833297
35.6,860.04427477485
35.8,859.4778509746953
36.0,858.8964657721332
36.2,858.2999125215996
36.4,857.687984330939
36.6,857.0604742456937
36.8,856.4171754281359
37.0,855.7578813296545
37.2,855.0823858550332
37.4,854.390483517087
37.6,853.6819695800614
37.8,852.9566401901388
38.0,852.2142924913495
38.2,851.4547247251452
38.4,850.677736311864
38.6,849.8831279122992
38.8,849.0707014675767
39.0,848.2402602155591
39.2,847.3916086820163
39.4,846.5245526448382
39.6,845.638899069629
39.8,844.734456015085
40.0,843.8110325066559
40.2,842.8684383770936
40.4,841.9064840726205
40.6,840.9249804235914
40.8,839.9237383786907
41.0,838.902568701884
41.2,837.861281631541
41.4,836.7996865013685
41.6,835.7175913230149
41.8,834.6148023304634
42.0,833.491123486584
42.2,832.3463559524924
42.4,831.1802975206447
42.6,829.9927420128876
42.8,828.783478644986
43.0,827.5522913594476
43.2,826.2989581287718
43.4,825.0232502315519
43.6,823.7249315041619
43.8,822.4037575710504
44.0,821.0594750569513
44.2,819.6918207845916
44.4,818.3005209617372
44.6,816.8852903616553
44.8,815.4458315012938
45.0,813.9818338216726
45.2,812.4929728751531
45.4,810.9789095243946
45.6,809.4392891579155
45.8,807.8737409272596
46.0,806.2818770108067
46.2,804.6632919092788
46.4,803.0175617779615
46.6,801.3442438005941
46.8,799.6428756097724
47.0,797.9129747585658
47.2,796.1540382478643
47.4,794.3655421137465
47.6,792.5469410789043
47.8,790.6976682718557
48.0,788.8171350173568
48.2,786.904730701049
48.4,784.9598227109943
48.6,782.981756458326
48.8,780.9698554787971
49.0,778.9234216165477
49.2,776.8417352909249
49.4,774.7240558466958
49.6,772.5696219874865
49.8,770.3776522917726
50.0,768.1473458102301
