0.0,779.1445184267312
0.2,781.0273919206321
0.4,782.8935270170937
0.6,784.7443782599192
0.8,786.581100589047
1.0,788.404552471825
1.2,790.2153045376627
1.4,792.0136533256679
1.6,793.7996396109976
1.8,795.5730706560604
2.0,797.3335456415851
2.2,799.0804834725957
2.4,800.8131521265452
2.6,802.5306987147371
2.8,804.232179461679
3.0,805.9165888668739
3.2,807.5828873954216
3.4,809.2300271426221
3.6,810.8569750280667
3.8,812.4627331909211
4.0,814.0463563749162
4.2,815.6069662040854
4.4,817.1437623543592
4.6,818.6560307183908
4.8,820.1431487390225
5.0,821.604588149109
5.2,823.0399154014299
5.4,824.4487901023775
5.6,825.8309617779506
5.8,827.1862653018452
6.0,828.5146153050136
6.2,829.8159998661391
6.4,831.0904737553258
6.6,832.3381514711527
6.8,833.5592002762234
7.0,834.7538334002951
7.2,835.9223035446548
7.4,837.0648967878526
7.6,838.1819269622314
7.8,839.273730543536
8.0,840.3406620726267
8.2,841.3830901091172
8.4,842.4013937014872
8.6,843.3959593467067
8.8,844.3671784042485
9.0,845.3154449241846
9.2,846.2411538463726
9.4,847.1446995270923
9.6,848.0264745504321
9.8,848.886868783857
10.0,849.7262686403311
10.2,850.5450565128211
10.4,851.3436103507148
10.6,852.1223033514402
10.8,852.881503744229
11.0,853.6215746464073
11.2,854.342873975759
11.4,855.045754405344
11.6,855.7305633496578
11.8,856.3976429731779
12.0,857.0473302141966
12.2,857.6799568183818
12.4,858.2958493778001
12.6,858.8953293721804
12.8,859.4787132100498
13.0,860.0463122680476
13.2,860.5984329272538
13.4,861.1353766057864
13.6,861.6574397872339
13.8,862.1649140447298
14.0,862.658086060653
14.2,863.1372376420626
14.4,863.6026457320688
14.6,864.0545824173971
14.8,864.4933149324463
15.0,864.9191056601545
15.2,865.3322121300031
15.4,865.7328870134813
15.6,866.1213781173298
15.8,866.4979283748683
16.0,866.8627758356974
16.2,867.2161536540464
16.4,867.5582900760186
16.6,867.8894084259701
16.8,868.2097270922349
17.0,868.5194595123884
17.2,868.8188141582303
17.4,869.1079945206376
17.6,869.3871990944305
17.8,869.6566213633735
18.0,869.9164497854185
18.2,870.1668677782802
18.4,870.4080537054226
18.6,870.6401808625217
18.8,870.8634174644577
19.0,871.0779266328772
19.2,871.2838663843561
19.4,871.4813896191899
19.6,871.6706441108198
19.8,871.8517724959052
20.0,872.02491226504
20.2,872.1901957541089
20.4,872.3477501362679
20.6,872.4976974145384
20.8,872.6401544149901
21.0,872.7752327804933
21.2,872.9030389650113
21.4,873.0236742284068
21.6,873.1372346317322
21.8,873.2438110329722
22.0,873.3434890832065
22.2,873.4363492231628
22.4,873.5224666801234
22.6,873.601911465159
22.8,873.6747483706539
23.0,873.7410369680952
23.2,873.8008316060962
23.4,873.8541814086257
23.6,873.9011302734199
23.8,873.9417168705495
24.0,873.9759746411235
24.2,874.003931796108
24.4,874.0256113152441
24.6,874.0410309460495
24.8,874.0502032028919
25.0,874.0531353661244
25.2,874.0498294812777
25.4,874.0402823583032
25.6,874.024485570867
25.8,874.0024254556963
26.0,873.9740831119828
26.2,873.9394344008508
26.4,873.8984499448983
26.6,873.8510951278273
26.8,873.7973300941748
27.0,873.7371097491642
27.2,873.6703837586994
27.4,873.5970965495188
27.6,873.5171873095409
27.8,873.430589988422
28.0,873.3372332983577
28.2,873.2370407151584
28.4,873.1299304796285
28.6,873.015815599282
28.8,872.8946038504301
29.0,872.7661977806703
29.2,872.6304947118147
29.4,872.4873867432894
29.6,872.3367607560381
29.8,872.1784984169615
30.0,872.0124761839247
30.2,871.8385653113598
30.4,871.6566318564898
30.6,871.4665366861982
30.8,871.2681354845628
31.0,871.0612787610698
31.2,870.8458118595181
31.4,870.621574967619
31.6,870.3884031272906
31.8,870.1461262456385
32.0,869.8945691066054
32.2,869.6335513832679
32.4,869.3628876507418
32.6,869.0823873996562
32.8,868.7918550501375
33.0,868.4910899662359
33.2,868.1798864707137
33.4,867.8580338601008
33.6,867.5253164199069
33.8,867.1815134398637
34.0,866.8263992290578
34.2,866.4597431307911
34.4,866.0813095369953
34.6,865.6908579020006
34.8,865.2881427554496
35.0,864.8729137141194
35.2,864.4449154924059
35.4,864.0038879112014
35.6,863.5495659048865
35.8,863.0816795261435
36.0,862.5999539482949
36.2,862.104109464866
36.4,861.5938614860855
36.6,861.0689205320523
36.8,860.5289922223428
37.0,859.9737772618861
37.2,859.4029714230262
37.4,858.8162655238178
37.6,858.2133454027739
37.8,857.5938918905206
38.0,856.9575807791283
38.2,856.3040827902948
38.4,855.63306354408
38.6,854.944183530563
38.8,854.2370980876267
39.0,853.5114573891132
39.2,852.7669064488584
39.4,852.003085147651
39.6,851.219628291973
39.8,850.4161657155266
40.0,849.5923224370117
40.2,848.7477188904256
40.4,847.8819712472747
40.6,846.9946918534865
40.8,846.0854898074188
41.0,845.1539717090675
41.2,844.1997426142383
41.4,843.2224072308517
41.6,842.2215713974625
41.8,841.1968438861711
42.0,840.147838573038
42.2,839.0741770184737
42.4,837.9754914974129
42.6,836.8514285139679
42.8,835.7016528271967
43.0,834.5258520032371
43.2,833.3237414939846
43.4,832.0950702235052
43.6,830.8396266404023
43.8,829.5572451675239
44.0,828.2478129500848
44.2,826.9112767701289
44.4,825.547649960243
44.6,824.1570191138247
44.8,822.7395503545783
45.0,821.295494896145
45.2,819.8251935959177
45.4,818.3290801873854
45.6,816.8076828650264
45.8,815.2616238969738
46.0,813.6916169553099
46.2,812.0984618833961
46.4,810.4830366650609
46.6,808.8462864219837
46.8,807.1892093426668
47.0,805.5128395374963
47.2,803.8182269171746
47.4,802.1064143029495
47.6,800.3784120924414
47.8,798.6351709196764
48.0,796.8775528568971
48.2,795.1063018033605
48.4,793.3220137872325
48.6,791.5251079658693
48.8,789.7157991429287
49.0,787.8940726246542
49.2,786.0596622102906
49.4,784.2120320524231
49.6,782.3503630331028
49.8,780.4735441835704
50.0,778.5801695333456
