0.0,818.387992073304
0.2,820.2857427396164
0.4,822.1398783040974
0.6,823.9506117159473
0.8,825.7181787042791
1.0,827.4428386830971
1.2,829.1248755147337
1.4,830.7645981279292
1.6,832.3623409878414
1.8,833.91846441639
2.0,835.4333547624487
2.2,836.9074244225089
2.4,838.3411117135156
2.6,839.7348806006327
2.8,841.0892202837032
3.0,842.4046446471358
3.2,843.6816915788497
3.4,844.9209221647546
3.6,846.1229197660068
3.8,847.2882889869754
4.0,848.4176545424625
4.2,849.5116600332397
4.4,850.5709666394039
4.6,851.5962517413942
4.8,852.588207478764
5.0,853.5475392569697
5.2,854.4749642125006
5.4,855.3712096466655
5.6,856.2370114382483
5.8,857.0731124450585
6.0,857.8802609041561
6.2,858.6592088401837
6.4,859.4107104908608
6.6,860.1355207582259
6.8,860.8343936937144
7.0,861.5080810246004
7.2,862.1573307287407
7.4,862.7828856639353
7.6,863.3854822575663
7.8,863.9658492615166
8.0,864.5247065766864
8.2,865.0627641507518
8.4,865.580720952127
8.6,866.0792640224279
8.8,866.5590676090799
9.0,867.020792379077
9.2,867.4650847142962
9.4,867.892576088189
9.6,868.3038825231262
9.8,868.6996041271632
10.0,869.0803247085228
10.2,869.4466114656618
10.4,869.7990147503995
10.6,870.1380679012443
10.8,870.4642871437547
11.0,870.7781715545133
11.2,871.0802030850783
11.4,871.3708466421159
11.6,871.6505502197762
11.8,871.9197450802959
12.0,872.1788459787563
12.2,872.4282514279105
12.4,872.6683439990112
12.6,872.8994906546225
12.8,873.1220431094698
13.0,873.3363382154918
13.2,873.5426983673751
13.4,873.7414319250057
13.6,873.9328336494215
13.8,874.1171851490352
14.0,874.294755333077
14.2,874.4658008694042
14.4,874.630566644026
14.6,874.7892862198953
14.8,874.9421822927288
15.0,875.0894671418226
15.2,875.2313430740329
15.4,875.3680028592972
15.6,875.4996301562611
15.8,875.626399926769
16.0,875.7484788381596
16.2,875.8660256524748
16.4,875.97919160186
16.6,876.088120749585
16.8,876.192950336258
17.0,876.2938111109403
17.2,876.3908276469897
17.4,876.4841186425731
17.6,876.5737972058898
17.8,876.6599711252373
18.0,876.7427431241305
18.2,876.8222111017578
18.4,876.8984683591182
18.6,876.9716038112306
18.8,877.0417021858578
19.0,877.1088442092163
19.2,877.1731067791734
19.4,877.2345631264562
19.6,877.2932829644064
19.8,877.3493326278292
20.0,877.402775201485
20.2,877.453670638774
20.4,877.5020758711541
20.6,877.5480449088324
20.8,877.5916289332471
21.0,877.6328763818556
21.2,877.6718330257136
21.4,877.7085420403236
21.6,877.7430440702034
21.8,877.7753772876063
22.0,877.8055774458026
22.2,877.8336779273078
22.4,877.8597097874208
22.6,877.8837017934105
22.8,877.9056804596648
23.0,877.925670079096
23.2,877.9436927510661
23.4,877.9597684060803
23.6,877.9739148274662
23.8,877.9861476702396
24.0,877.9964804773324
24.2,878.0049246933356
24.4,878.0114896758914
24.6,878.0161827048443
24.8,878.0190089892421
25.0,878.0199716722586
25.2,878.0190718340828
25.4,878.0163084928076
25.6,878.0116786033255
25.8,878.0051770542195
26.0,877.996796662619
26.2,877.9865281669665
26.4,877.9743602176272
26.6,877.9602793652439
26.8,877.9442700467265
27.0,877.9263145687404
27.2,877.9063930885363
27.4,877.884483591944
27.6,877.860561868328
27.8,877.8346014822827
28.0,877.8065737418176
28.2,877.7764476627666
28.4,877.7441899291221
28.6,877.709764848981
28.8,877.673134305757
29.0,877.6342577042972
29.2,877.5930919115108
29.4,877.5495911911005
29.6,877.5037071319605
29.8,877.4553885697853
30.0,877.404581501414
30.2,877.3512289914132
30.4,877.2952710703898
30.6,877.2366446245043
30.8,877.175283275648
31.0,877.1111172517374
31.2,877.0440732465731
31.4,876.9740742687123
31.6,876.9010394788035
31.8,876.8248840148442
32.0,876.745518804839
32.2,876.6628503663493
32.4,876.5767805924631
32.6,876.4872065237398
32.8,876.3940201057364
33.0,876.2971079317678
33.2,876.1963509706168
33.4,876.0916242789817
33.6,875.9827966985266
33.8,875.8697305374918
34.0,875.7522812369241
34.2,875.6302970216963
34.4,875.5036185366097
34.6,875.3720784680055
34.8,875.2355011514554
35.0,875.0937021662576
35.2,874.9464879176243
35.4,874.793655207627
35.6,874.63499079614
35.8,874.4702709532185
36.0,874.2992610045409
36.2,874.1217148717456
36.4,873.9373746097006
36.6,873.7459699429481
36.8,873.5472178037769
37.0,873.3408218745761
37.2,873.126472137335
37.4,872.9038444333372
37.6,872.6726000362945
37.8,872.432385242335
38.0,872.1828309804266
38.2,871.9235524469557
38.4,871.654148768312
38.6,871.3742026954309
38.8,871.0832803343196
39.0,870.780930916647
39.2,870.4666866144921
39.4,870.1400624033362
39.6,869.8005559773254
39.8,869.447647720751
40.0,869.0808007395603
40.2,868.6994609565459
40.4,868.3030572736436
40.6,867.8910018045233
40.8,867.462690180345
41.0,867.0175019312201
41.2,866.5548009455241
41.4,866.07393600878
41.6,865.5742414233601
41.8,865.0550377097475
42.0,864.5156323895458
42.2,863.9553208498585
42.4,863.3733872880376
42.6,862.7691057351799
42.8,862.1417411560891
43.0,861.4905506227565
43.2,860.8147845577356
43.4,860.1136880431047
43.6,859.3865021900348
43.8,858.6324655633161
44.0,857.8508156545435
44.2,857.0407903970378
44.4,856.2016297149916
44.6,855.3325770987632
44.8,854.4328811977464
45.0,853.5017974217792
45.2,852.5385895416634
45.4,851.542531279035
45.6,850.5129078755646
45.8,849.449017631289
46.0,848.3501734017675
46.2,847.2157040437419
46.4,846.0449557990535
46.6,844.8372936067243
46.8,843.5921023333628
47.0,842.3087879124032
47.2,840.9867783831085
47.4,839.6255248208023
47.6,838.2245021503905
47.8,836.7832098359305
48.0,835.3011724397699
48.2,833.7779400456155
48.4,832.213088540797
48.6,830.6062197539495
48.8,828.9569614453522
49.0,827.2649671482064
49.2,825.5299158602231
49.4,823.7515115859871
49.6,821.9294827316816
49.8,820.0635813548681
50.0,818.1535822731187
