0.0,799.3844664058773
0.2,801.4331799926633
0.4,803.442047663929
0.6,805.4114675984922
0.8,807.3418403709165
1.0,809.2335690555071
1.2,811.0870593185047
1.4,812.9027194980376
1.6,814.6809606714451
1.8,816.4221967096288
2.0,818.126844318152
2.2,819.7953230648487
2.4,821.4280553937663
2.6,823.0254666253143
2.8,824.5879849425517
3.0,826.1160413635937
3.2,827.610069700178
3.4,829.0705065024796
3.6,830.4977909903217
3.8,831.8923649709731
4.0,833.2546727437818
4.2,834.5851609919387
4.4,835.8842786617084
4.6,837.1524768295202
4.8,838.39020855734
5.0,839.5979287368008
5.2,840.7760939225918
5.4,841.9251621556548
5.6,843.0455927767583
5.8,844.1378462310585
6.0,845.2023838642768
6.2,846.2396677111507
6.4,847.2501602768322
6.6,848.2343243119321
6.8,849.1926225819133
7.0,850.1255176315558
7.2,851.0334715452199
7.4,851.9169457036396
7.6,852.7764005379798
7.8,853.6122952818904
8.0,854.425087722285
8.2,855.2152339495661
8.4,855.9831881080056
8.6,856.7294021469801
8.8,857.454325573743
9.0,858.1584052083987
9.2,858.842084941722
9.4,859.5058054964461
9.6,860.1500041926163
9.8,860.7751147175809
10.0,861.3815669011625
10.2,861.9697864965241
10.4,862.5401949672136
10.6,863.0932092808351
10.8,863.6292417097698
11.0,864.1486996393253
11.2,864.6519853836676
11.4,865.1394960098477
11.6,865.6116231702026
11.8,866.0687529433768
12.0,866.5112656841688
12.2,866.9395358823807
12.4,867.3539320308045
12.6,867.7548165024535
12.8,868.1425454371054
13.0,868.5174686371954
13.2,868.8799294730645
13.4,869.2302647975354
13.6,869.5688048697587
13.8,869.8958732882454
14.0,870.2117869329692
14.2,870.5168559163998
14.4,870.8113835433013
14.6,871.0956662791067
14.8,871.3699937266546
15.0,871.6346486110593
15.2,871.8899067724602
15.4,872.1360371663809
15.6,872.373301871415
15.8,872.6019561039366
16.0,872.8222482395225
16.2,873.0344198407645
16.4,873.2387056911332
16.6,873.4353338345556
16.8,873.6245256203536
17.0,873.8064957531888
17.2,873.9814523476564
17.4,874.1495969871647
17.6,874.3111247867367
17.8,874.466224459371
18.0,874.6150783855983
18.2,874.7578626858741
18.4,874.8947472954479
18.6,875.0258960413568
18.8,875.1514667211925
19.0,875.271611183302
19.2,875.3864754080811
19.4,875.4961995900348
19.6,875.6009182202813
19.8,875.7007601691853
20.0,875.7958487688205
20.2,875.8863018949618
20.4,875.9722320483246
20.6,876.0537464347773
20.8,876.13094704426
21.0,876.203930728158
21.2,876.2727892748859
21.4,876.3376094834513
21.6,876.3984732347772
21.8,876.4554575605728
22.0,876.508634709556
22.2,876.5580722108392
22.4,876.6038329343038
22.6,876.6459751477973
22.8,876.6845525710019
23.0,876.71961442583
23.2,876.7512054832163
23.4,876.7793661061868
23.6,876.8041322890934
23.8,876.8255356929171
24.0,876.8436036765503
24.2,876.8583593239807
24.4,876.8698214673103
24.6,876.8780047055512
24.8,876.8829194191541
25.0,876.8845717802296
25.2,876.8829637584402
25.4,876.8780931225434
25.6,876.8699534375828
25.8,876.85853405773
26.0,876.8438201147924
26.2,876.8257925024111
26.4,876.8044278559848
26.6,876.7796985283629
26.8,876.751572561366
27.0,876.7200136531957
27.2,876.6849811218159
27.4,876.6464298643859
27.6,876.6043103128474
27.8,876.5585683857724
28.0,876.5091454365912
28.2,876.45597819833
28.4,876.3989987250005
28.6,876.3381343297949
28.8,876.2733075202456
29.0,876.2044359305288
29.2,876.1314322510981
29.4,876.0542041558417
29.6,875.9726542269766
29.8,875.8866798778976
30.0,875.7961732742119
30.2,875.7010212532047
30.4,875.6011052419851
30.6,875.4963011745817
30.8,875.3864794082573
31.0,875.2715046393312
31.2,875.1512358188041
31.4,875.0255260680881
31.6,874.8942225951573
31.8,874.75716661144
32.0,874.6141932497833
32.2,874.4651314838281
32.4,874.3098040491367
32.6,874.148027366425
32.8,873.9796114672547
33.0,873.8043599225416
33.2,873.6220697742467
33.4,873.4325314706113
33.6,873.235528805303
33.8,873.0308388608383
34.0,872.8182319566441
34.2,872.5974716021225
34.4,872.3683144550733
34.6,872.130510285828
34.8,871.8838019474406
35.0,871.6279253522711
35.2,871.3626094552909
35.4,871.087576244424
35.6,870.802540738229
35.8,870.5072109912103
36.0,870.2012881070299
36.2,869.884466259878
36.4,869.556432724236
36.6,869.216867913249
36.8,868.8654454259014
37.0,868.501832103164
37.2,868.1256880932588
37.4,867.7366669261596
37.6,867.3344155974191
37.8,866.9185746613823
38.0,866.4887783338206
38.2,866.0446546039843
38.4,865.5858253560432
38.6,865.111906499847
38.8,864.6225081109116
39.0,864.1172345794934
39.2,863.5956847685851
39.4,863.0574521806302
39.6,862.5021251327157
39.8,861.9292869399695
40.0,861.3385161068538
40.2,860.7293865260077
40.4,860.1014676842608
40.6,859.4543248754053
40.8,858.7875194192802
41.0,858.1006088866881
41.2,857.3931473296356
41.4,856.6646855163613
41.6,855.9147711705793
41.8,855.1429492143504
42.0,854.3487620139583
42.2,853.5317496281547
42.4,852.6914500581084
42.6,851.8273994983845
42.8,850.9391325882531
43.0,850.0261826626269
43.2,849.0880820019044
43.4,848.1243620799969
43.6,847.1345538098077
43.8,846.1181877854326
44.0,845.0747945203527
44.2,844.0039046808921
44.4,842.9050493142245
44.6,841.7777600702203
44.8,840.6215694164435
45.0,839.4360108456194
45.2,838.2206190749218
45.4,836.9749302364447
45.6,835.6984820582543
45.8,834.3908140354457
46.0,833.05146759066
46.2,831.679986223553
46.4,830.275915648745
46.6,828.8388039218216
46.8,827.3682015529942
47.0,825.8636616080801
47.2,824.3247397965022
47.4,822.7509945460596
47.6,821.141987064272
47.8,819.4972813861468
48.0,817.8164444082755
48.2,816.0990459092144
48.4,814.3446585561642
48.6,812.5528578980087
48.8,810.7232223448364
49.0,808.8553331341137
49.2,806.94877428374
49.4,805.0031325322618
49.6,803.0179972665776
49.8,800.9929604375151
50.0,798.9276164637132
