0.0,586.2992385568716
0.2,586.7477801186786
0.4,587.6007539834607
0.6,588.8514701785946
0.8,590.4886460554984
1.0,592.4967294377233
1.2,594.8563317959361
1.4,597.5447520990442
1.6,600.536568586773
1.8,603.8042736751863
2.0,607.3189266085444
2.2,611.0507992681827
2.4,614.9699926045147
2.6,619.047004254629
2.8,623.253231771144
3.0,627.561400213137
3.2,631.9459073281708
3.4,636.3830838973149
3.6,640.851370775086
3.8,645.3314175413009
4.0,649.8061103633488
4.2,654.2605385819633
4.4,658.6819106788568
4.6,663.0594307106201
4.8,667.3841460906626
5.0,671.6487768874797
5.2,675.8475357147062
5.4,679.9759459493238
5.6,684.0306645533983
5.8,688.0093142999966
6.0,691.9103288026638
6.2,695.732812484143
6.4,699.4764165352275
6.6,703.1412310292537
6.8,706.727692674744
7.0,710.2365071974193
7.2,713.6685850229488
7.4,717.0249887573799
7.6,720.3068909047107
7.8,723.5155402923056
8.0,726.6522357686671
8.2,729.718305871779
8.4,732.7150933210605
8.6,735.6439433474104
8.8,738.5061950332015
9.0,741.3031749803026
9.2,744.0361927549769
9.4,746.7065376718974
9.6,749.3154765752159
9.8,751.864252353515
10.0,754.3540829891222
10.2,756.7861609926356
10.4,759.1616531126358
10.6,761.4817002404503
10.8,763.7474174522887
11.0,765.9598941476947
11.2,768.1201942553745
11.4,770.2293564861714
11.6,772.2883946191439
11.8,774.298297811023
12.0,776.2600309223194
12.2,778.1745348554024
12.4,780.0427269012479
12.6,781.8655010924895
12.8,783.643728561023
13.0,785.3782578988217
13.2,787.0699155209028
13.4,788.7195060295559
13.6,790.3278125790824
13.8,791.8955972403728
14.0,793.4236013647188
14.2,794.9125459463055
14.4,796.3631319828687
14.6,797.776040834038
14.8,799.1519345769173
15.0,800.4914563584821
15.2,801.7952307444007
15.4,803.0638640639108
15.6,804.2979447504115
15.8,805.4980436774458
16.0,806.664714489785
16.2,807.798493929332
16.4,808.8999021555984
16.6,809.9694430605155
16.8,811.0076045773711
17.0,812.0148589836759
17.2,812.99166319778
17.4,813.9384590690847
17.6,814.8556736617015
17.8,815.743719531432
18.0,816.6029949959543
18.2,817.4338843981135
18.4,818.2367583622313
18.6,819.0119740433558
18.8,819.7598753693887
19.0,820.4807932760312
19.2,821.175045934509
19.4,821.8429389720328
19.6,822.4847656849726
19.8,823.1008072447162
20.0,823.6913328962052
20.2,824.2566001491325
20.4,824.7968549618017
20.6,825.3123319176473
20.8,825.803254394421
21.0,826.2698347260527
21.2,826.7122743571981
21.4,827.1307639904857
21.6,827.5254837264797
21.8,827.8966031963782
22.0,828.2442816874633
22.2,828.5686682613231
22.4,828.8699018648687
22.6,829.1481114341619
22.8,829.4034159910788
23.0,829.6359247328243
23.2,829.8457371143217
23.4,830.0329429234905
23.6,830.1976223494338
23.8,830.3398460435473
24.0,830.4596751735671
24.2,830.5571614705678
24.4,830.6323472689189
24.6,830.6852655392139
24.8,830.7159399141739
25.0,830.7243847075317
25.2,830.7106049259015
25.4,830.6745962736313
25.6,830.6163451506369
25.8,830.535828643216
26.0,830.4330145078319
26.2,830.3078611478635
26.4,830.1603175833062
26.6,829.9903234134144
26.8,829.7978087722705
27.0,829.5826942772622
27.2,829.3448909704538
27.4,829.0843002528266
27.6,828.8008138113727
27.8,828.4943135390148
28.0,828.1646714473328
28.2,827.8117495720694
28.4,827.4353998713918
28.6,827.0354641168835
28.8,826.6117737772411
29.0,826.1641498946502
29.2,825.6924029538179
29.4,825.1963327436356
29.6,824.6757282114526
29.8,824.1303673099386
30.0,823.5600168365177
30.2,822.9644322653576
30.4,822.3433575719031
30.6,821.696525049945
30.8,821.0236551212187
31.0,820.3244561375353
31.2,819.5986241754506
31.4,818.8458428234834
31.6,818.0657829619032
31.8,817.2581025351136
32.0,816.4224463166659
32.2,815.5584456669462
32.4,814.6657182835904
32.6,813.74386794469
32.8,812.7924842448631
33.0,811.8111423242808
33.2,810.7994025907448
33.4,809.7568104349338
33.6,808.6828959389451
33.8,807.5771735782764
34.0,806.4391419174082
34.2,805.2682832991632
34.4,804.0640635280405
34.6,802.8259315477382
34.8,801.553319113099
35.0,800.2456404567337
35.2,798.9022919506003
35.4,797.5226517628371
35.6,796.1060795101723
35.8,794.6519159062555
36.0,793.1594824062837
36.2,791.6280808483173
36.4,790.0569930917106
36.6,788.4454806531112
36.8,786.7927843405098
37.0,785.0981238858623
37.2,783.360697576843
37.4,781.5796818883384
37.6,779.7542311143571
37.8,777.8834770011181
38.0,775.9665283822053
38.2,774.0024708168603
38.4,771.9903662327583
38.6,769.9292525750224
38.8,767.81814346385
39.0,765.6560278640545
39.2,763.4418697712075
39.4,761.1746079211111
39.6,758.8531555323204
39.8,756.4764000957582
40.0,754.0432032316379
40.2,751.5524006426141
40.4,749.002802204187
40.6,746.3931922499908
40.8,743.7223301320324
41.0,740.9889511658076
41.2,738.1917681093065
41.4,735.3294733752457
41.6,732.4007422394508
41.8,729.4042373871255
42.0,726.3386152343559
42.2,723.20253457547
42.4,719.9946682375294
42.6,716.7137185692939
42.8,713.3584377492454
43.0,709.9276540585281
43.2,706.420305419356
43.4,702.8354816330037
43.6,699.1724768452372
43.8,695.4308537982515
44.0,691.6105213707772
44.2,687.7118267337725
44.4,683.7356631296013
44.6,679.6835937917994
44.8,675.5579918402241
45.0,671.3621951018873
45.2,667.1006737240507
45.4,662.7792071837265
45.6,658.4050658978323
45.8,653.9871911649758
46.0,649.5363657102821
46.2,645.0653657668804
46.4,640.5890845358949
46.6,636.1246161539509
46.8,631.691289094737
47.0,627.3106383567235
47.2,623.0063069332251
47.4,618.8038689736064
47.6,614.7305697232258
47.8,610.8149807113672
48.0,607.0865726124514
48.2,603.575212544351
48.4,600.3105970413598
48.6,597.3216362602126
48.8,594.6358088369051
49.0,592.2785099053743
49.2,590.2724168424973
49.4,588.6368981004051
49.6,587.3874898896626
49.8,586.5354634451171
50.0,586.0875022057292
