0.0,527.0121991889032
0.2,532.8999767661167
0.4,538.706895692273
0.6,544.4327285480152
0.8,550.0773154720297
1.0,555.6405651227813
1.2,561.1224552702344
1.4,566.5230330173774
1.6,571.8424146542071
1.8,577.0807851496241
2.0,582.2383972894053
2.2,587.3155704710335
2.4,592.3126891686546
2.6,597.2302010837666
2.8,602.0686149994154
3.0,606.8284983576457
3.2,611.5104745817214
3.4,616.115220166182
3.6,620.6434615591079
3.8,625.0959718620421
4.0,629.4735673738388
4.2,633.777104005278
4.4,638.0074735916119
4.6,642.1656001302717
4.8,646.2524359708024
5.0,650.2689579836746
5.2,654.2161637340016
5.4,658.095067685334
5.6,661.9066974576657
5.8,665.6520901625593
6.0,669.3322888369047
6.2,672.9483389952909
6.4,676.5012853193101
6.6,679.9921685003438
6.8,683.4220222505363
7.0,686.7918704947419
7.2,690.1027247542896
7.4,693.3555817314267
7.6,696.5514211013394
7.8,699.6912035166936
8.0,702.7758688277265
8.2,705.8063345190665
8.4,708.7834943626707
8.6,711.7082172845783
8.8,714.5813464415727
9.0,717.4036985023683
9.2,720.1760631265648
9.4,722.8992026333789
9.6,725.5738518510576
9.8,728.2007181369162
10.0,730.7804815571168
10.2,733.3137952146261
10.4,735.8012857132446
10.6,738.2435537452054
10.8,740.6411747895689
11.0,742.9946999085031
11.2,745.3046566285309
11.4,747.5715498939285
11.6,749.7958630796703
11.8,751.9780590516349
12.0,754.1185812621869
12.2,756.2178548697417
12.4,758.276287871472
12.6,760.2942722389424
12.8,762.2721850471203
13.0,764.2103895879324
13.2,766.1092364602756
13.4,767.9690646291543
13.6,769.7902024474012
13.8,771.5729686342157
14.0,773.3176732055382
14.2,775.02461835204
14.4,776.6940992612673
14.6,778.3264048811967
14.8,779.9218186231595
15.0,781.4806190027534
15.2,783.0030802179868
15.4,784.4894726644831
15.6,785.9400633881095
15.8,787.3551164758948
16.0,788.7348933865411
16.2,790.0796532222391
16.4,791.3896529438464
16.6,792.6651475317923
16.8,793.9063900953367
17.0,795.1136319330179
17.2,796.2871225472988
17.4,797.4271096165546
17.6,798.533838927629
17.8,799.6075542722471
18.0,800.6484973105931
18.2,801.6569074053527
18.4,802.6330214294811
18.6,803.5770735508994
18.8,804.4892949972385
19.0,805.3699138036437
19.2,806.2191545465388
19.4,807.0372380661177
19.6,807.8243811801826
19.8,808.5807963918061
20.0,809.3066915931306
20.2,810.0022697674641
20.4,810.6677286916657
20.6,811.3032606406563
20.8,811.9090520957286
21.0,812.485283458176
21.2,813.0321287696078
21.4,813.5497554401762
21.6,814.0383239857988
21.8,814.4979877753304
22.0,814.9288927885211
22.2,815.3311773854755
22.4,815.7049720882309
22.6,816.0503993749752
22.8,816.3675734873361
23.0,816.6566002511024
23.2,816.9175769106646
23.4,817.1505919774094
23.6,817.3557250922446
23.8,817.5330469023964
24.0,817.6826189525782
24.2,817.8044935906055
24.4,817.89871388751
24.6,817.9653135721826
24.8,818.0043169805692
25.0,818.0157390194306
25.2,817.9995851446702
25.4,817.9558513542347
25.6,817.8845241955859
25.8,817.785580787739
26.0,817.6589888578657
26.2,817.5047067924496
26.4,817.3226837029823
26.6,817.1128595061728
26.8,816.8751650186362
27.0,816.6095220660068
27.2,816.3158436063985
27.4,815.9940338681087
27.6,815.6439885014231
27.8,815.2655947443416
28.0,814.858731601988
28.2,814.4232700394143
28.4,813.9590731874372
28.6,813.4659965610733
28.8,812.9438882900492
29.0,812.3925893607702
29.2,811.8119338690279
29.4,811.2017492826112
29.6,810.5618567128674
29.8,809.8920711941248
30.0,809.1922019697552
30.2,808.4620527835077
30.4,807.7014221745949
30.6,806.9101037748562
30.8,806.087886606168
31.0,805.2345553761029
31.2,804.349890769687
31.4,803.4336697349379
31.6,802.4856657597124
31.8,801.5056491372465
32.0,800.4933872176189
32.2,799.4486446422503
32.4,798.37118355842
32.6,797.260763810689
32.8,796.1171431060316
33.0,794.9400771494151
33.2,793.7293197465351
33.4,792.4846228704007
33.6,791.2057366884892
33.8,789.8924095472421
34.0,788.5443879107703
34.2,787.1614162507612
34.4,785.7432368847565
34.6,784.2895897601794
34.8,782.8002121817515
35.0,781.2748384802451
35.2,779.7131996208645
35.4,778.1150227499559
35.6,776.4800306791844
35.8,774.8079413068182
36.0,773.098466976292
36.2,771.3513137728113
36.4,769.5661807593767
36.6,767.7427591542759
36.8,765.88073145278
37.0,763.9797704965152
37.2,762.0395384947195
37.4,760.0596860023718
37.6,758.0398508609508
37.8,755.9796571083709
38.0,753.8787138654126
38.2,751.736614206735
38.4,749.5529340253005
38.6,747.3272308997501
38.8,745.0590429749435
39.0,742.747887866489
39.2,740.3932616006558
39.4,737.9946376015399
39.6,735.5514657377618
39.8,733.0631714412893
40.0,730.5291549111915
40.2,727.9487904152311
40.4,725.3214257021974
40.6,722.646381537737
40.8,719.922951376179
41.0,717.150401180448
41.2,714.3279694016164
41.4,711.4548671289713
41.6,708.5302784206399
41.8,705.5533608238637
42.0,702.5232460929028
42.2,699.4390411113166
42.4,696.2998290240039
42.6,693.1046705829001
42.8,689.8526057086317
43.0,686.5426552687353
43.2,683.1738230712632
43.4,679.7450980707447
43.6,676.2554567815624
43.8,672.7038658918506
44.0,669.0892850690565
44.2,665.410669946332
44.4,661.6669752769743
44.6,657.857158242226
44.8,653.9801818958912
45.0,650.0350187274676
45.2,646.0206543238289
45.4,641.9360911079586
45.6,637.7803521318477
45.8,633.5524848994445
46.0,629.2515651944979
46.2,624.8767008872965
46.4,620.4270356936701
46.6,615.9017528592129
46.8,611.3000787415212
47.0,606.621286263305
47.2,601.8646982095569
47.4,597.0296903425308
47.6,592.1156943091082
47.8,587.1222003161971
48.0,582.0487595511213
48.2,576.8949863255061
48.4,571.6605599229272
48.6,566.3452261325684
48.8,560.9487984532991
49.0,555.471158954912
49.2,549.9122587857548
49.4,544.2721183185984
49.6,538.5508269292978
49.8,532.7485424055944
50.0,526.8654899862415
