0.0,856.3222897289043
0.2,857.0018769587406
0.4,857.6659951286065
0.6,858.31485235202
0.8,858.9486569832642
1.0,859.5676175909912
1.2,860.1719429297096
1.4,860.7618419091386
1.6,861.3375235614212
1.8,861.8991970061991
2.0,862.447071413559
2.2,862.9813559648671
2.4,863.5022598115227
2.6,864.0099920316625
2.8,864.5047615848637
3.0,864.986777264894
3.2,865.4562476505716
3.4,865.9133810548002
3.6,866.3583854718557
3.8,866.7914685230058
4.0,867.2128374005498
4.2,867.6226988103755
4.4,868.0212589131328
4.6,868.4087232641305
4.8,868.7852967520669
5.0,869.1511835367126
5.2,869.506586985663
5.4,869.8517096102879
5.6,870.1867530010026
5.8,870.511917761992
6.0,870.8274034455219
6.2,871.1334084859697
6.4,871.4301301337107
6.6,871.7177643889987
6.8,871.996505935976
7.0,872.2665480769491
7.2,872.5280826670701
7.4,872.7813000495546
7.6,873.0263889915726
7.8,873.2635366209436
8.0,873.4929283637643
8.2,873.7147478830975
8.4,873.9291770188418
8.6,874.1363957289042
8.8,874.3365820317923
9.0,874.5299119507321
9.2,874.7165594594227
9.4,874.8966964295274
9.6,875.0704925799956
9.8,875.2381154283086
10.0,875.3997302437314
10.2,875.5555000026511
10.4,875.7055853460715
10.6,875.8501445393317
10.8,875.9893334341089
11.0,876.1233054327549
11.2,876.2522114550152
11.4,876.3761999071678
11.6,876.4954166536157
11.8,876.6100049909584
12.0,876.7201056245582
12.2,876.8258566476179
12.4,876.9273935227717
12.6,877.0248490661884
12.8,877.1183534341798
13.0,877.2080341122987
13.2,877.2940159069065
13.4,877.3764209391833
13.6,877.4553686415476
13.8,877.5309757564468
14.0,877.6033563374743
14.2,877.672621752765
14.4,877.7388806906123
14.6,877.802239167248
14.8,877.8628005367235
15.0,877.9206655028186
15.2,877.9759321329105
15.4,878.0286958737239
15.6,878.0790495688817
15.8,878.1270834781765
16.0,878.1728852984719
16.2,878.2165401861491
16.4,878.2581307810049
16.6,878.2977372315081
16.8,878.3354372213208
17.0,878.3713059969843
17.2,878.4054163966755
17.4,878.4378388799317
17.6,878.4686415582448
17.8,878.4978902264255
18.0,878.525648394635
18.2,878.5519773209853
18.4,878.5769360446064
18.6,878.6005814190825
18.8,878.6229681461547
19.0,878.6441488095953
19.2,878.6641739091558
19.4,878.6830918944897
19.6,878.700949198961
19.8,878.7177902732417
20.0,878.7336576186091
20.2,878.748591819854
20.4,878.7626315777137
20.6,878.7758137407446
20.8,878.7881733365534
21.0,878.7997436023073
21.2,878.8105560144469
21.4,878.8206403175269
21.6,878.8300245521167
21.8,878.8387350816896
22.0,878.8467966184371
22.2,878.8542322479473
22.4,878.8610634526884
22.6,878.8673101342421
22.8,878.8729906342342
23.0,878.8781217539162
23.2,878.8827187723502
23.4,878.8867954631579
23.6,878.890364109793
23.8,878.8934355193054
24.0,878.8960190345646
24.2,878.8981225449143
24.4,878.8997524952371
24.6,878.9009138934055
24.8,878.9016103161066
25.0,878.901843913025
25.2,878.9016154093752
25.4,878.9009241067797
25.6,878.8997678824895
25.8,878.8981431869483
26.0,878.8960450397091
26.2,878.8934670237077
26.4,878.8904012779116
26.6,878.886838488356
26.8,878.8827678775905
27.0,878.8781771925575
27.2,878.8730526909338
27.4,878.867379125962
27.6,878.8611397298095
27.8,878.8543161954918
28.0,878.8468886574038
28.2,878.8388356705004
28.4,878.8301341881794
28.6,878.8207595389158
28.8,878.8106854017044
29.0,878.7998837803678
29.2,878.7883249767937
29.4,878.7759775631638
29.6,878.7628083532451
29.8,878.7487823728122
30.0,878.7338628292764
30.2,878.7180110805963
30.4,878.7011866035514
30.6,878.6833469614592
30.8,878.6644477714194
31.0,878.6444426711749
31.2,878.623283285674
31.4,878.6009191934291
31.6,878.5772978927615
31.8,878.5523647680274
32.0,878.5260630559213
32.2,878.498333811955
32.4,878.4691158772074
32.6,878.4383458454478
32.8,878.4059580307296
33.0,878.3718844355581
33.2,878.3360547197287
33.4,878.2983961699412
33.6,878.2588336702845
33.8,878.217289673698
34.0,878.1736841745038
34.2,878.12793468211
34.4,878.0799561959817
34.6,878.0296611819742
34.8,877.9769595501223
35.0,877.9217586339765
35.2,877.8639631715752
35.4,877.8034752881382
35.6,877.740194480566
35.8,877.6740176038226
36.0,877.6048388592795
36.2,877.5325497850939
36.4,877.4570392486858
36.6,877.3781934413827
36.8,877.2958958752879
37.0,877.2100273824274
37.2,877.1204661162255
37.4,877.027087555352
37.6,876.9297645099793
37.8,876.8283671304835
38.0,876.7227629186131
38.2,876.6128167411488
38.4,876.4983908460669
38.6,876.3793448812136
38.8,876.2555359154928
39.0,876.1268184625603
39.2,875.9930445070131
39.4,875.854063533054
39.6,875.7097225556067
39.8,875.5598661538469
40.0,875.4043365071113
40.2,875.2429734331383
40.4,875.0756144285841
40.6,874.9020947117594
40.8,874.7222472675167
41.0,874.535902894216
41.2,874.3428902526913
41.4,874.1430359171318
41.6,873.9361644277867
41.8,873.7220983453983
42.0,873.5006583072609
42.2,873.2716630847982
42.4,873.0349296425493
42.6,872.7902731984452
42.8,872.5375072852578
43.0,872.276443813096
43.2,872.0068931328242
43.4,871.7286641002712
43.6,871.4415641410978
43.8,871.1453993161907
44.0,870.8399743874438
44.2,870.5250928837931
44.4,870.2005571673666
44.6,869.8661684996101
44.8,869.5217271072552
45.0,869.1670322479893
45.2,868.8018822756966
45.4,868.4260747051336
45.6,868.0394062759106
45.8,867.6416730156503
46.0,867.2326703022004
46.2,866.8121929247772
46.4,866.3800351439254
46.6,865.9359907501827
46.8,865.4798531213415
47.0,865.0114152782069
47.2,864.5304699387564
47.4,864.0368095706125
47.6,863.5302264417467
47.8,863.0105126693383
48.0,862.4774602667223
48.2,861.930861188366
48.4,861.3705073728207
48.6,860.7961907836077
48.8,860.2077034479986
49.0,859.6048374936676
49.2,858.987385183192
49.4,858.3551389463961
49.6,857.7078914105323
49.8,857.0454354283106
50.0,856.3675641037918
