0.0,753.5973771575323
0.2,756.3018754628251
0.4,758.9441514555497
0.6,761.5260759409051
0.8,764.0494702890189
1.0,766.5161049130137
1.2,768.9276980037916
1.4,771.2859145225758
1.6,773.592365449755
1.8,775.8486072861849
2.0,778.0561418008105
2.2,780.2164160163453
2.4,782.3308224227926
2.6,784.4006994068394
2.8,786.4273318836325
3.0,788.411952116156
3.2,790.3557407063844
3.4,792.2598277416004
3.6,794.1252940787242
3.8,795.953172749207
4.0,797.74445046699
4.2,799.5000692221917
4.4,801.220927943568
4.6,802.9078842133441
4.8,804.5617560187524
5.0,806.1833235254736
5.2,807.773330859175
5.4,809.332487882413
5.6,810.8614719553267
5.8,812.3609296697372
6.0,813.8314785474922
6.2,815.2737086951099
6.4,816.6881844079803
6.6,818.0754457185474
6.8,819.4360098840084
7.0,820.7703728101257
7.2,822.0790104087189
7.4,823.362379887313
7.6,824.6209209702246
7.8,825.8550570511027
8.0,827.0651962775673
8.2,828.2517325691463
8.4,829.4150465701607
8.6,830.5555065395965
8.8,831.673469180295
9.0,832.7692804100207
9.2,833.8432760771311
9.4,834.895782623674
9.6,835.9271176987825
9.8,836.937590725252
10.0,837.9275034221415
10.2,838.89715028618
10.4,839.8468190346688
10.6,840.7767910124521
10.8,841.6873415654161
11.0,842.5787403828248
11.2,843.4512518106745
11.4,844.3051351380965
11.6,845.140644858697
11.8,845.9580309085873
12.0,846.7575388827186
12.2,847.5394102310117
12.4,848.3038824356531
12.6,849.0511891708156
12.8,849.7815604459613
13.0,850.4952227337941
13.2,851.1923990838411
13.4,851.8733092225698
13.6,852.5381696408815
13.8,853.1871936697611
14.0,853.8205915448103
14.2,854.4385704603487
14.4,855.0413346137241
14.6,855.6290852404396
14.8,856.2020206406756
15.0,856.7603361977565
15.2,857.3042243890875
15.4,857.8338747900702
15.6,858.3494740714829
15.8,858.8512059907923
16.0,859.3392513778567
16.2,859.8137881154555
16.4,860.2749911150722
16.6,860.7230322883433
16.8,861.1580805145707
17.0,861.5803016046829
17.2,861.9898582620195
17.4,862.3869100402968
17.6,862.7716132990998
17.8,863.1441211572369
18.0,863.5045834442728
18.2,863.8531466505482
18.4,864.1899538759769
18.6,864.5151447779
18.8,864.8288555182601
19.0,865.1312187103478
19.2,865.4223633653564
19.4,865.7024148389694
19.6,865.9714947781891
19.8,866.2297210686047
20.0,866.4772077822823
20.2,866.7140651264492
20.4,866.9403993931295
20.6,867.1563129098796
20.8,867.3619039917592
21.0,867.5572668946593
21.2,867.7424917701059
21.4,867.9176646216382
21.6,868.0828672628601
21.8,868.2381772772483
22.0,868.3836679797937
22.2,868.5194083805482
22.4,868.6454631501358
22.6,868.761892587285
22.8,868.8687525884325
23.0,868.9660946194382
23.2,869.0539656894542
23.4,869.1324083269784
23.6,869.2014605581214
23.8,869.2611558871148
24.0,869.3115232790797
24.2,869.3525871450756
24.4,869.3843673294452
24.6,869.4068790994685
24.8,869.4201331373355
25.0,869.42413553445
25.2,869.4188877880661
25.4,869.4043868002672
25.6,869.3806248792865
25.8,869.347589743175
26.0,869.3052645258103
26.2,869.2536277852503
26.4,869.192653514423
26.6,869.1223111541483
26.8,869.0425656084817
27.0,868.9533772623699
27.2,868.8547020016027
27.4,868.7464912350456
27.6,868.6286919191311
27.8,868.5012465845851
28.0,868.3640933653581
28.2,868.2171660297296
28.4,868.060394013545
28.6,867.8937024555422
28.8,867.7170122347168
29.0,867.530240009667
29.2,867.333298259856
29.4,867.1260953287175
29.6,866.9085354685258
29.8,866.6805188869376
30.0,866.4419417951093
30.2,866.192696457279
30.4,865.9326712416938
30.6,865.6617506727532
30.8,865.3798154842236
31.0,865.0867426733723
31.2,864.7824055558539
31.4,864.4666738211687
31.6,864.1394135885027
31.8,863.8004874627428
32.0,863.4497545904476
32.2,863.0870707155414
32.4,862.7122882344847
32.6,862.3252562506598
32.8,861.9258206276966
33.0,861.5138240414501
33.2,861.0891060303256
33.4,860.6515030436342
33.6,860.2008484876499
33.8,859.7369727690183
34.0,859.2597033351649
34.2,858.7688647113222
34.4,858.2642785337948
34.6,857.7457635790586
34.8,857.2131357882793
35.0,856.6662082868181
35.2,856.1047913982821
35.4,855.5286926526496
35.6,854.9377167879965
35.8,854.3316657453179
36.0,853.7103386559244
36.2,853.0735318208644
36.4,852.4210386818005
36.6,851.7526497827298
36.8,851.0681527219114
37.0,850.3673320933142
37.2,849.6499694168588
37.4,848.9158430566706
37.6,848.1647281265014
37.8,847.3963963814093
38.0,846.6106160947094
38.2,845.8071519191194
38.4,844.9857647309344
38.6,844.1462114559499
38.8,843.2882448757467
39.0,842.411613412815
39.2,841.5160608928696
39.4,840.601326282555
39.6,839.6671434005938
39.8,838.7132406002715
40.0,837.7393404209918
40.2,836.7451592064704
40.4,835.7304066869837
40.6,834.6947855229263
40.8,833.637990806798
41.0,832.5597095206102
41.2,831.4596199455988
41.4,830.3373910210574
41.6,829.1926816490655
41.8,828.0251399418833
42.0,826.8344024088465
42.2,825.6200930797005
42.4,824.3818225614876
42.6,823.1191870263582
42.8,821.8317671279973
43.0,820.5191268447815
43.2,819.1808122482826
43.4,817.8163501963404
43.6,816.4252469506289
43.8,815.0069867194353
44.0,813.5610301272761
44.2,812.0868126139624
44.4,810.5837427668075
44.6,809.051200590834
44.8,807.4885357230658
45.0,805.8950655982763
45.2,804.2700735748913
45.4,802.6128070310841
45.6,800.9224754424537
45.8,799.1982484539844
46.0,797.4392539602666
46.2,795.6445762091404
46.4,793.8132539450264
46.6,791.9442786091575
46.8,790.0365926147384
47.0,788.0890877156722
47.2,786.1006034879181
47.4,784.0699259427189
47.6,781.9957862908883
47.8,779.8768598770185
48.0,777.711765301885
48.2,775.4990637504487
48.4,773.2372585417199
48.6,770.9247949153179
48.8,768.5600600678976
49.0,766.141383450675
49.2,763.6670373371447
49.4,761.1352376677336
49.6,758.5441451756237
49.8,755.891866795336
50.0,753.1764573529297
