0.0,797.3515228094539
0.2,799.4204106522805
0.4,801.4495550452554
0.6,803.4393593645876
0.8,805.3902288637518
1.0,807.3025707551844
1.2,809.1767942823184
1.4,811.0133107815926
1.6,812.8125337341173
1.8,814.57487880671
2.0,816.300763882062
2.2,817.9906090778355
2.4,819.644836754533
2.6,821.2638715120254
2.8,822.8481401746666
3.0,824.3980717649646
3.2,825.9140974658263
3.4,827.3966505714282
3.6,828.8461664268144
3.8,830.2630823563615
4.0,831.6478375812867
4.2,833.0008731264237
4.4,834.3226317165164
4.6,835.6135576623304
4.8,836.8740967369051
5.0,838.1046960423106
5.2,839.3058038673016
5.4,840.4778695362905
5.6,841.6213432500884
5.8,842.7366759188909
6.0,843.8243189880039
6.2,844.8847242568309
6.4,845.9183436916561
6.6,846.9256292327781
6.8,847.9070325965596
7.0,848.8630050729709
7.2,849.7939973192131
7.4,850.7004591500146
7.6,851.5828393251937
7.8,852.441585335089
8.0,853.2771431844488
8.2,854.0899571753775
8.4,854.880469689921
8.6,855.6491209728744
8.8,856.3963489153772
9.0,857.1225888398591
9.2,857.8282732868722
9.4,858.5138318043433
9.6,859.179690739753
9.8,859.8262730357329
10.0,860.4539980295524
10.2,861.0632812569418
10.4,861.6545342606777
10.6,862.2281644043313
10.8,862.7845746915557
11.0,863.3241635912591
11.2,863.8473248689904
11.4,864.3544474248292
11.6,864.8459151380482
11.8,865.3221067187881
12.0,865.7833955669537
12.2,866.230149638517
12.4,866.662731319376
12.6,867.0814973068997
12.8,867.486798499254
13.0,867.8789798925804
13.2,868.2583804860698
13.4,868.6253331949467
13.6,868.9801647713582
13.8,869.3231957331295
14.0,869.65474030033
14.2,869.9751063395679
14.4,870.284595315907
14.6,870.5835022522847
14.8,870.8721156962797
15.0,871.1507176940695
15.2,871.419583771392
15.4,871.6789829213122
15.6,871.9291775985793
15.8,872.1704237203417
16.0,872.4029706729825
16.2,872.6270613248137
16.4,872.8429320443673
16.6,873.0508127240095
16.8,873.2509268085887
17.0,873.4434913288333
17.2,873.628716939197
17.4,873.8068079598544
17.6,873.9779624225367
17.8,874.142372119905
18.0,874.3002226581461
18.2,874.4516935124851
18.4,874.5969580853009
18.6,874.7361837665389
18.8,874.8695319961109
19.0,874.9971583279813
19.2,875.119212495638
19.4,875.2358384786514
19.6,875.3471745700324
19.8,875.4533534441022
20.0,875.5545022245974
20.2,875.6507425527369
20.4,875.7421906549854
20.6,875.8289574102579
20.8,875.9111484163153
21.0,875.9888640551118
21.2,876.0621995568613
21.4,876.1312450626015
21.6,876.1960856850416
21.8,876.2568015674924
22.0,876.3134679406821
22.2,876.366155177277
22.4,876.4149288439313
22.6,876.4598497507047
22.8,876.5009739976937
23.0,876.5383530187332
23.2,876.5720336220376
23.4,876.6020580276581
23.6,876.6284639016477
23.8,876.6512843868286
24.0,876.6705481300766
24.2,876.6862793060394
24.4,876.6984976372211
24.6,876.707218410374
24.8,876.7124524891508
25.0,876.7142063229763
25.2,876.7124819521167
25.4,876.7072770089254
25.6,876.6985847152622
25.8,876.6863938760896
26.0,876.6706888692613
26.2,876.6514496315287
26.4,876.6286516408023
26.6,876.6022658947142
26.8,876.572258885538
27.0,876.5385925715378
27.2,876.50122434482
27.4,876.4601069957804
27.6,876.4151886742458
27.8,876.3664128474186
28.0,876.313718254748
28.2,876.2570388598565
28.4,876.1963037996651
28.6,876.1314373308697
28.8,876.0623587739299
29.0,875.988982454744
29.2,875.9112176441939
29.4,875.8289684957514
29.6,875.7421339813507
29.8,875.6506078257374
30.0,875.5542784395201
30.2,875.4530288511502
30.4,875.346736638076
30.6,875.2352738573164
30.8,875.1185069757124
31.0,874.9962968001216
31.2,874.8684984078275
31.4,874.7349610774442
31.6,874.5955282206005
31.8,874.4500373146968
32.0,874.29831983703
32.2,874.1402012005875
32.4,873.975500691818
32.6,873.8040314106827
32.8,873.625600213302
33.0,873.4400076575054
33.2,873.2470479515977
33.4,873.0465089066546
33.6,872.8381718926556
33.8,872.6218117987627
34.0,872.3971969980475
34.2,872.1640893169682
34.4,871.9222440098861
34.6,871.6714097389115
34.8,871.4113285593546
35.0,871.14173591105
35.2,870.8623606158138
35.4,870.5729248812796
35.6,870.273144311344
35.8,869.9627279234434
36.0,869.6413781728626
36.2,869.3087909842643
36.4,868.9646557906054
36.6,868.6086555795912
36.8,868.2404669477967
37.0,867.8597601625622
37.2,867.4661992317507
37.4,867.059441981427
37.6,866.6391401415005
37.8,866.204939439342
38.0,865.7564797013636
38.2,865.2933949625232
38.4,864.8153135836874
38.6,864.3218583767598
38.8,863.8126467374526
39.0,863.2872907855541
39.2,862.7453975125125
39.4,862.186568936131
39.6,861.6104022621391
39.8,861.0164900523774
40.0,860.4044203993049
40.2,859.773777106512
40.4,859.1241398748933
40.6,858.4550844941085
40.8,857.7661830389354
41.0,857.0570040700959
41.2,856.3271128391068
41.4,855.5760714966931
41.6,854.8034393042751
41.8,854.0087728480223
42.0,853.191626254952
42.2,852.3515514105326
42.4,851.4880981772357
42.6,850.6008146134732
42.8,849.6892471923437
43.0,848.7529410195998
43.2,847.7914400502515
43.4,846.8042873032084
43.6,845.7910250733667
43.8,844.7511951405456
44.0,843.6843389746871
44.2,842.5899979367272
44.4,841.4677134745688
44.6,840.3170273135871
44.8,839.1374816411168
45.0,837.9286192843831
45.2,836.6899838813598
45.4,835.421120044055
45.6,834.1215735137487
45.8,832.790891307734
46.0,831.4286218571366
46.2,830.0343151354175
46.4,828.6075227771998
46.6,827.1477981870843
46.8,825.654696638161
47.0,824.1277753599586
47.2,822.5665936156048
47.4,820.9707127680203
47.6,819.3396963349987
47.8,817.6731100330727
48.0,815.9705218101043
48.2,814.2315018665812
48.4,812.4556226656423
48.6,810.6424589319
48.8,808.7915876391672
49.0,806.9025879872418
49.2,804.9750413679415
49.4,803.0085313206242
49.6,801.0026434774702
49.8,798.95696549884
50.0,796.8710869990646
