0.0,793.3066127714784
0.2,795.4164717394959
0.4,797.4867278314385
0.6,799.5177916588501
0.8,801.5100749321185
1.0,803.463990508792
1.2,805.3799524352465
1.4,807.2583759814564
1.6,809.0996776686445
1.8,810.9042752896115
2.0,812.6725879215743
2.2,814.4050359313654
2.4,816.1020409728746
2.6,817.7640259766418
2.8,819.3914151315355
3.0,820.9846338584815
3.2,822.5441087762323
3.4,824.0702676591965
3.6,825.5635393873728
3.8,827.0243538884628
4.0,828.4531420722619
4.2,829.8503357574525
4.4,831.2163675909508
4.6,832.5516709599829
4.8,833.8566798970875
5.0,835.1318289782682
5.2,836.377553214537
5.4,837.5942879371134
5.6,838.7824686765618
5.8,839.9425310361698
6.0,841.0749105598817
6.2,842.1800425951254
6.4,843.2583621508763
6.6,844.3103037513207
6.8,845.3363012854878
7.0,846.3367878532341
7.2,847.3121956079663
7.4,848.2629555964991
7.6,849.189497596451
7.8,850.0922499515785
8.0,850.9716394054566
8.2,851.8280909339143
8.4,852.6620275766263
8.6,853.4738702682702
8.8,854.2640376696418
9.0,855.0329459991295
9.2,855.7810088649303
9.4,856.5086370983912
9.6,857.2162385888433
9.8,857.9042181202929
10.0,858.5729772103151
10.2,859.2229139514915
10.4,859.8544228557097
10.6,860.4678947016403
10.8,861.0637163856804
11.0,861.6422707766461
11.2,862.2039365744731
11.4,862.7490881731734
11.6,863.2780955282723
11.8,863.791324028938
12.0,864.2891343749931
12.2,864.7718824589817
12.4,865.2399192534446
12.6,865.6935907035383
12.8,866.1332376251127
13.0,866.5591956083449
13.2,866.9717949270063
13.4,867.3713604534224
13.6,867.758211579166
13.8,868.1326621415053
14.0,868.4950203556131
14.2,868.8455887525223
14.4,869.1846641227984
14.6,869.5125374658833
14.8,869.8294939450466
15.0,870.1358128478672
15.2,870.4317675521528
15.4,870.7176254971904
15.6,870.9936481602076
15.8,871.2600910379119
16.0,871.5172036329643
16.2,871.7652294452298
16.4,872.0044059676396
16.6,872.2349646864888
16.8,872.4571310859852
17.0,872.6711246568559
17.2,872.8771589088119
17.4,873.075441386665
17.6,873.2661736898838
17.8,873.4495514953732
18.0,873.6257645832551
18.2,873.7949968654268
18.4,873.9574264166714
18.6,874.1132255080881
18.8,874.2625606426175
19.0,874.4055925924265
19.2,874.5424764379286
19.4,874.6733616082051
19.6,874.7983919226036
19.8,874.9177056332875
20.0,875.031435468513
20.2,875.1397086764165
20.4,875.2426470690956
20.6,875.3403670667727
20.8,875.4329797418359
21.0,875.5205908625559
21.2,875.6033009362839
21.4,875.6812052519414
21.6,875.7543939216195
21.8,875.8229519211119
22.0,875.8869591292138
22.2,875.9464903656242
22.4,876.0016154273002
22.6,876.052399123118
22.8,876.0989013067015
23.0,876.1411769072927
23.2,876.1792759585446
23.4,876.2132436251225
23.6,876.2431202270154
23.8,876.2689412614643
24.0,876.290737422422
24.2,876.3085346174751
24.4,876.3223539821595
24.6,876.3322118916182
24.8,876.3381199695548
25.0,876.3400850944497
25.2,876.3381094030109
25.4,876.332190290848
25.6,876.3223204103602
25.8,876.3084876658463
26.0,876.2906752058481
26.2,876.2688614127536
26.4,876.2430198896939
26.6,876.2131194447758
26.8,876.179124072707
27.0,876.140992933875
27.2,876.0986803309519
27.4,876.0521356831107
27.6,876.0013034979426
27.8,875.9461233411761
28.0,875.8865298043092
28.2,875.8224524702744
28.4,875.7538158772618
28.6,875.68053948084
28.8,875.6025376145177
29.0,875.519719448898
29.2,875.4319889495898
29.4,875.3392448340403
29.6,875.2413805274665
29.8,875.1382841180688
30.0,875.0298383117139
30.2,874.9159203862836
30.4,874.7964021458909
30.6,874.6711498751673
30.8,874.5400242938381
31.0,874.4028805117938
31.2,874.2595679848858
31.4,874.1099304716626
31.6,873.953805991276
31.8,873.7910267827868
32.0,873.6214192660958
32.2,873.4448040047345
32.4,873.2609956707466
32.6,873.0698030118893
32.8,872.8710288213874
33.0,872.6644699104652
33.2,872.4499170838856
33.4,872.227155118717
33.6,871.9959627465465
33.8,871.7561126393558
34.0,871.5073713992645
34.2,871.2494995523466
34.4,870.9822515467139
34.6,870.7053757550523
34.8,870.4186144817908
35.0,870.1217039750718
35.2,869.81437444368
35.4,869.4963500790801
35.6,869.1673490826958
35.8,868.8270836985547
36.0,868.4752602514094
36.2,868.111579190429
36.4,867.7357351385427
36.6,867.3474169475023
36.8,866.946307758711
37.0,866.532085069855
37.2,866.1044208073513
37.4,865.6629814046121
37.6,865.2074278861085
37.8,864.7374159571935
38.0,864.2525960996304
38.2,863.7526136727533
38.4,863.2371090201653
38.6,862.7057175818621
38.8,862.1580700116517
39.0,861.5937922997186
39.2,861.0125059001651
39.4,860.4138278633401
39.6,859.7973709727522
39.8,859.1627438863413
40.0,858.5095512818681
40.2,857.8373940061622
40.4,857.1458692279543
40.6,856.4345705940018
40.8,855.7030883882
41.0,854.9510096933609
41.2,854.1779185553243
41.4,853.3833961490537
41.6,852.5670209463633
41.8,851.728368884902
42.0,850.8670135380237
42.2,849.9825262851534
42.4,849.0744764822597
42.6,848.1424316320364
42.8,847.185957553391
43.0,846.2046185498367
43.2,845.1979775763825
43.4,844.1655964045182
43.6,843.1070357848882
43.8,842.0218556072588
44.0,840.9096150573798
44.2,839.7698727703571
44.4,838.6021869801502
44.6,837.4061156648287
44.8,836.1812166872244
45.0,834.9270479306331
45.2,833.6431674292313
45.4,832.3291334928897
45.6,830.984504826081
45.8,829.6088406405977
46.0,828.2017007618161
46.2,826.7626457282587
46.4,825.2912368842362
46.6,823.7870364653636
46.8,822.2496076767759
47.0,820.6785147638886
47.2,819.0733230755751
47.4,817.433599119659
47.6,815.7589106106434
47.8,814.0488265096293
48.0,812.3029170563996
48.2,810.5207537936718
48.4,808.7019095835557
48.6,806.8459586162702
48.8,804.9524764112103
49.0,803.021039810477
49.2,801.051226965009
49.4,799.0426173134862
49.6,796.9947915541954
49.8,794.9073316100785
50.0,792.7798205872015
