0.0,807.6209097011304
0.2,809.5928306837002
0.4,811.524138410542
0.6,813.41519260859
0.8,815.2663591002746
1.0,817.0780100645768
1.2,818.8505242686348
1.4,820.584287268872
1.6,822.2796915807673
1.8,823.9371368165462
2.0,825.5570297902303
2.2,827.1397845896452
2.4,828.6858226151451
2.6,830.1955725849813
2.8,831.669470507394
3.0,833.1079596196723
3.2,834.5114902945801
3.4,835.8805199146932
3.6,837.2155127153507
3.8,838.5169395970487
4.0,839.7852779082557
4.2,841.0210111997427
4.4,842.2246289516498
4.6,843.396626274619
4.8,844.5375035864231
5.0,845.6477662656188
5.2,846.7279242838316
5.4,847.7784918183546
5.6,848.7999868468047
5.8,849.7929307256355
6.0,850.7578477543456
6.2,851.695264727251
6.4,852.6057104747164
6.6,853.4897153957442
6.8,854.3478109838236
7.0,855.1805293479345
7.2,855.9884027305741
7.4,856.7719630246548
7.6,857.5317412910764
7.8,858.268267278733
8.0,858.9820689486612
8.2,859.6736720039744
8.4,860.343599427157
8.6,860.9923710262228
8.8,861.6205029911587
9.0,862.2285074619883
9.2,862.8168921097059
9.4,863.386159731234
9.6,863.9368078594622
9.8,864.4693283893307
10.0,864.9842072208169
10.2,865.4819239195867
10.4,865.96295139597
10.6,866.4277556028173
10.8,866.8767952526972
11.0,867.3105215547928
11.2,867.7293779717617
11.4,868.1337999967249
11.6,868.5242149504645
11.8,868.9010417988146
12.0,869.2646909901524
12.2,869.6155643128079
12.4,869.9540547721415
12.6,870.2805464869599
12.8,870.5954146048781
13.0,870.8990252361701
13.2,871.1917354055934
13.4,871.4738930216216
13.6,871.7458368624713
13.8,872.007896578264
14.0,872.260392708634
14.2,872.5036367150536
14.4,872.7379310271253
14.6,872.9635691020677
14.8,873.1808354966014
15.0,873.3900059504356
15.2,873.5913474805401
15.4,873.7851184853901
15.6,873.9715688583684
15.8,874.1509401095146
16.0,874.3234654948175
16.2,874.4893701522609
16.4,874.6488712438438
16.6,874.8021781028144
16.8,874.9494923853765
17.0,875.0910082261506
17.2,875.2269123966912
17.4,875.3573844663912
17.6,875.4825969651308
17.8,875.6027155470545
18.0,875.717899154888
18.2,875.8283001842432
18.4,875.9340646473802
18.6,876.0353323359332
18.8,876.1322369821346
19.0,876.2249064181024
19.2,876.3134627327869
19.4,876.3980224262016
19.6,876.4786965605939
19.8,876.5555909082365
20.0,876.6288060955513
20.2,876.6984377433027
20.4,876.7645766026211
20.6,876.8273086866441
20.8,876.8867153975847
21.0,876.9428736490568
21.2,876.9958559835104
21.4,877.0457306846462
21.6,877.0925618846969
21.8,877.1364096664813
22.0,877.1773301601471
22.2,877.2153756345377
22.4,877.2505945831255
22.6,877.2830318044665
22.8,877.3127284771425
23.0,877.3397222291607
23.2,877.3640472017929
23.4,877.3857341078398
23.6,877.4048102843076
23.8,877.4212997394955
24.0,877.4352231944881
24.2,877.4465981190534
24.4,877.4554387619478
24.6,877.4617561756279
24.8,877.465558235372
25.0,877.4668496528133
25.2,877.4656319838856
25.4,877.4619036311814
25.6,877.455659840721
25.8,877.4468926931337
26.0,877.435591089245
26.2,877.4217407300689
26.4,877.4053240912003
26.6,877.3863203916027
26.8,877.3647055567898
27.0,877.3404521763943
27.2,877.3135294561253
27.4,877.283903164114
27.6,877.2515355716498
27.8,877.216385388317
28.0,877.1784076915409
28.2,877.1375538505658
28.4,877.0937714448872
28.6,877.0470041771712
28.8,876.9971917807078
29.0,876.9442699214487
29.2,876.8881700946962
29.4,876.8288195165243
29.6,876.766141010024
29.8,876.7000528864846
30.0,876.6304688216403
30.2,876.557297727126
30.4,876.4804436173143
30.6,876.3998054717199
30.8,876.3152770931858
31.0,876.2267469620871
31.2,876.1340980868165
31.4,876.0372078508375
31.6,875.9359478566271
31.8,875.8301837668465
32.0,875.7197751431215
32.2,875.6045752828306
32.4,875.4844310543389
32.6,875.3591827311437
32.8,875.2286638254265
33.0,875.0927009215371
33.2,874.9511135099724
33.4,874.8037138224297
33.6,874.6503066685594
33.8,874.4906892750546
34.0,874.3246511277556
34.2,874.1519738174635
34.4,873.9724308901853
34.6,873.7857877025555
34.8,873.5918012831953
35.0,873.3902202007916
35.2,873.1807844396901
35.4,872.9632252838073
35.6,872.7372652096781
35.8,872.5026177894549
36.0,872.2589876046793
36.2,872.0060701716403
36.4,871.7435518791287
36.6,871.4711099393813
36.8,871.1884123529958
37.0,870.8951178885723
37.2,870.590876077813
37.4,870.2753272267787
37.6,869.9481024439631
37.8,869.608823685807
38.0,869.2571038202257
38.2,868.8925467086685
38.4,868.5147473071756
38.6,868.1232917868326
38.8,867.7177576739563
39.0,867.2977140102735
39.2,866.8627215332792
39.4,866.4123328768758
39.6,865.9460927923157
39.8,865.4635383893768
40.0,864.9641993976127
40.2,864.4475984474184
40.4,863.9132513705664
40.6,863.3606675197578
40.8,862.7893501066407
41.0,862.198796557643
41.2,861.5884988868705
41.4,860.9579440852132
41.6,860.3066145247104
41.8,859.6339883771225
42.0,858.939540045561
42.2,858.2227406079398
42.4,857.4830582709175
42.6,856.7199588329138
42.8,855.9329061547103
43.0,855.1213626360621
43.2,854.2847896966844
43.4,853.4226482599144
43.6,852.5343992372949
43.8,851.6195040122792
44.0,850.6774249212174
44.2,849.7076257297596
44.4,848.7095721027853
44.6,847.6827320659651
44.8,846.6265764570521
45.0,845.5405793650201
45.2,844.424218555176
45.4,843.276975878414
45.6,842.0983376628128
45.8,840.8877950858351
46.0,839.6448445254463
46.2,838.3689878885439
46.4,837.0597329151755
46.6,835.7165934571068
46.8,834.3390897294142
47.0,832.9267485338755
47.2,831.4791034530626
47.4,829.9956950141583
47.6,828.4760708216564
47.8,826.9197856582483
48.0,825.3264015533376
48.2,823.6954878187818
48.4,822.0266210516123
48.6,820.3193851036427
48.8,818.5733710180339
49.0,816.7881769330463
49.2,814.963407953375
49.4,813.0986759896165
49.6,811.1935995665808
49.8,809.2478036013197
50.0,807.2609191518864
