0.0,551.7967869836301
0.2,557.8633954331663
0.4,563.798955790634
0.6,569.6025376296498
0.8,575.2737599887965
1.0,580.8127889522316
1.2,586.2203282082413
1.4,591.4976028406733
1.6,596.6463367282597
1.8,601.6687240369857
2.0,606.5673953883986
2.2,611.3453793700436
2.4,616.0060601213956
2.6,620.5531317785753
2.8,624.9905505931141
3.0,629.3224855538915
3.2,633.5532683374051
3.4,637.6873433905315
3.6,641.7292189130743
3.8,645.683419456226
4.0,649.5544407894639
4.2,653.3467076144464
4.4,657.0645346224462
4.6,660.7120913041012
4.8,664.2933708291486
5.0,667.8121632216681
5.2,671.27203296538
5.4,674.6763010857582
5.6,678.0280316729554
5.8,681.3300227333244
6.0,684.5848011889531
6.2,687.7946217850732
6.4,690.9614696151418
6.6,694.0870659331849
6.8,697.1728768927591
7.0,700.2201248314321
7.2,703.2298017086305
7.4,706.2026843024274
7.6,709.1393507766049
7.8,712.0401982421994
8.0,714.9054609567571
8.2,717.7352288286568
8.4,720.5294659220045
8.6,723.2880286887748
8.8,726.0106836880068
9.0,728.6971245860548
9.2,731.3469882662539
9.4,733.9598699101414
9.6,736.5353369448966
9.8,739.0729417823882
10.0,741.5722333036956
10.2,744.0327670688781
10.4,746.4541142548641
10.6,748.8358693445082
10.8,751.1776566070498
11.0,753.4791354244618
11.2,755.7400045295693
11.4,757.9600052305328
11.6,760.1389237024769
11.8,762.2765924309707
12.0,764.3728908939405
12.2,766.4277455686843
12.4,768.4411293492254
12.6,770.413060456531
12.8,772.3436009203705
13.0,774.2328547070489
13.2,776.0809655620986
13.4,777.8881146314723
13.6,779.6545179189936
13.8,781.380423631954
14.0,783.0661094609089
14.2,784.711879834029
14.4,786.318063180891
14.6,787.885009235406
14.8,789.4130864027275
15.0,790.9026792105013
15.2,792.3541858607141
15.4,793.7680158947004
15.6,795.144587980552
15.8,796.4843278292508
16.0,797.7876662432916
16.2,799.055037299359
16.4,800.2868766647433
16.6,801.4836200456157
16.8,802.6457017639842
17.0,803.7735534591123
17.2,804.8676029083649
17.4,805.9282729618265
17.6,806.9559805845967
17.8,807.9511360003722
18.0,808.9141419297639
18.2,809.8453929167464
18.4,810.7452747366772
18.6,811.6141638794342
18.8,812.4524271013998
19.0,813.2604210402417
19.2,814.0384918866968
19.4,814.7869751078582
19.6,815.5061952167575
19.8,816.1964655833615
20.0,816.8580882824095
20.2,817.4913539738459
20.4,818.0965418119067
20.6,818.6739193792332
20.8,819.2237426426715
21.0,819.7462559277099
21.2,820.241691908764
21.4,820.7102716127821
21.6,821.1522044338736
21.8,821.5676881568942
22.0,821.9569089881203
22.2,822.3200415913452
22.4,822.657249127898
22.6,822.9686832992579
22.8,823.2544843910755
23.0,823.5147813175602
23.2,823.7496916653072
23.4,823.9593217357585
23.6,824.1437665855902
23.8,824.3031100644173
24.0,824.4374248492882
24.2,824.5467724755249
24.4,824.6312033635318
24.6,824.690756841267
24.8,824.725461162128
25.0,824.7353335180663
25.2,824.7203800477945
25.4,824.6805958400103
25.6,824.615964931606
25.8,824.5264603008899
26.0,824.4120438558924
26.2,824.2726664178871
26.4,824.108267700311
26.6,823.9187762833242
26.8,823.7041095843132
27.0,823.4641738247104
27.2,823.1988639935685
27.4,822.9080638084134
27.6,822.591645673983
27.8,822.2494706395495
28.0,821.8813883556338
28.2,821.487237031027
28.4,821.0668433911608
28.6,820.6200226390084
28.8,820.14657841984
29.0,819.6463027913254
29.2,819.1189762006501
29.4,818.5643674705035
29.6,817.9822337960062
29.8,817.3723207548633
30.0,816.7343623332722
30.2,816.0680809703639
30.4,815.3731876242261
30.6,814.6493818628422
30.8,813.8963519835677
31.0,813.1137751650805
31.2,812.3013176560453
31.4,811.4586350050588
31.6,810.5853723367554
31.8,809.6811646792681
32.0,808.7456373485475
32.2,807.7784063953193
32.4,806.77907912073
32.6,805.7472546669427
32.8,804.6825246891309
33.0,803.5844741154261
33.2,802.452682001419
33.4,801.2867224857578
33.6,800.0861658532309
33.8,798.8505797114258
34.0,797.5795302866137
34.2,796.2725838438955
34.4,794.929308235824
34.6,793.5492745826798
34.8,792.1320590862844
35.0,790.677244977667
35.2,789.1844245970257
35.4,787.6532016022257
35.6,786.0831932995219
35.8,784.4740330872751
36.0,782.8253730001202
36.2,781.1368863373486
36.4,779.4082703551669
36.6,777.6392489980182
36.8,775.8295756393031
37.0,773.9790357966535
37.2,772.0874497814467
37.4,770.1546752365574
37.6,768.1806095105138
37.8,766.1651918103615
38.0,764.1084050697602
38.2,762.0102774632985
38.4,759.8708834928731
38.6,757.6903445674334
38.8,755.468828993653
39.0,753.20655129238
39.2,750.9037707542809
39.4,748.5607891481887
39.6,746.1779474975407
39.8,743.7556218441996
40.0,741.2942179251522
40.2,738.7941646962678
40.4,736.2559066486942
40.6,733.679894877701
40.8,731.0665768809555
41.0,728.4163850833716
41.2,725.7297241087487
41.4,723.0069568443045
41.6,720.2483893726497
41.8,717.4542548764591
42.0,714.6246966535778
42.2,711.759750414053
42.4,708.8593260649146
42.6,705.9231892226743
42.8,702.9509427266335
43.0,699.9420084572091
43.2,696.8956097916267
43.4,693.8107550534222
43.6,690.686222331197
43.8,687.5205460549336
44.0,684.3120057239295
44.2,681.0586171781305
44.4,677.7581267936004
44.6,674.4080089624274
44.8,671.00546718715
45.0,667.5474390796192
45.2,664.0306055041865
45.4,660.4514040456085
45.6,656.8060469137425
45.8,653.0905433209738
46.0,649.300726285613
46.2,645.432283726802
46.4,641.4807936255678
46.6,637.4417629346055
46.8,633.3106698283389
47.0,629.0830087971358
47.2,624.7543380075999
47.4,620.3203282769754
47.6,615.776812946157
47.8,611.1198378846822
48.0,606.3457108242526
48.2,601.4510491963597
48.4,596.4328256456339
48.6,591.2884104043927
48.8,586.015609745813
49.0,580.6126997830359
49.2,575.0784549486467
49.4,569.4121705721858
49.6,563.613679071014
49.8,557.6833593799006
50.0,551.6221393646775
