0.0,857.1483193120704
0.2,857.8169309724299
0.4,858.4700565320933
0.6,859.1079053352037
0.8,859.730687089693
1.0,860.3386118423047
1.2,860.9318899509915
1.4,861.5107320546672
1.6,862.0753490403081
1.8,862.6259520074034
2.0,863.1627522297719
2.2,863.6859611147668
2.4,864.1957901599052
2.6,864.6924509069657
2.8,865.1761548936141
3.0,865.6471136026162
3.2,866.105538408718
3.4,866.551640523276
3.6,866.9856309367293
3.8,867.4077203590184
4.0,867.8181191580579
4.2,868.217037296381
4.4,868.6046842660826
4.6,868.9812690221889
4.8,869.3469999145947
5.0,869.7020846187075
5.2,870.0467300649497
5.4,870.3811423672681
5.6,870.7055267508097
5.8,871.0200874789206
6.0,871.3250277796311
6.2,871.6205497717912
6.4,871.9068543910186
6.6,872.1841413156294
6.8,872.4526088927142
7.0,872.7124540645245
7.2,872.9638722953368
7.4,873.2070574989526
7.6,873.4422019669985
7.8,873.6694962981811
8.0,873.8891293286515
8.2,874.1012880636297
8.4,874.3061576104349
8.6,874.5039211130611
8.8,874.6947596884354
9.0,874.8788523644881
9.2,875.0563760201591
9.4,875.2275053274553
9.6,875.3924126956746
9.8,875.5512682178945
10.0,875.7042396198259
10.2,875.8514922111182
10.4,875.9931888391974
10.6,876.1294898457107
10.8,876.2605530256416
11.0,876.3865335891524
11.2,876.5075841262043
11.4,876.6238545739925
11.6,876.7354921872309
11.8,876.8426415113089
12.0,876.9454443583367
12.2,877.0440397860851
12.4,877.1385640798223
12.6,877.2291507370358
12.8,877.3159304550254
13.0,877.3990311213449
13.2,877.4785778070585
13.4,877.5546927627778
13.6,877.6274954174299
13.8,877.6971023797121
14.0,877.763627442168
14.2,877.8271815878275
14.4,877.8878729993382
14.6,877.9458070705157
14.8,878.00108642023
15.0,878.0538109085477
15.2,878.1040776550389
15.4,878.1519810591553
15.6,878.1976128225857
15.8,878.2410619734871
16.0,878.2824148924892
16.2,878.3217553403667
16.4,878.3591644872731
16.6,878.3947209434241
16.8,878.4285007911213
17.0,878.4605776180032
17.2,878.4910225514082
17.4,878.519904293739
17.6,878.547289158711
17.8,878.5732411083704
18.0,878.597821790769
18.2,878.6210905781811
18.4,878.6431046057496
18.6,878.6639188104482
18.8,878.6835859702506
19.0,878.7021567433968
19.2,878.7196797076472
19.4,878.7362013994215
19.6,878.7517663527171
19.8,878.7664171377049
20.0,878.7801943989056
20.2,878.7931368928482
20.4,878.8052815251184
20.6,878.8166633867036
20.8,878.8273157895504
21.0,878.8372703012467
21.2,878.8465567787468
21.4,878.8552034010634
21.6,878.8632367008488
21.8,878.8706815947944
22.0,878.8775614127818
22.2,878.8838979257174
22.4,878.889711371993
22.6,878.8950204825118
22.8,878.8998425042271
23.0,878.904193222144
23.2,878.9080869797355
23.4,878.9115366977321
23.6,878.9145538912435
23.8,878.9171486851798
24.0,878.9193298279363
24.2,878.9211047033181
24.4,878.9224793406771
24.6,878.9234584232421
24.8,878.9240452946253
25.0,878.9242419634908
25.2,878.9240491063786
25.4,878.9234660686749
25.6,878.9224908637301
25.8,878.9211201701243
26.0,878.9193493270867
26.2,878.9171723280805
26.4,878.9145818125613
26.6,878.9115690559328
26.8,878.908123957714
27.0,878.9042350279477
27.2,878.8998893718752
27.4,878.8950726729107
27.6,878.8897691739506
27.8,878.883961657057
28.0,878.8776314215593
28.2,878.8707582606207
28.4,878.8633204363182
28.6,878.8552946532933
28.8,878.846656031029
29.0,878.8373780748154
29.2,878.8274326454682
29.4,878.8167899278691
29.6,878.8054183984005
29.8,878.7932847913484
30.0,878.7803540643522
30.2,878.7665893629847
30.4,878.751951984547
30.6,878.7364013411636
30.8,878.7198949222728
31.0,878.7023882566035
31.2,878.6838348737352
31.4,878.6641862653418
31.6,878.6433918462182
31.8,878.6213989151968
32.0,878.5981526160563
32.2,878.5735958985324
32.4,878.5476694795401
32.6,878.5203118047166
32.8,878.4914590103991
33.0,878.4610448861495
33.2,878.4290008379387
33.4,878.3952558521082
33.6,878.359736460219
33.8,878.3223667049065
34.0,878.283068106853
34.2,878.2417596329918
34.4,878.198357666056
34.6,878.152775975582
34.8,878.1049256904785
35.0,878.0547152732676
35.2,878.0020504961032
35.4,877.9468344186712
35.6,877.8889673680676
35.8,877.8283469207539
36.0,877.7648678866811
36.2,877.6984222956701
36.4,877.6288993861345
36.6,877.5561855962234
36.8,877.480164557459
37.0,877.4007170909392
37.2,877.3177212061662
37.4,877.2310521025598
37.6,877.1405821737077
37.8,877.046181014393
38.0,876.9477154304413
38.2,876.8450494514138
38.4,876.7380443461725
38.6,876.6265586413313
38.8,876.5104481426015
39.0,876.3895659590319
39.2,876.2637625301348
39.4,876.1328856558832
39.6,875.996780529553
39.8,875.8552897733792
40.0,875.7082534769858
40.2,875.5555092385371
40.4,875.3968922085572
40.6,875.2322351363504
40.8,875.061368418947
41.0,874.8841201524978
41.2,874.7003161860226
41.4,874.5097801774211
41.6,874.3123336516376
41.8,874.1077960608707
42.0,873.8959848467113
42.2,873.6767155040806
42.4,873.4498016468414
42.6,873.2150550749442
42.8,872.972285842968
43.0,872.7213023299088
43.2,872.4619113100655
43.4,872.1939180248675
43.6,871.9171262554878
43.8,871.63133839608
44.0,871.3363555274766
44.2,871.0319774911824
44.4,870.7180029634995
44.6,870.3942295296159
44.8,870.0604537574923
45.0,869.7164712713806
45.2,869.3620768248121
45.4,868.9970643728899
45.6,868.6212271437288
45.8,868.2343577088849
46.0,867.8362480526222
46.2,867.4266896398682
46.4,867.0054734827156
46.6,866.5723902053311
46.8,866.1272301071417
47.0,865.6697832241722
47.2,865.1998393884156
47.4,864.7171882851284
47.6,864.2216195079463
47.8,863.7129226117297
48.0,863.1908871630515
48.2,862.6553027882538
48.4,862.1059592190096
48.6,861.542646335329
48.8,860.9651542059696
49.0,860.3732731262141
49.2,859.7667936529898
49.4,859.1455066373175
49.6,858.509203254087
49.8,857.8576750291664
50.0,857.1907138638642
