0.0,687.107748621224
0.2,691.4168795483783
0.4,695.586321261482
0.6,699.6204477619311
0.8,703.5236588064095
1.0,707.3003774788918
1.2,710.9550460528475
1.4,714.4921201817488
1.6,717.9160614971723
1.8,721.2313287324994
2.0,724.4423675254379
2.2,727.5535990834145
2.4,730.5694079215461
2.6,733.4941289028228
2.8,736.3320338239278
3.0,739.0873177975735
3.2,741.7640856833436
3.4,744.3663388139826
3.6,746.8979622532199
3.8,749.3627128050617
4.0,751.7642079736826
4.2,754.1059160483467
4.4,756.3911474600093
4.6,758.6230475262679
4.8,760.8045906700478
5.0,762.938576165676
5.2,765.0276254346777
5.4,767.0741808834892
5.6,769.0805062469924
5.8,771.048688375973
6.0,772.9806403837155
6.2,774.8781060473796
6.4,776.7426653437778
6.6,778.5757409868281
6.8,780.3786058252946
7.0,782.1523909543836
7.2,783.8980943931352
7.4,785.6165901811004
7.6,787.3086377521945
7.8,788.9748914505149
8.0,790.615910061894
8.2,792.2321662456327
8.4,793.824055762792
8.6,795.3919064102299
8.8,796.9359865828434
9.0,798.4565133998868
9.2,799.9536603444543
9.4,801.4275643779571
9.6,802.8783325034859
9.8,804.3060477631064
10.0,805.7107746642874
10.2,807.0925640396816
10.4,808.4514573523264
10.6,809.7874904649909
10.8,811.1006968978587
11.0,812.391110603075
11.2,813.6587682879313
11.4,814.9037113207195
11.6,816.1259872546357
11.8,817.3256510056588
12.0,818.5027657201783
12.2,819.657403367406
12.4,820.7896450903688
12.6,821.8995813476718
12.8,822.9873118762987
13.0,824.0529455035982
13.2,825.0965998343411
13.4,826.1184008364131
13.6,827.118482346358
13.8,828.0969855136888
14.0,829.0540582006528
14.2,829.9898543520056
14.4,830.9045333473514
14.6,831.7982593467465
14.8,832.6712006385543
15.0,833.5235289969875
15.2,834.355419055379
15.4,835.1670476999784
15.6,835.9585934879767
15.8,836.7302360925049
16.0,837.4821557765307
16.2,838.2145328968683
16.4,838.9275474389256
16.6,839.6213785823146
16.8,840.2962042970477
17.0,840.9522009697071
17.2,841.5895430587248
17.4,842.208402777698
17.6,842.8089498055265
17.8,843.3913510220445
18.0,843.9557702677561
18.2,844.5023681262392
18.4,845.0313017277783
18.6,845.5427245727815
18.8,846.036786373572
19.0,846.513632913174
19.2,846.9734059197602
19.4,847.416242955484
19.6,847.8422773184728
19.8,848.2516379568284
20.0,848.6444493935343
20.2,849.0208316612448
20.4,849.3809002459869
20.6,849.7247660388741
20.8,850.0525352949901
21.0,850.3643095986636
21.2,850.6601858344096
21.4,850.9402561628718
21.6,851.2046080011469
21.8,851.4533240069313
22.0,851.6864820659671
22.2,851.9041552823171
22.4,852.1064119710354
22.6,852.2933156528443
22.8,852.4649250504593
23.0,852.621294086244
23.2,852.7624718809059
23.4,852.8885027529772
23.6,852.9994262188518
23.8,853.0952769931755
24.0,853.1760849894158
24.2,853.2418753204571
24.4,853.2926682990934
24.6,853.3284794383127
24.8,853.3493194512829
25.0,853.3551942509772
25.2,853.3461049493903
25.4,853.3220478563195
25.6,853.2830144777004
25.8,853.2289915135119
26.0,853.1599608552771
26.2,853.0758995832101
26.4,852.9767799630799
26.6,852.8625694428772
26.8,852.7332306493978
27.0,852.5887213848732
27.2,852.4289946238048
27.4,852.2539985101808
27.6,852.0636763552824
27.8,851.8579666363108
28.0,851.6368029960985
28.2,851.4001142441962
28.4,851.1478243596623
28.6,850.8798524959146
28.8,850.5961129880443
29.0,850.2965153630275
29.2,849.9809643533196
29.4,849.6493599143529
29.6,849.3015972465164
29.8,848.9375668222375
30.0,848.5571544188468
30.2,848.1602411579563
30.4,847.7467035521464
30.6,847.3164135598116
30.8,846.8692386490818
31.0,846.4050418717995
31.2,845.9236819485984
31.4,845.4250133661939
31.6,844.9088864880626
31.8,844.3751476797507
32.0,843.8236394501101
32.2,843.2542006098189
32.4,842.6666664485873
32.6,842.0608689324919
32.8,841.4366369229051
33.0,840.7937964184991
33.2,840.1321708217887
33.4,839.4515812316484
33.6,838.7518467631703
33.8,838.0327848961305
34.0,837.2942118531854
34.2,836.5359430087294
34.4,835.7577933290863
34.6,834.9595778443937
34.8,834.1411121521339
35.0,833.3022129517865
35.2,832.4426986094904
35.4,831.5623897509126
35.6,830.6611098797109
35.8,829.7386860180366
36.0,828.7949493644454
36.2,827.8297359633603
36.4,826.8428873788536
36.6,825.8342513639799
36.8,824.8036825152132
37.0,823.7510428996908
37.2,822.6762026409984
37.4,821.5790404471142
37.6,820.4594440619245
37.8,819.3173106194301
38.0,818.1525468774382
38.2,816.9650693052142
38.4,815.7548039973088
38.6,814.5216863836476
38.8,813.2656607040419
39.0,811.9866792136353
39.2,810.6847010845315
39.4,809.3596909680535
39.6,808.0116171818631
39.8,806.6404494866316
40.0,805.2461564181913
40.2,803.8287021432282
40.4,802.3880428096809
40.6,800.9241223671701
40.8,799.4368678380636
41.0,797.9261840262295
41.2,796.391947658145
41.4,794.8340009598062
41.6,793.2521446827785
41.8,791.6461306036208
42.0,790.0156535327027
42.2,788.3603428809198
42.4,786.6797538457718
42.6,784.9733582914416
42.8,783.2405354105907
43.0,781.4805622682147
43.2,779.6926043397235
43.4,777.8757061660117
43.6,776.0287822572733
43.8,774.1506083842867
44.0,772.2398134004501
44.2,770.2948717396466
44.4,768.3140967337285
44.6,766.2956348887972
44.8,764.2374612513239
45.0,762.1373759834372
45.2,759.9930022513781
45.4,757.801785512348
45.6,755.5609942629452
45.8,753.2677222874744
46.0,750.9188924170768
46.2,748.5112617814399
46.4,746.0414285044637
46.6,743.5058397644566
46.8,740.9008011089901
47.0,738.2224868853468
47.2,735.4669516203741
47.4,732.6301421593967
47.6,729.7079103534145
47.8,726.6960260678792
48.0,723.5901902755108
48.2,720.386047990398
48.4,717.0792008013628
48.6,713.6652187694589
48.8,710.1396514674782
49.0,706.4980379583221
49.2,702.7359155336128
49.4,698.8488270634712
49.6,694.8323268422066
49.8,690.6819848518809
50.0,686.3933894053426
