0.0,791.292643893161
0.2,793.4231998845611
0.4,795.5141983230258
0.6,797.5660522237214
0.8,799.5791754061829
1.0,801.553982530108
1.2,803.490889125571
1.4,805.3903116174525
1.6,807.252667343893
1.8,809.0783745686048
2.0,810.8678524868969
2.2,812.6215212252871
2.4,814.3398018345962
2.6,816.0231162764469
2.8,817.6718874031069
3.0,819.2865389306402
3.2,820.8674954053532
3.4,822.4151821635456
3.6,823.9300252845957
3.8,825.4124515374333
4.0,826.8628883204789
4.2,828.2817635951395
4.4,829.6695058129837
4.6,831.0265438367298
4.8,832.3533068552061
5.0,833.6502242924598
5.2,834.9177257112044
5.4,836.1562407108231
5.6,837.3661988201511
5.8,838.5480293852817
6.0,839.7021614526527
6.2,840.8290236476864
6.4,841.9290440492616
6.6,843.0026500603162
6.8,844.0502682748805
7.0,845.0723243418573
7.2,846.0692428258662
7.4,847.0414470654789
7.6,847.9893590291789
7.8,848.9133991693791
8.0,849.8139862748355
8.2,850.6915373217972
8.4,851.5464673242304
8.6,852.3791891834584
8.8,853.1901135375489
9.0,853.9796486107875
9.2,854.748200063561
9.4,855.4961708429759
9.6,856.22396103453
9.8,856.9319677151435
10.0,857.6205848078525
10.2,858.2902029384549
10.4,858.9412092943911
10.6,859.5739874861291
10.8,860.1889174113122
11.0,860.7863751219163
11.2,861.3667326946488
11.4,861.9303581048111
11.6,862.4776151038267
11.8,863.0088631006289
12.0,863.5244570470835
12.2,864.0247473276078
12.4,864.5100796531303
12.6,864.9807949595237
12.8,865.4372293106234
13.0,865.8797138059316
13.2,866.308574493089
13.4,866.7241322851825
13.6,867.1267028829386
13.8,867.5165967018411
14.0,867.8941188041908
14.2,868.2595688361179
14.4,868.6132409695316
14.6,868.9554238489903
14.8,869.2864005434518
15.0,869.6064485028526
15.2,869.9158395194551
15.4,870.2148396938836
15.6,870.5037094057635
15.8,870.782703288861
16.0,871.0520702106146
16.2,871.3120532559383
16.4,871.5628897151611
16.6,871.80481107597
16.8,872.0380430192005
17.0,872.2628054183256
17.2,872.4793123424745
17.4,872.6877720628147
17.6,872.8883870621206
17.8,873.0813540473484
18.0,873.266863965033
18.2,873.4451020193154
18.4,873.6162476924125
18.6,873.7804747673305
18.8,873.9379513526295
19.0,874.0888399090393
19.2,874.2332972777277
19.4,874.3714747100256
19.6,874.5035178984076
19.8,874.6295670085353
20.0,874.7497567121654
20.2,874.8642162207306
20.4,874.9730693194044
20.6,875.0764344014619
20.8,875.1744245027529
21.0,875.2671473361102
21.2,875.3547053255161
21.4,875.4371956398604
21.6,875.5147102261236
21.8,875.5873358418271
22.0,875.6551540866001
22.2,875.718241432714
22.4,875.7766692544493
22.6,875.8305038561584
22.8,875.8798064989033
23.0,875.9246334255473
23.2,875.9650358841953
23.4,876.0010601498776
23.6,876.0327475443847
23.8,876.0601344541691
24.0,876.0832523462365
24.2,876.1021277819588
24.4,876.1167824287497
24.6,876.1272330695527
24.8,876.1334916101001
25.0,876.1355650839109
25.2,876.1334556550037
25.4,876.1271606183118
25.6,876.1166723977946
25.8,876.10197854225
26.0,876.0830617188404
26.2,876.0598997043576
26.4,876.0324653742533
26.6,876.0007266894823
26.8,875.9646466812025
27.0,875.9241834333928
27.2,875.8792900634581
27.4,875.8299147008929
27.6,875.7760004640932
27.8,875.7174854354047
28.0,875.6543026345144
28.2,875.5863799902886
28.4,875.5136403111792
28.6,875.4360012543201
28.8,875.3533752934474
29.0,875.2656696857816
29.2,875.1727864380175
29.4,875.0746222715743
29.6,874.9710685872654
29.8,874.8620114295508
30.0,874.7473314505414
30.2,874.6269038739333
30.4,874.5005984590464
30.6,874.3682794651555
30.8,874.2298056162995
31.0,874.0850300667572
31.2,873.933800367389
31.4,873.7759584330338
31.6,873.6113405111618
31.8,873.4397771519826
32.0,873.2610931802069
32.2,873.0751076686595
32.4,872.8816339139476
32.6,872.6804794143758
32.8,872.4714458503084
33.0,872.2543290671716
33.2,872.0289190612846
33.4,871.7949999687072
33.6,871.5523500572881
33.8,871.3007417220889
34.0,871.0399414843563
34.2,870.7697099942083
34.4,870.4898020371918
34.6,870.1999665448645
34.8,869.8999466095396
35.0,869.5894795033292
35.2,869.2682967016104
35.4,868.9361239110251
35.6,868.5926811021178
35.8,868.2376825467029
36.0,867.8708368600381
36.2,867.4918470478742
36.4,867.100410558431
36.6,866.6962193393425
36.8,866.2789598995962
37.0,865.8483133764785
37.2,865.4039556075235
37.4,864.9455572074485
37.6,864.4727836500416
37.8,863.9852953549547
38.0,863.4827477793368
38.2,862.9647915142285
38.4,862.4310723856233
38.6,861.8812315600825
38.8,861.3149056547778
39.0,860.7317268518208
39.2,860.131323016718
39.4,859.513317820783
39.6,858.8773308673121
39.8,858.2229778213277
40.0,857.5498705426661
40.2,856.8576172221859
40.4,856.1458225208493
40.6,855.4140877114228
40.8,854.6620108225295
41.0,853.8891867847751
41.2,853.095207578657
41.4,852.2796623839617
41.6,851.4421377303403
41.8,850.5822176487497
42.0,849.6994838234393
42.2,848.7935157441541
42.4,847.8638908582253
42.6,846.9101847222129
42.8,845.9319711527639
43.0,844.9288223763483
43.2,843.9003091775328
43.4,842.846001045459
43.6,841.7654663181887
43.8,840.6582723245868
44.0,839.5239855234161
44.2,838.3621716393244
44.4,837.172395795411
44.6,835.9542226420681
44.8,834.7072164818051
45.0,833.4309413897695
45.2,832.1249613296966
45.4,830.7888402650258
45.6,829.4221422649429
45.8,828.0244316051163
46.0,826.5952728629177
46.2,825.1342310069276
46.4,823.6408714805518
46.6,822.1147602795854
46.8,820.5554640235878
47.0,818.9625500209463
47.2,817.3355863275322
47.4,815.6741417988662
47.6,813.977786135742
47.8,812.2460899232692
48.0,810.4786246633242
48.2,808.6749628004193
48.4,806.8346777410192
48.6,804.9573438663629
48.8,803.042536538863
49.0,801.0898321021831
49.2,799.0988078751128
49.4,797.0690421393808
49.6,795.0001141215683
49.8,792.8916039693049
50.0,790.7430927219483
