0.0,853.8484470080551
0.2,854.5621800493136
0.4,855.2598413574086
0.6,855.9418400482105
0.8,856.6085307420146
1.0,857.260222106585
1.2,857.8971867882019
1.4,858.5196711484651
1.6,859.1279036654062
1.8,859.722101442067
2.0,860.302474784029
2.2,860.8692301401711
2.4,861.4225718329398
2.6,861.9627029889962
2.8,862.4898259916839
3.0,863.0041426723202
3.2,863.5058543703096
3.4,863.9951619322565
3.6,864.4722656845596
3.8,864.9373653950216
4.0,865.3906602299286
4.2,865.8323487091017
4.4,866.2626286598428
4.6,866.6816971701159
4.8,867.0897505411141
5.0,867.4869842393026
5.2,867.8735928480089
5.4,868.2497700186344
5.6,868.6157084215597
5.8,868.9715996968146
6.0,869.317634404593
6.2,869.6540019756858
6.4,869.9808906619112
6.6,870.2984874866231
6.8,870.6069781953742
7.0,870.9065472068148
7.2,871.1973775639092
7.4,871.4796508855463
7.6,871.7535473186259
7.8,872.0192454906977
8.0,872.2769224632322
8.2,872.5267536855985
8.4,872.7689129498244
8.6,873.0035723462131
8.8,873.2309022198845
9.0,873.4510711283148
9.2,873.6642457999371
9.4,873.8705910938703
9.6,874.0702699608356
9.8,874.2634434053202
10.0,874.4502704490446
10.2,874.6309080957839
10.4,874.805511297593
10.6,874.9742329224816
10.8,875.1372237235812
11.0,875.2946323098394
11.2,875.4466051182793
11.4,875.5932863878527
11.6,875.7348181349131
11.8,875.8713401303326
12.0,876.0029898782791
12.2,876.1299025966703
12.4,876.2522111993126
12.6,876.3700462797332
12.8,876.4835360967061
13.0,876.5928065614703
13.2,876.6979812266355
13.4,876.7991812767633
13.6,876.8965255206132
13.8,876.9901303850322
14.0,877.0801099104709
14.2,877.1665757480973
14.4,877.2496371584824
14.6,877.3294010118245
14.8,877.4059717896788
15.0,877.4794515881505
15.2,877.5499401225138
15.4,877.6175347332102
15.6,877.6823303931793
15.8,877.7444197164732
16.0,877.803892968101
16.2,877.8608380750499
16.4,877.9153406384264
16.6,877.967483946658
16.8,878.0173489896953
17.0,878.0650144741536
17.2,878.110556839328
17.4,878.1540502740198
17.6,878.1955667341069
17.8,878.2351759607908
18.0,878.2729454994542
18.2,878.3089407190589
18.4,878.3432248320175
18.6,878.3758589144679
18.8,878.4069019268829
19.0,878.4364107349459
19.2,878.4644401306218
19.4,878.4910428533602
19.6,878.5162696113556
19.8,878.5401691028042
20.0,878.5627880370869
20.2,878.5841711558161
20.4,878.6043612536797
20.6,878.6233991990215
20.8,878.6413239540959
21.0,878.6581725949374
21.2,878.6739803307848
21.4,878.6887805230078
21.6,878.7026047034774
21.8,878.7154825923287
22.0,878.7274421150682
22.2,878.7385094189736
22.4,878.7487088887419
22.6,878.7580631613432
22.8,878.7665931400368
23.0,878.7743180075132
23.2,878.7812552381246
23.4,878.7874206091697
23.6,878.792828211205
23.8,878.797490457352
24.0,878.8014180915757
24.2,878.804620195914
24.4,878.8071041966359
24.6,878.8088758693137
24.8,878.809939342796
25.0,878.8102971020704
25.2,878.8099499900082
25.4,878.8088972079869
25.6,878.8071363153897
25.8,878.8046632279826
26.0,878.8014722151743
26.2,878.797555896166
26.4,878.792905235003
26.6,878.7875095345387
26.8,878.7813564293315
27.0,878.7744318774915
27.2,878.7667201514993
27.4,878.7582038280242
27.6,878.7488637767667
27.8,878.738679148359
28.0,878.7276273613558
28.2,878.7156840883508
28.4,878.7028232412591
28.6,878.6890169558061
28.8,878.6742355752659
29.0,878.658447633497
29.2,878.6416198373216
29.4,878.6237170483007
29.6,878.6047022639559
29.8,878.5845365984951
30.0,878.5631792630957
30.2,878.5405875458049
30.4,878.5167167911176
30.6,878.4915203792918
30.8,878.4649497054662
31.0,878.436954158641
31.2,878.4074811005918
31.4,878.3764758447785
31.6,878.3438816353176
31.8,878.3096396260876
32.0,878.2736888600326
32.2,878.2359662487357
32.4,878.1964065523287
32.6,878.1549423598086
32.8,878.1115040698309
33.0,878.0660198720442
33.2,878.0184157290397
33.4,877.9686153589789
33.6,877.9165402189677
33.8,877.8621094892451
34.0,877.8052400582467
34.2,877.7458465086102
34.4,877.6838411041831
34.6,877.6191337780944
34.8,877.5516321219458
35.0,877.481241376183
35.2,877.4078644216976
35.4,877.3314017727145
35.6,877.2517515710126
35.8,877.1688095815273
36.0,877.082469189376
36.2,876.9926213983518
36.4,876.8991548309212
36.6,876.8019557297598
36.8,876.7009079608598
37.0,876.5958930182373
37.2,876.486790030262
37.4,876.3734757676327
37.6,876.2558246530134
37.8,876.1337087723466
38.0,876.0069978878495
38.2,875.8755594527022
38.4,875.7392586274269
38.6,875.5979582979575
38.8,875.4515190953908
39.0,875.2997994174118
39.2,875.142655451375
39.4,874.9799411990259
39.6,874.8115085028373
39.8,874.6372070739362
40.0,874.4568845215875
40.2,874.2703863842033
40.4,874.0775561618358
40.6,873.8782353501141
40.8,873.6722634755791
41.0,873.4594781323639
41.2,873.239715020172
41.4,873.0128079834932
41.6,872.7785890520012
41.8,872.5368884820672
42.0,872.2875347993304
42.2,872.0303548422526
42.4,871.7651738065906
42.6,871.4918152907146
42.8,871.2101013416976
43.0,870.9198525021015
43.2,870.6208878573832
43.4,870.313025083843
43.6,869.9960804970344
43.8,869.6698691005597
44.0,869.3342046351661
44.2,868.9888996280667
44.4,868.6337654424046
44.6,868.2686123267773
44.8,867.8932494647485
45.0,867.5074850242622
45.2,867.111126206886
45.4,866.7039792968071
45.6,866.2858497095049
45.8,865.8565420400297
46.0,865.4158601108147
46.2,864.963607018945
46.4,864.4995851827912
46.6,864.0235963878432
46.8,863.5354418313531
47.0,863.0349221647177
47.2,862.5218375306864
47.4,861.9959875878508
47.6,861.4571715042615
47.8,860.9051878798556
48.0,860.3398345156367
48.2,859.7609078776018
48.4,859.1682020016647
48.6,858.5615064637107
48.8,857.9406029343613
49.0,857.3052598200198
49.2,856.6552246461623
49.4,855.9902142280295
49.6,855.3099032800149
49.8,854.6139127986635
50.0,853.901800069639
