0.0,855.4978158872902
0.2,856.1883071745975
0.4,856.8633406997822
0.6,857.523123254234
0.8,858.1678617711126
1.0,858.7977632977545
1.2,859.4130349663733
1.4,860.0138839630426
1.6,860.6005174949531
1.8,861.1731427559444
2.0,861.7319668903197
2.2,862.2771969549578
2.4,862.8090398797427
2.6,863.3277024263404
2.8,863.8333911453578
3.0,864.3263123319265
3.2,864.8066719797557
3.4,865.274675733715
3.6,865.7305288410014
3.8,866.1744361009623
4.0,866.6066018136412
4.2,867.027229727128
4.4,867.436522983792
4.6,867.8346840654877
4.8,868.2219147378216
5.0,868.5984159935778
5.2,868.9643879953978
5.4,869.3200300178205
5.6,869.665540388784
5.8,870.0011164306967
6.0,870.3269544011894
6.2,870.6432494336577
6.4,870.9501954777077
6.6,871.2479852396165
6.8,871.5368101229266
7.0,871.8168601692812
7.2,872.0883239996194
7.4,872.3513887558421
7.6,872.6062400430615
7.8,872.8530618725432
8.0,873.0920366054524
8.2,873.3233448975083
8.4,873.5471656446515
8.6,873.7636759298276
8.8,873.9730509709829
9.0,874.1754640703679
9.2,874.3710865652396
9.4,874.5600877800515
9.6,874.7426349802099
9.8,874.9188933274801
10.0,875.089025837113
10.2,875.2531933367613
10.4,875.4115544272507
10.6,875.564265445263
10.8,875.711480427986
11.0,875.8533510797764
11.2,875.9900267408805
11.4,876.1216543582464
11.6,876.2483784584614
11.8,876.3703411228389
12.0,876.4876819646739
12.2,876.6005381086827
12.4,876.7090441726334
12.6,876.8133322511716
12.8,876.9135319018358
13.0,877.0097701332579
13.2,877.1021713955308
13.4,877.1908575727273
13.6,877.2759479775436
13.8,877.3575593480406
14.0,877.4358058464461
14.2,877.5107990599805
14.4,877.5826480036628
14.6,877.6514591250474
14.8,877.7173363108417
15.0,877.7803808953468
15.2,877.8406916706621
15.4,877.8983648985918
15.6,877.9534943241846
15.8,878.0061711908369
16.0,878.0564842568896
16.2,878.1045198136401
16.4,878.1503617046938
16.6,878.1940913465746
16.8,878.2357877505125
17.0,878.2755275453259
17.2,878.3133850013123
17.4,878.3494320550641
17.6,878.3837383351168
17.8,878.4163711883504
18.0,878.4473957070466
18.2,878.4768747565205
18.4,878.5048690032335
18.6,878.5314369433007
18.8,878.5566349313051
19.0,878.5805172093287
19.2,878.6031359361159
19.4,878.6245412162822
19.6,878.6447811294817
19.8,878.6639017594528
20.0,878.6819472228572
20.2,878.6989596978322
20.4,878.7149794521774
20.6,878.7300448711004
20.8,878.7441924844417
21.0,878.7574569933121
21.2,878.7698712960673
21.4,878.7814665135539
21.6,878.7922720135593
21.8,878.8023154344045
22.0,878.8116227076173
22.2,878.8202180796304
22.4,878.8281241324481
22.6,878.8353618032295
22.8,878.8419504027419
23.0,878.8479076326362
23.2,878.8532496015029
23.4,878.85799083967
23.6,878.8621443127053
23.8,878.865721433592
24.0,878.8687320735474
24.2,878.8711845714588
24.4,878.8730857419135
24.6,878.8744408818062
24.8,878.8752537755045
25.0,878.875526698563
25.2,878.875260419977
25.4,878.8744542029696
25.6,878.8731058043103
25.8,878.8712114721695
26.0,878.8687659425112
26.2,878.8657624340339
26.4,878.8621926416728
26.6,878.858046728678
26.8,878.8533133172889
27.0,878.8479794780259
27.2,878.8420307176275
27.4,878.8354509656617
27.6,878.8282225598432
27.8,878.8203262300943
28.0,878.8117410813885
28.2,878.8024445754177
28.4,878.7924125111316
28.6,878.7816190041966
28.8,878.7700364654252
29.0,878.7576355782321
29.2,878.7443852751752
29.4,878.7302527136401
29.6,878.7152032507325
29.8,878.6992004174452
30.0,878.6822058921656
30.2,878.6641794735963
30.4,878.6450790531618
30.6,878.6248605869754
30.8,878.6034780674441
31.0,878.5808834945906
31.2,878.5570268471723
31.4,878.5318560536816
31.6,878.5053169633088
31.8,878.4773533169543
32.0,878.4479067183764
32.2,878.4169166055598
32.4,878.3843202223949
32.6,878.3500525907547
32.8,878.3140464830585
33.0,878.2762323954098
33.2,878.2365385213991
33.4,878.1948907266585
33.6,878.1512125242551
33.8,878.1054250510128
34.0,878.0574470448455
34.2,878.0071948231877
34.4,877.9545822626067
34.6,877.899520779676
34.8,877.8419193131917
35.0,877.7816843078077
35.2,877.7187196991655
35.4,877.6529269005904
35.6,877.5842047914257
35.8,877.5124497070684
36.0,877.4375554307712
36.2,877.359413187271
36.4,877.2779116382973
36.6,877.1929368800152
36.8,877.1043724424486
37.0,877.0120992909273
37.2,876.9159958295965
37.4,876.815937907024
37.6,876.7117988239326
37.8,876.6034493430807
38.0,876.4907577013138
38.2,876.3735896237961
38.4,876.251808340433
38.6,876.1252746044851
38.8,875.9938467133729
39.0,875.8573805316615
39.2,875.7157295162117
39.4,875.568744743478
39.6,875.4162749389263
39.8,875.2581665085413
40.0,875.0942635723851
40.2,874.924408000165
40.4,874.748439448763
40.6,874.5661954016691
40.8,874.3775112102669
41.0,874.1822201368977
41.2,873.9801533996431
41.4,873.7711402187433
41.6,873.5550078645796
41.8,873.3315817071324
42.0,873.1006852668295
42.2,872.8621402666935
42.4,872.6157666856907
42.6,872.3613828131853
42.8,872.0988053043967
43.0,871.827849236752
43.2,871.5483281670324
43.4,871.2600541891987
43.6,870.962837992788
43.8,870.6564889217689
44.0,870.3408150337395
44.2,870.0156231593579
44.4,869.6807189618869
44.6,869.335906996741
44.8,868.9809907709215
45.0,868.6157728022271
45.2,868.2400546781265
45.4,867.8536371141872
45.6,867.4563200119484
45.8,867.0479025161372
46.0,866.628183071121
46.2,866.1969594765028
46.4,865.7540289417586
46.6,865.2991881398294
46.8,864.8322332595803
47.0,864.352960057042
47.2,863.8611639053596
47.4,863.3566398433768
47.6,862.8391826227881
47.8,862.3085867537978
48.0,861.7646465492334
48.2,861.2071561670629
48.4,860.6359096512755
48.6,860.05070097109
48.8,859.4513240584628
49.0,858.8375728438737
49.2,858.2092412903754
49.4,857.5661234258997
49.6,856.908013373819
49.8,856.2347053817709
50.0,855.5459938487601
