0.0,770.8281016030976
0.2,773.0235960717808
0.4,775.1797664791
0.6,777.2975834526156
0.8,779.3779870123451
1.0,781.4218857034778
1.2,783.4301558888549
1.4,785.4036412027158
1.6,787.3431521659435
1.8,789.2494659617942
2.0,791.1233263698704
2.2,792.9654438549145
2.4,794.7764958058725
2.6,796.5571269196095
2.8,798.307949722673
3.0,800.0295452235862
3.2,801.7224636873448
3.4,803.3872255230666
3.6,805.0243222751335
3.8,806.6342177076548
4.0,808.2173489716835
4.2,809.7741278443305
4.4,811.3049420287425
4.6,812.8101565038419
4.8,814.290114912761
5.0,815.7451409790457
5.2,817.1755399399328
5.4,818.581599986332
5.6,819.9635936995504
5.8,821.3217794752796
6.0,822.6564029259162
6.2,823.9676982528875
6.4,825.2558895813205
6.6,826.5211922500753
6.8,827.7638140509013
7.0,828.9839564112094
7.2,830.1818155157208
7.4,831.3575833630056
7.6,832.5114487536862
7.8,833.6435982078173
8.0,834.754216809678
8.2,835.8434889789075
8.4,836.9115991675716
8.6,837.9587324833791
8.8,838.9850752398404
9.0,839.9908154347005
9.2,840.9761431584642
9.4,841.9412509352658
9.6,842.8863339987234
9.8,843.8115905057451
10.0,844.7172216915375
10.2,845.6034319692938
10.4,846.4704289782165
10.6,847.3184235836623
10.8,848.1476298332743
11.0,848.958264873017
11.2,849.7505488270193
11.4,850.5247046451046
11.6,851.280957921809
11.8,852.0195366905924
12.0,852.7406711968223
12.2,853.4445936529564
12.4,854.1315379791869
12.6,854.8017395326244
12.8,855.4554348279008
13.0,856.0928612518693
13.2,856.7142567748696
13.4,857.3198596608078
13.6,857.9099081780928
13.8,858.4846403132544
14.0,859.0442934888617
14.2,859.5891042871597
14.4,860.1193081806443
14.6,860.6351392706141
14.8,861.136830034556
15.0,861.6246110830621
15.2,862.0987109268178
15.4,862.5593557540617
15.6,863.0067692187846
15.8,863.4411722398206
16.0,863.8627828108769
16.2,864.2718158214525
16.4,864.668482888519
16.6,865.0529921987577
16.8,865.4255483610943
17.0,865.7863522692177
17.2,866.1356009737249
17.4,866.4734875635088
17.6,866.8002010559727
17.8,867.1159262956422
18.0,867.42084386073
18.2,867.7151299772094
18.4,867.998956439943
18.6,868.2724905404247
18.8,868.5358950006959
19.0,868.7893279130094
19.2,869.0329426848289
19.4,869.2668879887635
19.6,869.49130771706
19.8,869.7063409402878
20.0,869.9121218698758
20.2,870.1087798241789
20.4,870.2964391977688
20.6,870.4752194336706
20.8,870.6452349982799
21.0,870.8065953587183
21.2,870.9594049624045
21.4,871.1037632186348
21.6,871.2397644819843
21.8,871.3674980373576
22.0,871.4870480865359
22.2,871.598493736076
22.4,871.7019089864368
22.6,871.7973627222196
22.8,871.8849187034198
23.0,871.9646355575987
23.2,872.0365667728995
23.4,872.1007606918303
23.6,872.1572605057596
23.8,872.2061042500653
24.0,872.2473247998943
24.2,872.2809498664934
24.4,872.3070019940775
24.6,872.3254985572094
24.8,872.3364517586709
25.0,872.3398686278086
25.2,872.3357510193445
25.4,872.3240956126446
25.6,872.3048939114462
25.8,872.2781322440478
26.0,872.2437917639685
26.2,872.2018484510926
26.4,872.1522731133181
26.6,872.0950313887314
26.8,872.0300837483412
27.0,871.9573854994042
27.2,871.8768867893856
27.4,871.7885326106073
27.6,871.6922628056348
27.8,871.5880120734727
28.0,871.4757099766395
28.2,871.355280949208
28.4,871.226644305903
28.6,871.0897142523626
28.8,870.9443998966793
29.0,870.7906052623553
29.2,870.6282293028097
29.4,870.4571659176036
29.6,870.2773039705534
29.8,870.0885273099271
30.0,869.890714790932
30.2,869.6837403007196
30.4,869.4674727861592
30.6,869.2417762846407
30.8,869.0065099581963
31.0,868.761528131248
31.2,868.5066803323044
31.4,868.2418113399555
31.6,867.966761233531
31.8,867.681365448808
32.0,867.3854548391657
32.2,867.0788557426082
32.4,866.761390055085
32.6,866.4328753105502
32.8,866.0931247682103
33.0,865.7419475074114
33.2,865.379148530623
33.4,865.004528874959
33.6,864.6178857326767
33.8,864.2190125810687
34.0,863.8076993221406
34.2,863.3837324324369
34.4,862.946895123331
34.6,862.4969675120514
34.8,862.0337268036475
35.0,861.5569474840395
35.2,861.0664015242008
35.4,860.5618585954427
35.6,860.0430862956528
35.8,859.5098503862351
36.0,858.9619150393594
36.2,858.3990430949929
36.4,857.8209963270341
36.6,857.2275357177034
36.8,856.6184217391683
37.0,855.9934146412044
37.2,855.3522747434872
37.4,854.6947627309229
37.6,854.0206399502073
37.8,853.3296687056
38.0,852.6216125516842
38.2,851.8962365806683
38.4,851.1533077015797
38.6,850.3925949084958
38.8,849.613869534759
39.0,848.8169054899456
39.2,848.0014794761826
39.4,847.167371180264
39.6,846.3143634378868
39.8,845.4422423662279
40.0,844.5507974610109
40.2,843.639821654174
40.4,842.7091113282468
40.6,841.7584662835835
40.8,840.7876896546792
41.0,839.7965877719208
41.2,838.7849699653012
41.4,837.7526483068428
41.6,836.6994372887538
41.8,835.6251534346674
42.0,834.529614841686
42.2,833.4126406513853
42.4,832.2740504484109
42.6,831.1136635858245
42.8,829.931298436932
43.0,828.7267715739379
43.2,827.4998968744209
43.4,826.2504845573152
43.6,824.9783401507872
43.8,823.6832633951325
44.0,822.3650470845639
44.2,821.0234758525099
44.4,819.658324905792
44.6,818.2693587137883
44.8,816.8563296594048
45.0,815.4189766593638
45.2,813.9570237619708
45.4,812.4701787311179
45.6,810.9581316258299
45.8,809.420553385134
46.0,807.8570944284431
46.2,806.2673832819617
46.4,804.6510252418611
46.6,803.0076010851087
46.8,801.3366658388759
47.0,799.6377476193876
47.2,797.9103465509028
47.4,796.1539337752366
47.6,794.3679505618496
47.8,792.5518075280278
48.0,790.7048839780805
48.2,788.8265273697785
48.4,786.9160529154528
48.6,784.9727433242869
48.8,782.9958486913628
49.0,780.9845865379741
49.2,778.9381420066107
49.4,776.8556682128599
49.6,774.7362867552634
49.8,772.5790883829438
50.0,770.3831338195639
