0.0,860.4759347395402
0.2,861.1000858104144
0.4,861.7085911635613
0.6,862.3016637118604
0.8,862.8795176103714
1.0,863.4423682401448
1.2,863.9904321856686
1.4,864.5239272059224
1.6,865.0430721990366
1.8,865.5480871605859
2.0,866.0391931355689
2.2,866.516612164156
2.4,866.980567221314
2.6,867.4312821504415
2.8,867.8689815911739
3.0,868.2938909015422
3.2,868.7062360746938
3.4,869.1062436504031
3.6,869.4941406216242
3.8,869.870154336355
4.0,870.2345123951031
4.2,870.5874425442588
4.4,870.9291725656958
4.6,871.2599301629369
4.8,871.5799428442319
5.0,871.8894378029033
5.2,872.1886417953326
5.4,872.4777810169549
5.6,872.7570809766473
5.8,873.0267663698921
6.0,873.2870609510985
6.2,873.5381874054736
6.4,873.7803672208219
6.6,874.0138205596575
6.8,874.2387661320054
7.0,874.4554210692619
7.2,874.6640007994762
7.4,874.8647189244075
7.6,875.0577870987012
7.8,875.2434149115136
8.0,875.421809770905
8.2,875.5931767913042
8.4,875.757718684334
8.6,875.9156356532689
8.8,876.0671252913836
9.0,876.212382484428
9.2,876.3515993174491
9.4,876.4849649861624
9.6,876.6126657130517
9.8,876.7348846683631
10.0,876.8518018961316
10.2,876.9635942453665
10.4,877.0704353064949
10.6,877.1724953531486
10.8,877.2699412893538
11.0,877.3629366021711
11.2,877.4516413198052
11.4,877.5362119751929
11.6,877.6168015750551
11.8,877.6935595743814
12.0,877.7666318562999
12.2,877.8361607172675
12.4,877.9022848575
12.6,877.9651393765477
12.8,878.024855773905
13.0,878.0815619545335
13.2,878.1353822391619
13.4,878.1864373792158
13.6,878.2348445762208
13.8,878.2807175055106
14.0,878.3241663440654
14.2,878.3652978022973
14.4,878.4042151595894
14.6,878.4410183033962
14.8,878.4758037717006
15.0,878.5086647986245
15.2,878.5396913629826
15.4,878.5689702395695
15.6,878.5965850529686
15.8,878.6226163336673
16.0,878.6471415762671
16.2,878.670235299578
16.4,878.6919691083831
16.6,878.7124117566678
16.8,878.7316292121081
17.0,878.7496847216125
17.2,878.7666388777242
17.4,878.7825496856841
17.6,878.7974726309711
17.8,878.8114607471297
18.0,878.8245646837114
18.2,878.836832774154
18.4,878.8483111034336
18.6,878.8590435753282
18.8,878.8690719791388
19.0,878.8784360557206
19.2,878.8871735626851
19.4,878.8953203386352
19.6,878.9029103663092
19.8,878.9099758345119
20.0,878.9165471987171
20.2,878.9226532402367
20.4,878.9283211238525
20.6,878.9335764538166
20.8,878.9384433281327
21.0,878.9429443910338
21.2,878.9471008835809
21.4,878.9509326923094
21.6,878.9544583958594
21.8,878.9576953095275
22.0,878.9606595276831
22.2,878.9633659640023
22.4,878.9658283894671
22.6,878.9680594680915
22.8,878.9700707903344
23.0,878.9718729041632
23.2,878.9734753437411
23.4,878.9748866557047
23.6,878.9761144230126
23.8,878.977165286339
24.0,878.9780449629961
24.2,878.9787582633688
24.4,878.9793091048454
24.6,878.9797005232364
24.8,878.9799346816699
25.0,878.9800128769575
25.2,878.9799355434251
25.4,878.9797022542057
25.6,878.9793117199954
25.8,878.9787617852699
26.0,878.9780494219675
26.2,878.9771707206432
26.4,878.9761208791006
26.6,878.9748941885109
26.8,878.9734840170312
27.0,878.9718827909356
27.2,878.9700819732761
27.4,878.9680720400919
27.6,878.9658424541886
27.8,878.9633816365138
28.0,878.9606769351554
28.2,878.9577145919945
28.4,878.9544797070486
28.6,878.9509562005414
28.8,878.9471267727465
29.0,878.9429728616467
29.2,878.9384745984638
29.4,878.9336107611138
29.6,878.9283587256485
29.8,878.9226944157515
30.0,878.9165922503562
30.2,878.9100250894676
30.4,878.9029641782682
30.6,878.8953790895977
30.8,878.8872376649011
31.0,878.8785059537481
31.2,878.8691481520293
31.4,878.8591265389467
31.6,878.8484014129165
31.8,878.8369310265133
32.0,878.824671520591
32.2,878.8115768577186
32.4,878.7975987550826
32.6,878.782686617006
32.8,878.7667874672472
33.0,878.7498458812452
33.2,878.731803918483
33.4,878.7126010551498
33.6,878.6921741172836
33.8,878.6704572145856
34.0,878.6473816750997
34.2,878.6228759809562
34.4,878.59686570538
34.6,878.569273451172
34.8,878.54001879087
35.0,878.5090182087995
35.2,878.476185045228
35.4,878.441429442835
35.6,878.4046582957095
35.8,878.3657752010897
36.0,878.3246804140537
36.2,878.2812708053699
36.4,878.2354398227138
36.6,878.1870774554509
36.8,878.1360702031818
37.0,878.0823010482418
37.2,878.0256494323356
37.4,877.9659912374844
37.6,877.9031987714525
37.8,877.8371407578088
38.0,877.7676823307721
38.2,877.6946850349728
38.4,877.6180068302551
38.6,877.5375021016274
38.8,877.4530216744575
39.0,877.3644128349908
39.2,877.2715193562564
39.4,877.1741815294079
39.6,877.0722362005308
39.8,876.9655168129275
40.0,876.8538534548736
40.2,876.7370729128235
40.4,876.6149987300178
40.6,876.4874512704328
40.8,876.3542477879854
41.0,876.2152025008926
41.2,876.070126671061
41.4,875.9188286883646
41.6,875.7611141596457
41.8,875.596786002258
42.0,875.4256445419506
42.2,875.2474876148688
42.4,875.0621106734369
42.6,874.8693068958637
42.8,874.6688672989964
43.0,874.4605808542356
43.2,874.2442346062046
43.4,874.0196137938542
43.6,873.7865019736714
43.8,873.5446811446477
44.0,873.2939318746519
44.2,873.0340334278452
44.4,872.7647638927668
44.6,872.4859003107114
44.8,872.1972188040174
45.0,871.8984947038807
45.2,871.5895026773067
45.4,871.2700168528148
45.6,870.939810944511
45.8,870.5986583741472
46.0,870.2463323907932
46.2,869.8826061877527
46.4,869.5072530163651
46.6,869.120046296344
46.8,868.7207597223162
47.0,868.3091673662406
47.2,867.8850437753993
47.4,867.4481640656703
47.6,866.9983040098142
47.8,866.5352401205199
48.0,866.0587497279823
48.2,865.5686110518036
48.4,865.0646032670323
48.6,864.5465065641839
48.8,864.0141022031065
49.0,863.4671725605828
49.2,862.9055011715895
49.4,862.3288727641585
49.6,861.7370732878123
49.8,861.1298899355772
50.0,860.5071111596028
