0.0,879.0
0.2,879.0
0.4,879.0
0.6,879.0
0.8,879.0
1.0,879.0
1.2,879.0
1.4,879.0
1.6,879.0
1.8,879.0
2.0,879.0
2.2,879.0
2.4,879.0
2.6,879.0
2.8,879.0
3.0,879.0
3.2,879.0
3.4,879.0
3.6,879.0
3.8,879.0
4.0,879.0
4.2,879.0
4.4,879.0
4.6,879.0
4.8,879.0
5.0,879.0
5.2,879.0
5.4,879.0
5.6,879.0
5.8,879.0
6.0,879.0
6.2,879.0
6.4,879.0
6.6,879.0
6.8,879.0
7.0,879.0
7.2,879.0
7.4,879.0
7.6,879.0
7.8,879.0
8.0,879.0
8.2,879.0
8.4,879.0
8.6,879.0
8.8,879.0
9.0,879.0
9.2,879.0
9.4,879.0
9.6,879.0
9.8,879.0
10.0,879.0
10.2,879.0
10.4,879.0
10.6,879.0
10.8,879.0
11.0,879.0
11.2,879.0
11.4,879.0
11.6,879.0
11.8,879.0
12.0,879.0
12.2,879.0
12.4,879.0
12.6,879.0
12.8,879.0
13.0,879.0
13.2,879.0
13.4,879.0
13.6,879.0
13.8,879.0
14.0,879.0
14.2,879.0
14.4,879.0
14.6,879.0
14.8,879.0
15.0,879.0
15.2,879.0
15.4,879.0
15.6,879.0
15.8,879.0
16.0,879.0
16.2,879.0
16.4,879.0
16.6,879.0
16.8,879.0
17.0,879.0
17.2,879.0
17.4,879.0
17.6,879.0
17.8,879.0
18.0,879.0
18.2,879.0
18.4,879.0
18.6,879.0
18.8,879.0
19.0,879.0
19.2,879.0
19.4,879.0
19.6,879.0
19.8,879.0
20.0,879.0
20.2,879.0
20.4,879.0
20.6,879.0
20.8,879.0
21.0,879.0
21.2,879.0
21.4,879.0
21.6,879.0
21.8,879.0
22.0,879.0
22.2,879.0
22.4,879.0
22.6,879.0
22.8,879.0
23.0,879.0
23.2,879.0
23.4,879.0
23.6,879.0
23.8,879.0
24.0,879.0
24.2,879.0
24.4,879.0
24.6,879.0
24.8,879.0
25.0,879.0
25.2,879.0
25.4,879.0
25.6,879.0
25.8,879.0
26.0,879.0
26.2,879.0
26.4,879.0
26.6,879.0
26.8,879.0
27.0,879.0
27.2,879.0
27.4,879.0
27.6,879.0
27.8,879.0
28.0,879.0
28.2,879.0
28.4,879.0
28.6,879.0
28.8,879.0
29.0,879.0
29.2,879.0
29.4,879.0
29.6,879.0
29.8,879.0
30.0,879.0
30.2,879.0
30.4,879.0
30.6,879.0
30.8,879.0
31.0,879.0
31.2,879.0
31.4,879.0
31.6,879.0
31.8,879.0
32.0,879.0
32.2,879.0
32.4,879.0
32.6,879.0
32.8,879.0
33.0,879.0
33.2,879.0
33.4,879.0
33.6,879.0
33.8,879.0
34.0,879.0
34.2,879.0
34.4,879.0
34.6,879.0
34.8,879.0
35.0,879.0
35.2,879.0
35.4,879.0
35.6,879.0
35.8,879.0
36.0,879.0
36.2,879.0
36.4,879.0
36.6,879.0
36.8,879.0
37.0,879.0
37.2,879.0
37.4,879.0
37.6,879.0
37.8,879.0
38.0,879.0
38.2,879.0
38.4,879.0
38.6,879.0
38.8,879.0
39.0,879.0
39.2,879.0
39.4,879.0
39.6,879.0
39.8,879.0
40.0,879.0
40.2,879.0
40.4,879.0
40.6,879.0
40.8,879.0
41.0,879.0
41.2,879.0
41.4,879.0
41.6,879.0
41.8,879.0
42.0,879.0
42.2,879.0
42.4,879.0
42.6,879.0
42.8,879.0
43.0,879.0
43.2,879.0
43.4,879.0
43.6,879.0
43.8,879.0
44.0,879.0
44.2,879.0
44.4,879.0
44.6,879.0
44.8,879.0
45.0,879.0
45.2,879.0
45.4,879.0
45.6,879.0
45.8,879.0
46.0,879.0
46.2,879.0
46.4,879.0
46.6,879.0
46.8,879.0
47.0,879.0
47.2,879.0
47.4,879.0
47.6,879.0
47.8,879.0
48.0,879.0
48.2,879.0
48.4,879.0
48.6,879.0
48.8,879.0
49.0,879.0
49.2,879.0
49.4,879.0
49.6,879.0
49.8,879.0
50.0,879.0
