0.0,852.9336093449629
0.2,853.6718335979282
0.4,854.392473559535
0.6,855.0959702265694
0.8,855.7827466967973
1.0,856.4532082252309
1.2,857.107742458752
1.4,857.7467198365881
1.6,858.3704941405034
1.8,858.9794031756252
2.0,859.5737695606592
2.2,860.1539016049111
2.4,860.720094249015
2.6,861.27263004656
2.8,861.8117801647996
3.0,862.3378053842544
3.2,862.8509570791306
3.4,863.3514781629606
3.6,863.8396039865638
3.8,864.3155631782284
4.0,864.7795784187664
4.2,865.2318671467237
4.4,865.6726421914293
4.6,866.1021123336831
4.8,866.5204827956852
5.0,866.9279556632556
5.2,867.3247302445106
5.4,867.711003369947
5.6,868.0869696393677
5.8,868.4528216213196
6.0,868.8087500107106
6.2,869.1549437501125
6.4,869.4915901199507
6.6,869.8188748023896
6.8,870.1369819232675
7.0,870.4460940759576
7.2,870.7463923305468
7.4,871.0380562312565
7.6,871.3212637845917
7.8,871.596191440305
8.0,871.8630140669054
8.2,872.1219049231282
8.4,872.3730356265175
8.6,872.6165761200436
8.8,872.8526946374939
9.0,873.0815576682169
9.2,873.3033299216811
9.4,873.5181742922052
9.6,873.7262518241414
9.8,873.9277216777319
10.0,874.1227410958103
10.2,874.3114653714824
10.4,874.4940478168955
10.6,874.6706397331805
10.8,874.8413903816366
11.0,875.0064469562149
11.2,875.1659545573461
11.4,875.320056167151
11.6,875.4688926260651
11.8,875.6126026109002
12.0,875.7513226143673
12.2,875.8851869260715
12.4,876.0143276149956
12.6,876.1388745134758
12.8,876.2589552026742
13.0,876.3746949995502
13.2,876.486216945325
13.4,876.5936417954321
13.6,876.6970880109451
13.8,876.7966717514682
14.0,876.8925068694717
14.2,876.9847049060528
14.4,877.0733750880984
14.6,877.1586243268239
14.8,877.2405572176577
15.0,877.3192760414402
15.2,877.3948807669013
15.4,877.4674690543816
15.6,877.5371362607523
15.8,877.6039754454982
16.0,877.6680773779134
16.2,877.7295305453652
16.4,877.7884211625791
16.6,877.8448331818919
16.8,877.8988483044224
17.0,877.9505459921045
17.2,878.0000034805305
17.4,878.047295792544
17.6,878.0924957525292
17.8,878.1356740013348
18.0,878.1768990117762
18.2,878.2162371046542
18.4,878.2537524652307
18.6,878.2895071601009
18.8,878.3235611544005
19.0,878.3559723292881
19.2,878.3867964996407
19.4,878.4160874319036
19.6,878.4438968620331
19.8,878.4702745134718
20.0,878.4952681151018
20.2,878.5189234191105
20.4,878.5412842187197
20.6,878.5623923657166
20.8,878.5822877877323
21.0,878.6010085052175
21.2,878.6185906480591
21.4,878.6350684717905
21.6,878.6504743733436
21.8,878.6648389062967
22.0,878.6781907955744
22.2,878.6905569515517
22.4,878.7019624835249
22.6,878.7124307125088
22.8,878.7219831833212
23.0,878.7306396759213
23.2,878.7384182159701
23.4,878.7453350845797
23.6,878.7514048272265
23.8,878.7566402618024
24.0,878.7610524857789
24.2,878.7646508824669
24.4,878.7674431263525
24.6,878.7694351874961
24.8,878.7706313349792
25.0,878.771034139392
25.2,878.7706444743559
25.4,878.7694615170725
25.6,878.7674827479021
25.8,878.7647039489719
26.0,878.761119201816
26.2,878.7567208840577
26.4,878.7514996651412
26.6,878.7454445011249
26.8,878.7385426285538
27.0,878.7307795574258
27.2,878.7221390632744
27.4,878.712603178389
27.6,878.7021521822002
27.8,878.6907645908558
28.0,878.6784171460204
28.2,878.6650848029284
28.4,878.6507407177289
28.6,878.6353562341568
28.8,878.618900869571
29.0,878.6013423004018
29.2,878.5826463470502
29.4,878.5627769582843
29.6,878.541696195182
29.8,878.5193642146664
30.0,878.495739252688
30.2,878.4707776071018
30.4,878.4444336202969
30.6,878.4166596616317
30.8,878.3874061097298
31.0,878.3566213346968
31.2,878.3242516803126
31.4,878.2902414462606
31.6,878.2545328704522
31.8,878.2170661115083
32.0,878.177779231455
32.2,878.136608178698
32.4,878.0934867713332
32.6,878.0483466808577
32.8,878.0011174163384
33.0,877.9517263091006
33.2,877.9000984979963
33.4,877.8461569153083
33.6,877.789822273354
33.8,877.7310130518414
34.0,877.669645486034
34.2,877.6056335557837
34.4,877.5388889754787
34.6,877.469321184965
34.8,877.3968373414875
35.0,877.3213423127007
35.2,877.2427386707949
35.4,877.1609266877841
35.6,877.075804331995
35.8,876.9872672657988
36.0,876.8952088446223
36.2,876.799520117274
36.4,876.7000898276151
36.6,876.5968044176067
36.8,876.4895480317575
37.0,876.3782025229966
37.2,876.2626474599905
37.4,876.1427601359208
37.6,876.0184155787374
37.8,875.8894865628963
38.0,875.7558436225887
38.2,875.6173550664653
38.4,875.4738869938539
38.6,875.325303312469
38.8,875.1714657576023
39.0,875.0122339127837
39.2,874.847465231897
39.4,874.6770150627273
39.6,874.5007366719158
39.8,874.3184812712875
40.0,874.1300980455138
40.2,873.9354341810593
40.4,873.7343348963525
40.6,873.5266434731077
40.8,873.3122012887006
41.0,873.0908478494823
41.2,872.8624208248787
41.4,872.6267560820811
41.6,872.3836877210829
41.8,872.1330481097388
42.0,871.8746679184378
42.2,871.6083761538621
42.4,871.3340001911624
42.6,871.0513658036954
42.8,870.7602971892559
43.0,870.4606169914692
43.2,870.1521463146955
43.4,869.8347047304364
43.6,869.5081102728151
43.8,869.172179420234
44.0,868.8267270598016
44.2,868.4715664305753
44.4,868.1065090411
44.6,867.7313645561613
44.8,867.3459406471462
45.0,866.9500427999392
45.2,866.5434740739329
45.4,866.1260348055329
45.6,865.6975222495472
45.8,865.2577301521177
46.0,864.8064482494182
46.2,864.3434616872656
46.4,863.8685503580925
46.6,863.3814881534263
46.8,862.8820421321236
47.0,862.3699716070873
47.2,861.8450271560025
47.4,861.3069495646987
47.6,860.7554687149703
47.8,860.190302431957
48.0,859.6111553093385
48.2,859.0177175335001
48.4,858.409663730296
48.6,857.7866518599316
48.8,857.1483221866569
49.0,856.4942963502899
49.2,855.8241765659908
49.4,855.1375449771389
49.6,854.4339631836297
49.8,853.7129719644662
50.0,852.9740912092662
