0.0,831.121456215687
0.2,833.0489605183282
0.4,834.9149747856225
0.6,836.7189601863138
0.8,838.4605842950133
1.0,840.1397255182692
1.2,841.7564746956831
1.4,843.3111339119641
1.6,844.8042126084819
1.8,846.2364211322899
2.0,847.6086619055421
2.2,848.922018437685
2.4,850.1777424359287
2.6,851.377239295654
2.8,852.522052271187
3.0,853.6138456386068
3.2,854.6543871659868
3.4,855.645530202983
3.6,856.5891956914362
3.8,857.4873543822907
4.0,858.3420095224203
4.2,859.1551802487869
4.4,859.9288858976972
4.6,860.6651314047538
4.8,861.3658939374336
5.0,862.0331108680205
5.2,862.6686691607929
5.4,863.2743962147388
5.6,863.8520521723652
5.8,864.4033236769978
6.0,864.929819035793
6.2,865.4330647238817
6.4,865.9145031468228
6.6,866.3754915639884
6.8,866.8173020645899
7.0,867.2411224806864
7.2,867.6480581174659
7.4,868.0391341801015
7.6,868.4152987782026
7.8,868.7774263929609
8.0,869.1263216981203
8.2,869.4627236334958
8.4,869.787309638543
8.6,870.1006999630423
8.8,870.4034619819973
9.0,870.696114452021
9.2,870.9791316565397
9.4,871.252947396842
9.6,871.5179587951742
9.8,871.7745298845608
10.0,872.0229949677442
10.2,872.2636617344862
10.4,872.4968141324626
10.6,872.722714992081
10.8,872.9416084097937
11.0,873.1537218979097
11.2,873.3592683115801
11.4,873.5584475656102
11.6,873.7514481551196
11.8,873.9384484949016
12.0,874.1196180927026
12.2,874.2951185716317
12.4,874.4651045565955
12.6,874.6297244390809
12.8,874.7891210338756
13.0,874.9434321404377
13.2,875.0927910206703
13.4,875.2373268038654
13.6,875.3771648285665
13.8,875.5124269301139
14.0,875.6432316816733
14.2,875.769694595646
14.4,875.8919282915068
14.6,876.0100426353422
14.8,876.124144855644
15.0,876.2343396392783
15.2,876.3407292109785
15.4,876.4434133992021
15.6,876.5424896907589
15.8,876.6380532762204
16.0,876.7301970878023
16.2,876.819011831116
16.4,876.9045860119521
16.6,876.9870059590489
16.8,877.0663558436266
17.0,877.1427176963293
17.2,877.2161714220902
17.4,877.2867948133404
17.6,877.3546635619022
17.8,877.4198512698308
18.0,877.4824294594293
18.2,877.5424675826018
18.4,877.6000330296816
18.6,877.6551911378432
18.8,877.7080051991753
19.0,877.7585364684821
19.2,877.8068441708583
19.4,877.852985509072
19.6,877.8970156707835
19.8,877.9389878356128
20.0,877.9789531820701
20.2,878.0169608943515
20.4,878.053058169002
20.6,878.0872902214439
20.8,878.1197002923634
21.0,878.1503296539497
21.2,878.1792176159773
21.4,878.2064015317211
21.6,878.2319168036918
21.8,878.2557968891806
22.0,878.278073305602
22.2,878.2987756356181
22.4,878.3179315320363
22.6,878.3355667224635
22.8,878.3517050137073
23.0,878.3663682959105
23.2,878.3795765464071
23.4,878.3913478332898
23.6,878.4016983186785
23.8,878.4106422616779
24.0,878.4181920210189
24.2,878.4243580573724
24.4,878.429148935332
24.6,878.4325713250556
24.8,878.4346300035642
25.0,878.4353278556922
25.2,878.4346658746867
25.4,878.432643162455
25.6,878.4292569294562
25.8,878.4245024942435
26.0,878.4183732826517
26.2,878.410860826638
26.4,878.4019547627757
26.6,878.3916428304099
26.8,878.3799108694752
27.0,878.3667428179882
27.2,878.3521207092169
27.4,878.3360246685396
27.6,878.3184329099988
27.8,878.2993217325638
28.0,878.278665516108
28.2,878.2564367171159
28.4,878.2326058641287
28.6,878.2071415529396
28.8,878.1800104415528
29.0,878.1511772449162
29.2,878.1206047294379
29.4,878.0882537073007
29.6,878.0540830305825
29.8,878.0180495851927
30.0,877.9801082846321
30.2,877.9402120635862
30.4,877.8983118713506
30.6,877.8543566650985
30.8,877.8082934029825
31.0,877.7600670370713
31.2,877.7096205061105
31.4,877.6568947280931
31.6,877.6018285926178
31.8,877.5443589530074
32.0,877.4844206181432
32.2,877.4219463439667
32.4,877.3568668245756
32.6,877.2891106828266
32.8,877.2186044603337
33.0,877.1452726067142
33.2,877.0690374679093
33.4,876.9898192733478
33.6,876.9075361216777
33.8,876.822103964714
34.0,876.7334365891753
34.2,876.6414455956788
34.4,876.5460403743426
34.6,876.4471280762026
34.8,876.3446135794758
35.0,876.2383994494984
35.2,876.1283858909259
35.4,876.0144706904927
35.6,875.8965491483054
35.8,875.7745139952517
36.0,875.6482552936685
36.2,875.5176603179099
36.4,875.3826134108826
36.6,875.2429958119782
36.8,875.0986854511241
37.0,874.9495567028919
37.2,874.7954800937607
37.4,874.6363219547235
37.6,874.4719440104709
37.8,874.3022028953984
38.0,874.1269495856735
38.2,873.9460287356083
38.4,873.7592779056301
38.6,873.5665266682755
38.8,873.3675955778882
39.0,873.1622949891499
39.2,872.9504237092493
39.4,872.7317674684945
39.6,872.5060971945449
39.8,872.2731670762745
40.0,872.0327124046479
40.2,871.784447179972
40.4,871.528061477568
40.6,871.2632185673317
40.8,870.9895517868982
41.0,870.7066611732374
41.2,870.4141098634742
41.4,870.1114202826012
41.6,869.7980701434429
41.8,869.4734882927247
42.0,869.1370504462556
42.2,868.7880748659368
42.4,868.425818041356
42.6,868.0494704488952
42.8,867.6581524713074
43.0,867.2509105702759
43.2,866.826713813239
43.4,866.3844508633425
43.6,865.9229275474187
43.8,865.4408651209483
44.0,864.9368993506848
44.2,864.4095805346167
44.4,863.8573745748985
44.6,863.2786652120006
44.8,862.6717575174245
45.0,862.0348827277652
45.2,861.3662044846781
45.4,860.6638265234955
45.6,859.9258018280875
45.8,859.1501432413916
46.0,858.3348354903466
46.2,857.4778485513548
46.4,856.5771522485818
46.6,855.6307319432186
46.8,854.6366051381812
47.0,853.592838790575
47.2,852.4975670946073
47.4,851.3490094714747
47.6,850.1454884810645
47.8,848.885447353945
48.0,847.5674668318868
48.2,846.1902810016676
48.4,844.7527918106537
48.6,843.2540819638731
48.8,841.6934259210643
49.0,840.0702987383218
49.2,838.3843825320612
49.4,836.6355703824668
49.6,834.8239675385023
49.8,832.9498898359574
50.0,831.013859292628
