0.0,828.1758373619053
0.2,830.0760352526248
0.4,831.9223417978709
0.6,833.7145125107725
0.8,835.4524143797066
1.0,837.1360291118135
1.2,838.7654551897468
1.4,840.3409087370432
1.6,841.8627232045495
1.8,843.3313479068647
2.0,844.7473454534398
2.2,846.1113881335547
2.4,847.424253327593
2.6,848.6868180286646
2.8,849.9000525684975
3.0,851.0650136495073
3.2,852.1828367909668
3.4,853.2547283011995
3.6,854.2819568897097
3.8,855.2658450331915
4.0,856.2077602075019
4.2,857.1091060940857
4.4,857.9713138641221
4.6,858.7958336370425
4.8,859.5841262022209
5.0,860.3376550837845
5.2,861.0578790188703
5.4,861.7462449094735
5.6,862.4041812975329
5.8,863.0330924022957
6.0,863.6343527484953
6.2,864.2093024036606
6.4,864.7592428331169
6.6,865.285433372091
6.8,865.7890883059042
7.0,866.271374541652
7.2,866.7334098480701
7.4,867.1762616345455
7.6,867.6009462354574
7.8,868.0084286622347
8.0,868.3996227826781
8.2,868.7753918851607
8.4,869.1365495842666
8.6,869.4838610241608
8.8,869.8180443364427
9.0,870.1397723103408
9.2,870.4496742347507
9.4,870.748337873737
9.6,871.0363115396101
9.8,871.3141062304511
10.0,871.5821978019454
10.2,871.8410291464745
10.4,872.0910123555749
10.6,872.332530845009
10.8,872.5659414247767
11.0,872.791576299352
11.2,873.0097449862436
11.4,873.2207361436049
11.6,873.4248193000406
11.8,873.6222464819559
12.0,873.8132537357652
12.2,873.9980625440094
12.4,874.1768811359354
12.6,874.3499056943705
12.8,874.5173214617815
13.0,874.6793037492786
13.2,874.8360188529831
13.4,874.9876248826944
13.6,875.1342725081322
13.8,875.276105628247
14.0,875.4132619691886
14.2,875.5458736165186
14.4,875.6740674871655
14.6,875.7979657464659
14.8,875.9176861754219
15.0,876.0333424930587
15.2,876.1450446384821
15.4,876.2528990169316
15.6,876.3570087138196
15.8,876.4574736804248
16.0,876.5543908945986
16.2,876.647854499536
16.4,876.7379559233663
16.6,876.8247839820415
16.8,876.908424967735
17.0,876.9889627247148
17.2,877.0664787144331
17.4,877.1410520713575
17.6,877.2127596508892
17.8,877.2816760705301
18.0,877.3478737453161
18.2,877.4114229183895
18.4,877.472391687465
18.6,877.5308460278314
18.8,877.5868498124403
19.0,877.6404648295471
19.2,877.6917507982992
19.4,877.7407653826011
19.6,877.7875642035353
19.8,877.8322008505693
20.0,877.8747268917409
20.2,877.9151918829785
20.4,877.9536433766868
20.6,877.9901269297021
20.8,878.0246861107032
21.0,878.0573625071446
21.2,878.0881957317667
21.4,878.117223428725
21.6,878.1444812793701
21.8,878.1700030077043
22.0,878.1938203855306
22.2,878.2159632373091
22.4,878.2364594447283
22.6,878.255334950996
22.8,878.272613764853
23.0,878.2883179643105
23.2,878.3024677001089
23.4,878.315081198897
23.6,878.326174766129
23.8,878.3357627886744
24.0,878.3438577371392
24.2,878.3504701678943
24.4,878.355608724807
24.6,878.3592801406734
24.8,878.3614892383484
25.0,878.3622389315714
25.2,878.3615302254866
25.4,878.3593622168548
25.6,878.3557320939584
25.8,878.3506351361975
26.0,878.3440647133792
26.2,878.3360122847008
26.4,878.3264673974272
26.6,878.3154176852664
26.8,878.3028488664444
27.0,878.288744741481
27.2,878.2730871906724
27.4,878.2558561712787
27.6,878.2370297144213
27.8,878.216583921693
28.0,878.1944929614771
28.2,878.170729064981
28.4,878.1452625219762
28.6,878.1180616762465
28.8,878.0890929207327
29.0,878.0583206923651
29.2,878.0257074665708
29.4,877.9912137514318
29.6,877.9547980814696
29.8,877.9164170110203
30.0,877.8760251071559
30.2,877.8335749420927
30.4,877.7890170850183
30.6,877.7423000932451
30.8,877.6933705025854
31.0,877.6421728168091
31.2,877.588649496028
31.4,877.5327409438037
31.6,877.4743854927473
31.8,877.4135193883264
32.0,877.3500767705423
32.2,877.2839896530753
32.4,877.2151878994299
32.6,877.1435991955177
32.8,877.0691490180319
33.0,876.9917605978483
33.2,876.9113548775741
33.4,876.8278504622205
33.6,876.7411635618234
33.8,876.6512079246664
34.0,876.5578947595641
34.2,876.4611326454619
34.4,876.3608274263756
34.6,876.2568820894485
34.8,876.1491966236455
35.0,876.0376678563129
35.2,875.9221892645505
35.4,875.802650758026
35.6,875.6789384295557
35.8,875.5509342694609
36.0,875.4185158393889
36.2,875.2815559010005
36.4,875.1399219946339
36.6,874.9934759628115
36.8,874.8420734132443
37.0,874.685563115834
37.2,874.5237863280895
37.4,874.3565760433671
37.6,874.1837561564485
37.8,874.0051405411813
38.0,873.8205320352608
38.2,873.6297213277335
38.4,873.4324857454807
38.6,873.2285879358003
38.8,873.0177744432694
39.0,872.7997741803491
39.2,872.5742967927002
39.4,872.3410309219108
39.6,872.0996423703103
39.8,871.8497721747437
40.0,871.5910345986027
40.2,871.323015054039
40.4,871.0452679690969
40.6,870.7573146174616
40.8,870.4586409316041
41.0,870.1486953232369
41.2,869.826886538151
41.4,869.4925815756071
41.6,869.1451037054186
41.8,868.7837306186448
42.0,868.4076927502944
42.2,868.0161718145529
42.4,867.6082995946987
42.6,867.183157030972
42.8,866.7397736501182
43.0,866.2771273800656
43.2,865.7941447921326
43.4,865.2897018112343
43.6,864.7626249317155
43.8,864.211692972636
44.0,863.6356394015653
44.2,863.0331552501999
44.4,862.402892638423
44.6,861.7434689158351
44.8,861.0534714213645
45.0,860.3314628524196
45.2,859.5759872252834
45.4,858.7855763982471
45.6,857.9587571184679
45.8,857.0940585429375
46.0,856.1900201734511
46.2,855.2452001352918
46.4,854.2581837197218
46.6,853.2275921015231
46.8,852.1520911349891
47.0,851.0304001251386
47.2,849.8613004657203
47.4,848.6436440319673
47.6,847.3763612142121
47.8,846.0584684784955
48.0,844.6890753422899
48.2,843.2673906574605
48.4,841.7927280985886
48.6,840.2645107627707
48.8,838.682274796871
49.0,837.0456719798188
49.2,835.35447120075
49.4,833.6085587883449
49.6,831.8079376624011
49.8,829.9527252951824
50.0,828.0431504871372
