0.0,851.9673713781663
0.2,852.7292298867354
0.4,853.4727581711314
0.6,854.1983880195869
0.8,854.9065393801758
1.0,855.5976202401768
1.2,856.2720265772563
1.4,856.9301423804069
1.6,857.5723397376912
1.8,858.198978987033
2.0,858.8104089255716
2.2,859.4069670724888
2.4,859.9889799797096
2.6,860.5567635845006
2.8,861.1106235977354
3.0,861.6508559214595
3.2,862.1777470893779
3.4,862.6915747239881
3.6,863.1926080042869
3.8,863.6811081382799
4.0,864.1573288348982
4.2,864.6215167703759
4.4,865.0739120446387
4.6,865.5147486237854
4.8,865.9442547653009
5.0,866.3626534232056
5.2,866.7701626308982
5.4,867.1669958599979
5.6,867.5533623540025
5.8,867.9294674360634
6.0,868.2955127906133
6.2,868.6516967189829
6.4,868.9982143694788
6.6,869.3352579426958
6.8,869.6630168730762
7.0,869.9816779879267
7.2,870.2914256452455
7.4,870.5924418518239
7.6,870.8849063631454
7.8,871.1689967666367
8.0,871.4448885498258
8.2,871.7127551549314
8.4,871.9727680213632
8.6,872.2250966175426
8.8,872.4699084633802
9.0,872.7073691446537
9.2,872.9376423204404
9.4,873.1608897246595
9.6,873.3772711626858
9.8,873.5869445038995
10.0,873.7900656709436
10.2,873.9867886263786
10.4,874.177265357338
10.6,874.3616458587132
10.8,874.5400781153293
11.0,874.712708083507
11.2,874.8796796723524
11.4,875.0411347250645
11.6,875.1972130005031
11.8,875.348052155227
12.0,875.4937877261692
12.2,875.6345531140943
12.4,875.7704795679501
12.6,875.9016961702089
12.8,876.0283298232714
13.0,876.1505052369902
13.2,876.2683449173562
13.4,876.3819691563801
13.6,876.4914960231869
13.8,876.5970413563381
14.0,876.6987187573844
14.2,876.7966395856454
14.4,876.8909129542083
14.6,876.9816457271326
14.8,877.0689425178422
15.0,877.1529056886816
15.2,877.2336353516122
15.4,877.3112293700186
15.6,877.3857833615933
15.8,877.4573907022648
16.0,877.5261425311327
16.2,877.5921277563701
16.4,877.6554330620529
16.6,877.716142915871
16.8,877.774339577679
17.0,877.8301031088386
17.2,877.8835113823054
17.4,877.9346400934118
17.6,877.9835627712953
17.8,878.0303507909215
18.0,878.0750733856505
18.2,878.1177976602946
18.4,878.1585886046125
18.6,878.1975091071905
18.8,878.2346199696535
19.0,878.2699799211541
19.2,878.3036456330863
19.4,878.3356717339693
19.6,878.3661108244504
19.8,878.3950134923712
20.0,878.4224283278473
20.2,878.4484019383095
20.4,878.472978963455
20.6,878.4962020900588
20.8,878.5181120665977
21.0,878.5387477176372
21.2,878.5581459579358
21.4,878.5763418062222
21.6,878.593368398599
21.8,878.6092570015335
22.0,878.6240370243935
22.2,878.6377360314884
22.4,878.65037975358
22.6,878.6619920988261
22.8,878.6725951631245
23.0,878.6822092398252
23.2,878.6908528287819
23.4,878.6985426447151
23.6,878.705293624862
23.8,878.7111189358914
24.0,878.7160299800596
24.2,878.7200364005944
24.4,878.7231460862854
24.6,878.7253651752726
24.8,878.7266980580177
25.0,878.7271473794536
25.2,878.7267140403014
25.4,878.7253971975562
25.6,878.7231942641359
25.8,878.7201009076983
26.0,878.7161110486268
26.2,878.7112168571931
26.4,878.7054087499057
26.6,878.6986753850537
26.8,878.6910036574608
27.0,878.6823786924657
27.2,878.6727838391456
27.4,878.662200662806
27.6,878.6506089367566
27.8,878.6379866334017
28.0,878.6243099146694
28.2,878.6095531218119
28.4,878.5936887646068
28.6,878.5766875099922
28.8,878.5585181701733
29.0,878.5391476902369
29.2,878.5185411353104
29.4,878.4966616773117
29.6,878.4734705813263
29.8,878.4489271916588
30.0,878.4229889176039
30.2,878.3956112189837
30.4,878.3667475914971
30.6,878.3363495519319
30.8,878.3043666232908
31.0,878.2707463198783
31.2,878.2354341324049
31.4,878.198373513155
31.6,878.1595058612784
31.8,878.1187705082506
32.0,878.0761047035625
32.2,878.0314436006877
32.4,877.984720243384
32.6,877.9358655523815
32.8,877.8848083125105
33.0,877.8314751603208
33.2,877.7757905722484
33.4,877.7176768533758
33.6,877.6570541268419
33.8,877.5938403239464
34.0,877.5279511750023
34.2,877.4593002009799
34.4,877.3877987059915
34.6,877.3133557706584
34.8,877.2358782464063
35.0,877.1552707507275
35.2,877.0714356634497
35.4,876.9842731240485
35.6,876.8936810300372
35.8,876.7995550364654
36.0,876.7017885565551
36.2,876.6002727634981
36.4,876.4948965934378
36.6,876.3855467496503
36.8,876.2721077079384
37.0,876.1544617232437
37.2,876.0324888374779
37.4,875.9060668885655
37.6,875.7750715206822
37.8,875.6393761956641
38.0,875.4988522055478
38.2,875.3533686861931
38.4,875.20279263192
38.6,875.0469889110734
38.8,874.8858202824078
39.0,874.71914741216
39.2,874.5468288916437
39.4,874.3687212551706
39.6,874.1846789980584
39.8,873.9945545944444
40.0,873.7981985145668
40.2,873.5954592411243
40.4,873.3861832842492
40.6,873.1702151945669
40.8,872.947397573723
41.0,872.7175710816829
41.2,872.4805744400015
41.4,872.2362444301702
41.6,871.9844158860345
41.8,871.7249216791671
42.0,871.4575926959715
42.2,871.1822578051753
42.4,870.8987438142642
42.6,870.6068754133105
42.8,870.3064751045492
43.0,869.9973631159891
43.2,869.6793572972812
43.4,869.3522729960418
43.6,869.0159229128196
43.8,868.6701169329383
44.0,868.3146619335166
44.2,867.9493615640924
44.4,867.5740159994506
44.6,867.1884216634805
44.8,866.7923709231754
45.0,866.3856517522297
45.2,865.9680473640924
45.4,865.539335814796
45.6,865.0992895763941
45.8,864.6476750824015
46.0,864.1842522472374
46.2,863.7087739623005
46.4,863.2209855719642
46.6,862.7206243334335
46.8,862.2074188650572
47.0,861.6810885883135
47.2,861.1413431692654
47.4,860.5878819658061
47.6,860.020393487455
47.8,859.4385548748139
48.0,858.8420314060363
48.2,858.2304760377731
48.4,857.6035289880504
48.6,856.9608173683715
48.8,856.3019548720404
49.0,855.6265415252532
49.2,854.9341635069219
49.4,854.2243930424688
49.6,853.4967883759923
49.8,852.7508938242526
50.0,851.9862399148889
