0.0,507.77356127295536
0.2,513.6251379305489
0.4,519.4057474846126
0.6,525.115380671331
0.8,530.7540506993781
1.0,536.321793722016
1.2,541.8186692295643
1.4,547.2447603615657
1.6,552.6001741383386
1.8,557.8850416119839
2.0,563.0995179372695
2.2,568.243782363185
2.4,573.3180381463078
2.6,578.322512387469
2.8,583.2574557935388
3.0,588.1231423664707
3.2,592.9198690220492
3.4,597.6479551410698
3.6,602.307742055952
3.8,606.8995924760281
4.0,611.423889854985
4.2,615.8810377041302
4.4,620.2714588553409
4.6,624.5955946777066
4.8,628.853904252007
5.0,633.046863507273
5.2,637.1749643237554
5.4,641.2387136066841
5.6,645.2386323352247
5.8,649.175254591045
6.0,653.0491265708821
6.2,656.8608055874548
6.4,660.6108590629991
6.6,664.2998635196119
6.8,667.9284035704773
7.0,671.497070915919
7.2,675.0064633480714
7.4,678.4571837677945
7.6,681.8498392172773
7.8,685.1850399315762
8.0,688.463398412124
8.2,691.6855285250338
8.4,694.8520446267818
8.6,697.9635607196298
8.8,701.0206896388999
9.0,704.0240422739712
9.2,706.9742268246243
9.4,709.8718480941106
9.6,712.7175068200772
9.8,715.5117990442395
10.0,718.2553155214505
10.2,720.9486411685874
10.4,723.5923545534482
10.6,726.1870274236319
10.8,728.7332242751738
11.0,731.2315019605015
11.2,733.6824093350962
11.4,736.0864869420666
11.6,738.4442667336808
11.8,740.756271828752
12.0,743.0230163046376
12.2,745.2450050224917
12.4,747.4227334842993
12.6,749.5566877201303
12.8,751.6473442039693
13.0,753.6951697964115
13.2,755.7006217124665
13.4,757.6641475126672
13.6,759.5861851156615
13.8,761.4671628304476
14.0,763.307499406418
14.2,765.1076040993792
14.4,766.8678767517483
14.6,768.5887078851489
14.8,770.2704788036746
15.0,771.9135617061402
15.2,773.5183198056976
15.4,775.0851074552539
15.6,776.6142702772099
15.8,778.1061452961065
16.0,779.5610610728535
16.2,780.9793378392953
16.4,782.3612876319661
16.6,783.707214423966
16.8,785.0174142539951
17.0,786.2921753516663
17.2,787.5317782583182
17.4,788.7364959426385
17.6,789.9065939105041
17.8,791.042330308533
18.0,792.1439560209341
18.2,793.2117147593233
18.4,794.245843145264
18.6,795.2465707853615
18.8,796.2141203388259
19.0,797.1487075774818
19.2,798.0505414382784
19.4,798.9198240684098
19.6,799.7567508632187
19.8,800.5615104971091
20.0,801.3342849477395
20.2,802.0752495138182
20.4,802.784572826852
20.6,803.4624168572432
20.8,804.1089369151501
21.0,804.7242816465554
21.2,805.3085930250033
21.4,805.8620063394821
21.6,806.3846501789367
21.8,806.8766464139035
22.0,807.3381101757587
22.2,807.7691498340695
22.4,808.1698669725304
22.6,808.5403563639557
22.8,808.8807059447876
23.0,809.1909967895559
23.2,809.4713030857149
23.4,809.7216921092488
23.6,809.9422242014189
23.8,810.1329527469956
24.0,810.2939241542857
24.2,810.4251778372354
24.4,810.5267461998559
24.6,810.5986546231818
24.8,810.6409214549338
25.0,810.6535580020268
25.2,810.6365685260149
25.4,810.5899502415383
25.6,810.5136933177863
25.8,810.407780882959
26.0,810.2721890316673
26.2,810.1068868351744
26.4,809.9118363543377
26.6,809.6869926550818
26.8,809.4323038261878
27.0,809.1477109991525
27.2,808.8331483698399
27.4,808.488543221607
27.6,808.1138159495663
27.8,807.7088800856097
28.0,807.2736423237985
28.2,806.808002545699
28.4,806.3118538452225
28.6,805.7850825525126
28.8,805.2275682564074
29.0,804.6391838249939
29.2,804.0197954237658
29.4,803.3692625308921
29.6,802.6874379491045
29.8,801.9741678137202
30.0,801.2292915963208
30.2,800.4526421036281
30.4,799.644045471134
30.6,798.8033211510636
30.8,797.930281894285
31.0,797.0247337258063
31.2,796.0864759135444
31.4,795.1153009300914
31.6,794.1109944072538
31.8,793.0733350831916
32.0,792.0020947420477
32.2,790.8970381460142
32.4,789.7579229598565
32.6,788.5844996679837
32.8,787.376511484232
33.0,786.1336942546075
33.2,784.8557763533158
33.4,783.5424785724963
33.6,782.1935140061631
33.8,780.8085879289496
34.0,779.3873976703436
34.2,777.9296324851929
34.4,776.4349734213598
34.6,774.9030931854903
34.8,773.3336560079607
35.0,771.7263175081556
35.2,770.080724561317
35.4,768.3965151682938
35.6,766.6733183296002
35.8,764.9107539252683
36.0,763.1084326020544
36.2,761.2659556696216
36.4,759.3829150073782
36.6,757.4588929837064
36.8,755.493462389351
37.0,753.486186386775
37.2,751.4366184773074
37.4,749.344302487921
37.6,747.2087725794771
37.8,745.0295532782612
38.0,742.8061595326079
38.2,740.5380967963758
38.4,738.2248611409808
38.6,735.8659393976282
38.8,733.4608093313105
39.0,731.0089398480367
39.2,728.5097912366543
39.4,725.9628154465064
39.6,723.3674564020242
39.8,720.7231503552111
40.0,718.0293262768098
40.2,715.2854062867713
40.4,712.4908061244538
40.6,709.6449356587867
40.8,706.7471994384227
41.0,703.7969972816867
41.2,700.7937249059023
41.4,697.7367745954465
41.6,694.625535907643
41.8,691.4593964153626
42.0,688.237742484957
42.2,684.9599600879009
42.4,681.6254356442736
42.6,678.2335568959709
42.8,674.7837138072889
43.0,671.2752994902951
43.2,667.7077111521685
43.4,664.0803510614751
43.6,660.3926275301324
43.8,656.6439559076243
44.0,652.8337595838441
44.2,648.9614709967736
44.4,645.0265326410625
44.6,641.0283980734334
44.8,636.9665329107331
45.0,632.8404158163556
45.2,628.6495394706952
45.4,624.3934115212445
45.6,620.0715555079277
45.8,615.6835117592647
46.0,611.2288382549906
46.2,606.7071114508063
46.4,602.1179270610187
46.6,597.4609007949311
46.8,592.7356690429768
47.0,587.9418895087431
47.2,583.0792417832131
47.4,578.1474278577571
47.6,573.1461725726288
47.8,568.0752239979714
48.0,562.9343537446066
48.2,557.723357202164
48.4,552.4420537024148
48.6,547.0902866059898
48.8,541.667923310998
49.0,536.1748551824023
49.2,530.6109974013657
49.4,524.9762887341387
49.6,519.2706912204283
49.8,513.4941897815518
50.0,507.646791749054
