0.0,750.3769152917749
0.2,753.1738971769588
0.4,755.9065607355634
0.6,758.576695884418
0.8,761.1860531505979
1.0,763.7363423246343
1.2,766.2292312804638
1.4,768.6663449642199
1.6,771.0492645526776
1.8,773.3795267808944
2.0,775.6586234373576
2.2,777.8880010237617
2.4,780.0690605754205
2.6,782.203157637274
2.8,784.2916023894824
3.0,786.3356599157335
3.2,788.3365506066161
3.4,790.2954506897506
3.6,792.2134928778038
3.8,794.0917671250747
4.0,795.931321482998
4.2,797.7331630446849
4.4,799.4982589685043
4.6,801.227537570683
4.8,802.9218894769893
5.0,804.5821688237295
5.2,806.2091944985398
5.4,807.8037514117876
5.6,809.3665917897828
5.8,810.8984364814568
6.0,812.3999762706648
6.2,813.8718731867987
6.4,815.3147618069714
6.6,816.7292505436161
6.8,818.1159229119404
7.0,819.4753387722822
7.2,820.808035543008
7.4,822.1145293801812
7.6,823.3953163208022
7.8,824.650873386966
8.0,825.8816596488078
8.2,827.0881172445957
8.4,828.2706723567911
8.6,829.4297361433194
8.8,830.5657056236752
9.0,831.6789645198438
9.2,832.769884052322
9.4,833.8388236918024
9.6,834.8861318673182
9.8,835.9121466318517
10.0,836.9171962865721
10.2,837.9015999650173
10.4,838.8656681786302
10.6,839.809703325153
10.8,840.7340001614328
11.0,841.6388462422348
11.2,842.5245223266694
11.4,843.3913027538458
11.6,844.2394557893454
11.8,845.0692439440844
12.0,845.8809242670994
12.2,846.6747486137409
12.4,847.4509638907147
12.6,848.2098122793496
12.8,848.951531438417
13.0,849.6763546877612
13.2,850.3845111739448
13.4,851.0762260190454
13.6,851.7517204536854
13.8,852.411211935313
14.0,853.0549142526992
14.2,853.6830376175599
14.4,854.2957887441593
14.6,854.8933709177027
14.8,855.4759840522834
15.0,856.0438247390985
15.2,856.5970862856157
15.4,857.1359587463307
15.6,857.660628945721
15.8,858.1712804939704
16.0,858.6680937960087
16.2,859.1512460543804
16.4,859.6209112664329
16.6,860.0772602162923
16.8,860.5204604620654
17.0,860.950676318694
17.2,861.3680688368604
17.4,861.772795778331
17.6,862.1650115880997
17.8,862.5448673636815
18.0,862.9125108218916
18.2,863.2680862634205
18.4,863.6117345355144
18.6,863.9435929930444
18.8,864.2637954582392
19.0,864.5724721793425
19.2,864.869749788441
19.4,865.1557512586994
19.6,865.4305958612223
19.8,865.694399121754
20.0,865.9472727774157
20.2,866.1893247336635
20.4,866.4206590216473
20.6,866.6413757561318
20.8,866.851571094135
21.0,867.0513371944315
21.2,867.2407621780505
21.4,867.4199300898981
21.6,867.588920861617
21.8,867.7478102757946
22.0,867.8966699316159
22.2,868.0355672120542
22.4,868.1645652526847
22.6,868.2837229121966
22.8,868.3930947446722
23.0,868.4927309737029
23.2,868.5826774683917
23.4,868.662975721301
23.6,868.7336628283877
23.8,868.7947714709692
24.0,868.8463298997572
24.2,868.888361920988
24.4,868.9208868846813
24.6,868.9439196750463
24.8,868.9574707030574
25.0,868.9615459012132
25.2,868.9561467204909
25.4,868.9412701295034
25.6,868.916908615864
25.8,868.8830501897575
26.0,868.8396783897167
26.2,868.7867722905956
26.4,868.7243065137296
26.6,868.6522512392671
26.8,868.5705722206551
27.0,868.4792308012544
27.2,868.378183933059
27.4,868.2673841974859
27.6,868.1467798282001
27.8,868.0163147359308
28.0,867.8759285352347
28.2,867.7255565731499
28.4,867.5651299596825
28.6,867.3945756000613
28.8,867.2138162286864
29.0,867.0227704446934
29.2,866.8213527490446
29.4,866.609473583055
29.6,866.3870393682454
29.8,866.153952547415
30.0,865.9101116268093
30.2,865.6554112192547
30.4,865.389742088118
30.6,865.1129911919412
30.8,864.8250417295894
31.0,864.5257731857419
31.2,864.2150613765392
31.4,863.8927784951953
31.6,863.5587931573639
31.8,863.2129704460415
32.0,862.8551719557744
32.2,862.485255835923
32.4,862.1030768327246
32.6,861.7084863298808
32.8,861.3013323873816
33.0,860.8814597782621
33.2,860.4487100229719
33.4,860.0029214210234
33.6,859.5439290795622
33.8,859.0715649384898
34.0,858.5856577917472
34.2,858.086033304347
34.4,857.5725140247192
34.6,857.0449193919164
34.8,856.503065737191
35.0,855.9467662794394
35.2,855.3758311139711
35.4,854.7900671940337
35.6,854.189278304489
35.8,853.573265026998
36.0,852.9418246960355
36.2,852.294751345008
36.4,851.6318356417079
36.6,850.9528648122835
36.8,850.2576225528512
37.0,849.545888927827
37.2,848.8174402539843
37.4,848.0720489691932
37.6,847.3094834847265
37.8,846.5295080199475
38.0,845.7318824181333
38.2,844.9163619421087
38.4,844.0826970483024
38.6,843.2306331377622
38.8,842.3599102826016
39.0,841.4702629262854
39.2,840.561419556101
39.4,839.6331023461145
39.6,838.6850267688601
39.8,837.7169011739888
40.0,836.7284263320747
40.2,835.7192949417782
40.4,834.6891910985839
40.6,833.6377897233631
40.8,832.5647559490741
41.0,831.4697444640032
41.2,830.3523988100643
41.4,829.2123506348248
41.6,828.0492188961126
41.8,826.8626090182772
42.0,825.652111999439
42.2,824.4173034693603
42.4,823.1577426979158
42.6,821.8729715545159
42.8,820.5625134192715
43.0,819.2258720471432
43.2,817.8625303868296
43.4,816.4719493566867
43.6,815.0535665805472
43.8,813.6067950869108
44.0,812.131021975604
44.2,810.6256070566614
44.4,809.0898814668288
44.6,807.5231462697635
44.8,805.924671046658
45.0,804.293692484665
45.2,802.6294129711257
45.4,800.9309992021953
45.6,799.1975808150099
45.8,797.4282490530401
46.0,795.6220554747058
46.2,793.7780107156964
46.4,791.895083315715
46.6,789.972198620554
46.8,788.0082377705025
47.0,786.0020367860632
47.2,783.9523857618276
47.4,781.8580281791112
47.6,779.7176603475807
47.8,777.5299309856141
48.0,775.2934409485256
48.2,773.0067431130516
48.4,770.6683424256521
48.6,768.2766961212209
48.8,765.8302141177412
49.0,763.3272595912755
49.2,760.7661497344383
49.4,758.1451567002066
49.6,755.4625087315626
49.8,752.7163914760671
50.0,749.9049494830402
