0.0,710.5781384636838
0.2,713.9130575726416
0.4,717.1856876089965
0.6,720.3970762336888
0.8,723.5482610523566
1.0,726.6402692182916
1.2,729.6741170529931
1.4,732.6508096848745
1.6,735.5713407066124
1.8,738.4366918515701
2.0,741.2478326896579
2.2,744.0057203429363
2.4,746.7112992212002
2.6,749.3655007777209
2.8,751.9692432852617
3.0,754.5234316324181
3.2,757.0289571402756
3.4,759.4866973993155
3.6,761.8975161264477
3.8,764.2622630419821
4.0,766.5817737663073
4.2,768.8568697359863
4.4,771.0883581389293
4.6,773.2770318682584
4.8,775.4236694944315
5.0,777.5290352551522
5.2,779.5938790625512
5.4,781.6189365270898
5.6,783.6049289976006
5.8,785.5525636168519
6.0,787.4625333919923
6.2,789.3355172792111
6.4,791.1721802819249
6.6,792.9731735617875
6.8,794.7391345618003
7.0,796.4706871407928
7.2,798.1684417185332
7.4,799.8329954307209
7.6,801.4649322931132
7.8,803.0648233740394
8.0,804.6332269745527
8.2,806.1706888154844
8.4,807.6777422306637
8.6,809.1549083655873
8.8,810.6026963808248
9.0,812.0216036594704
9.2,813.412116017962
9.4,814.7747079196117
9.6,816.1098426902084
9.8,817.4179727350788
10.0,818.6995397570142
10.2,819.9549749744955
10.4,821.1846993396745
10.6,822.3891237555969
10.8,823.5686492921781
11.0,824.7236674004718
11.2,825.8545601247984
11.4,826.9617003123323
11.6,828.0454518197686
11.8,829.1061697167282
12.0,830.1442004855782
12.2,831.1598822173821
12.4,832.1535448037168
12.6,833.1255101241213
12.8,834.0760922289713
13.0,835.0055975175976
13.2,835.9143249114932
13.4,836.8025660224786
13.6,837.6706053157177
13.8,838.5187202674988
14.0,839.3471815177212
14.2,840.1562530170422
14.4,840.9461921686661
14.6,841.7172499647687
14.8,842.4696711175727
15.0,843.2036941851048
15.2,843.91955169168
15.4,844.6174702431721
15.6,845.2976706371429
15.8,845.9603679679162
16.0,846.6057717266884
16.2,847.2340858967831
16.4,847.8455090441616
16.6,848.44023440331
16.8,849.0184499586273
17.0,849.5803385214533
17.2,850.1260778028636
17.4,850.655840482382
17.6,851.1697942727473
17.8,851.668101980881
18.0,852.1509215652053
18.2,852.6184061894543
18.4,853.0707042731291
18.6,853.5079595387416
18.8,853.9303110559912
19.0,854.3378932830184
19.2,854.7308361048781
19.4,855.1092648693672
19.6,855.4733004203439
19.8,855.8230591286705
20.0,856.1586529209067
20.2,856.4801893058778
20.4,856.7877713992382
20.6,857.0814979461442
20.8,857.3614633421467
21.0,857.6277576524135
21.2,857.8804666293753
21.4,858.1196717289004
21.6,858.3454501250812
21.8,858.557874723726
22.0,858.757014174631
22.2,858.9429328827159
22.4,859.1156910180879
22.6,859.2753445251047
22.8,859.4219451304982
23.0,859.5555403506128
23.2,859.6761734978135
23.4,859.7838836861094
23.6,859.8787058360355
23.8,859.9606706788301
24.0,860.0298047599441
24.2,860.0861304419068
24.4,860.1296659065764
24.6,860.1604251567929
24.8,860.1784180174511
25.0,860.183650136004
25.2,860.1761229824034
25.4,860.1558338484831
25.6,860.1227758467799
25.8,860.0769379087897
26.0,860.0183047826489
26.2,859.9468570302251
26.4,859.8625710236023
26.6,859.7654189409342
26.8,859.6553687616442
27.0,859.5323842609369
27.2,859.3964250035863
27.4,859.2474463369658
27.6,859.0853993832695
27.8,858.9102310308812
28.0,858.7218839248364
28.2,858.52029645632
28.4,858.3054027511384
28.6,858.0771326570986
28.8,857.8354117302239
29.0,857.5801612197295
29.2,857.3112980516789
29.4,857.0287348112341
29.6,856.7323797234117
29.8,856.4221366322481
30.0,856.0979049782785
30.2,855.7595797742224
30.4,855.4070515787704
30.6,855.0402064683593
30.8,854.6589260068188
31.0,854.2630872127713
31.2,853.8525625246598
31.4,853.4272197632764
31.6,852.9869220916626
31.8,852.5315279722464
32.0,852.060891121082
32.2,851.5748604590527
32.4,851.0732800598988
32.6,850.5559890949306
32.8,850.0228217742825
33.0,849.4736072845709
33.2,848.908169722812
33.4,848.3263280264634
33.6,847.7278958994489
33.8,847.1126817340345
34.0,846.4804885284252
34.2,845.8311137999533
34.4,845.1643494937409
34.6,844.4799818867189
34.8,843.7777914868971
35.0,843.0575529277844
35.2,842.3190348578715
35.4,841.5619998250947
35.6,840.7862041562137
35.8,839.991397831047
36.0,839.1773243515255
36.2,838.3437206055348
36.4,837.4903167255374
36.6,836.6168359419778
36.8,835.7229944315009
37.0,834.8085011600201
37.2,833.8730577207057
37.4,832.916358166974
37.6,831.93808884059
37.8,830.9379281950114
38.0,829.9155466141311
38.2,828.870606226601
38.4,827.80276071594
38.6,826.711655126665
38.8,825.5969256667015
39.0,824.4581995063638
39.2,823.2950945742241
39.4,822.107219350211
39.6,820.8941726563171
39.8,819.6555434453127
40.0,818.3909105879018
40.2,817.099842658778
40.4,815.781897722067
40.6,814.4366231166738
40.8,813.0635552420758
41.0,811.6622193451303
41.2,810.232129308488
41.4,808.7727874412346
41.6,807.2836842723983
41.8,805.7642983479827
42.0,804.2140960322113
42.2,802.6325313136783
42.4,801.0190456171249
42.6,799.3730676215665
42.8,797.6940130855141
43.0,795.9812846800403
43.2,794.234271830444
43.4,792.4523505672797
43.6,790.6348833875101
43.8,788.7812191265444
44.0,786.8906928419221
44.2,784.9626257093881
44.4,782.9963249321011
44.6,780.9910836637014
44.8,778.946180945946
45.0,776.8608816616007
45.2,774.7344365032562
45.4,772.5660819587067
45.6,770.3550403135023
45.8,768.1005196712522
46.0,765.8017139922191
46.2,763.4578031507106
46.4,761.0679530117234
46.6,758.6313155272622
46.8,756.147028852697
47.0,753.61421748348
47.2,751.0319924124879
47.4,748.3994513082004
47.6,745.7156787138695
47.8,742.9797462677766
48.0,740.1907129446115
48.2,737.3476253179488
48.4,734.4495178437289
48.6,731.4954131645962
48.8,728.4843224348708
49.0,725.4152456658733
49.2,722.2871720912547
49.4,719.0990805519167
49.6,715.8499399000443
49.8,712.5387094217082
50.0,709.16433927743
