0.0,779.8781642500925
0.2,782.2484152119437
0.4,784.5681355815453
0.6,786.8384286030002
0.8,789.0603748901049
1.0,791.2350314633026
1.2,793.3634309311203
1.4,795.4465808183292
1.6,797.4854630414242
1.8,799.481033530427
2.0,801.4342219944663
2.2,803.3459318271335
2.4,805.2170401462564
2.6,807.0483979614941
2.8,808.8408304620684
3.0,810.5951374159987
3.2,812.3120936714216
3.4,813.9924497499629
3.6,815.6369325216722
3.8,817.246245950753
4.0,818.8210719011919
4.2,820.3620709914294
4.4,821.869883487387
4.6,823.3451302234793
4.8,824.7884135416688
5.0,826.2003182391543
5.2,827.5814125159054
5.4,828.9322489139478
5.6,830.2533652410528
5.8,831.5452854722682
6.0,832.8085206235332
6.2,834.0435695924375
6.4,835.2509199619882
6.6,836.4310487640386
6.8,837.5844231997885
7.0,838.7115013154865
7.2,839.8127326321332
7.4,840.8885587286038
7.6,841.9394137781674
7.8,842.9657250388846
8.0,843.9679132987962
8.2,844.9463932772011
8.4,845.9015739836307
8.6,846.8338590363903
8.8,847.7436469427364
9.0,848.6313313429113
9.2,849.4973012203609
9.4,850.3419410805178
9.6,851.1656311005579
9.8,851.9687472525205
10.0,852.7516614021508
10.2,853.5147413857468
10.4,854.2583510672182
10.6,854.9828503774601
10.8,855.6885953380324
11.0,856.3759380710172
11.2,857.0452267968014
11.4,857.6968058214024
11.6,858.3310155148299
11.8,858.948192281847
12.0,859.548668526376
12.2,860.1327726106737
12.4,860.7008288102883
12.6,861.2531572657061
12.8,861.7900739314969
13.0,862.3118905236732
13.2,862.8189144658975
13.4,863.3114488350869
13.6,863.7897923069042
13.8,864.2542391015476
14.0,864.7050789302043
14.2,865.1425969424736
14.4,865.567073675022
14.6,865.9787850016893
14.8,866.3780020852287
15.0,866.7649913308295
15.2,867.1400143415444
15.4,867.5033278757124
15.6,867.8551838064516
15.8,868.1958290832714
16.0,868.525505695838
16.2,868.8444506399096
16.4,869.1528958854448
16.6,869.451068346877
16.8,869.739189855532
17.0,870.0174771341609
17.2,870.2861417735503
17.4,870.5453902111632
17.6,870.7954237117582
17.8,871.0364383499287
18.0,871.268624994499
18.2,871.4921692947065
18.4,871.7072516681019
18.6,871.9140472900856
18.8,872.1127260850077
19.0,872.3034527187449
19.2,872.4863865926739
19.4,872.661681838953
19.6,872.8294873170291
19.8,872.9899466112784
20.0,873.1431980296952
20.2,873.2893746035394
20.4,873.428604087854
20.6,873.5610089627648
20.8,873.6867064354763
21.0,873.8058084428748
21.2,873.9184216546568
21.4,874.0246474768979
21.6,874.1245820559813
21.8,874.2183162828052
22.0,874.3059357971966
22.2,874.3875209924516
22.4,874.4631470199361
22.6,874.5328837936764
22.8,874.596795994875
23.0,874.6549430762925
23.2,874.707379266435
23.4,874.7541535734975
23.6,874.7953097890108
23.8,874.8308864911482
24.0,874.8609170476511
24.2,874.8854296183379
24.4,874.9044471571633
24.6,874.9179874138024
24.8,874.9260629347369
25.0,874.9286810638264
25.2,874.9258439423517
25.4,874.9175485085248
25.6,874.9037864964602
25.8,874.8845444346128
26.0,874.859803643689
26.2,874.8295402340415
26.4,874.79372510257
26.6,874.752323929145
26.8,874.7052971725849
27.0,874.6526000662165
27.2,874.5941826130575
27.4,874.5299895806595
27.6,874.4599604956582
27.8,874.3840296380805
28.0,874.302126035462
28.2,874.2141734568321
28.4,874.1200904066291
28.6,874.0197901186096
28.8,873.9131805498214
29.0,873.8001643747107
29.2,873.6806389794384
29.4,873.5544964564838
29.6,873.4216235996134
29.8,873.2819018993
30.0,873.1352075386717
30.2,872.9814113900809
30.4,872.8203790123772
30.6,872.6519706489737
30.8,872.4760412267952
31.0,872.2924403561976
31.2,872.1010123319487
31.4,871.9015961353584
31.6,871.6940254376487
31.8,871.4781286046502
32.0,871.2537287029124
32.2,871.0206435073123
32.4,870.7786855102452
32.6,870.5276619324771
32.8,870.2673747357377
33.0,869.997620637125
33.2,869.7181911253974
33.4,869.428872479213
33.6,869.1294457873806
33.8,868.8196869711763
34.0,868.499366808774
34.2,868.1682509618306
34.4,867.8261000042602
34.6,867.472669453219
34.8,867.1077098023158
35.0,866.7309665570466
35.2,866.3421802724466
35.4,865.9410865929257
35.6,865.5274162942488
35.8,865.1008953275958
36.0,864.6612448656159
36.2,864.2081813503673
36.4,863.7414165430056
36.6,863.2606575750524
36.8,862.7656070010421
37.0,862.2559628523027
37.2,861.7314186915868
37.4,861.1916636682158
37.6,860.63638257335
37.8,860.0652558949332
38.0,859.4779598717969
38.2,858.874166546336
38.4,858.253543815088
38.6,857.6157554764619
38.8,856.9604612747727
39.0,856.2873169396348
39.2,855.5959742196692
39.4,854.8860809093615
39.6,854.1572808678021
39.8,853.4092140279179
40.0,852.6415163946837
40.2,851.8538200306909
40.4,851.0457530273255
40.6,850.2169394596991
40.8,849.3669993233739
41.0,848.4955484508273
41.2,847.6021984055208
41.4,846.6865563513812
41.6,845.7482248954589
41.8,844.7868019015178
42.0,843.8018802723333
42.2,842.7930476985204
42.4,841.7598863718202
42.6,840.7019726609008
42.8,839.6188767479194
43.0,838.510162224333
43.2,837.3753856447286
43.4,836.2140960377984
43.6,835.025834373989
43.8,833.8101329898124
44.0,832.5665149693265
44.2,831.294493483866
44.4,829.993571091719
44.6,828.6632390001154
44.8,827.3029762925877
45.0,825.9122491254991
45.2,824.4905098982751
45.4,823.0371964026339
45.6,821.551730956852
45.8,820.0335195318328
46.0,818.4819508764339
46.2,816.8963956501561
46.4,815.2762055718683
46.6,813.6207125937378
46.8,811.9292281099428
47.0,810.201042210019
47.2,808.4354229868758
47.4,806.631615909535
47.6,804.7888432705438
47.8,802.906303717752
48.0,800.9831718797261
48.2,799.0185980935073
48.4,797.0117082426978
48.6,794.9616037129884
48.8,792.8673614712313
49.0,790.7280342730268
49.2,788.5426510025362
49.4,786.3102171468948
49.6,784.0297154061655
49.8,781.7001064383053
50.0,779.320329737102
