0.0,864.7478666463543
0.2,865.3162834170861
0.4,865.8683778659229
0.6,866.40436120708
0.8,866.9244492436565
1.0,867.4288623739984
1.2,867.9178255747021
1.4,868.3915683602747
1.6,868.8503247196059
1.8,869.294333029526
2.0,869.7238359458619
2.2,870.1390802725193
2.4,870.540316809242
2.6,870.9278001788132
2.8,871.3017886345697
3.0,871.6625438492047
3.2,872.010330685927
3.4,872.3454169531307
3.6,872.6680731438103
3.8,872.9785721610223
4.0,873.2771890307566
4.2,873.5642006036329
4.4,873.8398852468746
4.6,874.1045225280503
4.8,874.3583928920892
5.0,874.6017773330918
5.2,874.8349570624608
5.4,875.0582131748666
5.6,875.2718263135488
5.8,875.4760763364295
6.0,875.6712419844796
6.2,875.8576005537391
6.4,876.0354275723421
6.6,876.2049964838434
6.8,876.3665783380776
7.0,876.5204414907167
7.2,876.6668513126164
7.4,876.8060699099636
7.6,876.9383558561574
7.8,877.0639639362669
8.0,877.1831449048263
8.2,877.296145257635
8.4,877.403207018139
8.6,877.504567538885
8.8,877.6004593184379
9.0,877.6911098340719
9.2,877.7767413904509
9.4,877.8575709844282
9.6,877.9338101860136
9.8,878.0056650354694
10.0,878.0733359564264
10.2,878.1370176848272
10.4,878.1968992134441
10.6,878.2531637516433
10.8,878.3059887000145
11.0,878.3555456394212
11.2,878.4020003339833
11.4,878.4455127474498
11.6,878.4862370723844
11.8,878.5243217715483
12.0,878.5599096308364
12.2,878.5931378230906
12.4,878.6241379821086
12.6,878.653036286132
12.8,878.6799535501044
13.0,878.7050053259725
13.2,878.72830201031
13.4,878.7499489585391
13.6,878.7700466050388
13.8,878.7886905884342
14.0,878.8059718813759
14.2,878.8219769241381
14.4,878.8367877613787
14.6,878.8504821814329
14.8,878.8631338575303
15.0,878.8748124903562
15.2,878.885583951403
15.4,878.895510426589
15.6,878.9046505596506
15.8,878.9130595948442
16.0,878.9207895185303
16.2,878.9278891992376
16.4,878.934404525843
16.6,878.9403785435308
16.8,878.9458515872293
17.0,878.9508614122512
17.2,878.9554433218971
17.4,878.9596302918071
17.6,878.963453090881
17.8,878.9669403986038
18.0,878.9701189186522
18.2,878.9730134886728
18.4,878.9756471861502
18.6,878.9780414303069
18.8,878.980216079993
19.0,878.9821895275487
19.2,878.9839787886335
19.4,878.9855995880404
19.6,878.9870664415191
19.8,878.9883927336546
20.0,878.9895907918518
20.2,878.990671956491
20.4,878.9916466473292
20.6,878.9925244262253
20.8,878.9933140562792
21.0,878.9940235574767
21.2,878.9946602589341
21.4,878.9952308478473
21.6,878.9957414152416
21.8,878.9961974986267
22.0,878.9966041216594
22.2,878.9969658309141
22.4,878.9972867298595
22.6,878.9975705101418
22.8,878.9978204802633
23.0,878.998039591749
23.2,878.9982304628867
23.4,878.9983954001177
23.6,878.9985364171572
23.8,878.9986552519092
24.0,878.9987533812414
24.2,878.9988320336737
24.4,878.9988922000321
24.6,878.9989346421075
24.8,878.9989598993552
25.0,878.9989682936618
25.2,878.9989599321998
25.4,878.9989347083795
25.6,878.9988923009054
25.8,878.9988321709302
26.0,878.9987535572965
26.2,878.998655469846
26.4,878.9985366807698
26.6,878.9983957139654
26.8,878.9982308323571
27.0,878.9980400231324
27.2,878.997820980839
27.4,878.9975710882773
27.6,878.9972873951222
27.8,878.9969665941986
28.0,878.9966049953306
28.2,878.9961984966791
28.4,878.9957425534789
28.6,878.9952321440809
28.8,878.9946617332049
29.0,878.9940252323005
29.2,878.9933159569184
29.4,878.9925265809891
29.6,878.9916490879057
29.8,878.9906747183121
30.0,878.9895939144955
30.2,878.9883962612873
30.4,878.9870704233807
30.6,878.9856040789773
30.8,878.983983849682
31.0,878.9821952265731
31.2,878.9802224923844
31.4,878.9780486397453
31.6,878.9756552854368
31.8,878.9730225806366
32.0,878.9701291171377
32.2,878.9669518295452
32.4,878.9634658934698
32.6,878.9596446197594
32.8,878.9554593448282
33.0,878.9508793171658
33.2,878.9458715801329
33.4,878.9404008511746
33.6,878.9344293976071
33.8,878.9279169091647
34.0,878.9208203675179
34.2,878.9130939130066
34.4,878.9046887088605
34.6,878.89555280321
34.8,878.8856309892238
35.0,878.8748646637407
35.2,878.863191684792
35.4,878.8505462284498
35.6,878.8368586454609
35.8,878.8220553181604
36.0,878.8060585181906
36.2,878.7887862655779
36.4,878.7701521897479
36.6,878.7500653930895
36.8,878.7284303176949
37.0,878.7051466159348
37.2,878.6801090255398
37.4,878.6532072498769
37.6,878.6243258441311
37.8,878.5933441080992
38.0,878.5601359863231
38.2,878.5245699762827
38.4,878.486509045373
38.6,878.4458105573808
38.8,878.4023262091679
39.0,878.3559019782498
39.2,878.3063780819431
39.4,878.2535889487241
39.6,878.197363202415
39.8,878.1375236597758
40.0,878.0738873420391
40.2,878.0062655008811
40.4,877.9344636592675
40.6,877.85828166756
40.8,877.7775137752042
41.0,877.6919487182562
41.2,877.6013698229367
41.4,877.505555125321
41.6,877.4042775072023
41.8,877.2973048480779
42.0,877.1844001931292
42.2,877.0653219369744
42.4,876.9398240228871
42.6,876.8076561570838
42.8,876.6685640375895
43.0,876.5222895971046
43.2,876.3685712591998
43.4,876.2071442070799
43.6,876.0377406640696
43.8,875.8600901848878
44.0,875.6739199566958
44.2,875.4789551088256
44.4,875.2749190300233
44.6,875.0615336919702
44.8,874.8385199777878
45.0,874.605598014169
45.2,874.3624875057353
45.4,874.1089080701762
45.6,873.8445795726914
45.8,873.569222458235
46.0,873.2825580800427
46.2,872.9843090229156
46.4,872.6741994197396
46.6,872.351955259729
46.8,872.0173046869047
47.0,871.6699782873513
47.2,871.3097093638374
47.4,870.9362341964343
47.6,870.549292287829
47.8,870.1486265920979
48.0,869.7339837257844
48.2,869.3051141602095
48.4,868.861772394045
48.6,868.4037171052702
48.8,867.9307112817513
49.0,867.4425223297924
49.2,866.9389221601251
49.4,866.4196872509315
49.6,865.884598687618
49.8,865.333442179194
50.0,864.7660080512319
