0.0,759.664193987776
0.2,762.1672403006551
0.4,764.6146903493292
0.6,767.0086241573092
0.8,769.3510202336698
1.0,771.6437543071762
1.2,773.8885991703269
1.4,776.0872255769268
1.6,778.2412041131282
1.8,780.3520079420238
2.0,782.421016306477
2.2,784.4495186643084
2.4,786.4387193243346
2.6,788.3897424509413
2.8,790.303637308517
3.0,792.1813836246127
3.2,794.0238969614531
3.4,795.8320339986234
3.6,797.6065976445883
3.8,799.3483419103627
4.0,801.0579764944048
4.2,802.7361710430076
4.4,804.3835590645679
4.6,806.00074148872
4.8,807.5882898721655
5.0,809.1467492619412
5.2,810.6766407338471
5.4,812.1784636288372
5.6,813.6526975135224
5.8,815.099803892736
6.0,816.5202277026046
6.2,817.9143986119935
6.4,819.2827321588034
6.6,820.6256307456249
6.8,821.9434845168995
7.0,823.236672137193
7.2,824.5055614875837
7.4,825.7505102946402
7.6,826.9718667040745
7.8,828.1699698089809
8.0,829.3451501406324
8.2,830.4977301281182
8.4,831.6280245316669
8.6,832.7363408533116
8.8,833.8229797275661
9.0,834.8882352940094
9.2,835.9323955530612
9.4,836.9557427057674
9.6,837.9585534780778
9.8,838.9410994298457
10.0,839.9036472486245
10.2,840.8464590282285
10.4,841.7697925319794
10.6,842.6739014405357
10.8,843.5590355842214
11.0,844.4254411597938
11.2,845.2733609316355
11.4,846.1030344174075
11.6,846.9146980582543
11.8,847.7085853737109
12.0,848.4849271015174
12.2,849.2439513226047
12.4,849.985883571568
12.6,850.7109469329909
12.8,851.419362124034
13.0,852.1113475637403
13.2,852.7871194295442
13.4,853.4468917015095
13.6,854.0908761948418
13.8,854.7192825812506
14.0,855.3323183997477
14.2,855.9301890574905
14.4,856.51309782128
14.6,857.0812458003375
14.8,857.6348319209784
15.0,858.1740528938058
15.2,858.6991031740394
15.4,859.2101749155851
15.6,859.7074579194439
15.8,860.1911395770451
16.0,860.6614048090676
16.2,861.1184360003024
16.4,861.5624129310876
16.6,861.9935127058238
16.8,862.4119096790596
17.0,862.81777537961
17.2,863.2112784331501
17.4,863.5925844836988
17.6,863.9618561143836
17.8,864.3192527678523
18.0,864.6649306666736
18.2,864.9990427340393
18.4,865.3217385150614
18.6,865.6331640989303
18.8,865.933462042176
19.0,866.2227712932538
19.2,866.5012271186512
19.4,866.7689610306923
19.6,867.0261007171983
19.8,867.2727699731387
20.0,867.5090886343909
20.2,867.735172513715
20.4,867.9511333390228
20.6,868.1570786940167
20.8,868.3531119612533
21.0,868.539332267677
21.2,868.715834432657
21.4,868.88270891855
21.6,869.0400417838035
21.8,869.1879146386057
22.0,869.326404603079
22.2,869.455584268014
22.4,869.5755216581285
22.6,869.6862801978376
22.8,869.7879186795154
23.0,869.8804912342283
23.2,869.9640473049144
23.4,870.0386316219884
23.6,870.1042841813484
23.8,870.1610402247583
24.0,870.2089302225886
24.2,870.2479798588915
24.4,870.2782100187953
24.6,870.2996367781991
24.8,870.3122713957572
25.0,870.3161203071431
25.2,870.311185121586
25.4,870.2974626206747
25.6,870.2749447594333
25.8,870.2436186696689
26.0,870.2034666656002
26.2,870.1544662517766
26.4,870.0965901333034
26.6,870.0298062283883
26.8,869.9540776832317
27.0,869.8693628892787
27.2,869.7756155028612
27.4,869.6727844672562
27.6,869.5608140371829
27.8,869.4396438057726
28.0,869.3092087340347
28.2,869.1694391828468
28.4,869.020260947497
28.6,868.8615952947978
28.8,868.6933590027957
29.0,868.5154644030904
29.2,868.3278194257767
29.4,868.1303276470146
29.6,867.9228883392257
29.8,867.7053965239078
30.0,867.4777430270498
30.2,867.2398145371181
30.4,866.9914936655754
30.6,866.7326590098793
30.8,866.4631852188983
31.0,866.1829430606607
31.2,865.8917994923435
31.4,865.5896177323873
31.6,865.2762573346059
31.8,864.9515742641403
32.0,864.6154209750841
32.2,864.2676464895949
32.4,863.9080964782679
32.6,863.5366133415434
32.8,863.1530362918826
33.0,862.7572014364274
33.2,862.3489418598366
33.4,861.9280877069607
33.6,861.4944662649976
33.8,861.0479020447427
34.0,860.5882168605235
34.2,860.1152299083825
34.4,859.6287578420499
34.6,859.1286148462239
34.8,858.6146127066501
35.0,858.0865608764769
35.2,857.5442665383392
35.4,856.9875346616043
35.6,856.4161680542022
35.8,855.8299674084438
36.0,855.2287313402232
36.2,854.6122564209871
36.4,853.9803372018549
36.6,853.3327662292645
36.8,852.6693340515238
37.0,851.9898292156525
37.2,851.2940382539055
37.4,850.581745659385
37.6,849.8527338501646
37.8,849.1067831213679
38.0,848.3436715846759
38.2,847.5631750947624
38.4,846.7650671621967
38.6,845.9491188523907
38.8,845.1150986702091
39.0,844.2627724299158
39.2,843.3919031101748
39.4,842.5022506938791
39.6,841.5935719926398
39.8,840.6656204558149
40.0,839.7181459640179
40.2,838.7508946070858
40.4,837.7636084465285
40.6,836.7560252624987
40.8,835.7278782853302
41.0,834.6788959116559
41.2,833.6088014050551
41.4,832.517312581055
41.6,831.404141476121
41.8,830.2689939999954
42.0,829.1115695703535
42.2,827.9315607282324
42.4,826.7286527320039
42.6,825.5025231268019
42.8,824.2528412852305
43.0,822.9792679138615
43.2,821.6814545184438
43.4,820.3590428188969
43.6,819.0116641030203
43.8,817.6389385054663
44.0,816.2404741959011
44.2,814.8158664575072
44.4,813.3646966341269
44.6,811.8865309215629
44.8,810.3809189759774
45.0,808.8473923101789
45.2,807.2854624470747
45.4,805.6946187989607
45.6,804.0743262418814
45.8,802.4240223562953
46.0,800.7431143089858
46.2,799.0309753567707
46.4,797.2869409602478
46.6,795.5103045056456
46.8,793.7003126447772
47.0,791.856160276974
47.2,789.9769852124017
47.4,788.0618625728716
47.6,786.1097990035918
47.8,784.11972678652
48.0,782.0904979622837
48.2,780.0208785821386
48.4,777.9095432232529
48.6,775.7550699088918
48.8,773.5559355790623
49.0,771.3105122562719
49.2,769.0170640448638
49.4,766.6737450907598
49.6,764.2785986114962
49.8,761.829557084606
50.0,759.3244436563542
