0.0,777.2737485983893
0.2,779.6987956829487
0.4,782.0723778918615
0.6,784.3955492840913
0.8,786.6693467412083
1.0,788.8947891723958
1.2,791.0728768067638
1.4,793.2045905750707
1.6,795.2908915821578
1.8,797.3327206706181
2.0,799.3309980754394
2.2,801.2866231686102
2.4,803.200474291957
2.6,805.0734086757957
2.8,806.9062624403493
3.0,808.6998506762991
3.2,810.4549676003188
3.4,812.1723867809824
3.6,813.852861430044
3.8,815.49712475377
4.0,817.1058903587515
4.2,818.6798527064448
4.4,820.2196876105774
4.6,821.7260527715129
4.8,823.1995883416904
5.0,824.6409175163332
5.2,826.0506471437607
5.4,827.4293683498282
5.6,828.7776571712507
5.8,830.0960751928419
6.0,831.385170184013
6.2,832.645476730204
6.4,833.8775168552868
6.6,835.0818006313447
6.8,836.2588267726239
7.0,837.4090832108341
7.2,838.5330476493642
7.4,839.6311880943614
7.6,840.70396336099
7.8,841.7518235535438
8.0,842.7752105184295
8.2,843.7745582693525
8.4,844.7502933843399
8.6,845.7028353745084
8.8,846.6325970247339
9.0,847.5399847066029
9.2,848.4253986642273
9.4,849.2892332736735
9.6,850.1318772769062
9.8,850.9537139912679
10.0,851.7551214956202
10.2,852.5364727943421
10.4,853.2981359604473
10.6,854.0404742591126
10.8,854.7638462529368
11.0,855.4686058902498
11.2,856.1551025777857
11.4,856.8236812390157
11.6,857.4746823594002
11.8,858.1084420197845
12.0,858.725291919116
12.2,859.3255593876042
12.4,859.9095673913955
12.6,860.4776345297648
12.8,861.0300750257759
13.0,861.5671987112903
13.2,862.0893110071457
13.4,862.596712899261
13.6,863.0897009113646
13.8,863.5685670749832
14.0,864.0335988972678
14.2,864.4850793271837
14.4,864.923286720533
14.6,865.3484948042334
14.8,865.7609726402275
15.0,866.1609845893539
15.2,866.5487902754725
15.4,866.9246445500953
15.6,867.2887974577425
15.8,867.6414942022109
16.0,867.9829751139108
16.2,868.3134756184037
16.4,868.6332262062459
16.6,868.9424524042241
16.8,869.2413747480471
17.0,869.5302087565392
17.2,869.80916490737
17.4,870.0784486143318
17.6,870.338260206173
17.8,870.5887949069764
18.0,870.8302428180672
18.2,871.0627889014218
18.4,871.2866129645438
18.6,871.5018896467666
18.8,871.7087884069336
19.0,871.9074735124049
19.2,872.0981040293317
19.4,872.2808338141424
19.6,872.4558115061704
19.8,872.6231805213646
20.0,872.7830790470084
20.2,872.9356400373837
20.4,873.0809912103051
20.6,873.2192550444569
20.8,873.3505487774596
21.0,873.4749844045982
21.2,873.5926686781393
21.4,873.70370310717
21.6,873.8081839578912
21.8,873.9062022542968
22.0,873.9978437791767
22.2,874.0831890753811
22.4,874.162313447284
22.6,874.2352869623896
22.8,874.3021744530297
23.0,874.3630355180936
23.2,874.4179245247489
23.4,874.4668906101018
23.6,874.5099776827605
23.8,874.5472244242574
24.0,874.5786642903007
24.2,874.6043255118201
24.4,874.6242310957832
24.6,874.6383988257571
24.8,874.646841262198
25.0,874.6495657424524
25.2,874.6465743804616
25.4,874.6378640661615
25.6,874.6234264645764
25.8,874.6032480146088
26.0,874.577309927532
26.2,874.5455881851967
26.4,874.5080535379651
26.6,874.4646715023947
26.8,874.4154023586905
27.0,874.3602011479578
27.2,874.2990176692836
27.4,874.2317964766827
27.6,874.158476875948
27.8,874.0789929214467
28.0,873.9932734129069
28.2,873.9012418922485
28.4,873.8028166405053
28.6,873.6979106748967
28.8,873.586431746106
29.0,873.4682823358277
29.2,873.3433596546444
29.4,873.2115556402993
29.6,873.0727569564325
29.8,872.9268449918487
30.0,872.7736958603846
30.2,872.6131804014501
30.4,872.4451641813122
30.6,872.2695074951948
30.8,872.0860653702657
31.0,871.8946875695825
31.2,871.6952185970679
31.4,871.4874977035834
31.6,871.2713588941704
31.8,871.0466309365218
32.0,870.8131373707482
32.2,870.5706965204981
32.4,870.3191215054844
32.6,870.0582202554705
32.8,869.7877955257594
33.0,869.5076449142219
33.2,869.2175608798981
33.4,868.9173307631906
33.6,868.606736807665
33.8,868.2855561834579
34.0,867.9535610122828
34.2,867.6105183940099
34.4,867.2561904347804
34.6,866.8903342765999
34.8,866.512702128337
35.0,866.1230412980296
35.2,865.721094226385
35.4,865.3065985213254
35.6,864.8792869934128
35.8,864.438887691951
36.0,863.9851239415307
36.2,863.5177143787521
36.4,863.0363729888152
36.6,862.5408091416336
36.8,862.0307276270795
37.0,861.5058286889213
37.2,860.9658080569703
37.4,860.4103569768968
37.6,859.8391622371215
37.8,859.2519061921405
38.0,858.6482667815709
38.2,858.0279175441599
38.4,857.390527625931
38.6,856.735761781587
38.8,856.0632803682297
39.0,855.3727393304003
39.2,854.6637901753941
39.4,853.9360799377467
39.6,853.1892511317565
39.8,852.4229416908572
40.0,851.6367848926398
40.2,850.8304092682873
40.4,850.0034384951941
40.6,849.1554912715311
40.8,848.2861811715471
41.0,847.3951164804248
41.2,846.4819000075645
41.4,845.5461288772397
41.6,844.5873942956598
41.8,843.6052812935874
42.0,842.5993684437954
42.2,841.5692275528045
42.4,840.5144233265293
42.6,839.4345130096611
42.8,838.3290459988558
43.0,837.1975634300353
43.2,836.0395977403995
43.4,834.8546722060325
43.6,833.6423004563064
43.8,832.4019859666087
44.0,831.133221531274
44.2,829.8354887189405
44.4,828.5082573129163
44.6,827.1509847394992
44.8,825.7631154875442
45.0,824.3440805229236
45.2,822.893296701854
45.4,821.4101661873738
45.6,819.8940758735473
45.8,818.3443968222203
46.0,816.7604837173732
46.2,815.1416743422941
46.4,813.4872890849223
46.6,811.7966304767888
46.8,810.0689827710025
47.0,808.3036115646942
47.2,806.4997634712232
47.4,804.6566658472973
47.6,802.7735265799154
47.8,800.8495339377569
48.0,798.8838564912777
48.2,796.8756431053545
48.4,794.8240230078363
48.6,792.7281059368322
48.8,790.5869823689743
49.0,788.3997238302703
49.2,786.1653832904952
49.4,783.8829956413738
49.6,781.5515782580933
49.8,779.1701316429585
50.0,776.7376401492672
