0.0,809.1119184708921
0.2,811.0649871550984
0.4,812.9771365581432
0.6,814.848698108489
0.8,816.6800114656239
1.0,818.4714248622274
1.2,820.223295406589
1.4,821.9359893439182
1.6,823.6098822754083
1.8,825.2453593341417
2.0,826.8428153171492
2.2,828.4026547731744
2.4,829.9252920459187
2.6,831.411151272777
2.8,832.8606663393015
3.0,834.2742807898524
3.2,835.6524476951174
3.4,836.9956294773887
3.6,838.3042976946925
3.8,839.5789327850613
4.0,840.820023772419
4.2,842.0280679357293
4.4,843.2035704432083
4.6,844.3470439535581
4.8,845.4590081863067
5.0,846.5399894634611
5.2,847.5905202247825
5.4,848.6111385190821
5.6,849.602387474011
5.8,850.5648147468726
6.0,851.49897195903
6.2,852.4054141165051
6.4,853.2846990193814
6.6,854.1373866626132
6.8,854.9640386308292
7.0,855.7652174896854
7.2,856.5414861762729
7.4,857.2934073910326
7.6,858.0215429935521
7.8,858.7264534045412
8.0,859.4086970161899
8.2,860.0688296130058
8.4,860.7074038051244
8.6,861.3249684759585
8.8,861.9220682459379
9.0,862.4992429539494
9.2,863.0570271579611
9.4,863.5959496561701
9.6,864.1165330298747
9.8,864.6192932091298
10.0,865.1047390620963
10.2,865.5733720088615
10.4,866.0256856603535
10.6,866.4621654828451
10.8,866.8832884883984
11.0,867.2895229514693
11.2,867.6813281517641
11.4,868.059154143316
11.6,868.4234415496298
11.8,868.77462138463
12.0,869.1131148990429
12.2,869.4393334517457
12.4,869.7536784055159
12.6,870.0565410465395
12.8,870.3483025269489
13.0,870.6293338296011
13.2,870.8999957542334
13.4,871.1606389240915
13.6,871.4116038120663
13.8,871.6532207853439
14.0,871.8858101675356
14.2,872.1096823172362
14.4,872.3251377219307
14.6,872.5324671061682
14.8,872.7319515529076
15.0,872.9238626369481
15.2,873.1084625693558
15.4,873.2860043518158
15.6,873.4567319398533
15.8,873.6208804138837
16.0,873.7786761570867
16.2,873.9303370391158
16.4,874.0760726046968
16.6,874.2160842661971
16.8,874.3505654992873
17.0,874.4797020408569
17.2,874.6036720883826
17.4,874.7226464999958
17.6,874.8367889945331
17.8,874.9462563509024
18.0,875.0511986061377
18.2,875.1517592515618
18.4,875.248075426519
18.6,875.3402781091821
18.8,875.4284923039844
19.0,875.5128372252626
19.2,875.5934264767424
19.4,875.6703682265334
19.6,875.7437653773417
19.8,875.8137157316364
20.0,875.8803121515505
20.2,875.9436427133178
20.4,876.0037908560873
20.6,876.0608355249765
20.8,876.1148513082549
21.0,876.1659085685734
21.2,876.2140735681758
21.4,876.2594085880454
21.6,876.3019720409648
21.8,876.3418185784739
22.0,876.3789991917317
22.2,876.413561306295
22.4,876.4455488708384
22.6,876.4750024398481
22.8,876.5019592503294
23.0,876.5264532925682
23.2,876.5485153749972
23.4,876.5681731832113
23.6,876.585451333184
23.8,876.6003714187298
24.0,876.6129520532628
24.2,876.6232089058896
24.4,876.6311547318787
24.6,876.6367993975418
24.8,876.6401498995524
25.0,876.6412103787303
25.2,876.6399821283052
25.4,876.6364635966709
25.6,876.630650384636
25.8,876.6225352371669
26.0,876.6121080296112
26.2,876.5993557483911
26.4,876.5842624661371
26.6,876.5668093112406
26.8,876.546974431786
27.0,876.5247329538296
27.2,876.5000569339778
27.4,876.4729153062242
27.6,876.4432738229957
27.8,876.4110949903608
28.0,876.376337997353
28.2,876.3389586393627
28.4,876.2989092355564
28.6,876.2561385402839
28.8,876.2105916484426
29.0,876.1622098947754
29.2,876.1109307470884
29.4,876.0566876933866
29.6,875.9994101229375
29.8,875.9390232012927
30.0,875.8754477393084
30.2,875.8086000562319
30.4,875.7383918369383
30.6,875.6647299834282
30.8,875.5875164607206
31.0,875.5066481373049
31.2,875.4220166203459
31.4,875.3335080858659
31.6,875.2410031041622
31.8,875.1443764607562
32.0,875.0434969732025
32.2,874.9382273041315
32.4,874.8284237709319
32.6,874.7139361525278
32.8,874.5946074937427
33.0,874.4702739077856
33.2,874.3407643774422
33.4,874.2059005555947
33.6,874.0654965657374
33.8,873.9193588032001
34.0,873.7672857378368
34.2,873.6090677189718
34.4,873.4444867834457
34.6,873.2733164676355
34.8,873.0953216243632
35.0,872.9102582456413
35.2,872.7178732922357
35.4,872.5179045310543
35.6,872.3100803813949
35.8,872.0941197711065
36.0,871.8697320037355
36.2,871.6366166377366
36.4,871.3944633788385
36.6,871.1429519866531
36.8,870.8817521966089
37.0,870.6105236582827
37.2,870.3289158911816
37.4,870.0365682590028
37.6,869.7331099633675
37.8,869.4181600579844
38.0,869.0913274841506
38.2,868.7522111284462
38.4,868.4003999034124
38.6,868.0354728519364
38.8,867.6569992759864
39.0,867.2645388902582
39.2,866.8576420011988
39.4,866.435849711776
39.6,865.9986941522584
39.8,865.5456987371518
40.0,865.0763784483269
40.2,864.5902401442451
40.4,864.0867828950632
40.6,863.5654983432601
40.8,863.0258710893007
41.0,862.4673791017029
41.2,861.8894941507405
41.4,861.2916822648671
41.6,860.673404208806
41.8,860.0341159821056
42.0,859.3732693368244
42.2,858.6903123128633
42.4,857.9846897893382
42.6,857.2558440502444
42.8,856.5032153625499
43.0,855.7262425647297
43.2,854.9243636636454
43.4,854.097016437571
43.6,853.2436390430752
43.8,852.3636706233864
44.0,851.456551915796
44.2,850.5217258555972
44.4,849.5586381740113
44.6,848.5667379875186
44.8,847.5454783759949
45.0,846.4943169470491
45.2,845.4127163839701
45.4,844.300144974716
45.6,843.1560771194215
45.8,841.979993813957
46.0,840.7713831071454
46.2,839.529740529333
46.4,838.2545694901127
46.6,836.9453816431159
46.8,835.6016972159291
47.0,834.2230453033267
47.2,832.808964122184
47.4,831.3590012265968
47.6,829.8727136819241
47.8,828.349668196662
48.0,826.789441211259
48.2,825.1916189431965
48.4,823.5557973878753
48.6,821.8815822750714
48.8,820.1685889809552
49.0,818.4164423958914
49.2,816.6247767484771
49.4,814.7932353864969
49.6,812.921470515712
49.8,811.0091428976142
50.0,809.0559215075077
