0.0,863.3573612896768
0.2,863.919939208554
0.4,864.4668110564991
0.6,864.9981865866775
0.8,865.5142788973202
1.0,866.0153044315939
1.2,866.5014829605298
1.4,866.9730375489964
1.6,867.4301945047997
1.8,867.8731833110772
2.0,868.3022365422422
2.2,868.7175897638181
2.4,869.1194814165864
2.6,869.5081526855527
2.8,869.8838473543044
3.0,870.2468116454158
3.2,870.5972940476129
3.4,870.9355451304807
3.6,871.2618173475479
3.8,871.5763648286382
4.0,871.8794431624215
4.2,872.1713091701375
4.4,872.4522206715031
4.6,872.7224362438327
4.8,872.9822149754323
5.0,873.2318162143329
5.2,873.4714993134463
5.4,873.701523373219
5.6,873.9221469828647
5.8,874.1336279612375
6.0,874.3362230983985
6.2,874.5301878989017
6.4,874.7157763278004
6.6,874.8932405603454
6.8,875.0628307363025
7.0,875.2247947197845
7.2,875.3793778654403
7.4,875.5268227917992
7.6,875.667369162515
7.8,875.8012534762007
8.0,875.9287088654854
8.2,876.0499649058685
8.4,876.1652474348842
8.6,876.2747783820294
8.8,876.3787756098427
9.0,876.4774527664648
9.2,876.5710191499423
9.4,876.6596795844822
9.6,876.7436343087965
9.8,876.8230788766224
10.0,876.898204069444
10.2,876.9691958213832
10.4,877.0362351561785
10.6,877.099498136114
10.8,877.1591558227166
11.0,877.2153742489902
11.2,877.268314402916
11.4,877.3181322219046
11.6,877.3649785978553
11.8,877.4089993924352
12.0,877.4503354621759
12.2,877.4891226929412
12.4,877.5254920433148
12.6,877.5595695964222
12.8,877.5914766196973
13.0,877.6213296320835
13.2,877.6492404781538
13.4,877.675316408627
13.6,877.6996601667541
13.8,877.7223700800499
14.0,877.7435401568433
14.2,877.7632601871314
14.4,877.7816158472234
14.6,877.798688807674
14.8,877.8145568440159
15.0,877.8292939498158
15.2,877.8429704515919
15.4,877.8556531251495
15.6,877.867405312908
15.8,877.8782870418121
16.0,877.8883551414399
16.2,877.8976633619415
16.4,877.9062624914649
16.6,877.914200472742
16.8,877.9215225185387
17.0,877.9282712256858
17.2,877.9344866874361
17.4,877.9402066039127
17.6,877.9454663904329
17.8,877.9502992835203
18.0,877.954736444427
18.2,877.9588070600206
18.4,877.962538440901
18.6,877.9659561166337
18.8,877.9690839280058
19.0,877.9719441162224
19.2,877.9745574089859
19.4,877.9769431034058
19.6,877.9791191457088
19.8,877.9811022077248
20.0,877.9829077601453
20.2,877.9845501425507
20.4,877.9860426302236
20.6,877.9873974977659
20.8,877.9886260795499
21.0,877.9897388270404
21.2,877.9907453630261
21.4,877.9916545328119
21.6,877.9924744524186
21.8,877.993212553846
22.0,877.9938756274563
22.2,877.9944698615342
22.4,877.9950008790835
22.6,877.9954737719189
22.8,877.9958931321102
23.0,877.9962630808369
23.2,877.9965872947078
23.4,877.996869029598
23.6,877.9971111420532
23.8,877.9973161083078
24.0,877.9974860409593
24.2,877.9976227033366
24.4,877.9977275215978
24.6,877.9978015945857
24.8,877.9978457014636
25.0,877.9978603071546
25.2,877.997845565593
25.4,877.9978013207997
25.6,877.9977271057829
25.8,877.9976221392603
26.0,877.9974853201969
26.2,877.9973152201418
26.4,877.9971100733466
26.6,877.9968677646401
26.8,877.996585815031
27.0,877.996261365003
27.2,877.9958911554638
27.4,877.9954715063078
27.6,877.9949982925413
27.8,877.9944669179248
28.0,877.9938722860762
28.2,877.9932087689815
28.4,877.992470172855
28.6,877.9916497012906
28.8,877.9907399156463
29.0,877.9897326925993
29.2,877.9886191788199
29.4,877.9873897426993
29.6,877.9860339230843
29.8,877.9845403749628
30.0,877.9828968120559
30.2,877.9810899462717
30.4,877.9791054239872
30.6,877.9769277591267
30.8,877.9745402630168
31.0,877.9719249710043
31.2,877.9690625658343
31.4,877.9659322977975
31.6,877.9625119016654
31.8,877.9587775104478
32.0,877.9547035660194
32.2,877.9502627266766
32.4,877.9454257717041
32.6,877.9401615030453
32.8,877.9344366441887
33.0,877.9282157364041
33.2,877.9214610324756
33.4,877.9141323881056
33.6,877.9061871511797
33.8,877.8975800491048
34.0,877.8882630744563
34.2,877.878185369189
34.4,877.8672931076914
34.6,877.8555293789824
34.8,877.842834068375
35.0,877.8291437389502
35.2,877.8143915132051
35.4,877.7985069552662
35.6,877.7814159540701
35.8,877.76304060794
36.0,877.7432991110009
36.2,877.722105641895
36.4,877.6993702552724
36.6,877.6749987765455
36.8,877.6488927004128
37.0,877.6209490936566
37.2,877.5910605027394
37.4,877.5591148667181
37.6,877.5249954360039
37.8,877.4885806974952
38.0,877.4497443066026
38.2,877.4083550266869
38.4,877.3642766764143
38.6,877.3173680855273
38.8,877.2674830595065
39.0,877.2144703535878
39.2,877.1581736565698
39.4,877.0984315848244
39.6,877.0350776868925
39.8,876.9679404590137
40.0,876.8968433719054
40.2,876.8216049090616
40.4,876.7420386168054
40.6,876.6579531662796
40.8,876.569152427512
41.0,876.4754355556421
41.2,876.3765970893405
41.4,876.2724270613975
41.6,876.1627111213999
41.8,876.0472306703556
42.0,875.9257630070639
42.2,875.7980814859694
42.4,875.6639556861742
42.6,875.5231515912208
42.8,875.3754317791979
43.0,875.220555622658
43.2,875.0582794977729
43.4,874.8883570021014
43.6,874.7105391802788
43.8,874.5245747568886
44.0,874.33021037572
44.2,874.1271908445732
44.4,873.9152593847191
44.6,873.6941578840898
44.8,873.4636271532311
45.0,873.2234071830206
45.2,872.9732374031257
45.4,872.7128569401565
45.6,872.4420048744481
45.8,872.1604204944019
46.0,871.8678435473075
46.2,871.5640144855678
46.4,871.2486747072631
46.6,870.9215667899992
46.8,870.5824347170063
47.0,870.2310240944875
47.2,869.8670823592398
47.4,869.490358975622
47.6,869.1006056209784
47.8,868.6975763586855
48.0,868.2810277980435
48.2,867.8507192402968
48.4,867.4064128101344
48.6,866.9478735720924
48.8,866.4748696313591
49.0,865.9871722185562
49.2,865.4845557581596
49.4,864.9667979203009
49.6,864.433679655785
49.8,863.8849852142392
50.0,863.320502145408
