0.0,637.0560737949629
0.2,642.0721684718759
0.4,646.9692062205986
0.6,651.7510836324561
0.8,656.4215561937316
1.0,660.9842352304411
1.2,665.4425858266402
1.4,669.7999257115464
1.6,674.0594250989408
1.8,678.2241074509436
2.0,682.2968511275348
2.2,686.2803918733024
2.4,690.1773260839866
2.6,693.9901147875852
2.8,697.7210882682132
3.0,701.372451255628
3.2,704.9462885994033
3.4,708.444571344183
3.6,711.8691631212575
3.8,715.2218267718517
4.0,718.5042311189379
4.2,721.7179578070015
4.4,724.8645081328982
4.6,727.9453097956224
4.8,730.9617234983347
5.0,733.9150493422167
5.2,736.8065329585002
5.4,739.6373713321908
5.6,742.4087182784324
5.8,745.1216895399843
6.0,747.7773674817826
6.2,750.3768053658766
6.4,752.9210311970861
6.6,755.4110511363787
6.8,757.8478524851572
7.0,760.2324062492859
7.2,762.565669296721
7.4,764.8485861270041
7.6,767.0820902746068
7.8,769.2671053711643
8.0,771.4045458940167
8.2,773.4953176302081
8.4,775.5403178861951
8.6,777.540435474041
8.8,779.4965505048526
9.0,781.4095340197156
9.2,783.2802474874559
9.4,785.1095421972542
9.6,786.8982585725391
9.8,788.6472254307313
10.0,790.357259211372
10.2,792.029163193002
10.4,793.6637267169026
10.6,795.261724433542
10.8,796.8239155852901
11.0,798.3510433367654
11.2,799.843834162035
11.4,801.3029972958739
11.6,802.7292242544022
11.8,804.1231884286767
12.0,805.4855447532358
12.2,806.8169294501869
12.4,808.1179598481781
12.6,809.3892342745291
12.8,810.6313320178822
13.0,811.8448133579902
13.2,813.0302196586558
13.4,814.1880735193773
13.6,815.3188789809253
13.8,816.4231217798593
14.0,817.501269646878
14.2,818.5537726438814
14.4,819.5810635346726
14.6,820.5835581843519
14.8,821.5616559826358
15.0,822.515740286546
15.2,823.4461788781767
15.4,824.3533244335182
15.6,825.2375149986171
15.8,826.0990744696555
16.0,826.9383130738399
16.2,827.7555278482997
16.4,828.5510031144961
16.6,829.3250109459324
16.8,830.0778116272389
17.0,830.8096541029705
17.2,831.5207764147043
17.4,832.2114061252583
17.6,832.8817607290675
17.8,833.5320480479533
18.0,834.1624666116991
18.2,834.7732060230162
18.4,835.3644473066206
18.6,835.936363242283
18.8,836.4891186818247
19.0,837.0228708501352
19.2,837.5377696303794
19.4,838.0339578336351
19.6,838.51157145327
19.8,838.9707399044217
20.0,839.4115862489905
20.2,839.8342274065908
20.4,840.2387743519369
20.6,840.6253322991623
20.8,840.9940008735855
21.0,841.3448742714456
21.2,841.6780414081388
21.4,841.9935860554805
21.6,842.2915869685228
21.8,842.5721180024423
22.0,842.8352482200037
22.2,843.0810419900937
22.4,843.3095590777993
22.6,843.5208547264892
22.8,843.7149797323323
23.0,843.8919805116675
23.2,844.0518991616129
23.4,844.1947735142776
23.6,844.3206371849105
23.8,844.4295196142936
24.0,844.5214461056563
24.2,844.596437856361
24.4,844.6545119845729
24.6,844.6956815511005
24.8,844.7199555765608
25.0,844.727339053987
25.2,844.7178329569689
25.4,844.6914342433773
25.6,844.6481358546976
25.8,844.5879267109558
26.0,844.5107917011965
26.2,844.4167116694302
26.4,844.305663395941
26.6,844.1776195738087
26.8,844.0325487804704
27.0,843.8704154441115
27.2,843.6911798046478
27.4,843.4947978690268
27.6,843.2812213605481
27.8,843.0503976618754
28.0,842.8022697513809
28.2,842.5367761324383
28.4,842.2538507552581
28.6,841.9534229308292
28.8,841.635417236515
29.0,841.2997534128273
29.2,840.9463462508893
29.4,840.5751054700783
29.6,840.1859355853294
29.8,839.778735763576
30.0,839.3533996687903
30.2,838.9098152950929
30.4,838.4478647874013
30.6,837.9674242490954
30.8,837.4683635361947
31.0,836.95054603756
31.2,836.413828440664
31.4,835.8580604825058
31.6,835.2830846852959
31.8,834.6887360765827
32.0,834.0748418935672
32.2,833.4412212714162
32.4,832.7876849154811
32.6,832.1140347574261
32.8,831.4200635953853
33.0,830.7055547183979
33.2,829.9702815155182
33.4,829.2140070701564
33.6,828.4364837403899
33.8,827.6374527261768
34.0,826.8166436246217
34.2,825.9737739746759
34.4,825.1085487928972
34.6,824.2206601021704
34.8,823.309786455555
35.0,822.3755924577287
35.2,821.4177282867921
35.4,820.4358292195058
35.6,819.4295151633411
35.8,818.3983901990313
36.0,817.3420421376039
36.2,816.2600420961569
36.4,815.151944096891
36.6,814.0172846941383
36.8,812.8555826342982
37.0,811.6663385537211
37.2,810.4490347196339
37.4,809.2031348191858
37.6,807.92808380158
37.8,806.623307778046
38.0,805.2882139840798
38.2,803.9221908079214
38.4,802.5246078886456
38.6,801.0948162864983
38.8,799.6321487272044
39.0,798.1359199209121
39.2,796.6054269551952
39.4,795.039949760136
39.6,793.4387516419358
39.8,791.8010798797703
40.0,790.1261663787244
40.2,788.413228369632
40.4,786.6614691445217
40.6,784.8700788141632
40.8,783.0382350719525
41.0,781.165103946102
41.2,779.2498405198648
41.4,777.291589597354
41.6,775.2894862904941
41.8,773.2426565007909
42.0,771.1502172680093
42.2,769.0112769565591
42.4,766.8249352494557
42.6,764.5902829192344
42.8,762.3064013451688
43.0,759.9723617466781
43.2,757.5872241039008
43.4,755.1500357381447
43.6,752.6598295272964
43.8,750.1156217343205
44.0,747.5164094306942
44.2,744.8611675010114
44.4,742.1488452200125
44.6,739.3783623989218
44.8,736.5486051041515
45.0,733.6584209580681
45.2,730.7066140385524
45.4,727.6919394013914
45.6,724.6130972570161
45.8,721.468726840607
46.0,718.2574000219992
46.2,714.977614708969
46.4,711.6277881042507
46.6,708.2062498828284
46.8,704.7112353615694
47.0,701.1408787379239
47.2,697.4932064781202
47.4,693.7661309378884
47.6,689.9574443001636
47.8,686.0648129143567
48.0,682.0857721205982
48.2,678.0177216398039
48.4,673.8579216064869
48.6,669.6034893159717
48.8,665.2513967510962
49.0,660.7984689456987
49.2,656.2413832332928
49.4,651.576669419453
49.6,646.8007109057331
49.8,641.9097467815936
50.0,636.8998748890072
