0.0,796.7935427517831
0.2,798.8577725042064
0.4,800.8823941854647
0.6,802.8678017856724
0.8,804.8143914597312
1.0,806.7225616123895
1.2,808.5927129732873
1.4,810.4252486616093
1.6,812.2205742400124
1.8,813.979097757531
2.0,815.7012297812093
2.2,817.3873834162512
2.4,819.0379743145224
2.6,820.653420671287
2.8,822.2341432100969
3.0,823.7805651558099
3.2,825.2931121957424
3.4,826.7722124290198
3.6,828.2182963042203
3.8,829.6317965454588
4.0,831.0131480670938
4.2,832.3627878772847
4.4,833.6811549706632
4.6,834.9686902104208
4.8,836.2258362001556
5.0,837.4530371458463
5.2,838.6507387083648
5.4,839.8193878469602
5.6,840.9594326541836
5.8,842.0713221827402
6.0,843.1555062647892
6.2,844.2124353242248
6.4,845.2425601824967
6.6,846.2463318585413
6.8,847.2242013634113
7.0,848.1766194902013
7.2,849.1040365998786
7.4,850.0069024036284
7.6,850.8856657423382
7.8,851.7407743638327
8.0,852.572674698483
8.2,853.3818116338018
8.4,854.1686282886334
8.6,854.9335657875399
8.8,855.6770630359734
9.0,856.3995564968124
9.2,857.1014799688239
9.4,857.783264367602
9.6,858.4453375095077
9.8,859.0881238991234
10.0,859.7120445207061
10.2,860.3175166341064
10.4,860.9049535755962
10.6,861.474764564017
10.8,862.0273545126422
11.0,862.5631238471146
11.2,863.0824683297949
11.4,863.585778890827
11.6,864.0734414661986
11.8,864.5458368430454
12.0,865.0033405124191
12.2,865.4463225297062
12.4,865.8751473828627
12.6,866.2901738685906
12.8,866.6917549765631
13.0,867.0802377817687
13.2,867.455963345023
13.4,867.8192666216629
13.6,868.1704763784196
13.8,868.5099151184305
14.0,868.8378990143353
14.2,869.1547378493706
14.4,869.4607349663554
14.6,869.7561872244416
14.8,870.0413849634773
15.0,870.3166119758131
15.2,870.5821454853663
15.4,870.8382561337331
15.6,871.0852079731312
15.8,871.3232584659326
16.0,871.5526584905381
16.2,871.7736523533308
16.4,871.9864778064341
16.6,872.1913660709902
16.8,872.3885418656678
17.0,872.5782234400983
17.2,872.7606226129354
17.4,872.9359448142262
17.6,873.1043891317795
17.8,873.266148361214
18.0,873.4214090593671
18.2,873.5703516007429
18.4,873.7131502366824
18.6,873.8499731569351
18.8,873.9809825533176
19.0,874.1063346851444
19.2,874.2261799461229
19.4,874.3406629324069
19.6,874.4499225115101
19.8,874.5540918917833
20.0,874.6532986921719
20.2,874.7476650119709
20.4,874.8373075003041
20.6,874.9223374250664
20.8,875.0028607410701
21.0,875.0789781571484
21.2,875.1507852019788
21.4,875.2183722883973
21.6,875.2818247759836
21.8,875.3412230317102
22.0,875.3966424884536
22.2,875.4481537011822
22.4,875.4958224006392
22.6,875.5397095443564
22.8,875.5798713648384
23.0,875.6163594147738
23.2,875.649220609136
23.4,875.6784972640492
23.6,875.7042271323064
23.8,875.7264434354357
24.0,875.7451748922223
24.2,875.7604457436059
24.4,875.772275773883
24.6,875.7806803281538
24.8,875.7856703259642
25.0,875.7872522711085
25.2,875.7854282575618
25.4,875.7801959715283
25.6,875.7715486895992
25.8,875.7594752730271
26.0,875.7439601581319
26.2,875.7249833428647
26.4,875.7025203695713
26.6,875.6765423040005
26.8,875.6470157106181
27.0,875.6139026242998
27.2,875.5771605184789
27.4,875.5367422698479
27.6,875.4925961197123
27.8,875.4446656321123
28.0,875.3928896488381
28.2,875.3372022414733
28.4,875.2775326606128
28.6,875.2138052824137
28.8,875.1459395526451
29.0,875.0738499284171
29.2,874.9974458177745
29.4,874.9166315173584
29.6,874.8313061483404
29.8,874.741363590852
30.0,874.646692417134
30.2,874.5471758236482
30.4,874.442691562395
30.6,874.3331118716936
30.8,874.2183034066903
31.0,874.0981271698664
31.2,873.9724384418249
31.4,873.8410867126436
31.6,873.7039156140883
31.8,873.5607628529834
32.0,873.4114601460469
32.2,873.2558331564959
32.4,873.093701432738
32.6,872.924878349462
32.8,872.7491710514469
33.0,872.5663804004078
33.2,872.3763009251988
33.4,872.1787207756897
33.6,871.973421680635
33.8,871.7601789098496
34.0,871.5387612409999
34.2,871.3089309313165
34.4,871.0704436945276
34.6,870.8230486833054
34.8,870.5664884775057
35.0,870.300499078478
35.2,870.0248099097043
35.4,869.7391438240193
35.6,869.4432171176452
35.8,869.1367395512656
36.0,868.8194143783394
36.2,868.4909383808465
36.4,868.1510019126304
36.6,867.7992889504901
36.8,867.4354771531471
37.0,867.0592379281941
37.2,866.6702365071112
37.4,866.268132028404
37.6,865.852577628901
37.8,865.4232205432171
38.0,864.9797022113643
38.2,864.521658394465
38.4,864.0487192984918
38.6,863.5605097059333
38.8,863.0566491152534
39.0,862.5367518879849
39.2,862.0004274032652
39.4,861.4472802195987
39.6,860.8769102435932
39.8,860.288912905396
40.0,859.6828793405219
40.2,859.0583965777379
40.4,858.4150477326432
40.6,857.7524122065554
40.8,857.0700658902853
41.0,856.3675813723623
41.2,855.6445281512441
41.4,854.9004728510238
41.6,854.1349794401262
41.8,853.3476094524659
42.0,852.5379222105187
42.2,851.7054750497454
42.4,850.8498235437918
42.6,849.9705217298741
42.8,849.0671223337503
43.0,848.1391769936711
43.2,847.186236482696
43.4,846.2078509287586
43.6,845.2035700318611
43.8,844.1729432777846
44.0,843.1155201477003
44.2,842.0308503230756
44.4,840.918483885279
44.6,839.7779715092977
44.8,838.6088646509955
45.0,837.4107157273577
45.2,836.1830782891846
45.4,834.9255071857216
45.6,833.637558720735
45.8,832.3187907995674
46.0,830.9687630667389
46.2,829.5870370336877
46.4,828.173176196278
46.6,826.7267461417349
46.8,825.2473146447087
47.0,823.7344517521977
47.2,822.1877298571111
47.4,820.6067237602824
47.6,818.9910107207942
47.8,817.3401704945113
48.0,815.6537853607676
48.2,813.9314401371935
48.4,812.1727221827134
48.6,810.3772213887935
48.8,808.5445301590557
49.0,806.6742433774277
49.2,804.7659583650318
49.4,802.8192748260702
49.6,800.8337947829983
49.8,798.8091225013195
50.0,796.7448644043825
