0.0,790.7669553664234
0.2,792.8913527842703
0.4,794.9763677461183
0.6,797.0224042644843
0.8,799.0298674059275
1.0,800.999163328352
1.2,802.9306993125251
1.4,804.8248837875926
1.6,806.682126350396
1.8,808.502837778418
2.0,810.2874300362004
2.2,812.0363162751073
2.4,813.7499108263224
2.6,815.4286291869963
2.8,817.0728879994838
3.0,818.6831050236298
3.2,820.259699102091
3.4,821.8030901187007
3.6,823.3136989499084
3.8,824.7919474093476
4.0,826.2382581856107
4.2,827.6530547733274
4.4,829.0367613976701
4.6,830.3898029324253
4.8,831.7126048117952
5.0,833.0055929361106
5.2,834.2691935716542
5.4,835.503833244816
5.6,836.7099386308131
5.8,837.8879364372274
6.0,839.0382532826261
6.2,840.1613155705476
6.4,841.2575493591422
6.6,842.3273802267771
6.8,843.3712331339145
7.0,844.3895322815929
7.2,845.382700966838
7.4,846.3511614353457
7.6,847.2953347317779
7.8,848.2156405480209
8.0,849.1124970697552
8.2,849.98632082169
8.4,850.8375265118128
8.6,851.6665268750077
8.8,852.4737325163888
9.0,853.2595517546972
9.2,854.0243904660987
9.4,854.7686519287221
9.6,855.4927366682626
9.8,856.1970423049752
10.0,856.8819634023673
10.2,857.5478913178943
10.4,858.1952140559496
10.6,858.8243161234329
10.8,859.43557838816
11.0,860.029377940374
11.2,860.6060879575998
11.4,861.1660775730683
11.6,861.709711747927
11.8,862.2373511474341
12.0,862.7493520213192
12.2,863.2460660884803
12.4,863.7278404261677
12.6,864.1950173637904
12.8,864.6479343814661
13.0,865.0869240134172
13.2,865.5123137562975
13.4,865.9244259825263
13.6,866.3235778586759
13.8,866.7100812689595
14.0,867.0842427438362
14.2,867.4463633937424
14.4,867.7967388479428
14.6,868.135659198476
14.8,868.463408949158
15.0,868.7802669695936
15.2,869.08650645413
15.4,869.3823948856732
15.6,869.6681940042796
15.8,869.9441597804195
16.0,870.2105423927976
16.2,870.4675862106089
16.4,870.7155297800939
16.6,870.9546058152495
16.8,871.1850411925442
17.0,871.4070569494764
17.2,871.6208682868084
17.4,871.8266845743011
17.6,872.024709359769
17.8,872.2151403812707
18.0,872.3981695822429
18.2,872.5739831293843
18.4,872.7427614330921
18.6,872.9046791702515
18.8,873.0599053091717
19.0,873.2086031364728
19.2,873.3509302857124
19.4,873.4870387675508
19.6,873.6170750012519
19.8,873.7411798473158
20.0,873.8594886410435
20.2,873.9721312268342
20.4,874.0792319930224
20.6,874.1809099070582
20.8,874.2772785508458
21.0,874.368446156056
21.2,874.4545156392296
21.4,874.5355846365024
21.6,874.6117455377797
21.8,874.6830855201969
22.0,874.7496865807135
22.2,874.8116255676857
22.4,874.8689742112783
22.6,874.9217991525777
22.8,874.9701619712803
23.0,875.0141192118314
23.2,875.0537224079081
23.4,875.0890181051369
23.6,875.1200478819517
23.8,875.1468483685069
24.0,875.1694512635636
24.2,875.1878833492826
24.4,875.2021665038619
24.6,875.2123177119668
24.8,875.218349072912
25.0,875.2202678065627
25.2,875.2180762569286
25.4,875.2117718934408
25.6,875.2013473099032
25.8,875.1867902211253
26.0,875.1680834572501
26.2,875.1452049557995
26.4,875.1181277514727
26.6,875.0868199637364
26.8,875.0512447822614
27.0,875.0113604502639
27.2,874.9671202458222
27.4,874.918472461248
27.6,874.8653603805966
27.8,874.8077222554149
28.0,874.7454912788314
28.2,874.6785955580979
28.4,874.6069580857052
28.6,874.5304967092019
28.8,874.4491240998502
29.0,874.3627477202624
29.2,874.2712697911677
29.4,874.174587257467
29.6,874.0725917537358
29.8,873.9651695693468
30.0,873.8522016133843
30.2,873.7335633795307
30.4,873.6091249111084
30.6,873.4787507664661
30.8,873.3422999849008
31.0,873.1996260533114
31.2,873.0505768737809
31.4,872.8949947322901
31.6,872.7327162687615
31.8,872.563572448639
32.0,872.3873885362063
32.2,872.2039840698482
32.4,872.0131728394572
32.6,871.814762866188
32.8,871.6085563847585
33.0,871.3943498284967
33.2,871.1719338173249
33.4,870.9410931488729
33.6,870.7016067929055
33.8,870.453247889244
34.0,870.1957837493563
34.2,869.9289758617816
34.4,869.652579901552
34.6,869.3663457437615
34.8,869.0700174814262
35.0,868.7633334477692
35.2,868.4460262430539
35.4,868.1178227660804
35.6,867.7784442504445
35.8,867.4276063056515
36.0,867.0650189631601
36.2,866.6903867274236
36.4,866.3034086319774
36.6,865.9037783006092
36.8,865.4911840136383
37.0,865.0653087793071
37.2,864.6258304102806
37.4,864.1724216052296
37.6,863.7047500354599
37.8,863.222478436532
38.0,862.7252647048006
38.2,862.2127619987879
38.4,861.6846188452869
38.6,861.1404792500742
38.8,860.5799828130981
39.0,860.0027648479887
39.2,859.4084565057237
39.4,858.7966849022656
39.6,858.1670732499701
39.8,857.5192409925563
40.0,856.8528039434052
40.2,856.1673744269486
40.4,855.462561422891
40.6,854.737970712995
40.8,853.9932050301531
41.0,853.2278642094515
41.2,852.441545340923
41.4,851.6338429236814
41.6,850.8043490211123
41.8,849.952653416794
42.0,849.0783437708142
42.2,848.1810057761404
42.4,847.2602233147012
42.6,846.3155786128266
42.8,845.3466523957013
43.0,844.3530240404749
43.2,843.3342717276801
43.4,842.2899725906101
43.6,841.219702862305
43.8,840.1230380198065
44.0,838.9995529253426
44.2,837.8488219641113
44.4,836.6704191783391
44.6,835.4639183973014
44.8,834.2288933629994
45.0,832.9649178512032
45.2,831.6715657875784
45.4,830.348411358633
45.6,828.9950291172331
45.8,827.6109940824501
46.0,826.195881833525
46.2,824.7492685977475
46.4,823.2707313320684
46.6,821.7598477982855
46.8,820.2161966316582
47.0,818.6393574028361
47.2,817.028910672996
47.4,815.3844380421162
47.6,813.7055221903324
47.8,811.9917469123416
48.0,810.2426971448501
48.2,808.4579589870788
48.4,806.6371197143616
48.6,804.7797677849055
48.8,802.8854928397907
49.0,800.9538856963219
49.2,798.9845383348631
49.4,796.9770438793047
49.6,794.9309965713403
49.8,792.8459917387504
50.0,790.7216257579054
