0.0,775.8413411232065
0.2,777.8689731165789
0.4,779.8643891804992
0.6,781.8287915508552
0.8,783.7632982506425
1.0,785.6689417535478
1.2,787.5466684091423
1.4,789.3973386199677
1.6,791.2217277504225
1.8,793.0205277375248
2.0,794.7943493644979
2.2,796.5437251498797
2.4,798.2691127976244
2.6,799.9708991475558
2.8,801.649404560633
3.0,803.3048876698676
3.2,804.9375504253856
3.4,806.5475433610875
3.6,808.1349710105643
3.8,809.6998974013361
4.0,811.2423515590053
4.2,812.7623329564545
4.4,814.2598168476505
4.6,815.7347594308113
4.8,817.1871027915039
5.0,818.6167795825185
5.2,820.0237174039734
5.4,821.4078428538675
5.6,822.7690852261154
5.8,824.1073798397905
6.0,825.4226709897869
6.2,826.714914515259
6.4,827.9840799879172
6.6,829.2301525274836
6.8,830.4531342562761
7.0,831.6530454089465
7.2,832.829925116836
7.4,833.9838318892043
7.6,835.1148438157529
7.8,836.223058516409
8.0,837.3085928653031
8.2,838.3715825162888
8.4,839.4121812572679
8.6,840.4305602200677
8.8,841.426906971692
9.0,842.4014245115322
9.2,843.3543301976124
9.4,844.2858546232186
9.6,845.1962404633989
9.8,846.0857413088391
10.0,846.9546205026105
10.2,847.8031499932528
10.4,848.6316092156702
10.6,849.4402840093953
10.8,850.229465581946
11.0,850.9994495232951
11.2,851.7505348758928
11.4,852.4830232632561
11.6,853.1972180788579
11.8,853.8934237359301
12.0,854.571944977823
12.2,855.233086247748
12.4,855.8771511160523
12.6,856.5044417626355
12.8,857.1152585116979
13.0,857.7098994157128
13.2,858.2886598852991
13.4,858.8518323615698
13.6,859.3997060274821
13.8,859.932566554746
14.0,860.4506958829248
14.2,860.9543720274862
14.4,861.4438689137144
14.6,861.9194562335742
14.8,862.3813993228189
15.0,862.8299590558345
15.2,863.2653917559287
15.4,863.6879491189845
15.6,864.0978781486017
15.8,864.495421101053
16.0,864.8808154385695
16.2,865.2542937896475
16.4,865.6160839152385
16.6,865.9664086798308
16.8,866.3054860265754
17.0,866.6335289557292
17.2,866.950745505805
17.4,867.2573387369135
17.6,867.5535067158714
17.8,867.8394425027243
18.0,868.1153341384025
18.2,868.3813646332793
18.4,868.637711956451
18.6,868.8845490256002
18.8,869.1220436973344
19.0,869.3503587579197
19.2,869.5696519143547
19.4,869.7800757857422
19.6,869.9817778949356
19.8,870.1749006604462
20.0,870.3595813886012
20.2,870.5359522659576
20.4,870.70414035197
20.6,870.864267571922
20.8,871.016450710128
21.0,871.1608014034126
21.2,871.2974261348766
21.4,871.4264262279554
21.6,871.5478978407789
21.8,871.6619319608344
22.0,871.7686143999384
22.2,871.8680257895204
22.4,871.9602415762164
22.6,872.0453320177767
22.8,872.1233621792834
23.0,872.1943919296759
23.2,872.2584759385835
23.4,872.3156636734595
23.6,872.3659993970138
23.8,872.4095221649407
24.0,872.4462658239358
24.2,872.47625901
24.4,872.4995251470252
24.6,872.5160824456594
24.8,872.5259439024472
25.0,872.5291172992439
25.2,872.5256052029013
25.4,872.5154049652233
25.6,872.498508723193
25.8,872.4749033994681
26.0,872.4445707031495
26.2,872.407487130822
26.4,872.3636239678708
26.6,872.3129472900764
26.8,872.2554179654913
27.0,872.1909916566024
27.2,872.1196188227818
27.4,872.041244723034
27.6,871.9558094190376
27.8,871.8632477784901
28.0,871.7634894787578
28.2,871.6564590108327
28.4,871.5420756835989
28.6,871.4202536284115
28.8,871.290901803984
29.0,871.1539240015879
29.2,871.0092188505581
29.4,870.8566798241035
29.6,870.6961952454143
29.8,870.5276482940644
30.0,870.3509170126969
30.2,870.1658743139882
30.4,869.9723879878819
30.6,869.7703207090836
30.8,869.559530044813
31.0,869.3398684628086
31.2,869.111183339585
31.4,868.8733169689507
31.6,868.626106570801
31.8,868.3693843002101
32.0,868.1029772568635
32.2,867.8267074948881
32.4,867.5403920331585
32.6,867.2438428661878
32.8,866.9368669757438
33.0,866.6192663433698
33.2,866.2908379640404
33.4,865.9513738612363
33.6,865.600661103788
33.8,865.2384818249162
34.0,864.8646132439821
34.2,864.4788276915597
34.4,864.0808926385569
34.6,863.6705707302327
34.8,863.2476198261026
35.0,862.8117930468685
35.2,862.3628388296854
35.4,861.9005009932443
35.6,861.4245188143487
35.8,860.9346271178592
36.0,860.430556382085
36.2,859.9120328619174
36.4,859.3787787322053
36.6,858.8305122540868
36.8,858.2669479671805
37.0,857.6877969107279
37.2,857.0927668769235
37.4,856.4815626998034
37.6,855.8538865831293
37.8,855.2094384707426
38.0,854.547916462814
38.2,853.8690172813081
38.4,853.1724367877711
38.6,852.4578705562518
38.8,851.7250145037452
39.0,850.9735655800079
39.2,850.2032225179224
39.4,849.4136866447661
39.6,848.6046627537731
39.8,847.7758600342581
40.0,846.9269930572924
40.2,846.0577828124941
40.4,845.1679577899191
40.6,844.2572550993333
40.8,843.3254216173174
41.0,842.3722151507372
41.2,841.3974056031211
41.4,840.4007761284648
41.6,839.382124254964
41.8,838.3412629592048
42.0,837.2780216694747
42.2,836.1922471751325
42.4,835.0838044174685
42.6,833.9525771362453
42.8,832.7984683451917
43.0,831.6214006091981
43.2,830.4213160958803
43.4,829.1981763745932
43.6,827.951961936939
43.8,826.6826714143607
44.0,825.3903204705716
44.2,824.0749403493635
44.4,822.7365760617712
44.6,821.3752842006205
44.8,819.9911303751559
45.0,818.5841862636538
45.2,817.1545262876538
45.4,815.7022239175749
45.6,814.2273476259671
45.8,812.7299565113375
46.0,811.2100956222953
46.2,809.6677910185259
46.4,808.1030446117028
46.6,806.5158288357214
46.8,804.906081201446
47.0,803.2736987963536
47.2,801.6185327938844
47.4,799.9403830408495
47.6,798.2389927937663
47.8,796.5140436764023
48.0,794.7651509310156
48.2,792.9918590347385
48.4,791.1936377502108
48.6,789.3698786759506
48.8,787.519892357055
49.0,785.6429060107242
49.2,783.7380619138727
49.4,781.8044164918547
49.6,779.8409401382105
49.8,777.8465177855154
50.0,775.8199502370501
