0.0,774.0905911948993
0.2,776.1789671563064
0.4,778.2317916361641
0.6,780.2501755855528
0.8,782.2351734865568
1.0,784.1877821530863
1.2,786.1089399405521
1.4,787.9995263634066
1.6,789.8603621150759
1.8,791.692209480471
2.0,793.4957731271336
2.2,795.2717012572107
2.4,797.0205870989132
2.6,798.742970712944
2.8,800.4393410866201
3.0,802.1101384860921
3.2,803.7557570352062
3.4,805.376547488168
3.6,806.9728201622736
3.8,808.5448479965455
4.0,810.092869702159
4.2,811.6170929710373
4.4,813.1176977099107
4.6,814.5948392684355
4.8,816.0486516316322
5.0,817.4792505488613
5.2,818.886736573794
5.4,820.2711979922782
5.6,821.6327136176167
5.8,822.9713554355125
6.0,824.287191083739
6.2,825.5802861544191
6.4,826.850706309609
6.6,828.0985192036218
6.8,829.3237962081743
7.0,830.5266139389493
7.2,831.7070555845114
7.4,832.8652120406815
7.6,834.0011828554249
7.8,835.1150769910483
8.0,836.207013412008
8.2,837.2771215079006
8.4,838.3255413622558
8.6,839.3524238785517
8.8,840.357930775465
9.0,841.3422344637446
9.2,842.3055178172696
9.4,843.2479738508489
9.6,844.169805317147
9.8,845.0712242347989
10.0,845.9524513593303
10.2,846.8137156079432
10.4,847.6552534485779
10.6,848.4773082629507
10.8,849.2801296924948
11.0,850.0639729753314
11.2,850.8290982815748
11.4,851.5757700534535
11.6,852.304256355907
11.8,853.0148282425263
12.0,853.7077591409368
12.2,854.3833242609952
12.4,855.041800028487
12.6,855.6834635463779
12.8,856.3085920850879
13.0,856.9174626027361
13.2,857.5103512958274
13.4,858.08753318044
13.6,858.6492817036172
13.8,859.1958683843532
14.0,859.727562483311
14.2,860.2446307002016
14.4,860.7473368975886
14.6,861.235941849755
14.8,861.7107030151863
15.0,862.1718743311651
15.2,862.6197060289479
15.4,863.0544444679874
15.6,863.4763319876932
15.8,863.8856067752487
16.0,864.2825027480609
16.2,864.6672494494794
16.4,865.0400719564917
16.6,865.4011907981783
16.8,865.750821883795
17.0,866.0891764394285
17.2,866.4164609522574
17.4,866.732877121534
17.6,867.0386218154803
17.8,867.3338870333696
18.0,867.6188598721423
18.2,867.8937224969686
18.4,868.1586521152409
18.6,868.4138209535367
18.8,868.6593962371502
19.0,868.8955401718381
19.2,869.1224099274766
19.4,869.3401576233645
19.6,869.548930314943
19.8,869.7488699817429
20.0,869.9401135163899
20.2,870.122792714531
20.4,870.2970342655648
20.6,870.4629597440786
20.8,870.6206856019112
21.0,870.7703231607732
21.2,870.911978605373
21.4,871.0457529770016
21.6,871.1717421675423
21.8,871.2900369138742
22.0,871.4007227926483
22.2,871.5038802154164
22.4,871.5995844241006
22.6,871.6879054867878
22.8,871.7689082938456
23.0,871.8426525543473
23.2,871.9091927928051
23.4,871.968578346204
23.6,872.0208533613344
23.8,872.0660567924203
24.0,872.1042223990416
24.2,872.1353787443478
24.4,872.1595491935625
24.6,872.1767519127776
24.8,872.1869998680359
25.0,872.1903008247019
25.2,872.1866573471204
25.4,872.1760667985616
25.6,872.1585213414542
25.8,872.1340079379055
26.0,872.1025083505089
26.2,872.0639991434389
26.4,872.0184516838358
26.6,871.9658321434775
26.8,871.9061015007447
27.0,871.8392155428733
27.2,871.7651248685049
27.4,871.6837748905292
27.6,871.5951058392252
27.8,871.4990527657044
28.0,871.3955455456594
28.2,871.284508883423
28.4,871.1658623163463
28.6,871.0395202195033
28.8,870.9053918107343
29.0,870.7633811560422
29.2,870.6133871753613
29.4,870.4553036487185
29.6,870.2890192228206
29.8,870.1144174181
30.0,869.931376636264
30.2,869.7397701684049
30.4,869.5394662037337
30.6,869.3303278390215
30.8,869.1122130888452
31.0,868.8849748967546
31.2,868.648461147499
31.4,868.4025146804815
31.6,868.1469733046306
31.8,867.8816698149203
32.0,867.6064320108009
32.2,867.3210827168473
32.4,867.0254398059772
32.6,866.7193162256399
32.8,866.4025200274386
33.0,866.0748544007016
33.2,865.7361177105876
33.4,865.3861035413813
33.6,865.0246007457047
33.8,864.6513935004507
34.0,864.2662613703242
34.2,863.8689793799614
34.4,863.4593180956747
34.6,863.0370437179621
34.8,862.6019181859945
35.0,862.1536992953733
35.2,861.6921408305234
35.4,861.2169927131448
35.6,860.7280011682012
35.8,860.2249089089588
36.0,859.7074553426058
36.2,859.1753767979866
36.4,858.6284067769494
36.6,858.0662762307618
36.8,857.4887138629487
37.0,856.8954464597934
37.2,856.2861992495722
37.4,855.6606962913849
37.6,855.0186608941893
37.8,854.3598160663422
38.0,853.6838849955836
38.2,852.9905915589976
38.4,852.279660862001
38.6,851.5508198048952
38.8,850.8037976749278
39.0,850.0383267611809
39.2,849.2541429889171
39.4,848.4509865692888
39.6,847.6286026595451
39.8,846.7867420280796
40.0,845.9251617178451
40.2,845.0436257008324
40.4,844.1419055154958
40.6,843.2197808781973
40.8,842.2770402589825
41.0,841.313481411279
41.2,840.3289118444643
41.4,839.3231492276955
41.6,838.2960217129408
41.8,837.2473681648372
42.0,836.1770382848222
42.2,835.0848926169831
42.4,833.9708024232414
42.6,832.8346494158659
42.8,831.6763253358938
43.0,830.4957313668458
43.2,829.2927773741646
43.4,828.0673809620741
43.6,826.8194663410629
43.8,825.5489630009339
44.0,824.2558041863106
44.2,822.9399251736547
44.4,821.6012613511946
44.6,820.2397461056694
44.8,818.8553085224416
45.0,817.4478709082686
45.2,816.0173461488279
45.4,814.5636349159219
45.6,813.0866227420864
45.8,811.5861769830602
46.0,810.06214369119
46.2,808.5143444252907
46.4,806.9425730247073
46.6,805.3465923772969
46.8,803.7261312127004
47.0,802.0808809535782
47.2,800.4104926584026
47.4,798.7145740898893
47.6,796.9926869431993
47.8,795.2443442676198
48.0,793.469008114534
48.2,791.6660874431103
48.4,789.8349363132836
48.6,787.9748523932828
48.8,786.0850758062014
49.0,784.1647883369413
49.2,782.2131130173233
49.4,780.2291141033008
49.6,778.2117974540889
49.8,776.1601113186794
50.0,774.0729475307361
