0.0,479.3268565515393
0.2,484.811082881913
0.4,490.25536173580315
0.6,495.6585948715352
0.8,501.01972482401555
1.0,506.33773579293006
1.2,511.6116544062653
1.4,516.840550358114
1.6,522.0235369204543
1.8,527.1597713293147
2.0,532.2484550464391
2.2,537.2888338982488
2.4,542.280198094554
2.6,547.2218821300828
2.8,552.1132645724801
3.0,556.9537677409661
3.2,561.742857280331
3.4,566.4800416353895
3.6,571.1648714313978
3.8,575.7969387662769
4.0,580.3758764207553
4.2,584.9013569927713
4.4,589.3730919626335
4.6,593.7908306955501
4.8,598.1543593881925
5.0,602.4634999659537
5.2,606.7181089375276
5.4,610.9180762133236
5.6,615.063323894105
5.8,619.1538050360541
6.0,623.1895023982521
6.2,627.1704271783143
6.4,631.0966177416432
6.6,634.9681383494637
6.8,638.7850778904827
7.0,642.5475486206784
7.2,646.2556849153815
7.4,649.9096420374512
7.6,653.5095949249953
7.8,657.0557370017204
8.0,660.5482790126518
8.2,663.9874478876056
8.4,667.3734856344644
8.6,670.7066482639756
8.8,673.9872047474835
9.0,677.2154360087044
9.2,680.3916339503769
9.4,683.516100516356
9.6,686.5891467894804
9.8,689.6110921253146
10.0,692.582263321669
10.2,695.5029938236179
10.4,698.3736229635717
10.6,701.194495235818
10.8,703.9659596048195
11.0,706.6883688464567
11.2,709.3620789213074
11.4,711.9874483789897
11.6,714.5648377925326
11.8,717.0946092217009
12.0,719.5771257041674
12.2,722.0127507734086
12.4,724.4018480021941
12.6,726.7447805705394
12.8,729.0419108570038
13.0,731.2936000522321
13.2,733.5002077936607
13.4,735.6620918203387
13.6,737.7796076468464
13.8,739.853108255329
14.0,741.8829438047
14.2,743.8694613561123
14.4,745.8130046138313
14.6,747.7139136806861
14.8,749.5725248273214
15.0,751.3891702745038
15.2,753.164177987785
15.4,754.8978714838578
15.6,756.5905696479794
15.8,758.2425865618733
16.0,759.854231341553
16.2,761.4258079845457
16.4,762.9576152260207
16.6,764.4499464033604
16.8,765.9030893287363
17.0,767.3173261692738
17.2,768.6929333344203
17.4,770.0301813701464
17.6,771.3293348596302
17.8,772.5906523300989
18.0,773.8143861655088
18.2,775.0007825247709
18.4,776.1500812652365
18.6,777.2625158711737
18.8,778.3383133869761
19.0,779.3776943548595
19.2,780.3808727568097
19.4,781.3480559605565
19.6,782.279444669357
19.8,783.1752328753834
20.0,784.0356078165134
20.2,784.8607499363352
20.4,785.6508328471808
20.6,786.4060232960167
20.8,787.1264811330191
21.0,787.8123592826746
21.2,788.463803717252
21.4,789.0809534324969
21.6,789.6639404254095
21.8,790.2128896739708
22.0,790.7279191186897
22.2,791.2091396458511
22.4,791.6566550723514
22.6,792.0705621320122
22.8,792.4509504632742
23.0,792.7979025981756
23.2,793.1114939525299
23.4,793.3917928172218
23.6,793.638860350546
23.8,793.8527505715266
24.0,794.0335103541552
24.2,794.1811794224933
24.4,794.2957903465974
24.6,794.3773685392243
24.8,794.4259322532873
25.0,794.4414925800372
25.2,794.4240534479518
25.4,794.373611622321
25.6,794.290156705527
25.8,794.1736711380199
26.0,794.0241302000021
26.2,793.8415020138358
26.4,793.6257475472023
26.6,793.3768206170396
26.8,793.0946678943016
27.0,792.779228909582
27.2,792.4304360596549
27.4,792.0482146149939
27.6,791.6324827283325
27.8,791.1831514443439
28.0,790.7001247105145
28.2,790.1832993893024
28.4,789.6325652716732
28.6,789.047805092112
28.8,788.4288945452203
29.0,787.775702304012
29.2,787.0880900400277
29.4,786.365912445394
29.6,785.6090172569636
29.8,784.8172452826763
30.0,783.990430430286
30.2,783.1283997386115
30.4,782.2309734114698
30.6,781.2979648544607
30.8,780.3291807147782
31.0,779.3244209242328
31.2,778.2834787456724
31.4,777.2061408230053
31.6,776.0921872350265
31.8,774.9413915532689
32.0,773.7535209041007
32.2,772.528336035307
32.4,771.2655913873995
32.6,769.9650351699137
32.8,768.6264094429625
33.0,767.2494502043293
33.2,765.8338874823987
33.4,764.3794454352369
33.6,762.8858424561541
33.8,761.3527912860951
34.0,759.779999133227
34.2,758.1671678001143
34.4,756.5139938188947
34.6,754.8201685948912
34.8,753.0853785591261
35.0,751.3093053302313
35.2,749.491625886276
35.4,747.6320127470682
35.6,745.7301341675202
35.8,743.7856543427023
36.0,741.7982336252487
36.2,739.7675287558159
36.4,737.6931931073345
36.6,735.5748769438377
36.8,733.4122276946866
37.0,731.2048902450592
37.2,728.9525072436041
37.4,726.6547194282073
37.6,724.3111659708509
37.8,721.9214848425825
38.0,719.4853131996463
38.2,717.0022877918527
38.4,714.4720453942888
38.6,711.8942232634905
38.8,709.268459619201
39.0,706.5943941528515
39.2,703.8716685638842
39.4,701.0999271250258
39.6,698.2788172775848
39.8,695.4079902578092
40.0,692.4871017552774
40.2,689.5158126042293
40.4,686.4937895086524
40.6,683.4207058018336
40.8,680.2962422409623
41.0,677.120087837228
41.2,673.8919407216944
41.4,670.6115090470483
41.6,667.2785119251174
41.8,663.8926803998328
42.0,660.4537584550657
42.2,656.9615040565088
42.4,653.4156902264906
42.6,649.8161061503149
42.8,646.1625583124064
43.0,642.4548716602134
43.2,638.6928907934815
43.4,634.8764811761663
43.6,631.0055303678938
43.8,627.0799492715264
44.0,623.0996733930277
44.2,619.0646641094681
44.4,614.974909940668
44.6,610.8304278196339
44.8,606.6312643566301
45.0,602.3774970914211
45.2,598.0692357279465
45.4,593.706623345445
45.6,589.289837579819
45.8,584.819091768865
46.0,580.2946360548431
46.2,575.7167584377737
46.4,571.0857857727943
46.6,566.4020847049162
46.8,561.6660625345733
47.0,556.878168007461
47.2,552.0388920223336
47.4,547.148768250642
47.6,542.2083736621743
47.8,537.218328951194
48.0,532.1792988579566
48.2,527.091992380927
48.4,521.9571628755085
48.6,516.7756080356354
48.8,511.54816975515536
49.0,506.2757338665557
49.2,500.95922975523337
49.4,495.59962984819515
49.6,490.1979489767757
49.8,484.75524361368406
50.0,479.2726109854155
