0.0,868.7392307547808
0.2,869.2403288696534
0.4,869.7228243773151
0.6,870.1869056682885
0.8,870.6327826350297
1.0,871.0606866519423
1.2,871.4708703942961
1.4,871.8636074987713
1.6,872.2391920699367
1.8,872.5979380384795
2.0,872.9401783784385
2.2,873.26626419201
2.4,873.5765636716928
2.6,873.8714609506075
2.8,874.1513548527315
3.0,874.4166575555586
3.2,874.6677931782705
3.4,874.9051963089478
3.6,875.1293104845901
3.8,875.3405866378079
4.0,875.5394815239686
4.2,875.726456142344
4.4,875.9019741644175
4.6,876.0665003819847
4.8,876.2204991870259
5.0,876.3644330945621
5.2,876.4987613188381
5.4,876.6239384122252
5.6,876.7404129752183
5.8,876.8486264448328
6.0,876.9490119676046
6.2,877.0419933622754
6.4,877.1279841761215
6.6,877.2073868377748
6.8,877.2805919083038
7.0,877.3479774312736
7.2,877.4099083815197
7.4,877.4667362114286
7.6,877.5187984926695
7.8,877.5664186505269
8.0,877.6099057872876
8.2,877.6495545905182
8.4,877.6856453215397
8.6,877.7184438789719
8.8,877.7482019318654
9.0,877.7751571166788
9.2,877.7995332921802
9.4,877.82154084625
9.6,877.841377048539
9.8,877.8592264429823
10.0,877.875261274272
10.2,877.889641942564
10.4,877.9025174809025
10.6,877.9140260501035
10.8,877.9242954461356
11.0,877.9334436153503
11.2,877.9415791732665
11.4,877.9488019229645
11.6,877.9552033695172
11.8,877.9608672272603
12.0,877.9658699170715
12.2,877.9702810511927
12.4,877.9741639034926
12.6,877.9775758633976
12.8,877.9805688720569
13.0,877.9831898396042
13.2,877.9854810426727
13.4,877.9874805015814
13.6,877.9892223368514
13.8,877.9907371049321
14.0,877.9920521132104
14.2,877.9931917145483
14.4,877.9941775817427
14.6,877.9950289624298
14.8,877.9957629150624
15.0,877.9963945266751
15.2,877.9969371132225
15.4,877.9974024033256
15.6,877.9978007062995
15.8,877.9981410653592
16.0,877.9984313969074
16.2,877.9986786168137
16.4,877.998888754576
16.6,877.9990670562497
16.8,877.9992180769921
17.0,877.9993457640508
17.2,877.9994535309839
17.4,877.9995443238662
17.6,877.9996206801914
17.8,877.999684781145
18.0,877.9997384978734
18.2,877.9997834323375
18.4,877.9998209532938
18.6,877.9998522279064
18.8,877.9998782494522
19.0,877.9998998615422
19.2,877.9999177792478
19.4,877.9999326074809
19.6,877.999944856949
19.8,877.9999549579702
20.0,877.9999632724093
20.2,877.9999701039644
20.4,877.9999757070134
20.6,877.9999802942014
20.8,877.9999840429361
21.0,877.999987100935
21.2,877.99998959095
21.4,877.9999916147847
21.6,877.9999932567006
21.8,877.9999945863
22.0,877.9999956609589
22.2,877.999996527877
22.4,877.9999972257983
22.6,877.9999977864553
22.8,877.9999982357745
23.0,877.9999985948817
23.2,877.9999988809382
23.4,877.9999991078311
23.6,877.999999286744
23.8,877.9999994266235
24.0,877.9999995345602
24.2,877.9999996160924
24.4,877.9999996754503
24.6,877.9999997157415
24.8,877.9999997390911
25.0,877.9999997467361
25.2,877.9999997390828
25.4,877.9999997157246
25.6,877.9999996754235
25.8,877.999999616054
26.0,877.9999995345075
26.2,877.9999994265538
26.4,877.9999992866526
26.6,877.9999991077126
26.8,877.9999988807855
27.0,877.9999985946855
27.2,877.9999982355232
27.4,877.9999977861346
27.6,877.9999972253901
27.8,877.9999965273581
28.0,877.9999956603009
28.2,877.9999945854668
28.4,877.9999932556475
28.6,877.9999916134557
28.8,877.9999895892759
29.0,877.9999870988295
29.2,877.9999840402925
29.4,877.9999802908877
29.6,877.9999757028667
29.8,877.9999700987838
30.0,877.9999632659475
30.2,877.9999549499238
30.4,877.9999448469459
30.6,877.9999325950657
30.8,877.9999177638641
31.0,877.9998998425112
31.2,877.9998782259477
31.4,877.9998521989241
31.6,877.9998209176152
31.8,877.9997833884867
32.0,877.9997384440657
32.2,877.9996847152263
32.4,877.9996205995661
32.6,877.9995442254121
32.8,877.9994534109518
33.0,877.9993456179457
33.2,877.9992178994353
33.4,877.9990668408152
33.6,877.9988884935999
33.8,877.9986783011714
34.0,877.998431015754
34.2,877.9981406058264
34.4,877.9978001531447
34.6,877.9974017385239
34.8,877.9969363154953
35.0,877.9963935709447
35.2,877.9957617718246
35.4,877.9950275970303
35.6,877.9941759535468
35.8,877.9931897759889
36.0,877.9920498086987
36.2,877.9907343696132
36.4,877.9892190951866
36.6,877.9874766657342
36.8,877.9854765106772
37.0,877.983184493289
37.2,877.9805625746955
37.4,877.977568457057
37.6,877.9741552060452
37.8,877.9702708529553
38.0,877.9658579770321
38.2,877.9608532688519
38.4,877.9551870758904
38.6,877.9487829317133
38.8,877.9415570705506
39.0,877.9334179293627
39.2,877.924265639853
39.4,877.913991513258
39.6,877.9024775211062
39.8,877.88959577552
40.0,877.8752080129937
40.2,877.8591650859482
40.4,877.8413064667001
40.6,877.8214597688074
40.8,877.7994402910482
41.0,877.7750505895432
41.2,877.7480800837468
41.4,877.7183047022027
41.6,877.6854865740593
41.8,877.6493737723929
42.0,877.6097001153603
42.2,877.5661850311
42.4,877.518533492129
42.6,877.4664360247164
42.8,877.4095687983639
43.0,877.3475938000906
43.2,877.2801590976878
43.4,877.2068991954989
43.6,877.1274354855743
43.8,877.0413767962708
44.0,876.9483200395032
44.2,876.8478509569271
44.4,876.7395449643386
44.6,876.6229680925364
44.8,876.4976780218078
45.0,876.3632252060909
45.2,876.2191540817457
45.4,876.0650043547419
45.6,875.9003123589739
45.8,875.7246124773419
46.0,875.537438616221
46.2,875.3383257229918
46.4,875.1268113354356
46.6,874.902437151032
46.8,874.6647506035424
47.0,874.4133064337344
47.2,874.1476682407185
47.4,873.8674100001289
47.6,873.5721175353023
47.8,873.2613899276964
48.0,872.9348408530392
48.2,872.592099830129
48.4,872.232813369795
48.6,871.8566460122804
48.8,871.4632812422302
49.0,871.0524222715212
49.2,870.6237926813714
49.4,870.1771369164859
49.6,869.7122206254245
49.8,869.2288308428828
50.0,868.7267760111702
