0.0,852.6841431946991
0.2,853.4053861894914
0.4,854.1090885100866
0.6,854.7957222590545
0.8,855.4657390460154
1.0,856.1195700554663
1.2,856.757626319409
1.4,857.3802991804152
1.6,857.9879609265815
1.8,858.5809655764491
2.0,859.1596497894782
2.2,859.7243338761276
2.4,860.2753228810184
2.6,860.8129077129832
2.8,861.3373662969673
3.0,861.848964724614
3.2,862.3479583828109
3.4,862.8345930423166
3.6,863.3091058917062
3.8,863.7717265050765
4.0,864.222677735124
4.2,864.6621765262255
4.4,865.0904346448997
4.6,865.5076593274651
4.8,865.9140538467568
5.0,866.3098180014339
5.2,866.6951485326713
5.4,867.0702394739254
5.6,867.4352824400165
5.8,867.7904668620187
6.0,868.1359801744553
6.2,868.4720079610936
6.4,868.7987340652852
6.6,869.1163406703395
6.8,869.4250083548994
7.0,869.7249161277325
7.2,870.0162414457964
7.4,870.2991602189053
7.6,870.5738468038157
7.8,870.8404739900977
8.0,871.0992129797479
8.2,871.3502333621424
8.4,871.5937030856284
8.6,871.8297884267896
8.8,872.058653958212
9.0,872.2804625153973
9.2,872.4953751633375
9.4,872.7035511631431
9.6,872.9051479390356
9.8,873.1003210459447
10.0,873.2892241378922
10.2,873.4720089373121
10.4,873.6488252054174
10.6,873.8198207137056
10.8,873.9851412166715
11.0,874.1449304257884
11.2,874.2993299847997
11.4,874.4484794463627
11.6,874.5925162500718
11.8,874.7315757018874
12.0,874.8657909549905
12.2,874.995292992074
12.4,875.1202106090874
12.6,875.2406704004346
12.8,875.3567967456341
13.0,875.4687117974364
13.2,875.5765354713955
13.4,875.680385436889
13.6,875.780377109573
13.8,875.8766236452597
14.0,875.9692359351976
14.2,876.0583226027387
14.4,876.1439900013639
14.6,876.2263422140428
14.8,876.3054810538997
15.0,876.3815060661505
15.2,876.4545145312792
15.4,876.524601469416
15.6,876.591859645874
15.8,876.656379577809
16.0,876.7182495419528
16.2,876.7775555833763
16.4,876.8343815252346
16.6,876.8888089794436
16.8,876.9409173582377
17.0,876.990783886554
17.2,877.0384836151916
17.4,877.0840894346869
17.6,877.1276720898534
17.8,877.1693001949238
18.0,877.209040249239
18.2,877.2469566534254
18.4,877.2831117260006
18.6,877.3175657203477
18.8,877.3503768420006
19.0,877.3816012661777
19.2,877.4112931555072
19.4,877.4395046778836
19.6,877.4662860243968
19.8,877.4916854272747
20.0,877.5157491777829
20.2,877.5385216440246
20.4,877.5600452885832
20.6,877.5803606859553
20.8,877.5995065397175
21.0,877.6175196993776
21.2,877.6344351768558
21.4,877.650286162551
21.6,877.6651040409374
21.8,877.6789184056528
22.0,877.6917570740294
22.2,877.7036461010249
22.4,877.7146097925151
22.6,877.7246707179086
22.8,877.7338497220447
23.0,877.7421659363466
23.2,877.74963678919
23.4,877.7562780154639
23.6,877.7621036652922
23.8,877.7671261118941
24.0,877.7713560585586
24.2,877.7748025447147
24.4,877.7774729510801
24.6,877.7793730038723
24.8,877.7805067780714
25.0,877.7808766997247
25.2,877.7804835472866
25.4,877.7793264519887
25.6,877.777402897239
25.8,877.7747087170533
26.0,877.7712380935197
26.2,877.7669835533053
26.4,877.7619359632114
26.6,877.7560845247936
26.8,877.7494167680567
27.0,877.7419185442441
27.2,877.7335740177405
27.4,877.7243656571104
27.6,877.7142742252968
27.8,877.7032787690074
28.0,877.6913566073173
28.2,877.6784833195213
28.4,877.664632732267
28.6,877.6497769060095
28.8,877.6338861208213
29.0,877.6169288616013
29.2,877.5988718027228
29.4,877.579679792168
29.6,877.5593158351911
29.8,877.5377410775617
30.0,877.5149147884345
30.2,877.4907943428994
30.4,877.4653352042621
30.6,877.4384909061092
30.8,877.4102130342137
31.0,877.3804512083358
31.2,877.3491530639755
31.4,877.3162642341358
31.6,877.2817283311542
31.8,877.2454869286601
32.0,877.2074795437193
32.2,877.1676436192249
32.4,877.1259145065924
32.6,877.0822254488202
32.8,877.0365075639754
33.0,876.9886898291626
33.2,876.9386990650352
33.4,876.8864599209084
33.6,876.8318948605292
33.8,876.7749241485618
34.0,876.7154658378432
34.2,876.6534357574625
34.4,876.5887475017199
34.6,876.5213124200125
34.8,876.4510396077009
35.0,876.3778358980027
35.2,876.3016058549599
35.4,876.2222517675241
35.6,876.1396736448014
35.8,876.0537692124994
36.0,875.9644339106092
36.2,875.871560892362
36.4,875.7750410244906
36.6,875.6747628888239
36.8,875.5706127852453
37.0,875.4624747360348
37.2,875.3502304916178
37.4,875.2337595377396
37.6,875.1129391040761
37.8,874.9876441742967
38.0,874.8577474975857
38.2,874.7231196016255
38.4,874.5836288070451
38.6,874.4391412433303
38.8,874.2895208661905
39.0,874.1346294763706
39.2,873.9743267398953
39.4,873.8084702097261
39.6,873.6369153488088
39.8,873.459515554479
40.0,873.2761221841913
40.2,873.0865845825264
40.4,872.8907501094177
40.6,872.6884641695311
40.8,872.4795702427056
41.0,872.2639099153457
41.2,872.0413229126228
41.4,871.8116471313015
41.6,871.5747186729553
41.8,871.3303718772717
42.0,871.0784393550506
42.2,870.8187520204016
42.4,870.5511391214959
42.6,870.275428269066
42.8,869.9914454616289
43.0,869.6990151061641
43.2,869.3979600326684
43.4,869.0881015006685
43.6,868.769259195365
43.8,868.4412512106359
44.0,868.103894015632
44.2,867.7570024011717
44.4,867.4003894015949
44.6,867.0338661871949
44.8,866.6572419218348
45.0,866.2703235799033
45.2,865.8729157164246
45.4,865.464820183937
45.6,865.0458357897595
45.8,864.615757887512
46.0,864.1743778972985
46.2,863.7214827498377
46.4,863.2568542510738
46.6,862.7802683654362
46.8,862.2914944179252
47.0,861.7902942176047
47.2,861.276421107774
47.4,860.7496189510639
47.6,860.2096210608122
47.8,859.6561490932288
48.0,859.0889119179192
48.2,858.5076044871292
48.4,857.9119067264842
48.6,857.3014824718178
48.8,856.6759784778387
49.0,856.0350235246997
49.2,855.3782276479687
49.4,854.705181515991
49.6,854.0154559761911
49.8,853.3086017885407
50.0,852.584149560311
