0.0,766.0854718991175
0.2,768.3768517692592
0.4,770.626280068005
0.6,772.8346546428062
0.8,775.0028534511658
1.0,777.131733912786
1.2,779.2221323422656
1.4,781.2748634636382
1.6,783.2907200075335
1.8,785.2704723912481
2.0,787.2148684815095
2.2,789.1246334392339
2.4,791.0004696450956
2.6,792.843056704274
2.8,794.6530515283015
3.0,796.4310884915162
3.2,798.1777796592393
3.4,799.8937150844329
3.6,801.5794631692643
3.8,803.235571087706
4.0,804.8625652650434
4.2,806.4609519099293
4.4,808.0312175944479
4.6,809.5738298774876
4.8,811.0892379666241
5.0,812.5778734136294
5.2,814.040150838695
5.4,815.47646867845
5.6,816.887209952896
5.8,818.2727430464467
6.0,819.6334224983606
6.2,820.9695897979894
6.4,822.2815741804218
6.6,823.5696934182866
6.8,824.8342546056886
7.0,826.0755549304781
7.2,827.2938824313004
7.4,828.4895167361315
7.6,829.6627297792809
7.8,830.8137864941219
8.0,831.9429454791003
8.2,833.0504596348609
8.4,834.1365767706296
8.6,835.2015401782749
8.8,836.2455891727656
9.0,837.2689595980198
9.2,838.2718842974167
9.4,839.2545935485061
9.6,840.217315461704
9.8,841.1602763430002
10.0,842.0837010209328
10.2,842.9878131382931
10.4,843.8728354092149
10.6,844.738989842488
10.8,845.5864979320862
11.0,846.4155808160485
11.2,847.226459404976
11.4,848.0193544815118
11.6,848.7944867722655
11.8,849.5520769937127
12.0,850.2923458736602
12.2,851.0155141499059
12.4,851.7218025477523
12.6,852.4114317380393
12.8,853.0846222773673
13.0,853.7415945321634
13.2,854.3825685882199
13.4,855.0077641473026
13.6,855.6174004123803
13.8,856.2116959629732
14.0,856.7908686220669
14.2,857.3551353159638
14.4,857.9047119283838
14.6,858.4398131500471
14.8,858.960652324898
15.0,859.4674412940502
15.2,859.9603902384558
15.4,860.439707521216
15.6,860.9055995303792
15.8,861.3582705229862
16.0,861.7979224710504
16.2,862.224754910081
16.4,862.6389647906917
16.6,863.0407463337586
16.8,863.4302908895307
17.0,863.8077868010325
17.2,864.1734192720361
17.4,864.5273702398263
17.6,864.8698182529315
17.8,865.2009383539414
18.0,865.5209019674935
18.2,865.829876793467
18.4,866.1280267053871
18.6,866.415511654014
18.8,866.6924875760557
19.0,866.959106307923
19.2,867.2155155044262
19.4,867.4618585622866
19.6,867.6982745483257
19.8,867.9248981321846
20.0,868.1418595234084
20.2,868.3492844127297
20.4,868.5472939173774
20.6,868.736004530232
20.8,868.9155280726508
21.0,869.0859716507833
21.2,869.2474376151986
21.4,869.4000235236525
21.6,869.5438221068238
21.8,869.6789212368526
22.0,869.8054038985238
22.2,869.9233481629415
22.4,870.0328271635494
22.6,870.133909074358
22.8,870.2266570902493
23.0,870.311129409239
23.2,870.3873792165803
23.4,870.4554546706067
23.6,870.5153988902196
23.8,870.567249943932
24.0,870.6110408403935
24.2,870.6467995203277
24.4,870.6745488498226
24.6,870.6943066149252
24.8,870.7060855174989
25.0,870.7098931723123
25.2,870.7057321053372
25.4,870.6935997532416
25.6,870.6734884640737
25.8,870.6453854991411
26.0,870.609273036099
26.2,870.5651281732704
26.4,870.5129229352283
26.6,870.4526242796827
26.8,870.3841941057218
27.0,870.3075892634638
27.2,870.2227615651911
27.4,870.129657798042
27.6,870.0282197383456
27.8,869.9183841676967
28.0,869.8000828908737
28.2,869.6732427557137
28.4,869.5377856750639
28.6,869.3936286509437
28.8,869.2406838010503
29.0,869.0788583877584
29.2,868.9080548497628
29.4,868.7281708365273
29.6,868.5390992457008
29.8,868.3407282636756
30.0,868.1329414094582
30.2,867.9156175820325
30.4,867.6886311113922
30.6,867.4518518134228
30.8,867.2051450488103
31.0,866.9483717861496
31.2,866.6813886694216
31.4,866.4040480900012
31.6,866.1161982633448
31.8,865.8176833104981
32.0,865.5083433445441
32.2,865.1880145620986
32.4,864.8565293399339
32.6,864.5137163367879
32.8,864.1594006003895
33.0,863.7934036796952
33.2,863.4155437422975
33.4,863.0256356969279
33.6,862.6234913209286
33.8,862.2089193925235
34.0,861.7817258276666
34.2,861.3417138211862
34.4,860.8886839918908
34.6,860.4224345312327
34.8,859.942761355064
35.0,859.4494582579445
35.2,858.9423170693947
35.4,858.4211278114068
35.6,857.885678856452
35.8,857.3357570851425
36.0,856.7711480426292
36.2,856.1916360927328
36.4,855.5970045687303
36.6,854.9870359196385
36.8,854.3615118507588
37.0,853.7202134571796
37.2,853.0629213488556
37.4,852.3894157658269
37.6,851.6994766820748
37.8,850.9928838964641
38.0,850.2694171091798
38.2,849.5288559820227
38.4,848.7709801809153
38.6,847.995569398948
38.8,847.2024033582957
39.0,846.3912617893515
39.2,845.561924385444
39.4,844.7141707315502
39.6,843.8477802054708
39.8,842.9625318500081
40.0,842.0582042147762
40.2,841.1345751663825
40.4,840.1914216658392
40.6,839.2285195122121
40.8,838.2456430516683
41.0,837.2425648512658
41.2,836.2190553370169
41.4,835.1748823959723
41.6,834.1098109422952
41.8,833.0236024475348
42.0,831.9160144355606
42.2,830.7867999428836
42.4,829.635706945365
42.6,828.4624777525926
42.8,827.2668483714955
43.0,826.0485478410565
43.2,824.8072975402779
43.4,823.5428104718441
43.6,822.2547905242153
43.8,820.9429317151693
44.0,819.6069174200746
44.2,818.2464195884481
44.4,816.8610979525862
44.6,815.450599232294
44.8,814.0145563399401
45.0,812.5525875902521
45.2,811.0642959194249
45.4,809.5492681182477
45.6,808.0070740840526
45.8,806.4372660963634
46.0,804.8393781211514
46.2,803.2129251486106
46.4,801.5574025693253
46.6,799.8722855936306
46.8,798.1570287188553
47.0,796.4110652489841
47.2,794.6338068710959
47.4,792.8246432927007
47.6,790.9829419438437
47.8,789.10804774755
48.0,787.1992829618475
48.2,785.2559470962523
48.4,783.2773169052077
48.6,781.2626464605535
48.8,779.2111673046614
49.0,777.1220886854206
49.2,774.9945978737699
49.4,772.8278605639995
49.6,770.6210213565379
49.8,768.3732043224428
50.0,766.083513648313
