0.0,854.3979450522795
0.2,855.0804599426781
0.4,855.7478726858351
0.6,856.4003859026357
0.8,857.0382022248483
1.0,857.6615242670729
1.2,858.2705545973771
1.4,858.865495706609
1.6,859.4465499763811
1.8,860.0139196457282
2.0,860.5678067764402
2.2,861.1084132170865
2.4,861.635940565746
2.6,862.1505901314648
2.8,862.6525628944732
3.0,863.1420594651909
3.2,863.6192800420612
3.4,864.0844243682577
3.6,864.5376916873109
3.8,864.9792806977081
4.0,865.4093895065232
4.2,865.8282155821408
4.4,866.2359557061357
4.6,866.632805924381
4.8,867.0189614974576
5.0,867.3946168504374
5.2,867.7599655221259
5.4,868.1152001138388
5.6,868.4605122378035
5.8,868.7960924652664
6.0,869.1221302743988
6.2,869.4388139980869
6.4,869.746330771699
6.6,870.0448664809228
6.8,870.3346057097601
7.0,870.615731688778
7.2,870.8884262437017
7.4,871.1528697444468
7.6,871.4092410546789
7.8,871.657717481991
8.0,871.8984747287891
8.2,872.1316868439708
8.4,872.3575261754838
8.6,872.5761633238477
8.8,872.7877670967192
9.0,872.9925044645781
9.2,873.1905405176113
9.4,873.3820384238652
9.6,873.5671593887358
9.8,873.7460626158626
10.0,873.9189052694863
10.2,874.0858424383299
10.4,874.2470271010548
10.6,874.4026100933434
10.8,874.5527400766526
11.0,874.6975635086789
11.2,874.837224615571
11.4,874.9718653659248
11.6,875.101625446583
11.8,875.2266422402664
12.0,875.3470508050533
12.2,875.4629838557195
12.4,875.5745717469475
12.6,875.6819424584121
12.8,875.7852215817356
13.0,875.8845323093137
13.2,875.9799954249982
13.4,876.0717292966235
13.6,876.1598498703592
13.8,876.2444706668639
14.0,876.3257027792158
14.2,876.4036548725867
14.4,876.4784331856258
14.6,876.5501415335146
14.8,876.6188813126503
15.0,876.6847515069117
15.2,876.747848695459
15.4,876.8082670620158
15.6,876.8660984055766
15.8,876.9214321524837
16.0,876.9743553698116
16.2,877.024952779998
16.4,877.0733067766533
16.6,877.1194974414848
16.8,877.1636025622643
17.0,877.2056976517699
17.2,877.2458559676301
17.4,877.2841485329947
17.6,877.3206441579631
17.8,877.3554094616901
18.0,877.388508895096
18.2,877.4200047641048
18.4,877.4499572533327
18.6,877.4784244501537
18.8,877.5054623690605
19.0,877.5311249762506
19.2,877.5554642143578
19.4,877.5785300272557
19.6,877.6003703848585
19.8,877.6210313078461
20.0,877.6405568922411
20.2,877.658989333767
20.4,877.6763689519171
20.6,877.6927342136674
20.8,877.7081217567661
21.0,877.7225664125351
21.2,877.7361012281206
21.4,877.7487574881342
21.6,877.7605647356218
21.8,877.7715507923078
22.0,877.7817417780584
22.2,877.7911621295132
22.4,877.7998346178349
22.6,877.8077803655328
22.8,877.8150188623133
23.0,877.8215679799184
23.2,877.8274439859123
23.4,877.8326615563823
23.6,877.8372337875196
23.8,877.8411722060505
24.0,877.8444867784934
24.2,877.847185919215
24.4,877.8492764972667
24.6,877.8507638419836
24.8,877.8516517473321
25.0,877.8519424749932
25.2,877.8516367561755
25.4,877.8507337921517
25.6,877.8492312535176
25.8,877.8471252781738
26.0,877.8444104680367
26.2,877.8410798844853
26.4,877.8371250425542
26.6,877.8325359038888
26.8,877.8273008684787
27.0,877.8214067651887
27.2,877.8148388411137
27.4,877.807580749781
27.6,877.799614538231
27.8,877.790920633008
28.0,877.7814778250976
28.2,877.771263253847
28.4,877.7602523899116
28.6,877.7484190172681
28.8,877.7357352143453
29.0,877.7221713343158
29.2,877.707695984606
29.4,877.6922760056732
29.6,877.6758764491092
29.8,877.6584605551278
30.0,877.6399897294956
30.2,877.6204235199718
30.4,877.5997195923186
30.6,877.5778337059484
30.8,877.5547196892793
31.0,877.5303294148642
31.2,877.5046127743663
31.4,877.4775176534531
31.6,877.4489899066832
31.8,877.4189733324574
32.0,877.3874096481112
32.2,877.354238465224
32.4,877.3193972652211
32.6,877.2828213753446
32.8,877.2444439450688
33.0,877.2041959230398
33.2,877.1620060346112
33.4,877.117800760054
33.6,877.0715043135173
33.8,877.02303862281
34.0,876.9723233100809
34.2,876.9192756734672
34.4,876.8638106697814
34.6,876.8058408983088
34.8,876.7452765857789
35.0,876.682025572579
35.2,876.6159933002724
35.4,876.5470828004808
35.6,876.4751946851906
35.8,876.4002271385378
36.0,876.322075910124
36.2,876.2406343099123
36.4,876.1557932047521
36.6,876.067441016571
36.8,875.9754637222771
37.0,875.8797448554039
37.2,875.7801655095317
37.4,875.6766043435111
37.6,875.5689375885145
37.8,875.4570390569306
38.0,875.3407801531214
38.2,875.2200298860478
38.4,875.0946548837736
38.6,874.9645194098464
38.8,874.8294853815522
39.0,874.6894123900377
39.2,874.5441577222855
39.4,874.3935763849273
39.6,874.2375211298698
39.8,874.0758424817107
40.0,873.9083887669099
40.2,873.7350061446831
40.4,873.555538639576
40.6,873.369828175675
40.8,873.1777146124064
41.0,872.9790357818686
41.2,872.7736275276445
41.4,872.5613237450292
41.6,872.3419564226106
41.8,872.1153556851347
42.0,871.881349837584
42.2,871.6397654103943
42.4,871.3904272057324
42.6,871.1331583447562
42.8,870.867780315772
43.0,870.5941130232079
43.2,870.3119748373127
43.4,870.0211826444964
43.6,869.7215518982202
43.8,869.4128966703456
44.0,869.0950297028543
44.2,868.7677624598417
44.4,868.4309051796998
44.6,868.0842669273903
44.8,867.727655646723
45.0,867.3608782125449
45.2,866.9837404827548
45.4,866.5960473500526
45.6,866.197602793338
45.8,865.7882099286775
46.0,865.3676710597546
46.2,864.9357877277268
46.4,864.4923607604128
46.6,864.0371903207371
46.8,863.5700759543631
47.0,863.0908166364507
47.2,862.5992108174727
47.4,862.0950564680394
47.6,861.578151122672
47.8,861.0482919224811
48.0,860.5052756567057
48.2,859.9488988030731
48.4,859.3789575669484
48.6,858.7952479192447
48.8,858.1975656330703
49.0,857.5857063190992
49.2,856.9594654596482
49.4,856.3186384414588
49.6,855.6630205871818
49.8,854.9924071855693
50.0,854.306593520385
