0.0,508.8950193072912
0.2,514.7328158201365
0.4,520.4997360746047
0.6,526.1957614230195
0.8,531.8208960460099
1.0,537.3751674281631
1.2,542.8586267536227
1.4,548.2713492209534
1.6,553.6134342769593
1.8,558.8850057695123
2.0,564.0862120198165
2.2,569.2172258148937
2.4,574.2782443214343
2.6,579.2694889224973
2.8,584.1912049788843
3.0,589.0436615173263
3.2,593.8271508479318
3.4,598.54198811363
3.6,603.1885107746143
3.8,607.7670780310351
4.0,612.278070187426
4.2,616.7218879625436
4.4,621.0989517484886
4.6,625.4097008231262
4.8,629.6545925199612
5.0,633.8341013597244
5.2,637.9487181480087
5.4,641.9989490433474
5.6,645.9853146001574
5.8,649.9083487909733
6.0,653.7685980123744
6.2,657.5666200789683
6.4,661.3029832097203
6.6,664.9782650108295
6.8,668.5930514592451
7.0,672.1479358907781
7.2,675.6435179966195
7.4,679.0804028319072
7.6,682.459199839801
7.8,685.7805218943284
8.0,689.04498436506
8.2,692.2532042064443
8.4,695.4057990744138
8.6,698.5033864726347
8.8,701.546582930527
9.0,704.5360032149487
9.2,707.4722595771784
9.4,710.3559610365954
9.6,713.1877127022005
9.8,715.9681151328871
10.0,718.6977637371263
10.2,721.3772482125017
10.4,724.0071520253018
10.6,726.5880519301571
10.8,729.1205175295083
11.0,731.6051108724831
11.2,734.0423860925813
11.4,736.4328890833857
11.6,738.7771572113585
11.8,741.0757190646275
12.0,743.3290942365362
12.2,745.5377931426043
12.4,747.7023168694387
12.6,749.8231570540435
12.8,751.900795791889
13.0,753.9357055720434
13.2,755.9283492376111
13.4,757.8791799696845
13.6,759.7886412929927
13.8,761.6571671014113
14.0,763.4851817015042
14.2,765.2730998722687
14.4,767.0213269392874
14.6,768.7302588615121
14.8,770.4002823289507
15.0,772.0317748695787
15.2,773.6251049638493
15.4,775.1806321652458
15.6,776.6987072253896
15.8,778.1796722222911
16.0,779.623860690416
16.2,781.0315977513227
16.4,782.4032002437127
16.6,783.738976851832
16.8,785.0392282312487
17.0,786.3042471311279
17.2,787.5343185122181
17.4,788.7297196598557
17.6,789.8907202913879
17.8,791.017582657503
18.0,792.1105616370475
18.2,793.1699048249935
18.4,794.195852613305
18.6,795.1886382645274
18.8,796.1484879780077
19.0,797.0756209487143
19.2,797.9702494187044
19.4,798.8325787213382
19.6,799.6628073184094
19.8,800.461126830404
20.0,801.2277220601577
20.2,801.9627710102164
20.4,802.6664448942536
20.6,803.3389081429219
20.8,803.9803184045525
21.0,804.5908265411355
21.2,805.1705766200364
21.4,805.7197059019163
21.6,806.2383448253338
21.8,806.726616988513
22.0,807.1846391287634
22.2,807.6125211000325
22.4,808.0103658490677
22.6,808.3782693906531
22.8,808.7163207823727
23.0,809.0246020993344
23.2,809.30318840927
23.4,809.552147748402
23.6,809.7715410984458
23.8,809.9614223650822
24.0,810.121838358212
24.2,810.2528287742681
24.4,810.3544261808281
24.6,810.4266560037363
24.8,810.469536516906
25.0,810.4830788349383
25.2,810.4672869086525
25.4,810.4221575235879
25.6,810.3476803014948
25.8,810.243837704796
26.0,810.1106050439593
26.2,809.947950487684
26.4,809.7558350757681
26.6,809.5342127344799
26.8,809.2830302942283
27.0,809.0022275092884
27.2,808.6917370793032
27.4,808.3514846722532
27.6,807.9813889485563
27.8,807.58136158593
28.0,807.1513073046235
28.2,806.6911238926057
28.4,806.2007022302736
28.6,805.67992631423
28.8,805.1286732796628
29.0,804.5468134208522
29.2,803.9342102093218
29.4,803.2907203091496
29.6,802.6161935889528
29.8,801.9104731300706
30.0,801.1733952304745
30.2,800.4047894039536
30.4,799.604478374139
30.6,798.772278062958
30.8,797.907997573133
31.0,797.0114391643825
31.2,796.082398223008
31.4,795.1206632246067
31.6,794.12601568969
31.8,793.0982301320448
32.0,792.0370739997334
32.2,790.9423076086888
32.4,789.813684068932
32.6,788.6509492035082
32.8,787.4538414603135
33.0,786.2220918170692
33.2,784.9554236797735
33.4,783.6535527750573
33.6,782.3161870369507
33.8,780.9430264886653
34.0,779.5337631200778
34.2,778.0880807617096
34.4,776.6056549560756
34.6,775.0861528273774
34.8,773.5292329506067
35.0,771.934545221212
35.2,770.3017307265766
35.4,768.630421620633
35.6,766.9202410030284
35.8,765.1708028043246
36.0,763.3817116787925
36.2,761.5525629064242
36.4,759.6829423058408
36.6,757.7724261598277
36.8,755.8205811552663
37.0,753.826964339266
37.2,751.7911230933166
37.4,749.7125951272967
37.6,747.5909084951696
37.8,745.425581634184
38.0,743.216123429374
38.2,740.9620333051097
38.4,738.6628013454009
38.6,736.3179084445874
38.8,733.9268264899702
39.0,731.4890185778432
39.2,729.0039392642786
39.4,726.47103485189
39.6,723.8897437136706
39.8,721.259496654848
40.0,718.5797173135325
40.2,715.8498226007662
40.4,713.0692231803902
40.6,710.2373239889463
40.8,707.3535247956264
41.0,704.4172208020591
41.2,701.4278032815023
41.4,698.384660256775
41.6,695.2871772160217
41.8,692.1347378651651
42.0,688.9267249156511
42.2,685.6625209058485
42.4,682.341509054215
42.6,678.963074142102
42.8,675.5266034238252
43.0,672.0314875613946
43.2,668.4771215810697
43.4,664.8629058486885
43.6,661.1882470605046
43.8,657.4525592460769
44.0,653.6552647795696
44.2,649.7957953956567
44.4,645.873593206072
44.6,641.8881117127177
44.8,637.8388168131318
45.0,633.7251877940236
45.2,629.5467183085209
45.4,625.3029173327253
45.6,620.993310097152
45.8,616.6174389886339
46.0,612.1748644183014
46.2,607.6651656512979
46.4,603.0879415939788
46.6,598.4428115344405
46.8,593.7294158323617
47.0,588.9474165542944
47.2,584.0964980507206
47.4,579.1763674713989
47.6,574.1867552157493
47.8,569.1274153152725
48.0,563.9981257452741
48.2,558.7986886634441
48.4,553.5289305731527
48.6,548.1887024096445
48.8,542.7778795476405
49.0,537.2963617292089
49.2,531.7440729111204
49.4,526.12096103126
49.6,520.4269976940407
49.8,514.6621777751308
50.0,508.82651894617663
