0.0,817.7699225306989
0.2,819.6694381056582
0.4,821.525238083465
0.6,823.3375190885387
0.8,825.1065014951208
1.0,826.8324303662829
1.2,828.5155762466161
1.4,830.1562358046373
1.6,831.7547323220859
1.8,833.3114160284433
2.0,834.826664280155
2.2,836.3008815851838
2.4,837.7344994746395
2.6,839.1279762243232
2.8,840.4817964300673
3.0,841.7964704417567
3.2,843.0725336618447
3.4,844.3105457150547
3.6,845.511089496752
3.8,846.6747701081813
4.0,847.8022136874051
4.2,848.8940661453115
4.4,849.9509918165146
4.6,850.9736720353241
4.8,851.9628036472255
5.0,852.9190974664765
5.2,853.8432766904995
5.4,854.736075281738
5.6,855.5982363275347
5.8,856.4305103884051
6.0,857.233653844811
6.2,858.0084272521979
6.4,858.7555937136508
6.6,859.4759172790538
6.8,860.1701613791093
7.0,860.8390873020072
7.2,861.4834527199113
7.4,862.1040102717939
7.6,862.7015062084721
7.8,863.2766791050126
8.0,863.8302586449703
8.2,864.3629644802254
8.4,864.8755051694811
8.6,865.3685771977927
8.8,865.8428640788261
9.0,866.2990355408881
9.2,866.7377467971394
9.4,867.15963789981
9.6,867.5653331776648
9.8,867.9554407554463
10.0,868.3305521535335
10.2,868.6912419656119
10.4,869.0380676117481
10.6,869.3715691639145
10.8,869.692269240688
11.0,870.0006729675986
11.2,870.2972679993687
11.4,870.5825246001209
11.6,870.8568957774955
11.8,871.1208174665271
12.0,871.3747087590788
12.2,871.6189721746184
12.4,871.8539939681393
12.6,872.0801444710786
12.8,872.2977784611663
13.0,872.5072355572469
13.2,872.708840635239
13.4,872.9029042615534
13.6,873.089723140454
13.8,873.2695805720246
14.0,873.4427469176035
14.2,873.6094800697421
14.4,873.7700259239577
14.6,873.9246188497591
14.8,874.0734821586361
15.0,874.2168285669244
15.2,874.3548606516575
15.4,874.4877712977357
15.6,874.6157441349336
15.8,874.7389539634734
16.0,874.8575671670656
16.2,874.9717421125114
16.4,875.0816295351156
16.6,875.1873729093287
16.8,875.2891088041778
17.0,875.3869672231859
17.2,875.4810719286044
17.4,875.5715407498968
17.6,875.6584858765194
17.8,875.7420141351329
18.0,875.8222272514643
18.2,875.8992220971103
18.4,875.9730909216344
18.6,876.0439215703652
18.8,876.1117976883459
19.0,876.1767989109225
19.2,876.2390010414865
19.4,876.2984762169073
19.6,876.3552930612093
19.8,876.4095168280514
20.0,876.4612095325756
20.2,876.5104300731884
20.4,876.5572343438325
20.6,876.6016753372974
20.8,876.6438032401085
21.0,876.683665519515
21.2,876.7213070030822
21.4,876.7567699513728
21.6,876.7900941241841
21.8,876.8213168407814
22.0,876.8504730345504
22.2,876.8775953024611
22.4,876.9027139497196
22.6,876.9258570299504
22.8,876.9470503812393
23.0,876.9663176583275
23.2,876.9836803612401
23.4,876.9991578605926
23.6,877.0127674198086
23.8,877.0245242144483
24.0,877.0344413488317
24.2,877.0425298701128
24.4,877.0487987799459
24.6,877.0532550438529
24.8,877.0559035983918
25.0,877.0567473561932
25.2,877.0557872089215
25.4,877.0530220281887
25.6,877.0484486644326
25.8,877.0420619437508
26.0,877.0338546626572
26.2,877.0238175807127
26.4,877.0119394109571
26.6,876.9982068080483
26.8,876.9826043539971
27.0,876.9651145413588
27.2,876.9457177537261
27.4,876.9243922433416
27.6,876.901114105628
27.8,876.875857250408
28.0,876.8485933695665
28.2,876.8192919008792
28.4,876.7879199877113
28.6,876.7544424342642
28.8,876.7188216560222
29.0,876.6810176250308
29.2,876.6409878096094
29.4,876.5986871080822
29.6,876.5540677760844
29.8,876.5070793469815
30.0,876.4576685449169
30.2,876.4057791899854
30.4,876.3513520950116
30.6,876.2943249533972
30.8,876.2346322174918
31.0,876.1722049669285
31.2,876.1069707663631
31.4,876.0388535120553
31.6,875.9677732667305
31.8,875.8936460821753
32.0,875.8163838090275
32.2,875.7358938932508
32.4,875.6520791588074
32.6,875.5648375760769
32.8,875.4740620156217
33.0,875.3796399869414
33.2,875.2814533619318
33.4,875.1793780828264
33.6,875.0732838544891
33.8,874.9630338210121
34.0,874.8484842266827
34.2,874.7294840614916
34.4,874.605874691487
34.6,874.4774894744085
34.8,874.3441533611881
35.0,874.2056824840605
35.2,874.0618837321946
35.4,873.9125543159344
35.6,873.7574813209256
35.8,873.5964412535996
36.0,873.4291995796822
36.2,873.2555102576115
36.4,873.0751152689463
36.6,872.8877441480731
36.8,872.6931135137211
37.0,872.4909266050148
37.2,872.2808728249944
37.4,872.0626272947397
37.6,871.8358504214245
37.8,871.6001874838062
38.0,871.3552682388251
38.2,871.100706553135
38.4,870.8361000635146
38.6,870.5610298702172
38.8,870.2750602673935
39.0,869.9777385147737
39.2,869.6685946548162
39.4,869.3471413795119
39.6,869.0128739509831
39.8,868.6652701799252
40.0,868.303790465806
40.2,867.9278779025652
40.4,867.5369584533364
40.6,867.1304411974497
40.8,866.7077186526692
41.0,866.268167175258
41.2,865.8111474400722
41.4,865.3360050024364
41.6,864.8420709430723
41.8,864.3286625968234
42.0,863.7950843653605
42.2,863.240628613451
42.4,862.6645766477508
42.6,862.066199776424
42.8,861.4447604472244
43.0,860.7995134609758
43.2,860.1297072567004
43.4,859.434585263934
43.6,858.7133873170726
43.8,857.9653511259072
44.0,857.1897137958317
44.2,856.385713390569
44.4,855.5525905296425
44.6,854.6895900122553
44.8,853.7959624587083
45.0,852.870965960027
45.2,851.9138677260513
45.4,850.9239457219059
45.6,849.9004902825026
45.8,848.8428056945386
46.0,847.7502117353469
46.2,846.6220451579443
46.4,845.4576611116934
46.6,844.2564344881624
46.8,843.0177611820286
47.0,841.741059257227
47.2,840.4257700089923
47.4,839.0713589129871
47.6,837.6773164533325
47.8,836.2431588220802
48.0,834.7684284834484
48.2,833.2526945970209
48.4,831.6955532950413
48.6,830.0966278099249
48.8,828.4555684491627
49.0,826.7720524158734
49.2,825.0457834743825
49.4,823.2764914613434
49.6,821.4639316440715
49.8,819.6078839289084
50.0,817.7081519235757
