0.0,834.0807335390259
0.2,836.0758463874703
0.4,837.9923199460794
0.6,839.8290584355022
0.8,841.5854670507861
1.0,843.2614544665392
1.2,844.8574253501401
1.4,846.3742633805139
1.6,847.8133055388012
1.8,849.1763086695888
2.0,850.4654094990727
2.2,851.6830794337959
2.4,852.8320755472357
2.6,853.9153891909585
2.8,854.9361936442539
3.0,855.897792145378
3.2,856.8035675349213
3.4,857.6569345950345
3.6,858.4612959959092
3.8,859.22000257209
4.0,859.9363184549599
4.2,860.61339139259
4.4,861.2542284017919
4.6,861.8616767260808
4.8,862.4384099224854
5.0,862.9869187733191
5.2,863.5095066182432
5.4,864.0082886279403
5.6,864.4851944928171
5.8,864.9419739767529
6.0,865.3802047844281
6.2,865.8013022080884
6.4,866.2065300522208
6.6,866.5970123788826
6.8,866.9737456687668
7.0,867.3376110501614
7.2,867.6893863067447
7.4,868.0297574331302
7.6,868.3593295621419
7.8,868.6786371384077
8.0,868.9881532579118
8.2,869.2882981320323
8.4,869.5794466670262
8.6,869.8619351760265
8.8,870.1360672606868
9.0,870.4021189141923
9.2,870.6603429070751
9.4,870.9109725228536
9.6,871.1542247126688
9.8,871.3903027375356
10.0,871.6193983642022
10.2,871.8416936765268
10.4,872.0573625592225
10.6,872.2665719052285
10.8,872.4694825921679
11.0,872.6662502676248
11.2,872.857025977496
11.4,873.0419566665832
11.6,873.2211855759708
11.8,873.3948525576204
12.0,873.5630943230119
12.2,873.7260446395653
12.4,873.8838344859405
12.6,874.036592175114
12.8,874.1844434523008
13.0,874.3275115733046
13.2,874.4659173676655
13.4,874.5997792900124
13.6,874.7292134622569
13.8,874.854333708663
14.0,874.9752515853617
14.2,875.0920764055052
14.4,875.2049152609902
14.6,875.3138730414564
14.8,875.4190524511074
15.0,875.5205540237815
15.2,875.6184761366052
15.4,875.7129150224911
15.6,875.8039647816937
15.8,875.8917173925901
16.0,875.976262721827
16.2,876.05768853395
16.4,876.1360805006087
16.6,876.2115222094214
16.8,876.2840951725657
17.0,876.3538788351533
17.2,876.4209505834376
17.4,876.4853857528939
17.6,876.5472576362059
17.8,876.6066374911861
18.0,876.6635945486505
18.2,876.7181960202652
18.4,876.7705071063746
18.6,876.8205910038204
18.8,876.8685089137535
19.0,876.9143200494393
19.2,876.9580816440529
19.4,876.9998489584582
19.6,877.0396752889625
19.8,877.0776119750361
20.0,877.1137084069825
20.2,877.1480120335475
20.4,877.1805683694497
20.6,877.2114210028145
20.8,877.2406116024971
21.0,877.2681799252721
21.2,877.2941638228732
21.4,877.3185992488623
21.6,877.3415202653082
21.8,877.3629590492574
22.0,877.3829458989738
22.2,877.4015092399329
22.4,877.4186756305465
22.6,877.4344697676052
22.8,877.4489144914166
23.0,877.4620307906263
23.2,877.4738378067027
23.4,877.4843528380728
23.6,877.4935913438954
23.8,877.5015669474568
24.0,877.5082914391802
24.2,877.5137747792369
24.4,877.5180250997499
24.6,877.5210487065838
24.8,877.5228500807136
25.0,877.5234318791672
25.2,877.5227949355383
25.4,877.520938260068
25.6,877.5178590392936
25.8,877.5135526352658
26.0,877.508012584336
26.2,877.5012305955174
26.4,877.493196548425
26.6,877.4838984908002
26.8,877.4733226356285
27.0,877.4614533578587
27.2,877.4482731907328
27.4,877.4337628217417
27.6,877.4179010882136
27.8,877.4006649725551
28.0,877.3820295971542
28.2,877.3619682189659
28.4,877.3404522237923
28.6,877.3174511202792
28.8,877.2929325336435
29.0,877.2668621991525
29.2,877.2392039553741
29.4,877.2099197372155
29.6,877.1789695687723
29.8,877.1463115560066
30.0,877.1119018792739
30.2,877.0756947857178
30.4,877.0376425815521
30.6,876.9976956242476
30.8,876.9558023146402
31.0,876.9119090889791
31.2,876.8659604109259
31.4,876.817898763521
31.6,876.7676646411265
31.8,876.7151965413558
32.0,876.6604309569958
32.2,876.6033023679256
32.4,876.5437432330331
32.6,876.4816839821254
32.8,876.4170530078287
33.0,876.349776657464
33.2,876.2797792248865
33.4,876.2069829422664
33.6,876.1313079717856
33.8,876.052672397217
34.0,875.9709922153502
34.2,875.8861813272141
34.4,875.7981515290404
34.6,875.7068125029027
34.8,875.6120718069516
35.0,875.5138348651516
35.2,875.4120049564062
35.4,875.3064832029347
35.6,875.1971685577315
35.8,875.083957790902
36.0,874.9667454746132
36.2,874.8454239663295
36.4,874.7198833899105
36.6,874.5900116140284
36.8,874.4556942271997
37.0,874.3168145085109
37.2,874.1732533928454
37.4,874.0248894290515
37.6,873.8715987290242
37.8,873.7132549050702
38.0,873.5497289921664
38.2,873.3808893507453
38.4,873.2066015444531
38.6,873.0267281858172
38.8,872.8411287409596
39.0,872.6496592822776
39.2,872.452172175398
39.4,872.2485156836111
39.6,872.0385334694057
39.8,871.8220639686148
40.0,871.5989396080764
40.2,871.3689858326309
40.4,871.1320199018162
40.6,870.8878494109026
40.8,870.636270485125
41.0,870.3770655903912
41.2,870.1100008986979
41.4,869.8348231424055
41.6,869.5512558889125
41.8,869.2589951667027
42.0,868.9577043759042
42.2,868.6470084220451
42.4,868.3264870214089
42.6,867.9956671409236
42.8,867.6540145555591
43.0,867.3009245322323
43.2,866.935711681598
43.4,866.5575990578861
43.6,866.1657066319018
43.8,865.7590393127965
44.0,865.3364747491564
44.2,864.8967511977901
44.4,864.4384558072582
44.6,863.9600137201168
44.8,863.4596784500783
45.0,862.9355240344534
45.2,862.385439494781
45.4,861.807126155837
45.6,861.1980983717306
45.8,860.5556881844445
46.0,859.8770543923929
46.2,859.1591964327121
46.4,858.3989733804578
46.6,857.593128241346
46.8,856.7383175642364
47.0,855.83114622884
47.2,854.8682070781823
47.4,853.8461248706695
47.6,852.7616038308101
47.8,851.6114778892654
48.0,850.3927625309643
48.2,849.1027070235741
48.4,847.7388456862768
48.6,846.2990467881796
48.8,844.7815576429529
49.0,843.185044495669
49.2,841.5086258812677
49.4,839.7518982710444
49.6,837.9149530108343
49.8,835.9983837863882
50.0,834.0032841196361
