0.0,807.0212410426493
0.2,808.9912806211256
0.4,810.9207574955298
0.6,812.8100203437973
0.8,814.659424370505
1.0,816.4693315781856
1.2,818.2401110081597
1.4,819.9721389498097
1.6,821.6657991173829
1.8,823.3214827935709
2.0,824.9395889392804
2.2,826.5205242691742
2.4,828.0647032927322
2.6,829.5725483207491
2.8,831.0444894373503
3.0,832.4809644377751
3.2,833.8824187323343
3.4,835.2493052171071
3.6,836.5820841120992
3.8,837.8812227677195
4.0,839.1471954405833
4.2,840.3804830397778
4.4,841.5815728448468
4.6,842.750958196872
4.8,843.8891381641323
5.0,844.9966171839187
5.2,846.0739046821689
5.4,847.1215146726632
5.6,848.1399653375869
5.8,849.1297785913192
6.0,850.0914796293542
6.2,851.0255964642879
6.4,851.932659450832
6.6,852.8132008018218
6.8,853.6677540971879
7.0,854.4968537878519
7.2,855.3010346964842
7.4,856.0808315170328
7.6,856.8367783148956
7.8,857.5694080295563
8.0,858.2792519814525
8.2,858.9668393847788
8.4,859.6326968678567
8.6,860.277348002627
8.8,860.9013128447385
9.0,861.5051074856165
9.2,862.0892436178029
9.4,862.6542281147672
9.6,863.20056262628
9.8,863.7287431903508
10.0,864.2392598626186
10.2,864.7325963639831
10.4,865.2092297471623
10.6,865.6696300827533
10.8,866.1142601652731
11.0,866.5435752395516
11.2,866.958022747751
11.4,867.3580420971857
11.6,867.7440644490234
11.8,868.1165125278565
12.0,868.475800452044
12.2,868.8223335846438
12.4,869.1565084046688
12.6,869.478712398334
12.8,869.7893239698873
13.0,870.0887123715514
13.2,870.3772376520474
13.4,870.6552506231129
13.6,870.9230928433839
13.8,871.18109661896
14.0,871.4295850199375
14.2,871.6688719121616
14.4,871.8992620034235
14.6,872.1210509032985
14.8,872.3345251958137
15.0,872.539962524112
15.2,872.7376316862745
15.4,872.9277927414639
15.6,873.1106971255422
15.8,873.2865877753297
16.0,873.4556992606749
16.2,873.6182579235185
16.4,873.7744820231485
16.6,873.9245818868611
16.8,874.0687600652635
17.0,874.2072114914739
17.2,874.3401236435027
17.4,874.4676767091223
17.6,874.5900437525612
17.8,874.7073908823885
18.0,874.8198774199827
18.2,874.9276560680123
18.4,875.030873078384
18.6,875.1296684191481
18.8,875.224175939882
19.0,875.3145235351031
19.2,875.4008333052946
19.4,875.4832217151579
19.6,875.5617997487378
19.8,875.6366730610895
20.0,875.7079421261946
20.2,875.7757023808504
20.4,875.8400443642921
20.6,875.9010538533242
20.8,875.9588119927693
21.0,876.0133954210573
21.2,876.0648763908057
21.4,876.1133228842558
21.6,876.1587987234515
21.8,876.2013636750618
22.0,876.2410735497658
22.2,876.2779802961302
22.4,876.3121320889229
22.6,876.3435734118185
22.8,876.3723451344595
23.0,876.3984845838454
23.2,876.4220256100333
23.4,876.4429986461311
23.6,876.4614307625797
23.8,876.4773457157166
24.0,876.4907639906215
24.2,876.5017028382426
24.4,876.5101763068077
24.6,876.516195267522
24.8,876.5197674345573
25.0,876.520897379335
25.2,876.5195865391056
25.4,876.5158332198271
25.6,876.5096325933425
25.8,876.5009766888585
26.0,876.4898543787203
26.2,876.4762513584859
26.4,876.4601501212928
26.6,876.4415299265183
26.8,876.4203667627279
27.0,876.396633304913
27.2,876.3702988660174
27.4,876.3413293427523
27.6,876.3096871557099
27.8,876.275331183781
28.0,876.2382166928912
28.2,876.1982952590804
28.4,876.1555146859467
28.6,876.1098189164965
28.8,876.0611479394436
29.0,876.0094376900151
29.2,875.9546199453333
29.4,875.8966222144568
29.6,875.8353676231787
29.8,875.770774793698
30.0,875.7027577192952
30.2,875.6312256341671
30.4,875.5560828785932
30.6,875.477228759629
30.8,875.3945574075476
31.0,875.3079576282707
31.2,875.217312752065
31.4,875.1225004787967
31.6,875.0233927200721
31.8,874.9198554386222
32.0,874.8117484853124
32.2,874.6989254341971
32.4,874.5812334160643
32.6,874.4585129509493
32.8,874.3305977801282
33.0,874.1973146981326
33.2,874.0584833853578
33.4,873.913916241869
33.6,873.7634182230382
33.8,873.6067866776762
34.0,873.4438111893452
34.2,873.2742734215758
34.4,873.0979469677216
34.6,872.9145972062198
34.8,872.7239811620401
35.0,872.5258473751198
35.2,872.3199357766048
35.4,872.1059775737199
35.6,871.8836951441045
35.8,871.6528019404527
36.0,871.413002406297
36.2,871.1639919037701
36.4,870.905456654175
36.6,870.6370736921747
36.8,870.3585108343992
37.0,870.0694266632474
37.2,869.7694705266243
37.4,869.4582825543334
37.6,869.135493691796
37.8,868.8007257517309
38.0,868.4535914843779
38.2,868.0936946667929
38.4,867.7206302116863
38.6,867.3339842962071
38.8,866.9333345110095
39.0,866.5182500298629
39.2,866.0882917999847
39.4,865.6430127531985
39.6,865.1819580379207
39.8,864.7046652719031
40.0,864.2106648155489
40.2,863.6994800655326
40.4,863.1706277683496
40.6,862.6236183533205
40.8,862.0579562844703
41.0,861.4731404306028
41.2,860.86866445278
41.4,860.2440172083169
41.6,859.5986831702974
41.8,858.9321428615159
42.0,858.2438733016503
42.2,857.5333484663759
42.4,856.8000397570379
42.6,856.0434164794135
42.8,855.2629463300086
43.0,854.4580958882623
43.2,853.6283311129567
43.4,852.7731178410709
43.6,851.8919222872576
43.8,850.9842115420779
44.0,850.0494540670871
44.2,849.0871201848365
44.4,848.0966825618367
44.6,847.0776166825158
44.8,846.0294013122091
45.0,844.9515189472241
45.2,843.843456250051
45.4,842.704704467815
45.6,841.5347598321194
45.8,840.3331239384719
46.0,839.0993041035605
46.2,837.8328136987183
46.4,836.5331724580008
46.6,835.1999067593997
46.8,833.8325498778188
47.0,832.4306422085572
47.2,830.9937314601656
47.4,829.5213728156757
47.6,828.0131290613392
47.8,826.4685706821633
48.0,824.8872759236758
48.2,823.2688308195156
48.4,821.6128291846001
48.6,819.9188725737872
48.8,818.186570206119
49.0,816.4155388548927
49.2,814.6054027039838
49.4,812.7557931710031
49.6,810.8663486980406
49.8,808.9367145109079
50.0,806.9665423479498
