0.0,777.3914494231242
0.2,779.3510830487573
0.4,781.2838120392379
0.6,783.1909590958122
0.8,785.0737050702536
1.0,786.9330879398258
1.2,788.770003497481
1.4,790.5852077044416
1.6,792.3793206215348
1.8,794.1528318074984
2.0,795.9061070476657
2.2,797.6393962555094
2.4,799.3528423729285
2.6,801.046491083178
2.8,802.7203011431105
3.0,804.3741551389045
3.2,806.0078704715568
3.4,807.6212103848145
3.6,809.2138948585388
3.8,810.7856112042141
4.0,812.3360242158894
4.2,813.8647857486436
4.4,815.3715436170526
4.6,816.8559497274657
4.8,818.3176673795392
5.0,819.7563776938313
5.2,821.1717851428124
5.4,822.5636221819036
5.6,823.9316529947498
5.8,825.2756763825486
6.0,826.595527840674
6.2,827.8910808769291
6.4,829.1622476344683
6.6,830.4089788887895
6.8,831.6312634922874
7.0,832.8291273418291
7.2,834.0026319448633
7.4,835.1518726579183
7.6,836.2769766682462
7.8,837.37810078507
8.0,838.4554291016807
8.2,839.5091705837272
8.4,840.5395566327326
8.6,841.5468386673278
8.8,842.5312857581584
9.0,843.4931823460219
9.2,844.4328260667124
9.4,845.3505257003543
9.6,846.2465992578141
9.8,847.1213722121281
10.0,847.9751758788067
10.2,848.8083459453836
10.4,849.6212211476691
10.6,850.4141420878007
10.8,851.1874501873456
11.0,851.94148676734
11.2,852.6765922462076
11.4,853.3931054459216
11.6,854.0913629965313
11.8,854.7716988291719
12.0,855.4344437479111
12.2,856.0799250711773
12.4,856.7084663340298
12.6,857.3203870431453
12.8,857.9160024770505
13.0,858.4956235248274
13.2,859.0595565572077
13.4,859.608103324661
13.6,860.14156087773
13.8,860.6602215054909
14.0,861.1643726885861
14.2,861.6542970638027
14.4,862.130272397644
14.6,862.5925715667677
14.8,863.0414625435324
15.0,863.4772083852251
15.2,863.900067225823
15.4,864.3102922693818
15.6,864.7081317843506
15.8,865.0938290982808
16.0,865.4676225925383
16.2,865.829745696746
16.4,866.1804268827746
16.6,866.5198896581742
16.8,866.8483525589994
17.0,867.1660291420212
17.2,867.4731279763563
17.4,867.769852634565
17.6,868.0564016832866
17.8,868.3329686734913
18.0,868.5997421304331
18.2,868.856905543388
18.4,869.1046373552642
18.6,869.3431109521638
18.8,869.5724946529723
19.0,869.792951699047
19.2,870.0046402440664
19.4,870.2077133440981
19.6,870.4023189479337
19.8,870.5885998877329
20.0,870.766693870012
20.2,870.9367334670059
20.4,871.0988461084243
20.6,871.2531540736217
20.8,871.3997744841887
21.0,871.5388192969745
21.2,871.6703952975405
21.4,871.794604094045
21.6,871.9115421115529
21.8,872.0213005867629
22.0,872.1239655631442
22.2,872.2196178864662
22.4,872.3083332007128
22.6,872.3901819443631
22.8,872.4652293470248
23.0,872.5335354264034
23.2,872.5951549855935
23.4,872.6501376106728
23.6,872.6985276685886
23.8,872.7403643053173
24.0,872.775681444287
24.2,872.8045077850501
24.4,872.8268668021923
24.6,872.8427767444724
24.8,872.8522506341824
25.0,872.8552962667211
25.2,872.851916210378
25.4,872.8421078063244
25.6,872.8258631688105
25.8,872.8031691855679
26.0,872.7740075184236
26.2,872.7383546041266
26.4,872.696181655395
26.6,872.6474546621921
26.8,872.5921343932391
27.0,872.5301763977775
27.2,872.4615310075912
27.4,872.3861433393046
27.6,872.3039532969678
27.8,872.2148955749468
28.0,872.118899661132
28.2,872.0158898404826
28.4,871.9057851989214
28.6,871.7884996275955
28.8,871.6639418275182
29.0,871.5320153146045
29.2,871.3926184251126
29.4,871.2456443215019
29.6,871.0909809987149
29.8,870.9285112908872
30.0,870.7581128784877
30.2,870.579658295888
30.4,870.3930149393525
30.6,870.198045075439
30.8,869.9946058497936
31.0,869.7825492963169
31.2,869.5617223466741
31.4,869.3319668401122
31.6,869.0931195335453
31.8,868.8450121118556
32.0,868.5874711983572
32.2,868.3203183653576
32.4,868.0433701447472
32.6,867.7564380385422
32.8,867.4593285292999
33.0,867.1518430903203
33.2,866.8337781955527
33.4,866.5049253291191
33.6,866.1650709943808
33.8,865.813996722475
34.0,865.451479080275
34.2,865.077289677741
34.4,864.6911951746719
34.6,864.292957286902
34.8,863.8823327920558
35.0,863.4590735350378
35.2,863.0229264335371
35.4,862.5736334839343
35.6,862.1109317681422
35.8,861.6345534620874
36.0,861.1442258467328
36.2,860.6396713227938
36.4,860.1206074305744
36.6,859.5867468766788
36.8,859.0377975697274
37.0,858.4734626676288
37.2,857.8934406394321
37.4,857.2974253453126
37.6,856.6851061388112
37.8,856.0561679960703
38.0,855.4102916774614
38.2,854.7471539276834
38.4,854.0664277211037
38.6,853.3677825598054
38.8,852.650884832465
39.0,851.9153982427941
39.2,851.1609843167954
39.4,850.3873029984753
39.6,849.5940133438868
39.8,848.7807743233788
40.0,847.9472457416817
40.2,847.093089284882
40.4,846.2179697023951
40.6,845.3215561306836
40.8,844.4035235636213
41.0,843.4635544720451
41.2,842.5013405721307
41.4,841.5165847387327
41.6,840.509003055759
41.8,839.4783269910029
42.0,838.4243056776609
42.2,837.3467082790804
42.4,836.2453264071994
42.6,835.1199765587478
42.8,833.9705025267481
43.0,832.796777738318
43.2,831.5987074634664
43.4,830.3762308336778
43.6,829.1293226038711
43.8,827.8579945870212
44.0,826.5622966876344
44.2,825.2423174586138
44.4,823.8981841060956
44.6,822.5300618688108
44.8,821.1381527026093
45.0,819.722693207136
45.2,818.2839517403519
45.4,816.8222246776741
45.6,815.3378317859202
45.8,813.8311106978413
46.0,812.3024104906077
46.2,810.752084390862
46.4,809.1804816494774
46.6,807.5879386505102
46.8,805.9747693404526
47.0,804.3412550852123
47.2,802.687634082612
47.4,801.0140904769952
47.6,799.3207433390901
47.8,797.6076356879913
48.0,795.8747237424334
48.2,794.121866594923
48.4,792.3488165044017
48.6,790.5552100006187
48.8,788.7405599861722
49.0,786.9042490102049
49.2,785.045523871152
49.4,783.1634916850434
49.6,781.2571175310551
49.8,779.3252237578931
50.0,777.3664910038249
