0.0,763.9407543047313
0.2,766.2766299066451
0.4,768.5696894995193
0.6,770.8207975057733
0.8,773.0308018316733
1.0,775.200533299354
1.2,777.3308051390056
1.4,779.4224125423437
1.6,781.476132278133
1.8,783.4927223701993
2.0,785.4729218380251
2.2,787.417450499683
2.4,789.3270088365408
2.6,791.2022779188441
2.8,793.043919390981
3.0,794.8525755149316
3.2,796.6288692701288
3.4,798.373404507693
3.6,800.0867661567564
3.8,801.769520480373
4.0,803.4222153782985
4.2,805.0453807337556
4.4,806.6395288011286
4.6,808.2051546314082
4.8,809.7427365320914
5.0,811.2527365581574
5.2,812.7356010306781
5.4,814.191761079587
5.6,815.6216332071117
5.8,817.0256198683907
6.0,818.4041100658181
6.2,819.7574799537225
6.4,821.0860934500502
6.6,822.3903028518183
6.8,823.6704494512142
7.0,824.9268641493367
7.2,826.159868064722
7.4,827.369773133944
7.6,828.5568827017431
7.8,829.7214920983146
8.0,830.8638892015654
8.2,831.9843549823368
8.4,833.0831640307823
8.6,834.1605850622851
8.8,835.2168814014971
9.0,836.2523114432724
9.2,837.2671290894709
9.4,838.2615841607883
9.6,839.2359227829656
9.8,840.1903877469056
10.0,841.1252188424004
10.2,842.040653165344
10.4,842.9369253984578
10.6,843.814268065709
10.8,844.6729117607434
11.0,845.5130853497784
11.2,846.3350161495265
11.4,847.1389300808246
11.6,847.9250517987401
11.8,848.6936048000142
12.0,849.4448115087733
12.2,850.178893341507
12.4,850.8960707523605
12.6,851.5965632598351
12.8,852.2805894560186
13.0,852.9483669994956
13.2,853.6001125930975
13.4,854.2360419476552
13.6,854.8563697329213
13.8,855.4613095168106
14.0,856.0510736940942
14.2,856.6258734056565
14.4,857.1859184493999
14.6,857.731417183838
14.8,858.2625764253911
15.0,858.779601340348
15.2,859.2826953324122
15.4,859.7720599267095
15.6,860.247894651074
15.8,860.7103969153895
16.0,861.1597618897014
16.2,861.5961823817661
16.4,862.0198487146542
16.6,862.4309486049664
16.8,862.8296670421722
17.0,863.2161861695348
17.2,863.5906851670288
17.4,863.953340136617
17.6,864.3043239902044
17.8,864.6438063405425
18.0,864.9719533953203
18.2,865.2889278546338
18.4,865.5948888119957
18.6,865.8899916590063
18.8,866.1743879937809
19.0,866.4482255331958
19.2,866.7116480289917
19.4,866.9647951877465
19.6,867.2078025947087
19.8,867.4408016414648
20.0,867.6639194573953
20.2,867.8772788448591
20.4,868.0809982180341
20.6,868.2751915453306
20.8,868.4599682952844
21.0,868.635433385832
21.2,868.8016871368604
21.4,868.9588252259248
21.6,869.10693864702
21.8,869.2461136722962
22.0,869.3764318166026
22.2,869.4979698047488
22.4,869.6107995413753
22.6,869.7149880833231
22.8,869.810597614403
23.0,869.8976854224627
23.2,869.97630387866
23.4,870.0465004188549
23.6,870.1083175270364
23.8,870.1617927207125
24.0,870.2069585381907
24.2,870.2438425276949
24.4,870.272467238258
24.6,870.2928502123511
24.8,870.3050039802093
25.0,870.3089360558242
25.2,870.3046489345837
25.4,870.2921400925471
25.6,870.2714019873489
25.8,870.2424220607373
26.0,870.2051827427607
26.2,870.15966145762
26.4,870.1058306312204
26.6,870.0436577004554
26.8,869.973105124272
27.0,869.8941303965682
27.2,869.8066860609839
27.4,869.7107197276542
27.6,869.606174091999
27.8,869.4929869556311
28.0,869.3710912494703
28.2,869.2404150591585
28.4,869.1008816528721
28.6,868.9524095116365
28.8,868.7949123622499
29.0,868.6282992129252
29.2,868.4524743917628
29.4,868.2673375881661
29.6,868.0727838973144
29.8,867.8687038678037
30.0,867.6549835525653
30.2,867.431504563166
30.4,867.1981441275913
30.6,866.9547751516033
30.8,866.701266283757
31.0,866.4374819841473
31.2,866.1632825969473
31.4,865.8785244267825
31.6,865.5830598189708
31.8,865.276737243633
32.0,864.9594013836657
32.2,864.6308932265366
32.4,864.2910501598393
32.6,863.9397060705156
32.8,863.5766914476212
33.0,863.2018334884765
33.2,862.8149562080083
33.4,862.4158805510493
33.6,862.0044245073194
33.8,861.5804032287742
34.0,861.143629148954
34.2,860.6939121039239
34.4,860.2310594543483
34.6,859.7548762081844
34.8,859.2651651434395
35.0,858.7617269303744
35.2,858.2443602524894
35.4,857.7128619255734
35.6,857.1670270140446
35.8,856.606648943763
36.0,856.0315196104395
36.2,855.4414294827245
36.4,854.8361676990093
36.6,854.215522156932
36.8,853.5792795945431
37.0,852.9272256620474
37.2,852.2591449830154
37.4,851.5748212039266
37.6,850.8740370308954
37.8,850.1565742524166
38.0,849.4222137469649
38.2,848.6707354742872
38.4,847.9019184492417
38.6,847.1155406970576
38.8,846.3113791889233
39.0,845.489209756856
39.2,844.6488069868503
39.4,843.7899440893774
39.6,842.9123927463716
39.8,842.0159229339336
40.0,841.100302720072
40.2,840.1652980369142
40.4,839.2106724269364
40.6,838.236186762892
40.8,837.2415989412551
41.0,836.2266635491493
41.2,835.191131504886
41.4,834.134749672407
41.6,833.0572604500965
41.8,831.9584013346138
42.0,830.8379044605806
42.2,829.695496117149
42.4,828.5308962426711
42.6,827.3438178988856
42.8,826.1339667262332
43.0,824.9010403821087
43.2,823.6447279640472
43.4,822.3647094200303
43.6,821.0606549482809
43.8,819.7322243890832
44.0,818.3790666113381
44.2,817.0008188967042
44.4,815.5971063243243
44.6,814.1675411592586
44.8,812.7117222478532
45.0,811.2292344233671
45.2,809.7196479252508
45.4,808.1825178355268
45.6,806.617383535747
45.8,805.0237681880169
46.0,803.40117824356
46.2,801.7491029822605
46.4,800.0670140865584
46.6,798.354365252988
46.8,796.6105918445412
47.0,794.8351105869003
47.2,793.0273193114301
47.4,791.186596747639
47.6,789.3123023676122
47.8,787.4037762847003
48.0,785.4603392084983
48.2,783.4812924578924
48.4,781.4659180336641
48.6,779.4134787518556
48.8,777.3232184387853
49.0,775.1943621882853
49.2,773.0261166814062
49.4,770.8176705684941
49.6,768.5681949132149
49.8,766.2768436977497
50.0,763.942754388054
