0.0,872.1927877079997
0.2,872.6734630834535
0.4,873.1275526770842
0.6,873.5552365954924
0.8,873.9568084498599
1.0,874.3326729726584
1.2,874.683341924154
1.4,875.0094284026059
1.6,875.3116397077792
1.8,875.5907689380143
2.0,875.8476855257672
2.2,876.0833249346164
2.4,876.2986777518615
2.6,876.4947784149329
2.8,876.6726938070507
3.0,876.8335119483568
3.2,876.9783309937013
3.4,877.1082487282397
3.6,877.2243527279144
3.8,877.3277113248155
4.0,877.4193654883962
4.2,877.5003217036498
4.4,877.5715458976465
4.6,877.6339584372192
4.8,877.6884301938809
5.0,877.735779647951
5.2,877.776770982846
5.4,877.8121131029382
5.6,877.8424594944823
5.8,877.8684088389068
6.0,877.8905062811587
6.2,877.9092452525924
6.4,877.9250697477653
6.6,877.9383769570919
6.8,877.9495201621825
7.0,877.9588118073858
7.2,877.9665266691349
7.4,877.9729050537
7.6,877.978155963483
7.8,877.9824601816701
8.0,877.9859732345783
8.2,877.9888282001159
8.4,877.9911383392241
8.6,877.9929995348275
8.8,877.9944925295862
9.0,877.9956849595693
9.2,877.9966331858449
9.4,877.9973839299226
9.6,877.9979757220588
9.8,877.9984401736875
10.0,877.9988030867966
10.2,877.9990854139681
10.4,877.9993040832053
10.6,877.9994727016057
10.8,877.9996021515617
11.0,877.9997010925046
11.2,877.9997763803772
11.4,877.9998334160554
11.6,877.9998764329118
11.8,877.9999087326634
12.0,877.9999328776084
12.2,877.999950846362
12.4,877.9999641592613
12.6,877.9999739787445
12.8,877.9999811892277
13.0,877.9999864602922
13.2,877.9999902963856
13.4,877.9999930756859
13.6,877.9999950803241
13.8,877.999996519751
14.0,877.9999975487028
14.2,877.9999982809393
14.4,877.9999987996887
14.6,877.9999991655467
14.8,877.9999994224179
15.0,877.9999996019596
15.2,877.9999997268884
15.4,877.9999998134258
15.6,877.9999998731007
15.8,877.9999999140664
16.0,877.9999999420623
16.2,877.9999999611088
16.4,877.9999999740083
16.6,877.9999999827055
16.8,877.9999999885429
17.0,877.9999999924433
17.2,877.9999999950378
17.4,877.9999999967555
17.6,877.9999999978878
17.8,877.999999998631
18.0,877.9999999991164
18.2,877.9999999994321
18.4,877.9999999996365
18.6,877.9999999997682
18.8,877.9999999998528
19.0,877.9999999999068
19.2,877.999999999941
19.4,877.9999999999626
19.6,877.9999999999764
19.8,877.999999999985
20.0,877.9999999999906
20.2,877.9999999999941
20.4,877.9999999999962
20.6,877.9999999999977
20.8,877.9999999999987
21.0,877.9999999999994
21.2,877.9999999999999
21.4,878.0
21.6,878.0
21.8,878.0
22.0,878.0
22.2,878.0
22.4,878.0
22.6,878.0
22.8,878.0
23.0,878.0
23.2,878.0
23.4,878.0
23.6,878.0
23.8,878.0
24.0,878.0
24.2,878.0
24.4,878.0
24.6,878.0
24.8,878.0
25.0,878.0
25.2,878.0
25.4,878.0
25.6,878.0
25.8,878.0
26.0,878.0
26.2,878.0
26.4,878.0
26.6,878.0
26.8,878.0
27.0,878.0
27.2,878.0
27.4,878.0
27.6,878.0
27.8,878.0
28.0,878.0
28.2,878.0
28.4,878.0
28.6,878.0
28.8,877.9999999999999
29.0,877.9999999999994
29.2,877.9999999999987
29.4,877.9999999999977
29.6,877.9999999999962
29.8,877.9999999999941
30.0,877.9999999999906
30.2,877.999999999985
30.4,877.9999999999764
30.6,877.9999999999626
30.8,877.999999999941
31.0,877.9999999999068
31.2,877.9999999998528
31.4,877.9999999997682
31.6,877.9999999996365
31.8,877.9999999994321
32.0,877.9999999991164
32.2,877.999999998631
32.4,877.9999999978878
32.6,877.9999999967554
32.8,877.9999999950375
33.0,877.9999999924429
33.2,877.9999999885423
33.4,877.9999999827047
33.6,877.9999999740071
33.8,877.9999999611068
34.0,877.9999999420594
34.2,877.999999914062
34.4,877.999999873094
34.6,877.9999998134159
34.8,877.9999997268737
35.0,877.999999601938
35.2,877.9999994223859
35.4,877.9999991654995
35.6,877.9999987996192
35.8,877.9999982808378
36.0,877.9999975485547
36.2,877.9999965195357
36.4,877.9999950800127
36.6,877.9999930752373
36.8,877.9999902957419
37.0,877.9999864593724
37.2,877.9999811879185
37.4,877.999973976889
37.6,877.999964156642
37.8,877.99995084268
38.0,877.9999328724533
38.2,877.9999087254749
38.4,877.9998764229283
38.6,877.9998334022458
38.8,877.999776361352
39.0,877.9997010663991
39.2,877.9996021158832
39.4,877.9994726530376
39.6,877.9993040173525
39.8,877.9990853250318
40.0,877.9988029671572
40.2,877.9984400133765
40.4,877.997975508088
40.6,877.9973836454415
40.8,877.9966328090825
41.0,877.9956844625161
41.2,877.994491876355
41.4,877.9929986796293
41.6,877.991137223877
41.8,877.988826750996
42.0,877.9859713589042
42.2,877.9824577629961
42.4,877.9781528562598
42.6,877.9729010767403
42.8,877.9665215978
43.0,877.9588053642887
43.2,877.9495120061762
43.4,877.9383666702912
43.6,877.9250568203219
43.8,877.9092290649196
44.0,877.8904860832789
44.2,877.868383726569
44.4,877.8424283816777
44.6,877.8120746904227
44.8,877.7767237222628
45.0,877.7357217011336
45.2,877.6883593869143
45.4,877.6338722088344
45.6,877.5714412415296
45.8,877.5001951042626
46.0,877.4192128499295
46.2,877.327527892921
46.4,877.2241330039099
46.6,877.107986375526
46.8,876.978018736191
47.0,876.8331414607818
47.2,876.6722555970968
47.4,876.4942616972269
47.6,876.2980703139361
47.8,876.082612995071
48.0,875.8468535849447
48.2,875.5897996216194
48.4,875.3105136039679
48.6,875.0081238931787
48.8,874.6818350105837
49.0,874.3309370977789
49.2,873.9548143161281
49.4,873.5529519808114
49.6,873.1249422492385
49.8,872.6704882142624
50.0,872.1894062883285
