0.0,528.1191578017963
0.2,533.9958252594228
0.4,539.7916180458346
0.6,545.5062980890633
0.8,551.1396953839652
1.0,556.69170895861
1.2,562.1623074698346
1.4,567.5515294277839
1.6,572.8594830521123
1.8,578.0863457653013
2.0,583.232363331276
2.2,588.2978486501098
2.4,593.2831802221067
2.6,598.1888002968761
2.8,603.0152127251944
3.0,607.7629805334125
3.2,612.4327232419489
3.4,617.0251139509412
3.6,621.5408762174548
3.8,625.9807807497091
4.0,630.3456419446123
4.2,634.6363142954599
4.4,638.8536886969792
4.6,642.9986886749745
4.8,647.0722665676473
5.0,651.0753996852723
5.2,655.0090864742657
5.4,658.8743427108444
5.6,662.6721977484278
5.8,666.4036908417103
6.0,670.0698675689387
6.2,673.671776372398
6.4,677.2104652354432
6.6,680.6869785126536
6.8,684.1023539278327
7.0,687.4576197526706
7.2,690.7537921769282
7.4,693.9918728790408
7.6,697.172846804054
7.8,700.2976801538687
8.0,703.3673185928517
8.2,706.3826856700141
8.4,709.3446814571796
8.6,712.2541814008653
8.8,715.1120353840006
9.0,717.9190669921288
9.2,720.676072977363
9.4,723.383822912137
9.6,726.0430590236881
9.8,728.6544961992403
10.0,731.2188221510379
10.2,733.7366977296954
10.4,736.2087573737896
10.6,738.6356096832145
10.8,741.0178381035588
11.0,743.3560017086221
11.2,745.650636068177
11.4,747.9022541881876
11.6,750.1113475109033
11.8,752.2783869625681
12.0,754.4038240368809
12.2,756.4880919028332
12.4,758.5316065261042
12.6,760.5347677938156
12.8,762.497960633112
13.0,764.4215561147481
13.2,766.3059125336041
13.4,768.1513764588132
13.6,769.9582837469655
13.8,771.7269605126312
14.0,773.4577240512208
14.2,775.150883709974
14.4,776.8067417036085
14.6,778.425593871889
14.8,780.0077303770724
15.0,781.5534363398419
15.2,783.0629924129696
15.4,784.5366752925275
15.6,785.9747581670036
15.8,787.3775111051759
16.0,788.7452013840375
16.2,790.0780937584706
16.4,791.3764506747124
16.6,792.640532429965
16.8,793.8705972807547
17.0,795.0669015028635
17.2,796.2296994058229
17.4,797.3592433050919
17.6,798.4557834551309
17.8,799.5195679466364
18.0,800.5508425712268
18.2,801.5498506568574
18.4,802.5168328772065
18.6,803.4520270382127
18.8,804.3556678448617
19.0,805.2279866512176
19.2,806.0692111965755
19.4,806.8795653304797
19.6,807.6592687292142
19.8,808.408536606214
20.0,809.1275794186989
20.2,809.816602572665
20.4,810.4758061282108
20.6,811.1053845070155
20.8,811.7055262036262
21.0,812.2764135020553
21.2,812.8182221990431
21.4,813.3311213351916
21.6,813.8152729350405
21.8,814.270831757027
22.0,814.6979450541482
22.2,815.0967523460344
22.4,815.4673852030344
22.6,815.8099670428257
22.8,816.1246129399696
23.0,816.4114294487622
23.2,816.6705144396615
23.4,816.9019569495152
23.6,817.1058370457604
23.8,817.282225704728
24.0,817.4311847041497
24.2,817.5527665299334
24.4,817.6470142972569
24.6,817.7139616860072
24.8,817.7536328905869
25.0,817.7660425840941
25.2,817.7511958968835
25.4,817.7090884095091
25.6,817.6397061600466
25.8,817.5430256657977
26.0,817.4190139593691
26.2,817.2676286391211
26.4,817.0888179339752
26.6,816.8825207825579
26.8,816.6486669266525
27.0,816.387177018906
27.2,816.0979627447243
27.4,815.7809269582556
27.6,815.4359638323289
27.8,815.0629590221737
28.0,814.6617898426957
28.2,814.2323254590252
28.4,813.7744270899906
28.6,813.2879482240893
28.8,812.7727348474477
29.0,812.2286256831661
29.2,811.6554524413386
29.4,811.0530400789311
29.6,810.4212070685722
29.8,809.7597656751899
30.0,809.0685222392825
30.2,808.3472774654742
30.4,807.5958267148505
30.6,806.8139602994185
30.8,806.0014637768747
31.0,805.1581182437059
31.2,804.2837006244839
31.4,803.3779839550601
31.6,802.4407376572073
31.8,801.4717278021052
32.0,800.470717359929
32.2,799.437466432662
32.4,798.3717324671409
32.6,797.2732704452395
32.8,796.1418330480097
33.0,794.9771707905419
33.2,793.7790321242685
33.4,792.5471635034222
33.6,791.2813094123892
33.8,789.9812123507442
34.0,788.6466127728513
34.2,787.2772489790422
34.4,785.872856955551
34.6,784.4331701606036
34.8,782.9579192543118
35.0,781.4468317703312
35.2,779.8996317275892
35.4,778.3160391807886
35.6,776.6957697088409
35.8,775.0385338408691
36.0,773.3440364199665
36.2,771.6119759054698
36.4,769.8420436151364
36.6,768.0339229092706
36.8,766.1872883195398
37.0,764.3018046259459
37.2,762.3771258861642
37.4,760.4128944222298
37.6,758.4087397703257
37.8,756.3642776002104
38.0,754.2791086115947
38.2,752.152817415549
38.4,749.9849714097522
38.6,747.7751196571169
38.8,745.5227917779822
39.0,743.2274968666915
39.2,740.8887224439259
39.4,738.5059334566488
39.6,736.0785713379214
39.8,733.6060531391611
40.0,731.0877707476293
40.2,728.5230902020351
40.4,725.9113511191308
40.6,723.2518662440382
40.8,720.5439211367743
41.0,717.7867740070494
41.2,714.9796557088595
41.4,712.1217699057263
41.6,709.212293416604
41.8,706.2503767515132
42.0,703.2351448448594
42.2,700.1656979931561
42.4,697.0411130025071
42.6,693.860444549721
42.8,690.6227267593285
43.0,687.3269749970843
43.2,683.9721878787478
43.4,680.5573494910842
43.6,677.0814318201172
43.8,673.5433973797142
44.0,669.9422020316154
44.2,666.2767979860467
44.4,662.5461369701089
44.6,658.7491735492206
44.8,654.8848685850488
45.0,650.9521928115954
45.2,646.9501305094439
45.4,642.8776832566415
45.6,638.7338737332994
45.8,634.517749555767
46.0,630.2283871151967
46.2,625.8648953944689
46.4,621.4264197368146
46.6,616.9121455390675
46.8,612.3213018423057
47.0,607.6531647927161
47.2,602.9070609458327
47.4,598.0823703878762
47.6,593.1785296487411
47.8,588.1950343822497
48.0,583.131441790603
48.2,577.9873727715087
48.4,572.7625137682272
48.6,567.456618304762
48.8,562.0695081905748
49.0,556.601074381554
49.2,551.0512774864474
49.4,545.4201479105828
49.6,539.7077856314254
49.8,533.9143596032991
50.0,528.040106791454
