0.0,715.1709180146693
0.2,716.8123506898179
0.4,718.5790500340416
0.6,720.4603516708837
0.8,722.4415395642988
1.0,724.5057201531955
1.2,726.6357410209064
1.4,728.8157315841559
1.6,731.0320387197379
1.8,733.2735472650886
2.0,735.5315313590347
2.2,737.7992434263892
2.4,740.0714269994725
2.6,742.3438763261305
2.8,744.613097988651
3.0,746.8760802181772
3.2,749.1301498766167
3.4,751.3728901103693
3.6,753.6020950949861
3.8,755.8157451908777
4.0,758.0119923074739
4.2,760.1891499220379
4.4,762.3456850247824
4.6,764.4802107759256
4.8,766.5914793902981
5.0,768.6783750853982
5.2,770.7399070572229
5.4,772.7752024949227
5.6,774.7834996600612
5.8,776.7641410593667
6.0,778.7165667389962
6.2,780.6403077261658
6.4,782.5349796414008
6.6,784.4002765019295
6.8,786.2359647339754
7.0,788.0418774089534
7.2,789.817908715885
7.4,791.5640086797308
7.6,793.2801781328351
7.8,794.9664639442979
8.0,796.6229545098595
8.2,798.2497755028073
8.4,799.8470858845135
8.6,801.4150741714859
8.8,802.9539549542734
9.0,804.4639656622047
9.2,805.9453635667647
9.4,807.398423015412
9.6,808.8234328868139
9.8,810.2206942578167
10.0,811.5905182719637
10.2,812.9332241990102
10.4,814.2491376746665
10.6,815.5385891096921
10.8,816.8019122574786
11.0,818.0394429293614
11.2,819.2515178470946
11.4,820.4384736221925
11.6,821.6006458521651
11.8,822.738368324059
12.0,823.8519723161339
12.2,824.9417859889562
12.4,826.0081338576624
12.6,827.0513363376363
12.8,828.0717093563323
13.0,829.0695640244772
13.2,830.0452063603626
13.4,830.9989370614278
13.6,831.9310513177928
13.8,832.8418386628466
14.0,833.7315828564297
14.2,834.6005617965512
14.4,835.4490474559655
14.6,836.2773058402942
14.8,837.0855969647143
15.0,837.8741748465443
15.2,838.6432875113475
15.4,839.3931770104377
15.6,840.1240794479136
15.8,840.8362250155654
16.0,841.5298380342035
16.2,842.2051370001329
16.4,842.862334635665
16.6,843.5016379426982
16.8,844.1232482585357
17.0,844.7273613132184
17.2,845.3141672877567
17.4,845.8838508727363
17.6,846.4365913268497
17.8,846.9725625349788
18.0,847.4919330655142
18.2,847.9948662266487
18.4,848.4815201214308
18.6,848.9520477014054
18.8,849.4065968187003
19.0,849.8453102764497
19.2,850.2683258774713
19.4,850.6757764711346
19.6,851.0677899983776
19.8,851.444489534844
20.0,851.8059933321259
20.2,852.1524148571103
20.4,852.4838628294352
20.6,852.8004412570665
20.8,853.1022494700189
21.0,853.389382152242
21.2,853.6619293717016
21.4,853.9199766086863
21.6,854.1636047823733
21.8,854.3928902756871
22.0,854.6079049584866
22.2,854.8087162091159
22.4,854.9953869343535
22.6,855.1679755877954
22.8,855.3265361867038
23.0,855.4711183273558
23.2,855.6017671989199
23.4,855.7185235958923
23.6,855.8214239291168
23.8,855.9105002354153
24.0,855.9857801858494
24.2,856.0472870926346
24.4,856.0950399147237
24.6,856.1290532620732
24.8,856.149337398608
25.0,856.1558982438897
25.2,856.1487373734972
25.4,856.1278520181236
25.6,856.0932350613899
25.8,856.044875036373
26.0,855.9827561208434
26.2,855.9068581312056
26.4,855.8171565151314
26.6,855.713622342871
26.8,855.5962222972286
27.0,855.4649186621826
27.2,855.3196693101319
27.4,855.1604276877423
27.6,854.9871428003705
27.8,854.799759195038
28.0,854.5982169419242
28.2,854.3824516143511
28.4,854.1523942672243
28.6,853.9079714138999
28.8,853.6491050014416
29.0,853.375712384234
29.2,853.0877062959175
29.4,852.7849948196125
29.6,852.4674813563962
29.8,852.1350645920047
30.0,851.7876384617282
30.2,851.4250921134746
30.4,851.0473098689799
30.6,850.6541711831475
30.8,850.2455506015061
31.0,849.8213177157867
31.2,849.3813371176201
31.4,848.9254683503799
31.6,848.4535658591981
31.8,847.9654789392051
32.0,847.4610516820601
32.2,846.9401229208627
32.4,846.4025261735621
32.6,845.84808958501
32.8,845.2766358678418
33.0,844.6879822424072
33.2,844.0819403760239
33.4,843.4583163218781
33.6,842.8169104579601
33.8,842.1575174264958
34.0,841.4799260744124
34.2,840.7839193954734
34.4,840.069274474818
34.6,839.3357624367609
34.8,838.5831483968373
35.0,837.8111914192293
35.2,837.0196444808729
35.4,836.2082544437253
35.6,835.376762036881
35.8,834.5249018504453
36.0,833.6524023433165
36.2,832.7589858673022
36.4,831.8443687102845
36.6,830.9082611614616
36.8,829.9503676020415
37.0,828.9703866251209
37.2,827.9680111888786
37.4,826.9429288076192
37.6,825.8948217856445
37.8,824.8233674993782
38.0,823.7282387336463
38.2,822.6091040785033
38.4,821.4656283934844
38.6,820.2974733466781
38.8,819.1042980365069
39.0,817.8857597046045
39.2,816.6415145486635
39.4,815.3712186445856
39.6,814.0745289876976
39.8,812.75110466319
40.0,811.400608156271
40.2,810.0227068128102
40.4,808.6170744614411
40.6,807.1833932082211
40.8,805.7213554149537
41.0,804.2306658721943
41.2,802.7110441777376
41.4,801.1622273310379
41.6,799.5839725535128
41.8,797.9760603440252
42.0,796.3382977780163
42.2,794.6705220577662
42.4,792.972604320083
42.6,791.2444537063606
42.8,789.4860216984005
43.0,787.6973067216645
43.2,785.8783590157186
43.4,784.029285769547
43.6,782.1502565171733
43.8,780.2415087866427
44.0,778.3033539928952
44.2,776.3361835624393
44.4,774.3404752750263
44.6,772.3167998047599
44.8,770.2658274402951
45.0,768.1883349610308
45.2,766.085212643586
45.4,763.9574713706572
45.6,761.8062498134601
45.8,759.6328216619929
46.0,757.4386028919105
46.2,755.2251591030183
46.4,752.9942130915207
46.6,750.7476531352174
46.8,748.4875431935187
47.0,746.2161377230086
47.2,743.935906606522
47.4,741.6495802961163
47.6,739.3602316829747
47.8,737.0714180395108
48.0,734.7874097598034
48.2,732.5135257265939
48.4,730.2565696772572
48.6,728.0253128955627
48.8,725.830901505667
49.0,723.6870040298942
49.2,721.6094944628653
49.4,719.6155263400537
49.6,717.7220077487573
49.8,715.9437020835655
50.0,714.291372841129
