0.0,711.9758965394697
0.2,715.2267744430587
0.4,718.418192313149
0.6,721.5511250837283
0.8,724.6265384291432
1.0,727.645388400498
1.2,730.6086210783903
1.4,733.5171722424809
1.6,736.3719670583315
1.8,739.173919781893
2.0,741.9239334819642
2.2,744.622899780886
2.4,747.2716986136761
2.6,749.8711980057532
2.8,752.4222538693406
3.0,754.925709818583
3.2,757.382397003356
3.4,759.793133961691
3.6,762.1587264906863
3.8,764.4799675357251
4.0,766.7576370977672
4.2,768.9925021584381
4.4,771.1853166225904
4.6,773.3368212779708
4.8,775.4477437715813
5.0,777.5187986022906
5.2,779.5506871292108
5.4,781.5440975953223
5.6,783.499705165802
5.8,785.4181719804767
6.0,787.3001472198079
6.2,789.1462671837804
6.4,790.9571553830606
6.6,792.7334226417648
6.8,794.4756672111699
7.0,796.1844748936884
7.2,797.8604191764192
7.4,799.5040613735861
7.6,801.1159507771683
7.8,802.6966248150343
8.0,804.2466092158874
8.2,805.7664181803424
8.4,807.256554557459
8.6,808.7175100260665
8.8,810.149765280228
9.0,811.5537902182085
9.2,812.9300441343233
9.4,814.2789759130653
9.6,815.6010242249259
9.8,816.8966177233481
10.0,818.1661752422675
10.2,819.4101059937274
10.4,820.62880976507
10.6,821.8226771152379
10.8,822.9920895697401
11.0,824.1374198138647
11.2,825.2590318837493
11.4,826.3572813549417
11.6,827.4325155281148
11.8,828.4850736116231
12.0,829.515286900617
12.2,830.5234789524558
12.4,831.5099657581866
12.6,832.4750559098818
12.8,833.419050763655
13.0,834.3422445981934
13.2,835.2449247686759
13.4,836.1273718559639
13.6,836.9898598109736
13.8,837.8326560941637
14.0,838.656021810088
14.2,839.4602118369843
14.4,840.245474951387
14.6,841.0120539477707
14.8,841.7601857532447
15.0,842.4901015373363
15.2,843.202026816911
15.4,843.8961815562964
15.6,844.5727802626798
15.8,845.2320320768694
16.0,845.8741408595108
16.2,846.4993052728641
16.4,847.1077188582523
16.6,847.6995701092973
16.8,848.2750425410703
17.0,848.8343147552812
17.2,849.3775605016407
17.4,849.9049487355309
17.6,850.4166436721198
17.8,850.9128048370619
18.0,851.3935871139217
18.2,851.8591407884621
18.4,852.3096115899372
18.6,852.7451407295276
18.8,853.1658649360581
19.0,853.5719164891299
19.2,853.9634232498018
19.4,854.3405086889542
19.6,854.7032919134558
19.8,855.0518876902659
20.0,855.3864064685849
20.2,855.7069544001754
20.4,856.013633357961
20.6,856.3065409530167
20.8,856.5857705500483
21.0,856.8514112814665
21.2,857.1035480601446
21.4,857.342261590954
21.6,857.5676283811608
21.8,857.7797207497656
22.0,857.9786068358602
22.2,858.1643506060751
22.4,858.3370118611839
22.6,858.4966462419252
22.8,858.6433052341016
23.0,858.7770361730076
23.2,858.897882247235
23.4,859.0058825019012
23.6,859.1010718413395
23.8,859.1834810312862
24.0,859.2531367005978
24.2,859.3100613425253
24.4,859.3542733155668
24.6,859.3857868439212
24.8,859.404612017555
25.0,859.4107547918958
25.2,859.4042169871597
25.4,859.3849962873145
25.6,859.3530862386814
25.8,859.3084762481676
26.0,859.2511515811257
26.2,859.1810933588253
26.4,859.0982785555225
26.6,859.0026799951079
26.8,858.894266347308
27.0,858.7730021234156
27.2,858.6388476715158
27.4,858.4917591711728
27.6,858.3316886275371
27.8,858.1585838648328
28.0,857.9723885191731
28.2,857.773042030655
28.4,857.5604796346757
28.6,857.3346323524108
28.8,857.0954269803899
29.0,856.8427860790974
29.2,856.5766279605298
29.4,856.2968666746269
29.6,856.0034119944968
29.8,855.6961694003462
30.0,855.3750400620273
30.2,855.0399208201021
30.4,854.6907041653267
30.6,854.327278216451
30.8,853.9495266962251
31.0,853.557328905501
31.2,853.1505596953136
31.4,852.7290894368219
31.6,852.2927839889884
31.8,851.8415046638698
32.0,851.375108189394
32.2,850.8934466694894
32.4,850.3963675414367
32.6,849.8837135303096
32.8,849.3553226003685
33.0,848.8110279032734
33.2,848.2506577229808
33.4,847.6740354171908
33.6,847.0809793552102
33.8,846.4713028521043
34.0,845.8448140990066
34.2,845.201316089464
34.4,844.5406065416975
34.6,843.8624778166658
34.8,843.1667168318205
35.0,842.4531049704569
35.2,841.7214179865633
35.4,840.9714259050893
35.6,840.2028929175566
35.8,839.4155772729538
36.0,838.6092311638625
36.2,837.7836006077802
36.4,836.938425323616
36.6,836.0734386033569
36.8,835.1883671789082
37.0,834.2829310841422
37.2,833.3568435121961
37.4,832.4098106680883
37.6,831.4415316167376
37.8,830.4516981264926
38.0,829.4399945083037
38.2,828.4060974506884
38.4,827.3496758506681
38.6,826.2703906408774
38.8,825.1678946130742
39.0,824.041832238301
39.2,822.8918394839785
39.4,821.7175436282336
39.6,820.5185630717962
39.8,819.294507147822
40.0,818.044975930026
40.2,816.7695600395394
40.4,815.4678404509274
40.6,814.1393882978307
40.8,812.783764678722
41.0,811.4005204632895
41.2,809.989196099984
41.4,808.5493214252932
41.6,807.0804154753199
41.8,805.5819863002711
42.0,804.0535307824747
42.2,802.4945344585658
42.4,800.9044713464921
42.6,799.2828037780081
42.8,797.6289822373386
43.0,795.9424452066943
43.2,794.2226190193411
43.4,792.4689177209198
43.6,790.6807429397195
43.8,788.8574837666085
44.0,786.998516645319
44.2,785.1032052737834
44.4,783.1709005172025
44.6,781.200940333524
44.8,779.1926497119865
45.0,777.1453406253715
45.2,775.0583119965884
45.4,772.9308496801849
45.6,770.7622264593593
45.8,768.5517020590147
46.0,766.2985231753668
46.2,764.0019235225807
46.4,761.6611238968741
46.6,759.275332258486
46.8,756.8437438318645
47.0,754.3655412243829
47.2,751.839894563849
47.4,749.2659616550172
47.6,746.6428881552658
47.8,743.9698077695481
48.0,741.2458424646671
48.2,738.4701027028749
48.4,735.6416876947327
48.6,732.7596856711124
48.8,729.8231741741635
49.0,726.8312203670073
49.2,723.7828813618592
49.4,720.6772045662253
49.6,717.5132280467543
49.8,714.2899809102718
50.0,711.0064837014629
