0.0,786.7560146441842
0.2,788.9290662424613
0.4,791.0599195154825
0.6,793.1498970355931
0.8,795.2000928247695
1.0,797.2114029276462
1.2,799.1845642351972
1.4,801.1201946721726
1.6,803.0188293782538
1.8,804.8809498381842
2.0,806.7070051648333
2.2,808.4974263342093
2.4,810.2526349502136
2.6,811.9730482298246
2.8,813.659081625712
3.0,815.3111500990647
3.2,816.9296686822419
3.4,818.5150526948872
3.6,820.0677178017182
3.8,821.5880800013628
4.0,823.0765555853909
4.2,824.5335610834461
4.4,825.9595132005139
4.6,827.3548287485049
4.8,828.7199245729373
5.0,830.055217475046
5.2,831.3611241295089
5.4,832.638060997948
5.6,833.8864442383693
5.8,835.1066896107059
6.0,836.2992123786454
6.2,837.4644272079317
6.4,838.6027480613363
6.6,839.7145880905091
6.8,840.8003595249229
7.0,841.8604735581337
7.2,842.8953402315858
7.4,843.905368316197
7.6,844.8909651919613
7.8,845.8525367258143
8.0,846.7904871480048
8.2,847.7052189272238
8.4,848.5971326447388
8.6,849.466626867785
8.8,850.3140980224613
9.0,851.1399402663828
9.2,851.9445453613358
9.4,852.7283025461776
9.6,853.4915984102261
9.8,854.2348167673731
10.0,854.958338531154
10.2,855.6625415910004
10.4,856.3478006898954
10.6,857.0144873036463
10.8,857.662969521979
11.0,858.2936119316527
11.2,858.9067755017848
11.4,859.5028174715663
11.6,860.0820912405391
11.8,860.6449462615948
12.0,861.1917279368502
12.2,861.7227775165363
12.4,862.2384320010332
12.6,862.7390240461687
12.8,863.2248818718901
13.0,863.6963291744049
13.2,864.1536850418751
13.4,864.5972638737406
13.6,865.0273753037329
13.8,865.4443241266306
14.0,865.8484102287952
14.2,866.2399285225172
14.4,866.619168884187
14.6,866.9864160962993
14.8,867.3419497932825
15.0,867.686044411143
15.2,868.0189691408907
15.4,868.3409878857185
15.6,868.6523592218823
15.8,868.9533363632312
16.0,869.2441671293218
16.2,869.5250939170437
16.4,869.7963536756745
16.6,870.0581778852775
16.8,870.3107925383404
17.0,870.554418124558
17.2,870.7892696186441
17.4,871.0155564710577
17.6,871.233482601522
17.8,871.4432463952104
18.0,871.6450407014656
18.2,871.8390528349191
18.4,872.0254645788702
18.6,872.2044521907842
18.8,872.3761864097622
19.0,872.5408324658395
19.2,872.6985500909616
19.4,872.8494935314893
19.6,872.9938115620832
19.8,873.1316475008177
20.0,873.2631392253732
20.2,873.3884191901594
20.4,873.5076144442231
20.6,873.6208466497895
20.8,873.7282321013003
21.0,873.829881744801
21.2,873.9259011975441
21.4,874.0163907676699
21.6,874.1014454738349
21.8,874.1811550646618
22.0,874.2556040378863
22.2,874.3248716590844
22.4,874.3890319798662
22.6,874.4481538554307
22.8,874.502300961376
23.0,874.5515318096728
23.2,874.5958997637091
23.4,874.6354530523234
23.6,874.6702347827484
23.8,874.7002829523968
24.0,874.7256304594243
24.2,874.7463051120146
24.4,874.7623296363357
24.6,874.77372168313
24.8,874.7804938328976
25.0,874.7826535996527
25.2,874.7802034332295
25.4,874.7731407201275
25.6,874.7614577828924
25.8,874.7451418780373
26.0,874.7241751925131
26.2,874.6985348387507
26.4,874.6681928482982
26.6,874.6331161640898
26.8,874.593266631386
27.0,874.5486009874361
27.2,874.4990708499172
27.4,874.4446227042145
27.6,874.3851978896115
27.8,874.320732584468
28.0,874.2511577904692
28.2,874.1763993160353
28.4,874.0963777589878
28.6,874.0110084885747
28.8,873.9202016269603
29.0,873.8238620302945
29.2,873.7218892694789
29.4,873.6141776107497
29.6,873.5006159962094
29.8,873.3810880244326
30.0,873.2554719312857
30.2,873.123640571094
30.4,872.9854613983017
30.6,872.8407964497642
30.8,872.6895023278219
31.0,872.5314301843001
31.2,872.366425705586
31.4,872.1943290989301
31.6,872.0149750801238
31.8,871.8281928627014
32.0,871.6338061488166
32.2,871.4316331219413
32.4,871.2214864415324
32.6,871.0031732398121
32.8,870.7764951208029
33.0,870.541248161756
33.2,870.297222917109
33.4,870.0442044251024
33.6,869.781972217183
33.8,869.5103003303159
34.0,869.228957322318
34.2,868.9377062903274
34.4,868.6363048925073
34.6,868.3245053730849
34.8,868.0020545908116
35.0,867.6686940509255
35.2,867.3241599406912
35.4,866.9681831685784
35.6,866.600489407136
35.8,866.2207991396062
36.0,865.8288277103154
36.2,865.4242853788674
36.4,865.0068773781527
36.6,864.5763039761825
36.8,864.1322605417366
37.0,863.6744376138118
37.2,863.202520974841
37.4,862.7161917276434
37.6,862.2151263760554
37.8,861.6989969091801
38.0,861.167470889179
38.2,860.620211542525
38.4,860.056877854616
38.6,859.4771246676426
38.8,858.8806027815924
39.0,858.2669590582577
39.2,857.6358365281084
39.4,856.9868744998785
39.6,856.3197086727038
39.8,855.6339712506414
40.0,854.9292910593897
40.2,854.205293665019
40.4,853.4616014945171
40.6,852.697833957941
40.8,851.9136075719651
41.0,851.1085360846033
41.2,850.2822306008795
41.4,849.4342997092169
41.6,848.5643496083061
41.8,847.6719842342143
42.0,846.75680538749
42.2,845.8184128600172
42.4,844.8564045613706
42.6,843.8703766444213
42.8,842.8599236299433
43.0,841.8246385299732
43.2,840.7641129696719
43.4,839.6779373074461
43.6,838.5657007530837
43.8,837.4269914836668
44.0,836.2613967570275
44.2,835.0685030225168
44.4,833.8478960288678
44.6,832.5991609289345
44.8,831.3218823811027
45.0,830.0156446471732
45.2,828.680031686529
45.4,827.314627246409
45.6,825.9190149481186
45.8,824.4927783690185
46.0,823.0355011201316
46.2,821.5467669191785
46.4,820.026159658717
46.6,818.4732634686018
46.8,816.8876627705965
47.0,815.2689423191241
47.2,813.6166872123136
47.4,811.9304828343487
47.6,810.2099146400996
47.8,808.4545675945616
48.0,806.6640249048974
48.2,804.8378654079792
48.4,802.9756586046377
48.6,801.0769559291767
48.8,799.1412765701093
49.0,797.1680862705012
49.2,795.156768312007
49.4,793.1065874754391
49.6,791.0166500105386
49.8,788.8858649637226
50.0,786.7129137234899
