0.0,867.7683897067593
0.2,868.2787382268609
0.4,868.7714261286817
0.6,869.246648532784
0.8,869.704615322992
1.0,870.1455511591128
1.2,870.5696953915598
1.4,870.9773018790119
1.6,871.3686387110629
1.8,871.7439878386238
2.0,872.1036446156008
2.2,872.447917256097
2.4,872.7771262120501
2.6,873.0916034768329
2.8,873.3916918208827
3.0,873.677743965907
3.2,873.9501217046075
3.4,874.2091949731936
3.6,874.4553408841961
3.8,874.6889427272617
4.0,874.9103889456889
4.2,875.1200720964747
4.4,875.3183878015705
4.6,875.5057336978986
4.8,875.6825083934706
5.0,875.8491104366656
5.2,876.00593730539
5.4,876.1533844224443
5.6,876.2918442029838
5.8,876.4217051394785
6.0,876.5433509290596
6.2,876.6571596475998
6.4,876.7635029743122
6.6,876.8627454700771
6.8,876.9552439121278
7.0,877.0413466871472
7.2,877.1213932442564
7.4,877.1957136088182
7.6,877.2646279574412
7.8,877.3284462540562
8.0,877.3874679464496
8.2,877.441981722187
8.4,877.49226532244
8.6,877.5385854118525
8.8,877.58119750224
9.0,877.6203459276181
9.2,877.6562638678027
9.4,877.6891734176029
9.6,877.7192856984655
9.8,877.7468010092895
10.0,877.7719090130435
10.2,877.7947889557604
10.4,877.8156099144708
10.6,877.8345310706458
10.8,877.8517020057747
11.0,877.8672630157688
11.2,877.8813454409873
11.4,877.8940720088012
11.6,877.9055571857556
11.8,877.9159075365375
12.0,877.9252220871405
12.2,877.9335926897845
12.4,877.9411043873445
12.6,877.9478357752287
12.8,877.9538593588459
13.0,877.9592419049904
13.2,877.9640447856702
13.4,877.9683243130874
13.6,877.9721320646672
13.8,877.9755151972028
14.0,877.9785167493529
14.2,877.9811759318891
14.4,877.9835284052315
14.6,877.9856065439576
14.8,877.9874396880881
15.0,877.9890543810752
15.2,877.9904745945182
15.4,877.9917219397279
15.6,877.9928158663422
15.8,877.9937738482673
16.0,877.994611557281
16.2,877.9953430246836
16.4,877.9959807914296
16.6,877.9965360472029
16.8,877.997018758926
17.0,877.9974377892129
17.2,877.9978010052871
17.4,877.9981153788912
17.6,877.998387077719
17.8,877.9986215488927
18.0,877.9988235950013
18.2,877.9989974432082
18.4,877.9991468079163
18.6,877.9992749474663
18.8,877.9993847153228
19.0,877.9994786061836
19.2,877.9995587974272
19.4,877.9996271862876
19.6,877.9996854231297
19.8,877.9997349411688
20.0,877.9997769829595
20.2,877.9998126239569
20.4,877.9998427934297
20.6,877.9998682929845
20.8,877.9998898129405
21.0,877.9999079467765
21.2,877.9999232038462
21.4,877.9999360205511
21.6,877.9999467701358
21.8,877.9999557712554
22.0,877.9999632954564
22.2,877.9999695736913
22.4,877.9999748019785
22.6,877.9999791463091
22.8,877.9999827468868
23.0,877.9999857217807
23.2,877.9999881700618
23.4,877.9999901744832
23.6,877.9999918037583
23.8,877.999993114485
24.0,877.9999941527544
24.2,877.9999949554792
24.4,877.9999955514719
24.6,877.9999959622952
24.8,877.9999962029035
25.0,877.9999962820918
25.2,877.9999962027606
25.4,877.999995962003
25.6,877.9999955510173
25.8,877.9999949548417
26.0,877.9999941519054
26.2,877.999993113387
26.4,877.9999918023626
26.6,877.9999901727291
26.8,877.9999881678738
27.0,877.9999857190656
27.2,877.9999827435304
27.4,877.999979142172
27.6,877.9999747968909
27.8,877.9999695674474
28.0,877.9999632878071
28.2,877.9999557618993
28.4,877.9999467587099
28.6,877.9999360066181
28.8,877.9999231868803
29.0,877.9999079261466
29.2,877.9998897878904
29.4,877.9998682626087
29.6,877.9998427566469
29.8,877.9998125794762
30.0,877.9997769292429
30.2,877.9997348763865
30.4,877.9996853451079
30.6,877.9996270924471
30.8,877.9995586847131
31.0,877.9994784709817
31.2,877.9993845533635
31.4,877.999274753714
31.6,877.9991465764393
31.8,877.9989971670301
32.0,877.9988232659281
32.2,877.9986211573142
32.4,877.9983866123802
32.6,877.9981148266289
32.8,877.9978003507293
33.0,877.9974370144328
33.2,877.9970178430468
33.4,877.9965349659474
33.6,877.9959795166061
33.8,877.9953415236002
34.0,877.9946097920814
34.2,877.9937717751756
34.4,877.9928134348088
34.6,877.9917190914634
34.8,877.9904712624017
35.0,877.989050487924
35.2,877.9874351452734
35.4,877.9856012498484
35.6,877.983522243449
35.8,877.9811687693507
36.0,877.9785084340857
36.2,877.9755055559011
36.4,877.9721208999708
36.6,877.9683114005512
36.8,877.9640298703974
37.0,877.9592246978972
37.2,877.953839532524
37.4,877.9478129593693
37.6,877.941078163687
37.8,877.933562586548
38.0,877.9251875728944
38.2,877.9158680134688
38.4,877.9055119822817
38.6,877.8940203714801
38.8,877.881286525672
39.0,877.8671958779519
39.2,877.8516255900631
39.4,877.8344441993103
39.6,877.8155112750069
39.8,877.794677087397
40.0,877.7717822921346
40.2,877.7466576335249
40.4,877.7191236698285
40.6,877.6889905240096
40.8,877.6560576633516
41.0,877.6201137113812
41.2,877.5809362955247
41.4,877.538291933865
41.6,877.4919359642806
41.8,877.4416125191096
42.0,877.3870545483201
42.2,877.3279838939442
42.4,877.2641114182849
42.6,877.1951371881029
42.8,877.1207507166525
43.0,877.0406312650566
43.2,876.9544482040944
43.4,876.861861437019
43.6,876.762521883543
43.8,876.6560720246097
44.0,876.5421465070361
44.2,876.4203728065538
44.4,876.2903719472017
44.6,876.1517592744532
44.8,876.0041452788713
45.0,875.8471364665213
45.2,875.6803362718022
45.4,875.5033460078178
45.6,875.3157658488949
45.8,875.117195839373
46.0,874.9072369223492
46.2,874.6854919816666
46.4,874.4515668901037
46.6,874.2050715564293
46.8,873.9456209637875
47.0,873.67283619172
47.2,873.3863454140709
47.4,873.0857848650219
47.6,872.7707997655867
47.8,872.441045203064
48.0,872.0961869561866
48.2,871.7359022590309
48.4,871.3598804971504
48.6,870.9678238298688
48.8,870.5594477332177
49.0,870.134481458604
49.2,869.6926684029712
49.4,869.233766386928
49.6,868.7575478380879
49.8,868.2637998776632
50.0,867.7523243091833
