0.0,869.7714482531948
0.2,870.2641616365008
0.4,870.7368568858556
0.6,871.1897141829204
0.8,871.6229469110639
1.0,872.0368015217973
1.2,872.4315571095618
1.4,872.8075247021701
1.6,873.1650462776557
1.8,873.5044935215433
2.0,873.8262663415491
2.2,874.1307911594223
2.4,874.4185190019981
2.6,874.6899234155194
2.8,874.9454982288792
3.0,875.1857551926068
3.2,875.4112215211838
3.4,875.622437366604
3.6,875.8199532510158
3.8,876.0043274858033
4.0,876.1761236036104
4.2,876.3359078286085
4.4,876.4842466087907
4.6,876.6217042322908
4.8,876.7488405476901
5.0,876.8662088060744
5.2,876.9743536402368
5.4,877.0738091939766
5.6,877.1650974119359
5.8,877.2487264979062
6.0,877.325189547057
6.2,877.3949633551377
6.4,877.4585074054033
6.6,877.5162630318559
6.8,877.5686527554008
7.0,877.6160797877054
7.2,877.6589276959402
7.4,877.6975602201863
7.6,877.7323212341236
7.8,877.7635348386523
8.0,877.7915055773757
8.2,877.8165187623473
8.4,877.8388408981706
8.6,877.8587201924208
8.8,877.8763871404045
9.0,877.8920551724946
9.2,877.9059213526302
9.4,877.9181671170526
9.6,877.9289590429311
9.8,877.9384496372023
10.0,877.9467781366787
10.2,877.954071311261
10.4,877.9604442629029
10.6,877.9660012137973
10.8,877.9708362780782
11.0,877.9750342121388
11.2,877.9786711394573
11.4,877.9818152465645
11.6,877.9845274475013
11.8,877.986862014772
12.0,877.9888671754054
12.2,877.9905856712895
12.4,877.9920552834382
12.6,877.9933093202832
12.8,877.9943770704671
13.0,877.9952842209319
13.2,877.9960532413714
13.4,877.996703736333
13.6,877.9972527664283
13.8,877.9977151402422
14.0,877.998103678619
14.2,877.9984294530635
14.4,877.9987020000169
14.6,877.9989295127682
14.8,877.9991190127389
15.0,877.999276501832
15.2,877.999407097484
15.4,877.9995151519839
15.6,877.9996043575466
15.8,877.9996778385404
16.0,877.9997382321806
16.2,877.9997877589061
16.4,877.9998282835678
16.6,877.9998613684609
16.8,877.9998883191473
17.0,877.9999102239278
17.2,877.9999279877421
17.4,877.9999423611931
17.6,877.9999539653261
17.8,877.9999633127185
18.0,877.9999708253782
18.2,877.9999768498893
18.4,877.9999816701896
18.6,877.9999855183222
18.8,877.9999885834529
19.0,877.9999910194144
19.2,877.9999929509992
19.4,877.9999944791934
19.6,877.9999956855181
19.8,877.99999663562
20.0,877.9999973822343
20.2,877.999997967619
20.4,877.9999984255562
20.6,877.9999987829841
20.8,877.999999061333
21.0,877.9999992776085
21.2,877.9999994452733
21.4,877.9999995749589
21.6,877.9999996750411
21.8,877.9999997521016
22.0,877.999999811301
22.2,877.9999998566744
22.4,877.99999989137
22.6,877.9999999178375
22.8,877.9999999379784
23.0,877.9999999532644
23.2,877.9999999648314
23.4,877.9999999735537
23.6,877.9999999801009
23.8,877.9999999849834
24.0,877.999999988588
24.2,877.9999999912038
24.4,877.9999999930436
24.6,877.9999999942585
24.8,877.999999994949
25.0,877.9999999951729
25.2,877.9999999949489
25.4,877.9999999942584
25.6,877.9999999930434
25.8,877.9999999912034
26.0,877.9999999885873
26.2,877.9999999849825
26.4,877.9999999800995
26.6,877.9999999735517
26.8,877.9999999648285
27.0,877.9999999532602
27.2,877.9999999379726
27.4,877.9999999178297
27.6,877.9999998913594
27.8,877.9999998566601
28.0,877.999999811282
28.2,877.9999997520762
28.4,877.9999996750071
28.6,877.9999995749139
28.8,877.9999994452133
29.0,877.9999992775292
29.2,877.9999990612284
29.4,877.9999987828464
29.6,877.9999984253752
29.8,877.9999979673818
30.0,877.9999973819235
30.2,877.9999966352144
30.4,877.9999956849895
30.6,877.999994478506
30.8,877.999992950107
31.0,877.9999910182588
31.2,877.9999885819594
31.4,877.9999855163962
31.6,877.9999816677107
31.8,877.9999768467053
32.0,877.9999708212972
32.2,877.9999633074984
32.4,877.9999539586628
32.6,877.9999423527048
32.8,877.999927976951
33.0,877.9999102102372
33.2,877.9998883018134
33.4,877.9998613465589
33.6,877.9998282559496
33.8,877.9997877241505
34.0,877.9997381885312
34.2,877.9996777838318
34.4,877.9996042891145
34.6,877.9995150665576
34.8,877.9994069910566
35.0,877.9992763695057
35.2,877.9991188485387
35.4,877.9989293094217
35.6,877.9987017486902
35.8,877.9984291430501
36.0,877.9981032969689
36.2,877.9977146713262
36.4,877.997252191423
36.6,877.9967030326155
36.8,877.9960523818107
37.0,877.9952831730577
37.2,877.9943757955015
37.4,877.9933077720117
37.6,877.9920534068988
37.8,877.9905834012536
38.0,877.9888644346206
38.2,877.9868587119361
38.4,877.9845234749301
38.6,877.9818104775152
38.8,877.9786654250624
39.0,877.9750273779039
39.2,877.9708281198893
39.4,877.9659914933824
39.6,877.9604327026816
39.8,877.9540575885185
40.0,877.9467618769876
40.2,877.9384304070145
40.4,877.928936341255
40.6,877.918140366126
40.8,877.9058898874894
41.0,877.8920182293422
41.2,877.8763438436661
41.4,877.8586695403772
41.6,877.8387817470488
41.8,877.8164498087473
42.0,877.791425338906
42.2,877.7634416326431
42.4,877.7322131542851
42.6,877.6974351110762
42.8,877.6587831251014
43.0,877.615913015339
43.2,877.5684607014344
43.4,877.5160422402759
43.6,877.4582540057146
43.8,877.394673020827
44.0,877.3248574509377
44.2,877.2483472642284
44.4,877.1646650651587
44.6,877.0733171041065
44.8,876.9737944646516
45.0,876.8655744277613
45.2,876.748122009847
45.4,876.6208916692533
45.6,876.4833291732666
45.8,876.3348736152219
46.0,876.1749595687786
46.2,876.0030193639901
46.4,875.8184854674327
46.6,875.620792946448
46.8,875.409381995532
47.0,875.1837005011093
47.2,874.9432066194175
47.4,874.6873713410258
47.6,874.4156810146518
47.8,874.1276398024678
48.0,873.8227720390013
48.2,873.5006244660715
48.4,873.1607683169552
48.6,872.8028012241534
48.8,872.426348926717
49.0,872.0310667550801
49.2,871.6166408737007
49.4,871.1827892645114
49.6,870.7292624371782
49.8,870.2558438554166
50.0,869.7623500720679
