0.0,870.8992593898686
0.2,871.3849026132873
0.4,871.8482297458185
0.6,872.2894134202802
0.8,872.7086825917027
1.0,873.1063219989958
1.2,873.4826710111838
1.4,873.8381218820333
1.6,874.173117446176
1.8,874.4881482983105
2.0,874.7837495045867
2.2,875.0604969016842
2.4,875.319003044286
2.6,875.5599128655188
2.8,875.7838991174689
3.0,875.9916576600345
3.2,876.1839026662059
3.4,876.3613618103996
3.6,876.5247715038146
3.8,876.6748722370264
4.0,876.8124040853419
4.2,876.9381024269221
4.4,877.052693917547
4.6,877.1568927592698
4.8,877.2513972932987
5.0,877.3368869403963
5.2,877.4140195050652
5.4,877.4834288529554
5.6,877.5457229643999
5.8,877.601482360896
6.0,877.6512588957792
6.2,877.6955748953897
6.4,877.7349226327246
6.6,877.769764111987
6.8,877.8005311395524
7.0,877.8276256547117
7.2,877.8514202920674
7.4,877.8722591466426
7.6,877.8904587125467
7.8,877.9063089663879
8.0,877.9200745674462
8.2,877.9319961478664
8.4,877.9422916677261
8.6,877.9511578116978
8.8,877.9587714060916
9.0,877.9652908372707
9.2,877.9708574547153
9.4,877.9755969442973
9.6,877.9796206596016
9.8,877.9830269013083
10.0,877.9859021367354
10.2,877.9883221535705
10.4,877.990353143608
10.6,877.9920527139027
10.8,877.9934708241767
11.0,877.9946506505519
11.2,877.995629376731
11.4,877.9964389146268
11.6,877.9971065571416
11.8,877.9976555663563
12.0,877.9981057007873
12.2,877.9984736856527
12.4,877.9987736302522
12.6,877.9990173966343
12.8,877.9992149237054
13.0,877.9993745108546
13.2,877.999503065029
13.4,877.9996063150076
13.6,877.9996889964193
13.8,877.9997550108033
14.0,877.9998075617749
14.2,877.9998492711003
14.4,877.9998822772311
14.6,877.9999083186086
14.8,877.9999288038016
15.0,877.9999448703234
15.2,877.9999574337569
15.4,877.9999672286228
15.6,877.9999748422459
15.8,877.9999807427084
16.0,877.9999853018351
16.2,877.9999888140195
16.4,877.9999915115865
16.6,877.9999935772788
16.8,877.9999951543696
17.0,877.9999963548216
17.2,877.9999972658442
17.4,877.9999979551454
17.6,877.9999984751222
17.8,877.999998866191
18.0,877.9999991594264
18.2,877.9999993786423
18.4,877.9999995420307
18.6,877.9999996634426
18.8,877.9999997533913
19.0,877.9999998198296
19.2,877.9999998687547
19.4,877.9999999046748
19.6,877.9999999309672
19.8,877.9999999501543
20.0,877.9999999641144
20.2,877.9999999742405
20.4,877.9999999815636
20.6,877.9999999868437
20.8,877.9999999906391
21.0,877.9999999933591
21.2,877.9999999953026
21.4,877.9999999966869
21.6,877.9999999976701
21.8,877.9999999983662
22.0,877.9999999988577
22.2,877.9999999992035
22.4,877.9999999994461
22.6,877.9999999996159
22.8,877.999999999734
23.0,877.9999999998163
23.2,877.9999999998734
23.4,877.9999999999126
23.6,877.9999999999395
23.8,877.999999999958
24.0,877.9999999999707
24.2,877.9999999999793
24.4,877.9999999999849
24.6,877.9999999999882
24.8,877.9999999999901
25.0,877.9999999999907
25.2,877.9999999999901
25.4,877.9999999999882
25.6,877.9999999999849
25.8,877.9999999999793
26.0,877.9999999999707
26.2,877.999999999958
26.4,877.9999999999395
26.6,877.9999999999126
26.8,877.9999999998734
27.0,877.9999999998163
27.2,877.999999999734
27.4,877.9999999996159
27.6,877.9999999994461
27.8,877.9999999992035
28.0,877.9999999988576
28.2,877.9999999983661
28.4,877.99999999767
28.6,877.9999999966867
28.8,877.9999999953023
29.0,877.9999999933586
29.2,877.9999999906385
29.4,877.9999999868429
29.6,877.9999999815626
29.8,877.9999999742389
30.0,877.9999999641119
30.2,877.9999999501509
30.4,877.9999999309622
30.6,877.9999999046678
30.8,877.9999998687449
31.0,877.9999998198158
31.2,877.9999997533721
31.4,877.999999663416
31.6,877.9999995419936
31.8,877.999999378591
32.0,877.9999991593558
32.2,877.9999988660943
32.4,877.9999984749896
32.6,877.9999979549643
32.8,877.9999972655976
33.0,877.9999963544866
33.2,877.999995153916
33.4,877.9999935766662
33.6,877.9999915107613
33.8,877.9999888129109
34.0,877.99998530035
34.2,877.9999807407245
34.4,877.9999748396027
34.6,877.9999672251109
34.8,877.9999574291036
35.0,877.9999448641745
35.2,877.9999287956985
35.4,877.9999083079592
35.6,877.9998822632731
35.8,877.9998492528548
36.0,877.9998075379893
36.2,877.9997549798785
36.4,877.9996889563204
36.6,877.9996062631516
36.8,877.9995029981471
37.0,877.9993744248226
37.2,877.9992148133327
37.4,877.9990172554087
37.6,877.9987734500254
37.8,877.9984734562582
38.0,877.9981054095767
38.2,877.9976551976372
38.4,877.9971060914997
38.6,877.9964383281107
38.8,877.995628639874
39.0,877.9946497272031
39.2,877.9934696701091
39.4,877.992051275158
39.6,877.9903513545383
39.8,877.9883199345261
40.0,877.9858993913449
40.2,877.9830235132877
40.4,877.9796164890242
40.6,877.9755918232472
40.8,877.9708511822361
41.0,877.965283173518
41.2,877.9587620655806
41.4,877.951146455536
41.6,877.9422778947014
41.8,877.9319794842597
42.0,877.9200544554193
42.2,877.9062847507912
42.4,877.8904296259813
42.6,877.8722242925976
42.8,877.851378625946
43.0,877.8275759625514
43.2,877.8004720142359
43.4,877.7696939267332
43.6,877.7348395116445
43.8,877.6954766808874
44.0,877.6511431125805
44.2,877.6013461764801
44.4,877.5455631456216
44.6,877.4832417186425
44.8,877.4138008743921
45.0,877.3366320768392
45.2,877.2511008439988
45.4,877.1565486896419
45.6,877.0522954410013
45.8,876.9376419295818
46.0,876.8118730456762
46.2,876.6742611403428
46.4,876.5240697515922
46.6,876.3605576244829
46.8,876.1829829879135
47.0,875.9906080442862
47.2,875.7827036220701
47.4,875.558553935793
47.6,875.3174613932871
47.8,875.0587513862678
48.0,874.781776997665
48.2,874.4859235576614
48.4,874.170612980215
48.6,873.835307813004
48.8,873.4795149362554
49.0,873.1027888497931
49.2,872.7047344928231
49.4,872.2850095473797
49.6,871.8433261838667
49.8,871.3794522156113
50.0,870.8932116386121
