0.0,800.849383705716
0.2,802.8746140989388
0.4,804.859973370375
0.6,806.8058432776261
0.8,808.7126089391568
1.0,810.5806589709856
1.2,812.4103856082874
1.4,814.2021848113512
1.6,815.9564563554029
1.8,817.6736039038655
2.0,819.3540350647033
2.2,820.9981614295705
2.4,822.6063985955467
2.6,824.1791661693264
2.8,825.7168877537923
3.0,827.2199909169788
3.2,828.6889071435043
3.4,830.124071768618
3.6,831.5259238950795
3.8,832.8949062931551
4.0,834.2314652840815
4.2,835.5360506074094
4.4,836.8091152727014
4.6,838.0511153961171
4.8,839.2625100224705
5.0,840.4437609333999
5.2,841.595332442334
5.4,842.7176911769877
5.6,843.8113058501553
5.8,844.8766470196105
6.0,845.9141868379504
6.2,846.9243987932539
6.4,847.9077574414412
6.6,848.8647381312489
6.8,849.7958167227429
7.0,850.7014693003069
7.2,851.5821718810497
7.4,852.4384001195732
7.6,853.2706290100467
7.8,854.0793325865233
8.0,854.8649836224238
8.2,855.6280533301036
8.4,856.3690110613951
8.6,857.0883240100027
8.8,857.7864569165993
9.0,858.4638717774471
9.2,859.1210275573372
9.4,859.7583799076054
9.6,860.3763808899506
9.8,860.9754787067424
10.0,861.556117438465
10.2,862.1187367889049
10.4,862.6637718386439
10.6,863.1916528073796
10.8,863.7028048255463
11.0,864.1976477156677
11.2,864.6765957838214
11.4,865.1400576215553
11.6,865.5884359185436
11.8,866.0221272862278
12.0,866.4415220926409
12.2,866.8470043085667
12.4,867.238951365144
12.6,867.6177340229798
12.8,867.9837162527946
13.0,868.3372551275818
13.2,868.6787007262216
13.4,869.0083960484556
13.6,869.3266769410875
13.8,869.6338720352451
14.0,869.9303026945014
14.2,870.2162829736266
14.4,870.4921195877105
14.6,870.7581118913696
14.8,871.0145518677286
15.0,871.2617241268437
15.2,871.4999059132131
15.4,871.7293671220048
15.6,871.9503703236131
15.8,872.1631707961418
16.0,872.3680165654015
16.2,872.5651484519959
16.4,872.754800125067
16.6,872.9371981622603
16.8,873.1125621154681
17.0,873.2811045819063
17.2,873.44303128008
17.4,873.5985411301908
17.6,873.7478263385461
17.8,873.8910724855295
18.0,874.0284586166988
18.2,874.1601573365837
18.4,874.2863349047625
18.6,874.4071513338067
18.8,874.5227604886878
19.0,874.6333101872565
19.2,874.7389423014099
19.4,874.8397928585767
19.6,874.9359921431621
19.8,875.0276647976061
20.0,875.1149299227203
20.2,875.1979011769864
20.4,875.2766868745058
20.6,875.3513900813097
20.8,875.4221087097491
21.0,875.4889356106997
21.2,875.5519586633276
21.4,875.6112608621797
21.6,875.6669204013723
21.8,875.7190107556654
22.0,875.7676007582264
22.2,875.8127546748944
22.4,875.8545322747752
22.6,875.8929888970032
22.8,875.9281755135246
23.0,875.9601387877627
23.2,875.9889211290421
23.4,876.0145607426563
23.6,876.0370916754775
23.8,876.0565438570155
24.0,876.0729431358434
24.2,876.0863113113202
24.4,876.0966661605489
24.6,876.1040214605163
24.8,876.1083870053758
25.0,876.1097686188381
25.2,876.1081681616488
25.4,876.1035835341378
25.6,876.0960086738371
25.8,876.0854335481715
26.0,876.0718441422364
26.2,876.055222441686
26.4,876.0355464107655
26.6,876.0127899655282
26.8,875.9869229422914
27.0,875.9579110613911
27.2,875.9257158863091
27.4,875.8902947782525
27.6,875.8516008462806
27.8,875.8095828930798
28.0,875.7641853565032
28.2,875.7153482469978
28.4,875.6630070810588
28.6,875.6070928108576
28.8,875.5475317502054
29.0,875.4842454970269
29.2,875.417150852527
29.4,875.346159737251
29.6,875.2711791042512
29.8,875.192110849583
30.0,875.1088517203694
30.2,875.0212932206878
30.4,874.9293215155413
30.6,874.8328173331986
30.8,874.7316558661901
31.0,874.6257066712709
31.2,874.5148335686691
31.4,874.3988945409511
31.6,874.2777416318517
31.8,874.1512208454252
32.0,874.0191720458897
32.2,873.8814288585438
32.4,873.7378185721507
32.6,873.5881620431888
32.8,873.4322736023835
33.0,873.2699609639379
33.2,873.1010251378897
33.4,872.9252603460279
33.6,872.7424539418081
33.8,872.552386334706
34.0,872.3548309194538
34.2,872.1495540106063
34.4,871.9363147828755
34.6,871.7148652176794
34.8,871.4849500563395
35.0,871.2463067603571
35.2,870.9986654791934
35.4,870.7417490259619
35.6,870.4752728614385
35.8,870.1989450867727
36.0,869.9124664452704
36.2,869.6155303336027
36.4,869.3078228227703
36.6,868.9890226891341
36.8,868.658801455797
37.0,868.316823444595
37.2,867.9627458389269
37.4,867.5962187576217
37.6,867.2168853400096
37.8,866.8243818423293
38.0,866.4183377455659
38.2,865.9983758747766
38.4,865.5641125299245
38.6,865.115157628193
38.8,864.6511148577198
39.0,864.1715818426402
39.2,863.6761503192843
39.4,863.1644063233341
39.6,862.6359303876931
39.8,862.0902977507786
40.0,861.5270785749028
40.2,860.9458381743559
40.4,860.3461372527662
40.6,859.7275321492598
40.8,859.089575092903
41.0,858.4318144648636
41.2,857.7537950676847
41.4,857.0550584010259
41.6,856.3351429431858
41.8,855.5935844376802
42.0,854.8299161841198
42.2,854.0436693325959
42.4,853.2343731807489
42.6,852.4015554726769
42.8,851.544742698805
43.0,850.6634603958254
43.2,849.7572334457961
43.4,848.8255863734728
43.6,847.868043640939
43.8,846.884129938594
44.0,845.8733704715548
44.2,844.8352912405328
44.4,843.7694193162486
44.6,842.6752831064641
44.8,841.5524126147218
45.0,840.4003396899008
45.2,839.2185982657284
45.4,838.0067245894041
45.6,836.7642574385358
45.8,835.4907383256138
46.0,834.1857116893005
46.2,832.8487250718443
46.4,831.4793292819847
46.6,830.0770785427634
46.8,828.6415306237081
47.0,827.1722469569196
47.2,825.6687927366457
47.4,824.1307370019966
47.6,822.557652702516
47.8,820.9491167463922
48.0,819.3047100311618
48.2,817.6240174568296
48.4,815.9066279213998
48.6,814.1521342988841
48.8,812.3601333999254
49.0,810.5302259152517
49.2,808.6620163422373
49.4,806.7551128949311
49.6,804.8091273979719
49.8,802.8236751648823
50.0,800.7983748613027
