0.0,850.716199536357
0.2,851.4871508951212
0.4,852.2391066007963
0.6,852.9725170090793
0.8,853.6878221940937
1.0,854.3854517812543
1.2,855.0658248268804
1.4,855.7293497439043
1.6,856.3764242726139
1.8,857.0074354949784
2.0,857.6227598907379
2.2,858.2227634331141
2.4,858.8078017216942
2.6,859.3782201497885
2.8,859.9343541033443
3.0,860.4765291883266
3.2,861.0050614833511
3.4,861.5202578142682
3.6,862.0224160473647
3.8,862.5118253978463
4.0,862.9887667503187
4.2,863.4535129880561
4.4,863.9063293279752
4.6,864.3474736583703
4.8,864.7771968766481
5.0,865.1957432244905
5.2,865.6033506180956
5.4,866.0002509713698
5.6,866.3866705101852
5.8,866.7628300760571
6.0,867.1289454178415
6.2,867.485227470291
6.4,867.8318826185429
6.6,868.1691129478398
6.8,868.497116477995
7.0,868.8160873823122
7.2,869.1262161908622
7.4,869.4276899781734
7.6,869.7206925355567
7.8,870.0054045284058
8.0,870.282003638936
8.2,870.5506646949145
8.4,870.811559785019
8.6,871.0648583615191
8.8,871.310727331025
9.0,871.5493311340767
9.2,871.7808318143708
9.4,872.0053890784235
9.6,872.2231603464676
9.8,872.4343007953723
10.0,872.6389633943465
10.2,872.8372989341681
10.4,873.0294560506434
10.6,873.2155812429703
10.8,873.3958188876343
11.0,873.5703112484315
11.2,873.7391984831681
11.4,873.9026186475409
11.6,874.0607076966679
11.8,874.2135994846905
12.0,874.3614257628325
12.2,874.5043161762607
12.4,874.6423982600587
12.6,874.775797434586
12.8,874.9046370004669
13.0,875.0290381334206
13.2,875.1491198791198
13.4,875.2649991482342
13.6,875.3767907117975
13.8,875.4846071970127
14.0,875.5885590835899
14.2,875.6887547006979
14.4,875.7853002245917
14.6,875.8782996769642
14.8,875.9678549240612
15.0,876.0540656765841
15.2,876.1370294903978
15.4,876.216841768051
15.6,876.2935957611093
15.8,876.3673825732932
16.0,876.4382911644126
16.2,876.5064083550751
16.4,876.57181883215
16.6,876.634605154961
16.8,876.6948477621767
17.0,876.7526249793697
17.2,876.808013027207
17.4,876.861086030235
17.6,876.911916026221
17.8,876.9605729760102
18.0,877.0071247738566
18.2,877.0516372581833
18.4,877.0941742227309
18.6,877.1347974280472
18.8,877.1735666132741
19.0,877.2105395081845
19.2,877.245771845428
19.4,877.279317372933
19.6,877.311227866426
19.8,877.3415531420184
20.0,877.3703410688173
20.2,877.3976375815159
20.4,877.4234866929191
20.6,877.4479305063612
20.8,877.4710092279726
21.0,877.4927611787556
21.2,877.5132228064261
21.4,877.5324286969852
21.6,877.5504115859778
21.8,877.5672023694077
22.0,877.5828301142657
22.2,877.5973220686442
22.4,877.6107036714009
22.6,877.6229985613413
22.8,877.6342285858929
23.0,877.6444138092405
23.2,877.6535725198991
23.4,877.6617212376993
23.6,877.6688747201633
23.8,877.675045968252
24.0,877.6802462314635
24.2,877.6844850122698
24.4,877.687770069874
24.6,877.6901074232793
24.8,877.6915013536577
25.0,877.6919544060123
25.2,877.6914673901273
25.4,877.6900393808012
25.6,877.6876677173632
25.8,877.6843480024748
26.0,877.6800741002163
26.2,877.6748381334681
26.4,877.6686304805902
26.6,877.661439771412
26.8,877.653252882544
27.0,877.6440549320243
27.2,877.6338292733158
27.4,877.6225574886734
27.6,877.6102193819004
27.8,877.5967929705153
28.0,877.5822544773537
28.2,877.566578321631
28.4,877.5497371094932
28.6,877.5317016240842
28.8,877.5124408151626
29.0,877.4919217882972
29.2,877.4701097936795
29.4,877.4469682145844
29.6,877.4224585555189
29.8,877.3965404300955
30.0,877.3691715486711
30.2,877.3403077057898
30.4,877.309902767473
30.6,877.2779086583988
30.8,877.244275349013
31.0,877.2089508426172
31.2,877.1718811624767
31.4,877.1330103389957
31.6,877.0922803970033
31.8,877.0496313431962
32.0,877.0050011537851
32.2,876.9583257623894
32.4,876.9095390482261
32.6,876.8585728246375
32.8,876.8053568280051
33.0,876.74981870709
33.2,876.6918840128449
33.4,876.6314761887405
33.6,876.5685165616463
33.8,876.5029243333033
34.0,876.4346165724296
34.2,876.3635082074911
34.4,876.2895120201705
34.6,876.2125386395654
34.8,876.1324965371406
35.0,876.0492920224578
35.2,875.9628292397006
35.4,875.873010165007
35.6,875.7797346046183
35.8,875.6829001938438
36.0,875.5824023968338
36.2,875.478134507148
36.4,875.3699876490917
36.6,875.2578507797864
36.8,875.1416106919246
37.0,875.0211520171503
37.2,874.8963572299855
37.4,874.767106652211
37.6,874.6332784575889
37.8,874.4947486767906
38.0,874.3513912023795
38.2,874.2030777936618
38.4,874.0496780811998
38.6,873.8910595707478
38.8,873.7270876463442
39.0,873.5576255722514
39.2,873.3825344934078
39.4,873.2016734340136
39.6,873.0148992938332
39.8,872.8220668417574
40.0,872.6230287061287
40.2,872.4176353612866
40.4,872.2057351097548
40.6,871.9871740594476
40.8,871.7617960952363
41.0,871.5294428441806
41.2,871.2899536337004
41.4,871.0431654419343
41.6,870.7889128395144
41.8,870.5270279219714
42.0,870.2573402319846
42.2,869.9796766706951
42.4,869.6938613973192
42.6,869.3997157163344
42.8,869.0970579515514
43.0,868.7857033064478
43.2,868.4654637102202
43.4,868.1361476490994
43.6,867.7975599825907
43.8,867.449501744427
44.0,867.091769928174
44.2,866.724157257585
44.4,866.346451941992
44.6,865.9584374172074
44.8,865.5598920726295
45.0,865.1505889654567
45.2,864.7302955231551
45.4,864.2987732355522
45.6,863.8557773381767
45.8,863.4010564886943
46.0,862.9343524385295
46.2,862.4553997019872
46.4,861.9639252253932
46.6,861.4596480589752
46.8,860.9422790343704
47.0,860.4115204507954
47.2,859.8670657730271
47.4,859.308599344425
47.6,858.7357961182713
47.8,858.1483214107055
48.0,857.5458306784981
48.2,856.9279693248207
48.4,856.2943725360509
48.6,855.6446651524766
48.8,854.978461575555
49.0,854.2953657141285
49.2,853.5949709717083
49.4,852.8768602766086
49.6,852.14060615636
49.8,851.3857708574453
50.0,850.6119065109976
