0.0,753.2851884382233
0.2,755.9566516721706
0.4,758.5686592664733
0.6,761.1228949594574
0.8,763.6209999800984
1.0,766.0645717369008
1.2,768.4551627220985
1.4,770.7942796320851
1.6,773.0833827029295
1.8,775.3238852578397
2.0,777.5171534615577
2.2,779.6645062748901
2.4,781.7672156009754
2.6,783.8265066134269
2.8,785.8435582552282
3.0,787.8195038961871
3.2,789.755432135882
3.4,791.6523877383737
3.6,793.5113726845055
3.8,795.3333473273531
4.0,797.1192316363384
4.2,798.8699065156435
4.4,800.5862151828569
4.6,802.2689645942421
4.8,803.9189269036037
5.0,805.5368409424327
5.2,807.1234137098205
5.4,808.6793218615087
5.6,810.2052131883863
5.8,811.7017080757173
6.0,813.1694009353816
6.2,814.6088616044115
6.4,816.0206367040829
6.6,817.405250954784
6.8,818.7632084427946
7.0,820.0949938359747
7.2,821.4010735461676
7.4,822.6818968368627
7.6,823.9378968753332
7.8,825.1694917290654
8.0,826.3770853068211
8.2,827.561068245127
8.4,828.7218187413732
8.6,829.859703335013
8.8,830.9750776386144
9.0,832.0682870207049
9.2,833.139667242492
9.4,834.1895450506331
9.6,835.2182387282814
9.8,836.2260586066438
10.0,837.2133075392676
10.2,838.1802813412345
10.4,839.1272691953681
10.6,840.0545540274819
10.8,840.9624128526065
11.0,841.8511170940227
11.2,842.7209328768336
11.4,843.5721212976902
11.6,844.4049386721823
11.8,845.2196367613031
12.0,846.0164629782893
12.2,846.7956605770486
12.4,847.5574688232927
12.6,848.3021231494137
12.8,849.0298552940644
13.0,849.7408934273336
13.2,850.4354622623473
13.4,851.1137831540693
13.6,851.7760741860271
13.8,852.4225502456442
14.0,853.0534230888231
14.2,853.66890139439
14.4,854.2691908089821
14.6,854.8544939829342
14.8,855.4250105976997
15.0,855.980937385319
15.2,856.5224681404335
15.4,857.0497937253272
15.6,857.5631020684622
15.8,858.0625781569638
16.0,858.5484040234958
16.2,859.0207587279551
16.4,859.4798183344054
16.6,859.9257558836537
16.8,860.3587413618661
17.0,860.7789416656045
17.2,861.1865205636553
17.4,861.5816386560064
17.6,861.9644533303216
17.8,862.335118716242
18.0,862.6937856378364
18.2,863.0406015645053
18.4,863.3757105606321
18.6,863.6992532342621
18.8,864.0113666850725
19.0,864.3121844518871
19.2,864.6018364599722
19.4,864.8804489683394
19.6,865.1481445172658
19.8,865.4050418762287
20.0,865.6512559924399
20.2,865.8868979401518
20.4,866.1120748708931
20.6,866.326889964784
20.8,866.5314423830645
21.0,866.7258272219625
21.2,866.9101354680142
21.4,867.0844539549418
21.6,867.2488653221831
21.8,867.4034479751589
22.0,867.548276047353
22.2,867.6834193642775
22.4,867.808943409381
22.6,867.9249092919584
22.8,868.0313737171083
23.0,868.128388957781
23.2,868.2160028289559
23.4,868.2942586639793
23.6,868.3631952930913
23.8,868.4228470241655
24.0,868.4732436256846
24.2,868.5144103119636
24.4,868.5463677306418
24.6,868.5691319524494
24.8,868.5827144632617
25.0,868.5871221584457
25.2,868.5823573395065
25.4,868.5684177130316
25.6,868.545296391941
25.8,868.5129818990354
26.0,868.4714581728443
26.2,868.4207045757685
26.4,868.3606959045064
26.6,868.2914024027615
26.8,868.2127897762132
27.0,868.1248192097414
27.2,868.0274473868845
27.4,867.9206265115128
27.6,867.8043043316911
27.8,867.6784241657055
28.0,867.5429249302174
28.2,867.3977411705133
28.4,867.2428030928024
28.6,867.0780365985163
28.8,866.9033633205573
29.0,866.7187006614301
29.2,866.5239618331921
29.4,866.319055899141
29.6,866.1038878171595
29.8,865.8783584846183
30.0,865.6423647847355
30.2,865.3957996342782
30.4,865.1385520324817
30.6,864.8705071110498
30.8,864.5915461850901
31.0,864.3015468048237
31.2,864.0003828078992
31.4,863.6879243721245
31.6,863.3640380684208
31.8,863.0285869137869
32.0,862.6814304240497
32.2,862.3224246661629
32.4,861.9514223098016
32.6,861.5682726779892
32.8,861.1728217964732
33.0,860.7649124415616
33.2,860.3443841861089
33.4,859.911073443334
33.6,859.4648135081359
33.8,859.0054345955604
34.0,858.5327638760575
34.2,858.0466255071609
34.4,857.5468406612006
34.6,857.0332275486555
34.8,856.5056014367352
35.0,855.9637746627707
35.2,855.4075566419789
35.4,854.8367538691557
35.6,854.2511699138357
35.8,853.650605408445
36.0,853.0348580289547
36.2,852.4037224675285
36.4,851.7569903966364
36.6,851.0944504240847
36.8,850.4158880383877
37.0,849.7210855438786
37.2,849.0098219849255
37.4,848.2818730585758
37.6,847.5370110149194
37.8,846.7750045444008
38.0,845.9956186512665
38.2,845.1986145122634
38.4,844.3837493196417
38.6,843.5507761074332
38.8,842.6994435598968
39.0,841.829495800929
39.2,840.9406721631349
39.4,840.0327069351578
39.6,839.1053290857435
39.8,838.1582619629097
40.0,837.1912229664636
40.2,836.2039231919999
40.4,835.1960670443876
40.6,834.1673518186466
40.8,833.1174672460091
41.0,832.046095002876
41.2,830.9529081802981
41.4,829.8375707115705
41.6,828.6997367555007
41.8,827.5390500329258
42.0,826.3551431141069
42.2,825.1476366547233
42.4,823.9161385783441
42.6,822.6602432034578
42.8,821.3795303134154
43.0,820.0735641679823
43.2,818.7418924556032
43.4,817.3840451859801
43.6,815.9995335231229
43.8,814.5878485596813
44.0,813.1484600340899
44.2,811.6808149928538
44.4,810.1843364011738
44.6,808.6584217060392
44.8,807.1024413569008
45.0,805.5157372900744
45.2,803.8976213840735
45.4,802.2473738941569
45.6,800.5642418754413
45.8,798.8474376049893
46.0,797.0961370142891
46.2,795.309478144498
46.4,793.4865596376854
46.6,791.626439278075
46.8,789.7281325979194
47.0,787.7906115631286
47.2,785.812803354097
47.4,783.7935892573062
47.6,781.7318036832247
47.8,779.6262333257524
48.0,777.475616477969
48.2,775.2786425182319
48.4,773.0339515797381
48.6,770.7401344155043
48.8,768.3957324693628
49.0,765.9992381620036
49.2,763.5490953993516
49.4,761.0437003086718
49.6,758.4814022057568
49.8,755.8605047944138
50.0,753.1792675972541
