0.0,815.5455944163565
0.2,817.4554733097106
0.4,819.3226422905727
0.6,821.1473461523261
0.8,822.9298474151371
1.0,824.670427042764
1.2,826.3693850585328
1.4,828.0270410575054
1.6,829.6437346125712
1.8,831.2198255729155
2.0,832.7556942540489
2.2,834.2517415192973
2.4,835.7083887533752
2.6,837.1260777293572
2.8,838.5052703710517
3.0,839.8464484134249
3.2,841.150112964357
3.4,842.416783971594
3.6,843.6469995993075
3.8,844.8413155191828
4.0,846.00030412141
4.2,847.1245536513578
4.4,848.2146672780714
4.6,849.2712621010294
4.8,850.2949681018458
5.0,851.2864270477879
5.2,852.2462913541187
5.4,853.1752229123467
5.6,854.0738918914917
5.8,854.9429755194426
6.0,855.7831568514039
6.2,856.5951235322935
6.4,857.3795665597826
6.6,858.1371790544404
6.8,858.8686550431947
7.0,859.5746882620148
7.2,860.2559709833962
7.4,860.9131928738739
7.6,861.5470398863974
7.8,862.1581931920099
8.0,862.7473281548461
8.2,863.3151133540365
8.4,863.8622096556669
8.6,864.3892693374994
8.8,864.8969352687147
9.0,865.3858401465055
9.2,865.8566057909073
9.4,866.309842498843
9.6,866.7461484579402
9.8,867.1661092202957
10.0,867.5702972359827
10.2,867.9592714457463
10.4,868.3335769320029
10.6,868.6937446269495
10.8,869.0402910763131
11.0,869.3737182570088
11.2,869.694513446752
11.4,870.0031491434671
11.6,870.3000830321586
11.8,870.5857579967661
12.0,870.860602174403
12.2,871.1250290492814
12.4,871.3794375835587
12.6,871.6242123822917
12.8,871.8597238896649
13.0,872.0863286136522
13.2,872.3043693762945
13.4,872.5141755868082
13.6,872.7160635347955
13.8,872.9103367008954
14.0,873.0972860822966
14.2,873.2771905306284
14.4,873.450317099851
14.6,873.6169214018796
14.8,873.7772479677999
15.0,873.9315306126531
15.2,874.0799928019102
15.4,874.2228480178771
15.6,874.3603001244176
15.8,874.4925437285091
16.0,874.6197645372876
16.2,874.7421397093653
16.4,874.8598381993411
16.6,874.9730210945439
16.8,875.0818419431811
17.0,875.1864470731692
17.2,875.2869759010515
17.4,875.3835612305006
17.6,875.4763295400138
17.8,875.5654012594985
18.0,875.6508910355335
18.2,875.7329079851755
18.4,875.8115559382503
18.6,875.8869336681396
18.8,875.9591351111336
19.0,876.0282495744742
19.2,876.094361933263
19.4,876.1575528164499
19.6,876.217898782156
19.8,876.2754724826132
20.0,876.3303428190309
20.2,876.3825750867215
20.4,876.4322311108297
20.6,876.4793693730256
20.8,876.5240451295302
21.0,876.5663105208415
21.2,876.6062146735363
21.4,876.643803794518
21.6,876.6791212580754
21.8,876.7122076861102
22.0,876.7431010218862
22.2,876.7718365976334
22.4,876.7984471963346
22.6,876.8229631080056
22.8,876.8454121807608
23.0,876.8658198669438
23.2,876.8842092645828
23.4,876.9006011544109
23.6,876.915014032674
23.8,876.9274641399276
24.0,876.9379654860056
24.2,876.9465298713192
24.4,876.953166904629
24.6,876.9578840174088
24.8,876.9606864748956
25.0,876.9615773839067
25.2,876.9605576974745
25.4,876.9576262163337
25.6,876.952779587272
25.8,876.9460122983346
26.0,876.9373166708496
26.2,876.9266828482198
26.4,876.9140987814083
26.6,876.89955021102
26.8,876.883020645861
27.0,876.864491337836
27.2,876.8439412530261
27.4,876.821347038765
27.6,876.7966829865117
27.8,876.7699209903014
28.0,876.7410305005329
28.2,876.7099784728349
28.4,876.6767293117326
28.6,876.6412448088265
28.8,876.603484075167
29.0,876.5634034675076
29.2,876.5209565080968
29.4,876.4760937976615
29.6,876.4287629212256
29.8,876.3789083463969
30.0,876.3264713137568
30.2,876.2713897189782
30.4,876.2135979863036
30.6,876.1530269330167
30.8,876.0896036245507
31.0,876.0232512198867
31.2,875.9538888069133
31.4,875.8814312274396
31.6,875.8057888915772
31.8,875.726867581241
32.0,875.6445682425533
32.2,875.5587867669777
32.4,875.46941376106
32.6,875.3763343047033
32.8,875.2794276979723
33.0,875.1785671964813
33.2,875.0736197355011
33.4,874.9644456429992
33.6,874.8508983419108
33.8,874.732824042039
34.0,874.6100614220792
34.2,874.4824413023664
34.4,874.3497863090643
34.6,874.2119105306235
34.8,874.0686191674664
35.0,873.9197081759762
35.2,873.7649639080033
35.4,873.6041627472322
35.6,873.4370707438857
35.8,873.2634432493825
36.0,873.0830245526942
36.2,872.8955475202857
36.4,872.7007332416507
36.6,872.4982906825799
36.8,872.2879163484258
37.0,872.0692939597318
37.2,871.8420941427066
37.4,871.605974137116
37.6,871.3605775242453
37.8,871.1055339776541
38.0,870.8404590395043
38.2,870.5649539252685
38.4,870.2786053596529
38.6,869.980985446562
38.8,869.6716515759093
39.0,869.3501463700346
39.2,869.015997672415
39.4,868.6687185812626
39.6,868.3078075304841
39.8,867.9327484203252
40.0,867.5430107998537
40.2,867.1380501032298
40.4,866.7173079414889
40.6,866.2802124513021
40.8,865.826178701904
41.0,865.3546091610697
41.2,864.86489422069
41.4,864.3564127821502
41.6,863.8285329013353
41.8,863.2806124927004
42.0,862.7120000914367
42.2,862.1220356723395
42.4,861.5100515235583
42.6,860.8753731729702
42.8,860.2173203644736
43.0,859.5352080810605
43.2,858.8283476110877
43.4,858.0960476537354
43.6,857.3376154592265
43.8,856.5523579989762
44.0,855.7395831604591
44.2,854.8986009612283
44.4,854.0287247761864
44.6,853.129272571916
44.8,852.1995681416163
45.0,851.2389423339745
45.2,850.2467342691186
45.4,849.2222925346751
45.6,848.1649763548675
45.8,847.0741567255648
46.0,845.9492175082121
46.2,844.7895564756514
46.4,843.594586302975
46.6,842.3637354967439
46.8,841.0964492561463
47.0,839.7921902599755
47.2,838.4504393736546
47.4,837.0706962709486
47.6,835.6524799654565
47.8,834.1953292474794
48.0,832.6988030224107
48.2,831.1624805473778
48.4,829.5859615634882
48.6,827.9688663216892
48.8,826.3108355009214
49.0,824.6115300179547
49.2,822.870630729
49.4,821.0878380239182
49.6,819.262871314567
49.8,817.3954684195505
50.0,815.4853848483442
