0.0,804.9493024873254
0.2,806.9371393723428
0.4,808.8846969035338
0.6,810.7923374018928
0.8,812.6604283999557
1.0,814.4893428576454
1.2,816.279459354342
1.4,818.0311622563171
1.6,819.7448418587987
1.8,821.4208945020425
2.0,823.0597226609161
2.2,824.6617350076191
2.4,826.2273464472913
2.6,827.7569781263834
2.8,829.2510574137884
3.0,830.7100178548584
3.2,832.1342990985455
3.4,833.5243467980345
3.6,834.8806124853378
3.8,836.2035534204479
4.0,837.4936324157375
4.2,838.7513176364097
4.4,839.977082377891
4.6,841.1714048211552
4.8,842.3347677670483
5.0,843.4676583507628
5.2,844.5705677376841
5.4,845.6439908018907
5.6,846.6884257886506
5.8,847.7043739623019
6.0,848.6923392409481
6.2,849.652827819433
6.4,850.5863477820812
6.6,851.4934087067119
6.8,852.3745212614396
7.0,853.2301967957815
7.2,854.060946927581
7.4,854.8672831272467
7.6,855.6497163007866
7.8,856.408756373089
8.0,857.1449118728685
8.2,857.8586895206593
8.4,858.550593821188
8.6,859.2211266614135
8.8,859.8707869154615
9.0,860.5000700576268
9.2,861.109467784547
9.4,861.6994676475904
9.6,862.2705526964279
9.8,862.8232011346843
10.0,863.3578859884943
10.2,863.8750747887096
10.4,864.3752292674251
10.6,864.8588050694167
10.8,865.3262514790047
11.0,865.7780111627748
11.2,866.2145199285189
11.4,866.6362065006726
11.6,867.0434923124575
11.8,867.4367913148621
12.0,867.8165098025212
12.2,868.1830462564865
12.4,868.5367912038178
12.6,868.8781270938531
12.8,869.2074281909655
13.0,869.5250604835492
13.2,869.8313816089288
13.4,870.1267407938346
13.6,870.4114788100386
13.8,870.6859279447075
14.0,870.9504119849856
14.2,871.2052462162916
14.4,871.4507374337741
14.6,871.6871839663526
14.8,871.9148757127431
15.0,872.1340941888456
15.2,872.3451125858596
15.4,872.5481958384796
15.6,872.7436007025115
15.8,872.931575841249
16.0,873.1123619199437
16.2,873.2861917077029
16.4,873.4532901861564
16.6,873.6138746642333
16.8,873.7681548984033
17.0,873.9163332177458
17.2,874.0586046532218
17.4,874.19515707054
17.6,874.3261713060225
17.8,874.4518213048971
18.0,874.5722742614563
18.2,874.6876907605501
18.4,874.7982249198944
18.6,874.9040245327024
18.8,875.0052312101692
19.0,875.1019805233597
19.2,875.1944021440738
19.4,875.282619984289
19.6,875.3667523337983
19.8,875.4469119956899
20.0,875.5232064193335
20.2,875.5957378305617
20.4,875.6646033587572
20.6,875.7298951605775
20.8,875.7917005400682
21.0,875.8501020649379
21.2,875.9051776787828
21.4,875.9570008090724
21.6,876.0056404707194
21.8,876.0511613650784
22.0,876.0936239742285
22.2,876.1330846504133
22.4,876.1695957005209
22.6,876.2032054655064
22.8,876.2339583946606
23.0,876.2618951146487
23.2,876.2870524932468
23.4,876.3094636977172
23.6,876.3291582477653
23.8,876.3461620630385
24.0,876.3604975051225
24.2,876.3721834140061
24.4,876.3812351389861
24.6,876.3876645639893
24.8,876.3914801272974
25.0,876.3926868356577
25.2,876.3912862727743
25.4,876.3872766021722
25.6,876.3806525644331
25.8,876.3714054688079
26.0,876.3595231792073
26.2,876.3449900945834
26.4,876.327787123717
26.6,876.3078916544238
26.8,876.2852775172092
27.0,876.2599149433933
27.2,876.2317705177419
27.4,876.2008071256458
27.6,876.1669838948887
27.8,876.1302561320625
28.0,876.0905752536894
28.2,876.0478887121224
28.4,876.0021399163041
28.6,875.9532681474764
28.8,875.9012084699408
29.0,875.8458916369898
29.2,875.7872439921309
29.4,875.7251873657538
29.6,875.6596389673922
29.8,875.5905112737598
30.0,875.5177119127487
30.2,875.4411435436017
30.4,875.3607037334853
30.6,875.2762848307135
30.8,875.1877738348887
31.0,875.0950522642513
31.2,874.9979960205458
31.4,874.8964752517417
31.6,874.7903542129602
31.8,874.6794911259879
32.0,874.5637380377789
32.2,874.44294067837
32.4,874.3169383186548
32.6,874.1855636284906
32.8,874.0486425356274
33.0,873.9059940859751
33.2,873.7574303057434
33.4,873.6027560660112
33.6,873.4417689502974
33.8,873.2742591257268
34.0,873.1000092183994
34.2,872.9187941935846
34.4,872.7303812413764
34.6,872.534529668455
34.8,872.3309907966086
35.0,872.1195078686778
35.2,871.8998159625813
35.4,871.6716419140912
35.6,871.4347042490159
35.8,871.1887131254489
36.0,870.9333702867261
36.2,870.6683690257302
36.4,870.3933941611576
36.6,870.1081220263475
36.8,869.812220471249
37.0,869.5053488780745
37.2,869.1871581911579
37.4,868.8572909614985
37.6,868.5153814064389
37.8,868.1610554848746
38.0,867.7939309883559
38.2,867.4136176483837
38.4,867.0197172601576
38.6,866.6118238229657
38.8,866.1895236973587
39.0,865.7523957791761
39.2,865.300011690433
39.4,864.8319359870055
39.6,864.3477263829809
39.8,863.8469339914662
40.0,863.3291035815749
40.2,862.7937738512319
40.4,862.2404777153647
40.6,861.6687426089661
40.8,861.0780908044386
41.0,860.4680397425515
41.2,859.8381023762646
41.4,859.1877875265984
41.6,858.5166002496521
41.8,857.8240422138017
42.0,857.1096120860418
42.2,856.372805926362
42.4,855.6131175889939
42.6,854.8300391292967
42.8,854.0230612150024
43.0,853.1916735404851
43.2,852.335365242679
43.4,851.4536253172278
43.6,850.545943033415
43.8,849.6118083464021
44.0,848.6507123052749
44.2,847.662147455392
44.4,846.6456082335209
44.6,845.6005913542476
44.8,844.52659618616
45.0,843.4231251163155
45.2,842.2896839015375
45.4,841.125782005109
45.6,839.9309329174804
45.8,838.7046544596507
46.0,837.4464690679443
46.2,836.155904058962
46.4,834.8324918735623
46.6,833.4757702988034
46.8,832.0852826668613
47.0,830.6605780300318
47.2,829.2012113110202
47.4,827.7067434278227
47.6,826.1767413926151
47.8,824.6107783841703
48.0,823.0084337934466
48.2,821.3692932421019
48.4,819.6929485738149
48.6,817.9789978184118
48.8,816.2270451289277
49.0,814.4367006918465
49.2,812.6075806108994
49.4,810.7393067649144
49.6,808.8315066403366
49.8,806.883813139158
50.0,804.8958643631098
