0.0,859.2353579504756
0.2,859.8529372349893
0.4,860.455298930614
0.6,861.0426524507224
0.8,861.6152080671959
1.0,862.1731768915357
1.2,862.7167708510785
1.4,863.2462026602958
1.6,863.7616857871676
1.8,864.2634344146529
2.0,864.751663397289
2.2,865.2265882129823
2.4,865.688424910066
2.6,866.1373900497247
2.8,866.5737006439009
3.0,866.9975740888228
3.2,867.409228094305
3.4,867.8088806089934
3.6,868.1967497417437
3.8,868.5730536793346
4.0,868.9380106007328
4.2,869.2918385881429
4.4,869.6347555350835
4.6,869.9669790517428
4.8,870.2887263678805
5.0,870.6002142335468
5.2,870.9016588178994
5.4,871.1932756064056
5.6,871.4752792967214
5.8,871.7478836935412
6.0,872.0113016027185
6.2,872.2657447249537
6.4,872.5114235493511
6.6,872.7485472471383
6.8,872.977323565847
7.0,873.1979587242439
7.2,873.4106573082986
7.4,873.615622168468
7.6,873.813054318572
7.8,874.0031528365232
8.0,874.1861147671691
8.2,874.3621350274907
8.4,874.5314063143942
8.6,874.694119015319
8.8,874.8504611218739
9.0,875.0006181467003
9.2,875.1447730437469
9.4,875.2831061321288
9.6,875.4157950237261
9.8,875.543014554667
10.0,875.6649367208206
10.2,875.781730617413
10.4,875.8935623828644
10.6,876.0005951469267
10.8,876.1029889831923
11.0,876.2009008660211
11.2,876.2944846319258
11.4,876.3838909454346
11.6,876.4692672694398
11.8,876.5507578400235
12.0,876.6285036457422
12.2,876.7026424113316
12.4,876.7733085857882
12.6,876.840633334765
12.8,876.9047445372108
13.0,876.9657667861686
13.2,877.023821393641
13.4,877.0790263994168
13.6,877.1314965837466
13.8,877.1813434837443
14.0,877.2286754133843
14.2,877.273597486958
14.4,877.3162116458433
14.6,877.3566166884381
14.8,877.3949083031022
15.0,877.4311791039466
15.2,877.4655186693071
15.4,877.4980135827346
15.6,877.5287474763315
15.8,877.557801076264
16.0,877.5852522502761
16.2,877.6111760570321
16.4,877.6356447971136
16.6,877.6587280654974
16.8,877.6804928053418
17.0,877.7010033629119
17.2,877.7203215434721
17.4,877.7385066679803
17.6,877.7556156304221
17.8,877.7717029556189
18.0,877.7868208573584
18.2,877.8010192966887
18.4,877.8143460402298
18.6,877.8268467183561
18.8,877.8385648831076
19.0,877.8495420656955
19.2,877.8598178334694
19.4,877.8694298462211
19.6,877.8784139116998
19.8,877.8868040402281
20.0,877.8946324983003
20.2,877.9019298610639
20.4,877.9087250635769
20.6,877.9150454507492
20.8,877.920916825875
21.0,877.9263634976702
21.2,877.9314083257349
21.4,877.936072764364
21.6,877.9403769046331
21.8,877.9443395146958
22.0,877.9479780782261
22.2,877.9513088309516
22.4,877.9543467952201
22.6,877.957105812553
22.8,877.9595985741377
23.0,877.9618366492168
23.2,877.9638305113382
23.4,877.9655895624285
23.6,877.9671221546604
23.8,877.9684356100862
24.0,877.9695362380107
24.2,877.9704293500856
24.4,877.9711192731031
24.6,877.9716093594755
24.8,877.9719019953878
25.0,877.9719986066134
25.2,877.9718996619847
25.4,877.9716046745167
25.6,877.9711122001801
25.8,877.9704198343258
26.0,877.9695242057646
26.2,877.968420968509
26.4,877.9671047911861
26.6,877.9655693441346
26.8,877.9638072842
27.0,877.9618102372477
27.2,877.9595687784134
27.4,877.9570724101159
27.6,877.9543095378604
27.8,877.9512674438625
28.0,877.9479322585272
28.2,877.9442889298205
28.4,877.9403211905762
28.6,877.9360115237835
28.8,877.931341125902
29.0,877.9262898682617
29.2,877.920836256603
29.4,877.9149573888194
29.6,877.9086289109702
29.8,877.9018249716333
30.0,877.8945181746757
30.2,877.8866795305202
30.4,877.8782784059961
30.6,877.8692824728638
30.8,877.859657655108
31.0,877.8493680751027
31.2,877.8383759987515
31.4,877.8266417797159
31.6,877.8141238028476
31.8,877.8007784269445
32.0,877.7865599269601
32.2,877.7714204357936
32.4,877.7553098857999
32.6,877.7381759501575
32.8,877.7199639842432
33.0,877.7006169671585
33.2,877.680075443565
33.4,877.6582774659836
33.6,877.6351585377207
33.8,877.6106515565821
34.0,877.5846867595436
34.2,877.5571916685485
34.4,877.5280910375978
34.6,877.4973068013123
34.8,877.4647580251341
35.0,877.430360857345
35.2,877.3940284830754
35.4,877.3556710804744
35.6,877.3151957792146
35.8,877.2725066215035
36.0,877.2275045257642
36.2,877.1800872531551
36.4,877.1301493770848
36.6,877.0775822558804
36.8,877.0222740087598
37.0,876.9641094952514
37.2,876.9029702982003
37.4,876.8387347104926
37.6,876.7712777256188
37.8,876.7004710321913
38.0,876.6261830125208
38.2,876.5482787453458
38.4,876.4666200128003
38.6,876.3810653116897
38.8,876.2914698691397
39.0,876.197685662662
39.2,876.099561444676
39.4,875.9969427715074
39.6,875.8896720368703
39.8,875.777588509829
40.0,875.6605283772193
40.2,875.5383247904905
40.4,875.4108079169221
40.6,875.2778049951469
40.8,875.1391403949021
41.0,874.9946356809095
41.2,874.8441096807763
41.4,874.6873785567897
41.6,874.5242558814623
41.8,874.3545527166766
42.0,874.1780776962535
42.2,873.9946371117647
42.4,873.8040350013915
42.6,873.6060732416166
42.8,873.4005516415303
43.0,873.187268039516
43.2,872.9660184020692
43.4,872.7365969244968
43.6,872.4987961332333
43.8,872.2524069895009
44.0,871.9972189940352
44.2,871.7330202925937
44.4,871.4595977819544
44.6,871.1767372161119
44.8,870.8842233123777
45.0,870.5818398570825
45.2,870.2693698105866
45.4,869.9465954113003
45.6,869.6132982784217
45.8,869.2692595130972
46.0,868.9142597977255
46.2,868.5480794931213
46.4,868.1704987332661
46.6,867.7812975173879
46.8,867.3802557991098
47.0,866.9671535724322
47.2,866.5417709543119
47.4,866.1038882636266
47.6,865.6532860963201
47.8,865.1897453965408
48.0,864.713047523604
48.2,864.2229743146233
48.4,863.7193081426769
48.6,863.2018319703881
48.8,862.670329398827
49.0,862.12458471165
49.2,861.564382914422
49.4,860.9895097690841
49.6,860.3997518235453
49.8,859.7948964364092
50.0,859.1747317968526
