0.0,781.9065665391719
0.2,784.2168391765239
0.4,786.4774794495715
0.6,788.6896929368878
0.8,790.8546507618895
1.0,792.9734883511597
1.2,795.04730449124
1.4,797.0771606838771
1.6,799.0640807951387
1.8,801.009050989473
2.0,802.9130199357822
2.2,804.7768992689986
2.4,806.6015642875433
2.6,808.3878548644859
2.8,810.136576548221
3.0,811.8485018270723
3.2,813.524371531402
3.4,815.1648963465508
3.6,816.7707584102025
3.8,818.3426129685419
4.0,819.8810900667723
4.2,821.3867962511333
4.4,822.8603162614411
4.6,824.3022146952845
4.8,825.7130376272812
5.0,827.0933141691702
5.2,828.4435579589112
5.4,829.7642685693264
5.6,831.0559328291062
5.8,832.3190260511597
6.0,833.5540131652845
6.2,834.7613497539456
6.4,835.9414829915531
6.6,837.0948524890149
6.8,838.2218910465111
7.0,839.3230253183847
7.2,840.3986763947862
7.4,841.4492603052602
7.6,842.4751884498282
7.8,843.476867963335
8.0,844.4547020188954
8.2,845.4090900762287
8.4,846.3404280805266
8.6,847.2491086172715
8.8,848.1355210281375
9.0,849.000051492786
9.2,849.8430830810049
9.4,850.6649957792756
9.6,851.4661664954768
9.8,852.246969045068
10.0,853.0077741217361
10.2,853.7489492551563
10.4,854.4708587581958
10.6,855.1738636656046
10.8,855.8583216659632
11.0,856.5245870284253
11.2,857.1730105255696
11.4,857.8039393534922
11.6,858.4177170501002
11.8,859.0146834124203
12.0,859.5951744136131
12.2,860.1595221202717
12.4,860.7080546104925
12.6,861.2410958931251
12.8,861.7589658285416
13.0,862.2619800512073
13.2,862.7504498942889
13.4,863.224682316491
13.6,863.6849798312811
13.8,864.1316404386312
14.0,864.5649575593794
14.2,864.9852199722943
14.4,865.3927117539034
14.6,865.7877122211339
14.8,866.1704958767958
15.0,866.5413323579279
15.2,866.9004863870131
15.4,867.2482177260604
15.6,867.584781133539
15.8,867.910426324145
16.0,868.2253979313684
16.2,868.5299354728234
16.4,868.8242733182951
16.6,869.1086406604552
16.8,869.3832614881806
17.0,869.6483545624183
17.2,869.9041333945216
17.4,870.150806226984
17.6,870.3885760164915
17.8,870.6176404192078
18.0,870.8381917782049
18.2,871.0504171129454
18.4,871.2544981107234
18.6,871.4506111199638
18.8,871.6389271452794
19.0,871.8196118441828
19.2,871.9928255253488
19.4,872.1587231483207
19.6,872.3174543245522
19.8,872.4691633196777
20.0,872.6139890569043
20.2,872.7520651214134
20.4,872.8835197656679
20.6,873.0084759155168
20.8,873.1270511769897
21.0,873.2393578436796
21.2,873.3455029046102
21.4,873.445588052486
21.6,873.5397096922296
21.8,873.6279589497098
22.0,873.710421680568
22.2,873.787178479055
22.4,873.858304686792
22.6,873.9238704013756
22.8,873.9839404847472
23.0,874.0385745712582
23.2,874.0878270753566
23.4,874.1317471988364
23.6,874.1703789375882
23.8,874.2037610877982
24.0,874.2319272515464
24.2,874.254905841762
24.4,874.2727200864981
24.6,874.2853880324911
24.8,874.2929225479833
25.0,874.2953313247834
25.2,874.2926168795537
25.4,874.2847765543122
25.6,874.2718025161489
25.8,874.2536817561576
26.0,874.2303960875935
26.2,874.2019221432697
26.4,874.168231372214
26.6,874.1292900356117
26.8,874.0850592020677
27.0,874.035494742223
27.2,873.9805473227715
27.4,873.9201623999223
27.6,873.8542802123649
27.8,873.782835773792
28.0,873.7057588650473
28.2,873.6229740259625
28.4,873.5344005469617
28.6,873.4399524605046
28.8,873.3395385324544
29.0,873.2330622534528
29.2,873.1204218303909
29.4,873.0015101780709
29.6,872.8762149111487
29.8,872.7444183364602
30.0,872.6059974458278
30.2,872.4608239094522
30.4,872.3087640699905
30.6,872.1496789374302
30.8,871.9834241848629
31.0,871.8098501452664
31.2,871.6288018094027
31.4,871.4401188249404
31.6,871.2436354969102
31.8,871.0391807895982
32.0,870.8265783299861
32.2,870.6056464128399
32.4,870.376198007553
32.6,870.1380407668416
32.8,869.8909770373938
33.0,869.6348038725635
33.2,869.3693130472059
33.4,869.0942910747383
33.6,868.8095192265135
33.8,868.5147735535843
34.0,868.2098249109341
34.2,867.8944389842443
34.4,867.5683763192608
34.6,867.2313923538201
34.8,866.8832374525856
35.0,866.5236569445392
35.2,866.1523911632668
35.4,865.7691754900671
35.6,865.3737403999064
35.8,864.9658115102304
36.0,864.5451096326392
36.2,864.1113508274161
36.4,863.6642464608909
36.6,863.2035032656074
36.8,862.7288234032476
37.0,862.2399045302495
37.2,861.7364398660388
37.4,861.2181182637684
37.6,860.684624283439
37.8,860.135638267242
38.0,859.5708364169336
38.2,858.9898908730038
38.4,858.392469795359
38.6,857.7782374451828
38.8,857.1468542675627
39.0,856.4979769744034
39.2,855.8312586270441
39.4,855.146348717895
39.6,854.4428932502816
39.8,853.7205348155369
40.0,852.9789126662187
40.2,852.2176627841376
40.4,851.4364179416671
40.6,850.6348077545697
40.8,849.8124587243043
41.0,848.9689942674926
41.2,848.1040347299062
41.4,847.2171973819997
41.6,846.3080963926594
41.8,845.3763427774745
42.0,844.4215443174592
42.2,843.4433054437953
42.4,842.4412270838006
42.6,841.4149064630105
42.8,840.3639368579745
43.0,839.2879072941453
43.2,838.1864021830925
43.4,837.0590008932263
43.6,835.9052772482864
43.8,834.7247989480586
44.0,833.5171269061534
44.2,832.2818145002223
44.4,831.0184067307316
44.6,829.7264392853565
44.8,828.4054375072232
45.0,827.054915266606
45.2,825.6743737372877
45.4,824.2633000805862
45.6,822.8211660420498
45.8,821.347426467964
46.0,819.8415177510968
46.2,818.3028562174566
46.4,816.7308364682334
46.6,815.1248296934457
46.8,813.4841819760807
47.0,811.8082126076251
47.2,810.0962124377469
47.4,808.3474422824626
47.6,806.5611314163222
47.8,804.7364761749049
48.0,802.8726386941977
48.2,800.9687458131688
48.4,799.0238881650272
48.6,797.0371194812521
48.8,795.0074561304903
49.0,792.9338769118583
49.2,790.8153231191037
49.4,788.6506988885004
49.6,786.4388718393717
49.8,784.1786740118131
50.0,781.8689031016299
