0.0,830.5579381236086
0.2,832.4992388782234
0.4,834.3783517631555
0.6,836.1946479694501
0.8,837.9477158248269
1.0,839.6373655409025
1.2,841.2636309921738
1.4,842.8267685634721
1.6,844.327253158023
1.8,845.7657715102574
2.0,847.1432129948503
2.2,848.4606581650231
2.4,849.7193652880461
2.6,850.9207551734485
2.8,852.0663946092578
3.0,853.1579787334673
3.2,854.1973126719229
3.4,855.1862927702123
3.6,856.1268877364236
3.8,857.0211199944812
4.0,857.8710475249895
4.2,858.6787464430538
4.4,859.4462945313991
4.6,860.1757559133434
4.8,860.8691670148215
5.0,861.5285239287518
5.2,862.1557712595157
5.4,862.7527924910703
5.6,863.3214018899865
5.8,863.8633379251344
6.0,864.3802581593374
6.2,864.8737355454325
6.4,865.3452560400599
6.6,865.7962174332392
6.8,866.2279292803659
7.0,866.6416138155424
7.2,867.0384077209407
7.4,867.4193646258573
7.6,867.7854582109568
7.8,868.1375857974763
8.0,868.4765723075033
8.2,868.8031744894075
8.4,869.1180853117071
8.6,869.421938438673
8.8,869.7153127114864
9.0,869.9987365694151
9.2,870.272692355998
9.4,870.5376204653719
9.6,870.7939232934644
9.8,871.0419689676378
10.0,871.282094836422
10.2,871.5146107081337
10.4,871.7398018334155
10.6,871.9579316320522
10.8,872.1692441688393
11.0,872.3739663868524
11.2,872.5723101092404
11.4,872.7644738227239
11.6,872.9506442573985
11.8,873.1309977782973
12.0,873.305701604546
12.2,873.4749148719288
12.4,873.6387895543442
12.6,873.7974712590352
12.8,873.9510999097072
13.0,874.0998103307284
13.2,874.2437327446173
13.4,874.3829931939789
13.6,874.5177138980068
13.8,874.6480135526299
14.0,874.7740075823936
14.2,874.895808351218
14.4,875.0135253382992
14.6,875.1272652846105
14.8,875.2371323147194
15.0,875.3432280379805
15.2,875.4456516325666
15.4,875.5444999152819
15.6,875.6398673996413
15.8,875.7318463443069
16.0,875.8205267936231
16.2,875.9059966117046
16.4,875.9883415112773
16.6,876.0676450782623
16.8,876.1439887929166
17.0,876.2174520481935
17.2,876.288112165862
17.4,876.3560444108265
17.6,876.4213220039967
17.8,876.4840161339948
18.0,876.5441959679275
18.2,876.6019286614041
18.4,876.6572793679454
18.6,876.7103112478976
18.8,876.7610854769403
19.0,876.809661254258
19.2,876.8560958104279
19.4,876.900444415066
19.6,876.9427603842585
19.8,876.9830950878018
20.0,877.021497956265
20.2,877.0580164878819
20.4,877.0926962552804
20.6,877.1255809120453
20.8,877.1567121991146
21.0,877.1861299510048
21.2,877.2138721018562
21.4,877.2399746912928
21.6,877.2644718700843
21.8,877.2873959056033
22.0,877.3087771870622
22.2,877.3286442305247
22.4,877.3470236836738
22.6,877.3639403303295
22.8,877.3794170947032
23.0,877.3934750453769
23.2,877.4061333989978
23.4,877.4174095236764
23.6,877.4273189420807
23.8,877.4358753342138
24.0,877.4430905398723
24.2,877.4489745607705
24.4,877.4535355623312
24.6,877.4567798751322
24.8,877.4587119960062
25.0,877.4593345887904
25.2,877.4586484847215
25.4,877.4566526824759
25.6,877.453344347855
25.8,877.4487188131138
26.0,877.442769575937
26.2,877.4354882980628
26.4,877.4268648035606
26.6,877.4168870767646
26.8,877.4055412598706
27.0,877.3928116502019
27.2,877.3786806971518
27.4,877.363128998811
27.6,877.3461352982886
27.8,877.3276764797365
28.0,877.3077275640878
28.2,877.2862617045189
28.4,877.2632501816465
28.6,877.2386623984734
28.8,877.2124658750896
29.0,877.1846262431451
29.2,877.1551072401023
29.4,877.1238707032805
29.6,877.0908765637015
29.8,877.0560828397477
30.0,877.0194456306374
30.2,876.9809191097279
30.4,876.9404555176479
30.6,876.8980051552644
30.8,876.8535163764799
31.0,876.8069355808603
31.2,876.7582072060806
31.4,876.7072737201755
31.6,876.6540756135747
31.8,876.5985513908907
32.0,876.5406375624219
32.2,876.4802686353136
32.4,876.417377104311
32.6,876.3518934420133
32.8,876.283746088515
33.0,876.2128614402893
33.2,876.1391638381336
33.4,876.0625755539478
33.6,875.983016776062
33.8,875.9004055927591
34.0,875.8146579735561
34.2,875.725687747705
34.4,875.6334065792481
34.6,875.5377239378194
34.8,875.438547064203
35.0,875.33578092945
35.2,875.2293281861029
35.4,875.1190891097904
35.6,875.0049615291069
35.8,874.8868407412974
36.0,874.764619410812
36.2,874.6381874472733
36.4,874.5074318588123
36.6,874.3722365760628
36.8,874.232482241375
37.0,874.0880459569959
37.2,873.9388009850945
37.4,873.7846163915624
37.6,873.6253566245329
37.8,873.4608810175315
38.0,873.2910432061232
38.2,873.115690445886
38.4,872.9346628185509
38.6,872.7477923122334
38.8,872.5549017609134
39.0,872.3558036277251
39.2,872.1502986162852
39.4,871.938174094269
39.6,871.7192023138225
39.8,871.4931384142575
40.0,871.2597181938816
40.2,871.018655639879
40.4,870.7696402079179
40.6,870.5123338467291
40.8,870.2463677673063
41.0,869.9713389616883
41.2,869.6868064825011
41.4,869.3922875015872
41.6,869.087253174071
41.8,868.7711243430523
42.0,868.4432671296902
42.2,868.1029884635432
42.4,867.7495316185433
42.6,867.3820718305947
42.8,866.9997120832704
43.0,866.6014791580845
43.2,866.1863200549825
43.4,865.7530988966477
43.6,865.3005944365344
43.8,864.8274982948132
44.0,864.332414048231
44.2,863.813857298865
44.4,863.2702568425299
44.6,862.6999570499098
44.8,862.1012215620775
45.0,861.4722383868477
45.2,860.811126463336
45.4,860.1159437392763
45.6,859.3846967793136
45.8,858.6153518929943
46.0,857.805847739034
46.2,856.9541093282785
46.4,856.0580633123525
46.6,855.1156544091668
46.8,854.1248627812025
47.0,853.0837221488047
47.2,851.9903383896578
47.4,850.8429083482265
47.6,849.6397385562275
47.8,848.3792635480887
48.0,847.0600634446658
48.2,845.680880474889
48.4,844.2406341089992
48.6,842.7384344888807
48.8,841.173593860762
49.0,839.5456357430603
49.2,837.8543015969541
49.4,836.099554808721
49.6,834.2815818400932
49.8,832.4007904547477
50.0,830.457804984341
