0.0,803.1450508564224
0.2,805.1397990388069
0.4,807.095009011089
0.6,809.0110366733273
0.8,810.8882423324368
1.0,812.7269908865088
1.2,814.527651989797
1.4,816.2906001976548
1.6,818.0162150907979
1.8,819.7048813783583
2.0,821.3569889792893
2.2,822.9729330817773
2.4,824.5531141804107
2.6,826.0979380909531
2.8,827.6078159426668
3.0,829.0831641482238
3.2,830.5244043513424
3.4,831.9319633523734
3.6,833.3062730121592
3.8,834.6477701345691
4.0,835.9568963282088
4.2,837.2340978478758
4.4,838.4798254164162
4.6,839.6945340277128
4.8,840.8786827316011
5.0,842.0327344015775
5.2,843.1571554862245
5.4,844.2524157453305
5.6,845.3189879717339
5.8,846.3573476999618
6.0,847.3679729027755
6.2,848.3513436767653
6.4,849.3079419181618
6.6,850.2382509900555
6.8,851.1427553822273
7.0,852.0219403648034
7.2,852.8762916369498
7.4,853.7062949718205
7.6,854.5124358589629
7.8,855.2951991453725
8.0,856.0550686763695
8.2,856.7925269374452
8.4,857.5080546982007
8.6,858.2021306594627
8.8,858.8752311046304
9.0,859.5278295562618
9.2,860.1603964388654
9.4,860.7733987488168
9.6,861.3672997322674
9.8,861.9425585718612
10.0,862.4996300830197
10.2,863.0389644204984
10.4,863.5610067958611
10.6,864.066197206457
10.8,864.5549701764255
11.0,865.0277545101958
11.2,865.4849730588828
11.4,865.9270424999248
11.6,866.3543731302444
11.8,866.7673686731567
12.0,867.1664260991911
12.2,867.5519354609322
12.4,867.924279741935
12.6,868.2838347197105
12.8,868.6309688427283
13.0,868.9660431213342
13.2,869.28941103243
13.4,869.6014184377201
13.6,869.9024035152847
13.8,870.1926967042039
14.0,870.4726206619115
14.2,870.7424902339336
14.4,871.002612435626
14.6,871.2532864455003
14.8,871.4948036097036
15.0,871.7274474571913
15.2,871.951493725112
15.4,872.1672103939105
15.6,872.3748577316358
15.8,872.5746883469297
16.0,872.7669472501667
16.2,872.9518719222028
16.4,873.1296923901929
16.6,873.3006313099287
16.8,873.4649040541542
17.0,873.622718806315
17.2,873.7742766592036
17.4,873.9197717179688
17.6,874.0593912069633
17.8,874.1933155799154
18.0,874.3217186329223
18.2,874.4447676197672
18.4,874.5626233690878
18.6,874.6754404029259
18.8,874.7833670562103
19.0,874.8865455967383
19.2,874.9851123452374
19.4,875.0791977951058
19.6,875.1689267314478
19.8,875.2544183490372
20.0,875.3357863688589
20.2,875.4131391528974
20.4,875.4865798168589
20.6,875.5562063405274
20.8,875.6221116754788
21.0,875.6843838498867
21.2,875.7431060701765
21.4,875.7983568192961
21.6,875.8502099513889
21.8,875.8987347826712
22.0,875.9439961783278
22.2,875.9860546352573
22.4,876.0249663605097
22.6,876.0607833452716
22.8,876.0935534342715
23.0,876.1233203904807
23.2,876.1501239550083
23.4,876.1739999020886
23.6,876.1949800890752
23.8,876.2130925013693
24.0,876.2283612922074
24.2,876.2408068172591
24.4,876.2504456639765
24.6,876.2572906756606
24.8,876.2613509702071
25.0,876.2626319535088
25.2,876.2611353274931
25.4,876.2568590927876
25.6,876.2497975460069
25.8,876.2399412716668
26.0,876.227277128736
26.2,876.2117882318438
26.4,876.1934539271712
26.6,876.172249763056
26.8,876.1481474553577
27.0,876.1211148476292
27.2,876.0911158661553
27.4,876.0581104699254
27.6,876.0220545956164
27.8,875.9829000976733
28.0,875.9405946835856
28.2,875.8950818444642
28.4,875.8463007810425
28.6,875.7941863252278
28.8,875.7386688573514
29.0,875.6796742192714
29.2,875.617123623498
29.4,875.5509335585273
29.6,875.4810156905822
29.8,875.4072767619741
30.0,875.3296184863156
30.2,875.2479374408298
30.4,875.1621249560209
30.6,875.0720670029818
30.8,874.9776440786385
31.0,874.8787310892429
31.2,874.7751972324477
31.4,874.6669058783087
31.6,874.5537144495858
31.8,874.4354743017202
32.0,874.3120306028948
32.2,874.1832222145904
32.4,874.0488815730744
32.6,873.9088345722696
32.8,873.762900448469
33.0,873.6108916673734
33.2,873.452613813945
33.4,873.287865485579
33.6,873.1164381891085
33.8,872.9381162421657
34.0,872.7526766794314
34.2,872.5598891643082
34.4,872.3595159065625
34.6,872.151311586476
34.8,871.9350232860536
35.0,871.7103904278279
35.2,871.4771447218003
35.4,871.2350101210493
35.6,870.983702786528
35.8,870.7229310615633
36.0,870.4523954565489
36.2,870.1717886443165
36.4,869.8807954666386
36.6,869.5790929523027
36.8,869.2663503471659
37.0,868.9422291565699
37.2,868.6063832004689
37.4,868.2584586815857
37.6,867.8980942668732
37.8,867.5249211825208
38.0,867.1385633227035
38.2,866.7386373722228
38.4,866.324752943143
38.6,865.8965127254805
38.8,865.4535126519421
39.0,864.9953420766674
39.2,864.521583967862
39.4,864.0318151141624
39.6,863.5256063445063
39.8,863.0025227612272
40.0,862.4621239860336
40.2,861.9039644184677
40.4,861.3275935063792
40.6,860.7325560278955
40.8,860.1183923842984
41.0,859.4846389031682
41.2,858.8308281510912
41.4,858.1564892551744
41.6,857.4611482325532
41.8,856.744328327027
42.0,856.005550351906
42.2,855.2443330381077
42.4,854.4601933864941
42.6,853.6526470234021
42.8,852.8212085582834
43.0,851.9653919423343
43.2,851.0847108269724
43.4,850.1786789209872
43.6,849.2468103451811
43.8,848.2886199832944
44.0,847.3036238280081
44.2,846.2913393208097
44.4,845.2512856845134
44.6,844.1829842472333
44.8,843.0859587566227
45.0,841.9597356832143
45.2,840.8038445117201
45.4,839.6178180191853
45.6,838.401192538925
45.8,837.1535082092173
46.0,835.8743092057783
46.2,834.5631439570958
46.4,833.2195653417589
46.6,831.8431308669891
46.8,830.4334028276443
47.0,828.9899484450417
47.2,827.5123399850279
47.4,826.0001548548015
47.6,824.4529756780807
47.8,822.8703903482995
48.0,821.2519920596008
48.2,819.5973793154963
48.4,817.9061559151469
48.6,816.1779309173245
48.8,814.4123185822012
49.0,812.6089382912166
49.2,810.7674144453666
49.4,808.8873763423495
49.6,806.9684580331038
49.8,805.0102981583592
50.0,803.0125397659126
