0.0,784.913590930934
0.2,787.1408546809524
0.4,789.3212119120183
0.6,791.4559456511126
0.8,793.5462798142592
1.0,795.5933779285543
1.2,797.5983426809983
1.4,799.562216260259
1.6,801.4859814373681
1.8,803.3705633141551
2.0,805.2168316545876
2.2,807.0256037044333
2.4,808.7976473989902
2.6,810.5336848569368
2.8,812.2343960603861
3.0,813.9004226265569
3.2,815.5323715845224
3.4,817.1308190806469
3.6,818.6963139478803
3.8,820.2293810864019
4.0,821.7305246155519
4.2,823.2002307690368
4.4,824.6389705165789
4.6,826.0472019051866
4.8,827.4253721217973
5.0,828.7739192860957
5.2,830.0932739877939
5.4,831.3838605866456
5.6,832.6460982960677
5.8,833.880402072626
6.0,835.0871833339916
6.2,836.2668505275113
6.4,837.4198095704215
6.6,838.5464641811986
6.8,839.6472161197103
7.0,840.7224653518676
7.2,841.772610152486
7.4,842.7980471581322
7.6,843.7991713799254
7.8,844.7763761846085
8.0,845.7300532507456
8.2,846.6605925056277
8.4,847.5683820473807
8.6,848.453808055864
8.8,849.3172546951981
9.0,850.1591040101545
9.2,850.9797358181496
9.4,851.7795275982121
9.6,852.5588543779849
9.8,853.3180886195987
10.0,854.0576001050799
10.2,854.7777558218194
10.4,855.4789198485327
10.6,856.1614532420696
10.8,856.8257139253701
11.0,857.4720565768283
11.2,858.100832521288
11.4,858.7123896228759
11.6,859.3070721798529
11.8,859.8852208216514
12.0,860.4471724082497
12.2,860.9932599320266
12.4,861.5238124222218
12.6,862.0391548521233
12.8,862.5396080490892
13.0,863.0254886074997
13.2,863.4971088047287
13.4,863.9547765202122
13.6,864.3987951576803
13.8,864.8294635706104
14.0,865.2470759909504
14.2,865.6519219611479
14.4,866.0442862695137
14.6,866.424448888939
14.8,866.7926849189737
15.0,867.1492645312638
15.2,867.494452918342
15.4,867.8285102457477
15.6,868.1516916074514
15.8,868.4642469845476
16.0,868.7664212071685
16.2,869.0584539195708
16.4,869.3405795483309
16.6,869.6130272735842
16.8,869.8760210032341
17.0,870.1297793500479
17.2,870.374515611555
17.4,870.6104377526536
17.6,870.837748390829
17.8,871.0566447838783
18.0,871.2673188200373
18.2,871.4699570103968
18.4,871.6647404834912
18.6,871.8518449819454
18.8,872.0314408610552
19.0,872.2036930891799
19.2,872.368761249822
19.4,872.5267995452667
19.6,872.677956801654
19.8,872.8223764753553
20.0,872.9601966605275
20.2,873.0915500977138
20.4,873.2165641833676
20.6,873.3353609801719
20.8,873.4480572280279
21.0,873.5547643555941
21.2,873.6555884922524
21.4,873.7506304803844
21.6,873.8399858878449
21.8,873.9237450205184
22.0,874.0019929348534
22.2,874.0748094502701
22.4,874.1422691613412
22.6,874.204441449653
22.8,874.2613904952548
23.0,874.3131752876128
23.2,874.3598496359897
23.4,874.4014621791736
23.6,874.4380563944903
23.8,874.4696706060361
24.0,874.4963379920729
24.2,874.5180865915395
24.4,874.5349393096319
24.6,874.5469139224167
24.8,874.5540230804478
25.0,874.5562743113619
25.2,874.5536700214358
25.4,874.5462074960952
25.6,874.5338788993715
25.8,874.5166712723111
26.0,874.494566530344
26.2,874.4675414596334
26.4,874.435567712427
26.6,874.3986118014402
26.8,874.3566350933097
27.0,874.3095938011596
27.2,874.257438976332
27.4,874.200116499335
27.6,874.137567070074
27.8,874.069726197431
28.0,873.9965241882682
28.2,873.9178861359343
28.4,873.8337319083593
28.6,873.7439761358256
28.8,873.6485281985123
29.0,873.5472922139103
29.2,873.4401670242139
29.4,873.3270461837932
29.6,873.2078179468614
29.8,873.0823652554494
30.0,872.9505657278088
30.2,872.8122916473567
30.4,872.6674099522941
30.6,872.5157822260128
30.8,872.3572646884244
31.0,872.1917081883333
31.2,872.0189581969851
31.4,871.8388548029158
31.6,871.651232708231
31.8,871.4559212264433
32.0,871.2527442819927
32.2,871.0415204115766
32.4,870.8220627674116
32.6,870.5941791225486
32.8,870.3576718783597
33.0,870.1123380743107
33.2,869.8579694001327
33.4,869.594352210498
33.6,869.3212675423049
33.8,869.0384911346684
34.0,868.7457934517103
34.2,868.4429397082347
34.4,868.129689898371
34.6,867.8057988272576
34.8,867.4710161458343
35.0,867.1250863888032
35.2,866.7677490158123
35.4,866.3987384559036
35.6,866.0177841552652
35.8,865.6246106283129
36.0,865.2189375121238
36.2,864.800479624228
36.4,864.3689470237629
36.6,863.9240450759811
36.8,863.465474520092
37.0,862.9929315404131
37.2,862.5061078407907
37.4,862.0046907222442
37.6,861.4883631637763
37.8,860.9568039062846
38.0,860.4096875394919
38.2,859.8466845918153
38.4,859.2674616230712
38.6,858.6716813199113
38.8,858.0590025938728
39.0,857.4290806819115
39.2,856.7815672492809
39.4,856.1161104946036
39.6,855.4323552569692
39.8,854.7299431248775
40.0,854.0085125468248
40.2,853.2676989433085
40.4,852.5071348199906
40.6,851.7264498817257
40.8,850.9252711470943
41.0,850.1032230630219
41.2,849.2599276189519
41.4,848.3950044599218
41.6,847.5080709977126
41.8,846.5987425190153
42.0,845.666632289265
42.2,844.7113516504124
42.4,843.7325101104274
42.6,842.729715421718
42.8,841.7025736449237
43.0,840.6506891936277
43.2,839.5736648544687
43.4,838.4711017758705
43.6,837.3425994171607
43.8,836.1877554482155
44.0,835.0061655879841
44.2,833.7974233683294
44.4,832.5611198076546
44.6,831.2968429768409
44.8,830.0041774382173
45.0,828.6827035367509
45.2,827.331996521562
45.4,825.9516254753914
45.6,824.5411520300046
45.8,823.1001288468796
46.0,821.6280978450982
46.2,820.1245881622988
46.4,818.5891138399753
46.6,817.0211712313743
46.8,815.4202361387262
47.0,813.7857606964383
47.2,812.1171700279403
47.4,810.4138587157854
47.6,808.6751871369202
47.8,806.9004777272232
48.0,805.0890112508437
48.2,803.2400231599092
48.4,801.3527001381365
48.6,799.4261769271443
48.8,797.4595335362833
49.0,795.4517929351259
49.2,793.401919322149
49.4,791.3088170535092
49.6,789.1713303023172
49.8,786.9882435018246
50.0,784.7582826060252
