0.0,811.3749361798514
0.2,813.304444539767
0.4,815.1930393294955
0.6,817.0410093247984
0.8,818.8486541666458
1.0,820.6162848163153
1.2,822.3442239563718
1.4,824.0328063357261
1.6,825.682379057297
1.8,827.2933018071217
2.0,828.8659470241018
2.2,830.4007000098999
2.4,831.8979589788376
2.6,833.3581350479811
2.8,834.7816521679193
3.0,836.1689469950644
3.2,837.5204687066117
3.4,838.8366787595933
3.6,840.1180505957441
3.8,841.3650692941683
4.0,842.5782311740472
4.2,843.7580433498613
4.4,844.9050232418156
4.6,846.0196980443488
4.8,847.1026041557817
5.0,848.154286572306
5.2,849.1752982496429
5.4,850.1661994358054
5.6,851.1275569784759
5.8,852.0599436105649
6.0,852.9639372175558
6.2,853.8401200902441
6.4,854.6890781664708
6.6,855.5114002654135
6.8,856.3076773179463
7.0,857.0785015965018
7.2,857.8244659477795
7.4,858.5461630315265
7.6,859.2441845685007
7.8,859.919120600572
8.0,860.5715587657721
8.2,861.202083590932
8.4,861.8112758043691
8.6,862.3997116709008
8.8,862.967962351272
9.0,863.5165932878766
9.2,864.0461636184642
9.4,864.5572256193057
9.6,865.050324179095
9.8,865.5259963046574
10.0,865.9847706593274
10.2,866.4271671346696
10.4,866.8536964560083
10.6,867.2648598220554
10.8,867.6611485787327
11.0,868.0430439271142
11.2,868.4110166652509
11.4,868.7655269634727
11.6,869.1070241726267
11.8,869.4359466645648
12.0,869.7527217040691
12.2,870.0577653512905
12.4,870.3514823936673
12.6,870.6342663062022
12.8,870.906499238889
13.0,871.168552030015
13.2,871.4207842440032
13.4,871.6635442324094
13.6,871.8971692166556
13.8,872.1219853910479
14.0,872.3383080446176
14.2,872.546441700307
14.4,872.7466802700302
14.6,872.939307224145
14.8,873.1245957738887
15.0,873.3028090653575
15.2,873.4742003836351
15.4,873.639013365721
15.6,873.7974822209417
15.8,873.9498319575825
16.0,874.0962786145244
16.2,874.2370294967259
16.4,874.372283413446
16.6,874.5022309181682
16.8,874.6270545492372
17.0,874.7469290702954
17.2,874.8620217096551
17.4,874.9724923978181
17.6,875.078494002409
17.8,875.1801725598533
18.0,875.2776675031955
18.2,875.3711118855064
18.4,875.4606325983932
18.6,875.5463505851787
18.8,875.6283810483698
19.0,875.7068336510906
19.2,875.7818127122005
19.4,875.8534173948669
19.6,875.921741888405
19.8,875.9868755832376
20.0,876.0489032388678
20.2,876.1079051447874
20.4,876.1639572742836
20.6,876.2171314311264
20.8,876.2674953891542
21.0,876.3151130247886
21.2,876.3600444425413
21.4,876.4023460935795
21.6,876.4420708874454
21.8,876.4792682970262
22.0,876.5139844568869
22.2,876.5462622550842
22.4,876.5761414185849
22.6,876.6036585924141
22.8,876.6288474126621
23.0,876.6517385734753
23.2,876.6723598881566
23.4,876.6907363444943
23.6,876.7068901544344
23.8,876.7208407982037
24.0,876.7326050629835
24.2,876.742197076224
24.4,876.7496283336791
24.6,876.7549077222321
24.8,876.7580415375689
25.0,876.7590334967441
25.2,876.7578847456743
25.4,876.7545938615771
25.6,876.7491568503635
25.8,876.7415671389778
26.0,876.731815562664
26.2,876.7198903471298
26.4,876.70577708556
26.6,876.6894587104244
26.8,876.6709154600105
27.0,876.6501248396028
27.2,876.6270615772185
27.4,876.6016975738006
27.6,876.5740018477617
27.8,876.5439404737647
28.0,876.5114765156222
28.2,876.476569953189
28.4,876.4391776031234
28.6,876.3992530333902
28.8,876.3567464713791
29.0,876.3116047055165
29.2,876.2637709802531
29.4,876.2131848843158
29.6,876.1597822321258
29.8,876.1034949382935
30.0,876.0442508851158
30.2,875.9819737830214
30.4,875.9165830239276
30.6,875.8479935274964
30.8,875.7761155803014
31.0,875.7008546679504
31.2,875.6221113002352
31.4,875.5397808294182
31.6,875.4537532618019
31.8,875.36391306277
32.0,875.2701389555291
32.2,875.1723037138287
32.4,875.070273948988
32.6,874.9639098916033
32.8,874.8530651683731
33.0,874.737586574524
33.2,874.6173138423885
33.4,874.4920794067373
33.6,874.3617081675343
33.8,874.2260172508456
34.0,874.0848157686919
34.2,873.9379045787008
34.4,873.7850760444785
34.6,873.626113797678
34.8,873.4607925028089
35.0,873.2888776258856
35.2,873.1101252080749
35.4,872.9242816455537
35.6,872.7310834768364
35.8,872.5302571788873
36.0,872.3215189733633
36.2,872.1045746443798
36.4,871.8791193692153
36.6,871.6448375633992
36.8,871.4014027416434
37.0,871.1484773960873
37.2,870.885712893325
37.4,870.6127493916804
37.6,870.3292157801718
37.8,870.0347296405877
38.0,869.7288972340519
38.2,869.4113135134116
38.4,869.0815621627222
38.6,868.7392156650315
38.8,868.383835399585
39.0,868.0149717694833
39.2,867.6321643607141
39.4,867.2349421333691
39.6,866.8228236457295
39.8,866.3953173117657
40.0,865.9519216924492
40.2,865.4921258211194
40.4,865.0154095629787
40.6,864.5212440086176
40.8,864.0090919012888
41.0,863.4784080974565
41.2,862.9286400599594
41.4,862.3592283829211
41.6,861.7696073473406
41.8,861.159205506097
42.0,860.5274462968862
42.2,859.8737486814158
42.4,859.1975278089759
42.6,858.4981957023064
42.8,857.7751619634902
43.0,857.0278344974179
43.2,856.255620250189
43.4,855.4579259596526
43.6,854.6341589151309
43.8,853.7837277232345
44.0,852.906043076542
44.2,852.0005185218162
44.4,851.0665712243267
44.6,850.1036227247823
44.8,849.111099685314
45.0,848.0884346209232
45.2,847.0350666127899
45.4,845.950441999852
45.6,844.8340150450953
45.8,843.6852485730495
46.0,842.503614575071
46.2,841.2885947790858
46.4,840.0396811806022
46.6,838.7563765319464
46.8,837.4381947868434
47.0,836.0846614976657
47.2,834.6953141628802
47.4,833.2697025224577
47.6,831.8073887992621
47.8,830.3079478847056
48.0,828.7709674672356
48.2,827.1960481025212
48.4,825.5828032245126
48.6,823.9308590968622
48.8,822.2398547045286
49.0,820.5094415857081
49.2,818.739283604573
49.4,816.9290566656349
49.6,815.078448370876
49.8,813.1871576211225
50.0,811.2548941634562
