0.0,478.0248092638998
0.2,483.51332733017057
0.4,488.9622784224446
0.6,494.37056054938523
0.8,499.7371120855281
1.0,505.0609126690742
1.2,510.34098397579714
1.4,515.5763903679801
1.6,520.7662394180201
1.8,525.909682307061
2.0,531.0059140997153
2.2,536.0541738966169
2.4,541.0537448671987
2.6,546.0039541657088
2.8,550.9041727340597
3.0,555.7538149956404
3.2,560.5523384447151
3.4,565.2992431364715
3.6,569.9940710831702
3.8,574.6364055621817
4.0,579.2258703419747
4.2,583.762128832342
4.4,588.2448831653188
4.6,592.6738732133538
4.8,597.0488755513547
5.0,601.3697023692343
5.2,605.6362003415339
5.4,609.8482494606127
5.6,614.0057618397541
5.8,618.108680492363
6.0,622.1569780932144
6.2,626.1506557274718
6.4,630.0897416329162
6.6,633.9742899405304
6.8,637.8043794182666
7.0,641.58011222249
7.2,645.3016126612495
7.4,648.9690259731715
7.6,652.5825171254197
7.8,656.1422696338053
8.0,659.6484844077835
8.2,663.1013786227225
8.4,666.5011846214966
8.6,669.8481488471283
8.8,673.1425308078948
9.0,676.3846020760162
9.2,679.5746453207645
9.4,682.7129533765733
9.6,685.7998283464855
9.8,688.8355807410517
10.0,691.8205286525969
10.2,694.7549969645827
10.4,697.6393165956382
10.6,700.4738237776836
10.8,703.2588593674514
11.0,705.9947681906011
11.2,708.6818984175391
11.4,711.3206009699758
11.6,713.9112289572068
11.8,716.454137141049
12.0,718.9496814283427
12.2,721.3982183899085
12.4,723.8001048048391
12.6,726.1556972290098
12.8,728.4653515867019
13.0,730.7294227842477
13.2,732.9482643446306
13.4,735.1222280620013
13.6,737.2516636751034
13.8,739.3369185586364
14.0,741.3783374316226
14.2,743.3762620818824
14.4,745.3310311057645
14.6,747.2429796623171
14.8,749.1124392411277
15.0,750.939737443099
15.2,752.7251977734678
15.4,754.469139446414
15.6,756.1718772006396
15.8,757.833721125339
16.0,759.4549764960103
16.2,761.035943619592
16.4,762.5769176884404
16.6,764.0781886426884
16.8,765.540041040557
17.0,766.962753936211
17.2,768.3466007647766
17.4,769.6918492341593
17.6,770.9987612233202
17.8,772.2675926866833
18.0,773.4985935643705
18.2,774.6920076979701
18.4,775.8480727515612
18.6,776.9670201377298
18.8,778.0490749483251
19.0,779.0944558897119
19.2,780.1033752222934
19.4,781.07603870408
19.6,782.0126455380941
19.8,782.9133883234078
20.0,783.7784530096199
20.2,784.6080188545849
20.4,785.402258385216
20.6,786.1613373611893
20.8,786.8854147413853
21.0,787.5746426529104
21.2,788.2291663625475
21.4,788.8491242504913
21.6,789.4346477862306
21.8,789.9858615064479
22.0,790.5028829948104
22.2,790.9858228635356
22.4,791.4347847366203
22.6,791.8498652346273
22.8,792.2311539609323
23.0,792.5787334893395
23.2,792.8926793529808
23.4,793.1730600344199
23.6,793.419936956889
23.8,793.6333644765958
24.0,793.8133898760385
24.2,793.960053358281
24.4,794.0733880421416
24.6,794.1534199582567
24.8,794.200168045991
25.0,794.2136441511668
25.2,794.1938530245974
25.4,794.1407923214122
25.6,794.0544526011716
25.8,793.9348173287743
26.0,793.781862876165
26.2,793.5955585248628
26.4,793.3758664693327
26.6,793.1227418212287
26.8,792.83613261455
27.0,792.5159798117509
27.2,792.1622173108575
27.4,791.7747719536488
27.6,791.3535635349657
27.8,790.8985048132204
28.0,790.4095015221832
28.2,789.8864523841318
28.4,789.3292491244543
28.6,788.7377764878045
28.8,788.11191225591
29.0,787.4515272671507
29.2,786.7564854380187
29.4,786.0266437865878
29.6,785.2618524581213
29.8,784.461954752956
30.0,783.626787156805
30.2,782.7561793736321
30.4,781.8499543612534
30.6,780.90792836983
30.8,779.9299109834251
31.0,778.9157051648031
31.2,777.8651073036559
31.4,776.7779072684544
31.6,775.6538884621223
31.8,774.492827881749
32.0,773.2944961825588
32.2,772.0586577463671
32.4,770.7850707547672
32.6,769.4734872672963
32.8,768.1236533048486
33.0,766.7353089386122
33.2,765.3081883848203
33.4,763.8420201056282
33.6,762.3365269164366
33.8,760.7914261000058
34.0,759.2064295277235
34.2,757.581243788409
34.4,755.9155703250608
34.6,754.209105579979
34.8,752.4615411487206
35.0,750.6725639433737
35.2,748.8418563656688
35.4,746.9690964904727
35.6,745.0539582602503
35.8,743.0961116911134
36.0,741.0952230911068
36.2,739.0509552914315
36.4,736.9629678913332
36.6,734.8309175174326
36.8,732.6544580983118
37.0,730.4332411552103
37.2,728.1669161097286
37.4,725.8551306094731
37.6,723.4975308726165
37.8,721.0937620523803
38.0,718.6434686224817
38.2,716.1462947846109
38.4,713.6018848990323
38.6,711.0098839394171
38.8,708.3699379730259
39.0,705.6816946673597
39.2,702.9448038243955
39.4,700.1589179434962
39.6,697.3236928140634
39.8,694.4387881389513
40.0,691.5038681896085
40.2,688.5186024938405
40.4,685.4826665569955
40.6,682.3957426172736
40.8,679.2575204357347
41.0,676.067698121435
41.2,672.8259829919655
41.4,669.5320924694776
41.6,666.1857550120852
41.8,662.7867110803052
42.0,659.3347141379596
42.2,655.829531686704
42.4,652.27094633306
42.6,648.6587568865459
42.8,644.9927794871744
43.0,641.2728487602723
43.2,637.4988189962337
43.4,633.6705653524731
43.6,629.7879850744952
43.8,625.8509987326391
44.0,621.8595514706996
44.2,617.8136142622773
44.4,613.7131851703646
44.6,609.5582906053392
44.8,605.3489865762207
45.0,601.0853599297491
45.2,596.767529571567
45.4,592.3956476635457
45.6,587.9699007910775
45.8,583.4905110939866
46.0,578.9577373545666
46.2,574.3718760361684
46.4,569.7332622657087
46.6,565.0422707534823
46.8,560.2993166437091
47.0,555.5048562893658
47.2,550.6593879450112
47.4,545.7634523715425
47.6,540.8176333470924
47.8,535.822558078616
48.0,530.7788975091007
48.2,525.6873665157781
48.4,520.5487239952008
48.6,515.3637728315939
48.8,510.1333597454606
49.0,504.85837502005205
49.2,499.5397521039539
49.4,494.17846708872884
49.6,488.77553806125434
49.8,483.3320243311143
50.0,477.84902553412996
