0.0,507.32846581967544
0.2,513.1759435808389
0.4,518.9531187019496
0.6,524.6599550249753
0.8,530.2964391227825
1.0,535.8625807906149
1.2,541.3584134575854
1.4,546.7839945174576
1.6,552.1394055783617
1.8,557.4247526314606
2.0,562.6401661389513
2.2,567.7858010421481
2.4,572.861836690752
2.6,577.8684766947574
2.8,582.8059487007811
3.0,587.6745040949246
3.2,592.4744176345829
3.4,597.205987011908
3.6,601.8695323518998
3.8,606.4653956483562
4.0,610.9939401411337
4.2,615.4555496383882
4.4,619.8506277876351
4.6,624.1795972996384
4.8,628.4428991292663
5.0,632.6409916175556
5.2,636.774349599319
5.4,640.8434634806748
5.6,644.8488382909198
5.8,648.7909927131641
6.0,652.670458098131
6.2,656.4877774654843
6.4,660.2435044969731
6.6,663.9382025256009
6.8,667.5724435249145
7.0,671.1468071023764
7.2,674.6618795006381
7.4,678.1182526103662
7.6,681.5165229980906
7.8,684.8572909523497
8.0,688.1411595511983
8.2,691.3687337539282
8.4,694.540619519621
8.6,697.6574229549198
8.8,700.719749493164
9.0,703.7282031067916
9.2,706.6833855546608
9.4,709.5858956657023
9.6,712.4363286600639
9.8,715.235275508668
10.0,717.9833223318633
10.2,720.68104983762
10.4,723.3290327994896
10.6,725.927839574333
10.8,728.4780316596147
11.0,730.980163289854
11.2,733.4347810716486
11.4,735.8424236564963
11.6,738.2036214504898
11.8,740.5188963597991
12.0,742.788761570726
12.2,745.0137213629902
12.4,747.1942709547941
12.6,749.3308963781261
12.8,751.4240743826717
13.0,753.4742723666444
13.2,755.4819483327881
13.4,757.4475508677671
13.6,759.3715191431337
13.8,761.2542829360451
14.0,763.0962626679064
14.2,764.8978694591215
14.4,766.6595051981553
14.6,768.381562623146
14.8,770.0644254143385
15.0,771.7084682956703
15.2,773.3140571438878
15.4,774.8815491036438
15.6,776.4112927070946
15.8,777.9036279965889
16.0,779.358886649129
16.2,780.7773921013636
16.4,782.1594596739619
16.6,783.5053966943116
16.8,784.8155026165724
17.0,786.0900691382136
17.2,787.329380312254
17.4,788.5337126545197
17.6,789.7033352453252
17.8,790.8385098250736
18.0,791.939490883364
18.2,793.0065257412731
18.4,794.0398546265716
18.6,795.0397107417036
18.8,796.0063203244438
19.0,796.9399027012124
19.2,797.8406703330991
19.4,798.7088288547067
19.6,799.5445771059894
19.8,800.3481071573069
20.0,801.1196043279708
20.2,801.8592471985991
20.4,802.5672076176355
20.6,803.2436507024237
20.8,803.8887348352538
21.0,804.502611654825
21.2,805.0854260435842
21.4,805.637316111417
21.6,806.158413176177
21.8,806.6488417415436
22.0,807.1087194726995
22.2,807.5381571703183
22.4,807.9372587433428
22.6,808.3061211810256
22.8,808.6448345246895
23.0,808.9534818396479
23.2,809.2321391877038
23.4,809.4808756006236
23.6,809.699753054958
23.8,809.8888264485496
24.0,810.0481435790406
24.2,810.1777451246595
24.4,810.2776646275333
24.6,810.347928479734
24.8,810.3885559122324
25.0,810.3995589868989
25.2,810.380942591642
25.4,810.3327044387488
25.6,810.2548350664424
25.8,810.1473178436382
26.0,810.0101289778369
26.2,809.8432375260562
26.4,809.6466054086651
26.6,809.420187425942
26.8,809.1639312771496
27.0,808.877777581875
27.2,808.5616599033576
27.4,808.2155047734888
27.6,807.8392317191403
27.8,807.4327532894521
28.0,806.9959750836774
28.2,806.5287957791699
28.4,806.0311071590664
28.6,805.5027941392123
28.8,804.9437347938517
29.0,804.3538003796066
29.2,803.7328553572473
29.4,803.0807574107695
29.6,802.3973574632809
29.8,801.6824996892154
30.0,800.9360215223961
30.2,800.1577536594873
30.4,799.3475200583924
30.6,798.5051379311791
30.8,797.6304177311422
31.0,796.7231631336485
31.2,795.7831710104458
31.4,794.8102313971634
31.6,793.8041274537782
31.8,792.7646354178779
32.0,791.6915245506055
32.2,790.584557075238
32.4,789.443488108417
32.6,788.2680655841206
32.8,787.0580301705445
33.0,785.8131151801363
33.2,784.5330464731129
33.4,783.2175423548769
33.6,781.8663134678337
33.8,780.4790626782058
34.0,779.0554849585292
34.2,777.595267266614
34.4,776.09808842184
34.6,774.563618979757
34.8,772.9915211060477
35.0,771.3814484510017
35.2,769.7330460257438
35.4,768.045950081534
35.6,766.3197879935501
35.8,764.5541781506284
36.0,762.7487298525197
36.2,760.9030432162737
36.4,759.0167090934284
36.6,757.0893089997262
36.8,755.1204150591209
37.0,753.1095899638727
37.2,751.0563869525454
37.4,748.9603498077307
37.6,746.8210128753284
37.8,744.6379011071888
38.0,742.4105301289034
38.2,740.1384063344894
38.4,737.8210270096592
38.6,735.4578804852988
38.8,733.0484463227025
39.0,730.5921955320106
39.2,728.0885908251926
39.4,725.5370869047927
39.6,722.9371307895202
39.8,720.2881621776132
40.0,717.589613848746
40.2,714.8409121050714
40.4,712.0414772518026
40.6,709.1907241175387
40.8,706.2880626143359
41.0,703.3328983372974
41.2,700.3246332032413
41.4,697.2626661277628
41.6,694.1463937397748
41.8,690.9752111323658
42.0,687.7485126485707
42.2,684.4656927003991
42.4,681.1261466192284
42.6,677.7292715354131
42.8,674.2744672847355
43.0,670.7611373390761
43.2,667.1886897584625
43.4,663.5565381614349
43.6,659.8641027104582
43.8,656.1108111089161
44.0,652.2960996060438
44.2,648.4194140059843
44.4,644.4802106770137
44.6,640.4779575568427
44.8,636.4121351498001
45.0,632.2822375116054
45.2,628.0877732173848
45.4,623.8282663085263
45.6,619.503257213965
45.8,615.1123036414866
46.0,610.6549814346697
46.2,606.1308853911463
46.4,601.539630037941
46.6,596.8808503597554
46.8,592.1542024762002
47.0,587.3593642641347
47.2,582.4960359214541
47.4,577.5639404688759
47.6,572.5628241865003
47.8,567.4924569821735
48.0,562.3526326889531
48.2,557.1431692892626
48.4,551.8639090636283
48.6,546.5147186622185
48.8,541.0954890977304
49.0,535.6061356585277
49.2,530.0465977412789
49.4,524.4168386027139
49.6,518.7168450304831
49.8,512.9466269334704
50.0,507.1062168522867
