0.0,754.2260847452624
0.2,756.8742966103969
0.4,759.4634096759676
0.6,761.9951143378817
0.8,764.4710575948882
1.0,766.8928417774567
1.2,769.2620234915785
1.4,771.5801127783558
1.6,773.8485724881853
1.8,776.0688178663531
2.0,778.2422163449672
2.2,780.3700875343874
2.4,782.4537034056931
2.6,784.4942886542794
2.8,786.4930212334039
3.0,788.4510330454367
3.2,790.3694107777
3.4,792.249196869121
3.6,794.0913905934747
3.8,795.8969492447418
4.0,797.666789410054
4.2,799.4017883158322
4.4,801.1027852330255
4.6,802.7705829278167
4.8,804.4059491447528
5.0,806.0096181099764
5.2,807.5822920430392
5.4,809.1246426666687
5.6,810.6373127048073
5.8,812.1209173602186
6.0,813.576045763966
6.2,815.0032623900622
6.4,816.4031084295855
6.6,817.7761031195112
6.8,819.1227450224297
7.0,820.4435132541888
7.2,821.7388686573066
7.4,823.0092549187431
7.6,824.2550996312918
7.8,825.4768152984558
8.0,826.6748002831915
8.2,827.8494397013677
8.4,829.0011062611627
8.6,830.1301610499426
8.8,831.2369542704116
9.0,832.3218259280246
9.2,833.3851064717809
9.4,834.4271173906186
9.6,835.4481717676712
9.8,836.4485747946585
10.0,837.428624248667
10.2,838.388610933524
10.4,839.3288190879057
10.6,840.2495267622339
10.8,841.1510061663215
11.0,842.0335239896222
11.2,842.8973416958323
11.4,843.7427157934849
11.6,844.5698980840601
11.8,845.379135889038
12.0,846.1706722572098
12.2,846.9447461534712
12.4,847.7015926302269
12.6,848.4414429824543
12.8,849.1645248873958
13.0,849.8710625297771
13.2,850.561276713391
13.4,851.2353849598239
13.6,851.8936015950586
13.8,852.5361378246355
14.0,853.1632017980237
14.2,853.7749986628158
14.4,854.3717306093275
14.6,854.9535969061661
14.8,855.5207939273004
15.0,856.0735151711507
15.2,856.6119512721987
15.4,857.1362900055981
15.6,857.6467162852581
15.8,858.1434121558533
16.0,858.6265567792037
16.2,859.0963264154562
16.4,859.5528943994866
16.6,859.9964311129286
16.8,860.4271039522268
17.0,860.8450772930977
17.2,861.250512451768
17.4,861.6435676433541
17.6,862.0243979377241
17.8,862.3931552131822
18.0,862.749988108292
18.2,863.0950419721486
18.4,863.4284588133937
18.6,863.7503772482529
18.8,864.060932447864
19.0,864.3602560851475
19.2,864.6484762814601
19.4,864.9257175532567
19.6,865.1921007589715
19.8,865.4477430463202
20.0,865.6927578002064
20.2,865.9272545914068
20.4,866.1513391261954
20.6,866.3651131970557
20.8,866.5686746346182
21.0,866.7621172609485
21.2,866.9455308443024
21.4,867.1190010554526
21.6,867.2826094256833
21.8,867.4364333065377
22.0,867.5805458313996
22.2,867.7150158789761
22.4,867.8399080387453
22.6,867.9552825784252
22.8,868.0611954135142
23.0,868.157698078943
23.2,868.2448377028808
23.4,868.3226569827259
23.6,868.3911941633119
23.8,868.4504830173513
24.0,868.500552828141
24.2,868.5414283745456
24.4,868.5731299182729
24.6,868.5956731934571
24.8,868.6090693985535
25.0,868.6133251905587
25.2,868.6084426815557
25.4,868.5944194375913
25.6,868.5712484798842
25.8,868.5389182883654
26.0,868.4974128075457
26.2,868.4467114547081
26.4,868.3867891304154
26.6,868.317616231328
26.8,868.239158665315
27.0,868.1513778688487
27.2,868.0542308266627
27.4,867.9476700936542
27.6,867.8316438190051
27.8,867.7060957724952
28.0,867.5709653729722
28.2,867.4261877189439
28.4,867.2716936212476
28.6,867.1074096377474
28.8,866.9332581100072
29.0,866.7491572018732
29.2,866.5550209399003
29.4,866.3507592555422
29.6,866.1362780290217
29.8,865.9114791347826
30.0,865.6762604884234
30.2,865.4305160949947
30.4,865.1741360985362
30.6,864.9070068327172
30.8,864.6290108724311
31.0,864.3400270861869
31.2,864.0399306891223
31.4,863.7285932964558
31.6,863.4058829771764
31.8,863.0716643077635
32.0,862.7257984257088
32.2,862.3681430826018
32.4,861.9985526965278
32.6,861.6168784035094
32.8,861.2229681077139
33.0,860.8166665301293
33.2,860.3978152554023
33.4,859.9662527765165
33.6,859.5218145369746
33.8,859.0643329701356
34.0,858.5936375353457
34.2,858.1095547504856
34.4,857.6119082205474
34.6,857.1005186618382
34.8,856.5752039213937
35.0,856.0357789911757
35.2,855.482056016606
35.4,854.9138442989831
35.6,854.3309502913022
35.8,853.7331775869906
36.0,853.1203269010452
36.2,852.4921960430413
36.4,851.8485798814543
36.6,851.1892702987133
36.8,850.5140561363688
37.0,849.8227231297269
37.2,849.1150538312559
37.4,848.3908275220302
37.6,847.6498201104195
37.8,846.8918040171718
38.0,846.1165480459721
38.2,845.3238172384814
38.4,844.5133727127755
38.6,843.6849714840093
38.8,842.8383662660281
39.0,841.9733052525379
39.2,841.0895318763224
39.4,840.1867845448688
39.6,839.2647963506256
39.8,838.3232947539793
40.0,837.3620012368899
40.2,836.3806309249806
40.4,835.378892175738
40.6,834.3564861303411
40.8,833.3131062265101
41.0,832.2484376696599
41.2,831.16215685955
41.4,830.0539307695602
41.6,828.9234162756896
41.8,827.7702594323894
42.0,826.5940946923877
42.2,825.3945440677822
42.4,824.1712162298398
42.6,822.923705545182
42.8,821.651591046347
43.0,820.3544353351084
43.2,819.031783417409
43.4,817.6831614693263
43.6,816.3080755341508
43.8,814.9060101513974
44.0,813.4764269194054
44.2,812.018762994118
44.4,810.5324295276229
44.6,809.016810051127
44.8,807.471258808177
45.0,805.8950990451311
45.2,804.2876212671181
45.4,802.6480814689678
45.6,800.9756993518415
45.8,799.2696565375135
46.0,797.5290947934307
46.2,795.7531142827805
46.4,793.9407718548041
46.6,792.0910793914785
46.8,790.2030022274315
47.0,788.2754576605189
47.2,786.3073135708704
47.4,784.2973871663767
47.6,782.2444438725183
47.8,780.1471963841342
48.0,778.0043038961569
48.2,775.8143715295331
48.4,773.5759499674571
48.6,771.2875353157257
48.8,768.9475691994386
49.0,766.5544391064724
49.2,764.1064789861393
49.4,761.6019701092513
49.6,759.0391421934556
49.8,756.4161747952401
50.0,753.731198967449
