0.0,526.398922397483
0.2,532.2904485492771
0.4,538.1017037414448
0.6,543.8324258676727
0.8,549.4824208202357
1.0,555.0515634972572
1.2,560.5397984382803
1.4,565.947140087786
1.6,571.2736726891467
1.8,576.5195498143081
2.0,581.6849935372287
2.2,586.7702932617361
2.4,591.7758042169664
2.6,596.7019456359078
2.8,601.5491986347553
3.0,606.3181038127774
3.2,611.0092585941824
3.4,615.6233143350356
3.6,620.1609732196092
3.8,624.6229849716386
4.0,629.0101434067898
4.2,633.3232828532414
4.4,637.5632744676071
4.6,641.7310224735207
4.8,645.8274603500399
5.0,649.8535469966307
5.2,653.810262900872
5.4,657.6986063341808
5.6,661.5195895998252
5.8,665.2742353562651
6.0,668.9635730374818
6.2,672.5886353904174
6.4,676.15045514799
6.6,679.6500618543811
6.8,683.0884788574424
7.0,686.4667204811578
7.2,689.7857893891345
7.4,693.0466741481288
7.6,696.2503469986295
7.8,699.3977618375693
8.0,702.4898524163101
8.2,705.5275307551934
8.4,708.511685774146
8.6,711.4431821371343
8.8,714.3228593066494
9.0,717.1515308029157
9.2,719.9299836611352
9.4,722.6589780788411
9.6,725.3392472443177
9.8,727.9714973360743
10.0,730.556407682528
10.2,733.0946310703607
10.4,735.5867941894724
10.6,738.0334982020365
10.8,740.4353194228984
11.0,742.7928100984119
11.2,745.1064992707916
11.4,747.3768937151591
11.6,749.6044789366712
11.8,751.7897202154293
12.0,753.9330636872701
12.2,756.034937449022
12.4,758.0957526773701
12.6,760.1159047510885
12.8,762.0957743670685
13.0,764.0357286412863
13.2,765.9361221865906
13.4,767.7972981599671
13.6,769.619589272702
13.8,771.4033187576634
14.0,773.148801288692
14.2,774.8563438478639
14.4,776.5262465371405
14.6,778.1588033316456
14.8,779.7543027725121
15.0,781.3130285979032
15.2,782.8352603114357
15.4,784.3212736878247
15.6,785.7713412161064
15.8,787.1857324812916
16.0,788.5647144857521
16.2,789.908551912045
16.4,791.2175073292284
16.6,792.4918413450351
16.8,793.731812706528
17.0,794.9376783520743
17.2,796.1096934176521
17.4,797.248111200632
17.6,798.353183084266
17.8,799.4251584261787
18.0,800.4642844141699
18.2,801.4708058926373
18.4,802.4449651628843
18.6,803.3870017605236
18.8,804.2971522130983
19.0,805.1756497809441
19.2,806.0227241841955
19.4,806.8386013187074
19.6,807.6235029635237
19.8,808.3776464823669
20.0,809.1012445214753
20.2,809.7945047059453
20.4,810.4576293365807
20.6,811.0908150890857
20.8,811.6942527172807
21.0,812.2681267618624
21.2,812.8126152660791
21.4,813.3278894995476
21.6,813.8141136912977
21.8,814.2714447730002
22.0,814.7000321332134
22.2,815.1000173833664
22.4,815.471534136096
22.6,815.8147077964553
22.8,816.1296553664297
23.0,816.416485263116
23.2,816.6752971508539
23.4,816.906181787539
23.6,817.1092208852983
23.8,817.2844869856631
24.0,817.4320433493394
24.2,817.5519438606507
24.4,817.6442329466971
24.6,817.7089455112692
24.8,817.7461068835295
25.0,817.7557327814757
25.2,817.7378292901876
25.4,817.6923928548601
25.6,817.6194102886168
25.8,817.5188587951039
26.0,817.3907060058544
26.2,817.2349100324144
26.4,817.051419533214
26.6,816.8401737951574
26.8,816.6011028298965
27.0,816.3341274847292
27.2,816.039159568048
27.4,815.716101989232
27.6,815.3648489128393
27.8,814.9852859269176
28.0,814.5772902251966
28.2,814.1407308028697
28.4,813.6754686656046
28.6,813.1813570513433
28.8,812.6582416643699
29.0,812.1059609210275
29.2,811.5243462063615
29.4,810.9132221408543
29.6,810.2724068562915
29.8,809.6017122796746
30.0,808.9009444239517
30.2,808.1699036841957
30.4,807.4083851377094
30.6,806.6161788463781
30.8,805.7930701594356
31.0,804.9388400146439
31.2,804.0532652357307
31.4,803.1361188237622
31.6,802.1871702399816
31.8,801.2061856774835
32.0,800.1929283189615
32.2,799.1471585776284
32.4,798.068634318293
32.6,796.9571110554771
32.8,795.8123421253715
33.0,794.6340788283686
33.2,793.4220705388766
33.4,792.1760647791075
33.6,790.8958072535593
33.8,789.5810418409624
34.0,788.2315105405593
34.2,786.8469533697137
34.4,785.4271082100169
34.6,783.9717105992789
34.8,782.4804934670473
35.0,780.9531868116045
35.2,779.3895173167506
35.4,777.7892079070737
35.6,776.1519772408633
35.8,774.4775391403161
36.0,772.765601959221
36.2,771.0158678888994
36.4,769.2280322037989
36.6,767.4017824488037
36.8,765.5367975710205
37.0,763.6327469995268
37.2,761.6892896773185
37.4,759.7060730504611
37.6,757.6827320202278
37.8,755.6188878647912
38.0,753.5141471378118
38.2,751.3681005520317
38.4,749.180321856724
38.6,746.9503667185581
38.8,744.6777716161118
39.0,742.3620527588754
39.2,740.0027050421489
39.4,737.5992010497193
39.6,735.1509901166017
39.8,732.6574974644415
40.0,730.1181234223816
40.2,727.5322427463014
40.4,724.8992040493107
40.6,722.218329356246
40.8,719.4889137946388
41.0,716.7102254342208
41.2,713.8815052864824
41.4,711.001967475111
41.6,708.07079958731
41.8,705.0871632150208
42.0,702.050194693969
42.2,698.9590060472029
42.4,695.8126861384275
42.6,692.6103020389407
42.8,689.3509006103758
43.0,686.0335103037515
43.2,682.6571431735442
43.4,679.2207971036325
43.6,675.7234582400527
43.8,672.1641036235442
44.0,668.541704012897
44.2,664.8552268881338
44.4,661.1036396206108
44.6,657.2859127952092
44.8,653.40102366794
45.0,649.4479597405254
45.2,645.4257224318591
45.4,641.3333308247172
45.6,637.1698254647102
45.8,632.934272187244
46.0,628.6257659472247
46.2,624.2434346254074
46.4,619.7864427846628
46.6,615.2539953490462
46.8,610.645341178391
47.0,605.9597765112329
47.2,601.1966482492103
47.4,596.3553570566703
47.6,591.4353602500471
47.8,586.4361744526698
48.0,581.357377991981
48.2,576.1986130177148
48.4,570.959587321364
48.6,565.6400758392565
48.8,560.2399218237479
49.0,554.7590376693842
49.2,549.1974053833935
49.4,543.5550766924957
49.6,537.8321727807412
49.8,532.0288836559043
50.0,526.1454671447933
