0.0,815.6482395053764
0.2,817.5527596666341
0.4,819.4149839924585
0.6,821.2351338360463
0.8,823.0134488252826
1.0,824.7501876091995
1.2,826.4456285013729
1.4,828.1000700171853
1.6,829.71383130261
1.8,831.2872524529058
2.0,832.8206947203533
2.2,834.314540610903
2.4,835.7691938703323
2.6,837.1850793612286
2.8,838.5626428328051
3.0,839.9023505862277
3.2,841.20468903877
3.4,842.4701641907099
3.6,843.6993009994491
3.8,844.8926426658461
4.0,846.0507498382268
4.2,847.1741997399528
4.4,848.2635852267892
4.6,849.3195137806272
4.8,850.3426064463667
5.0,851.3334967189597
5.2,852.2928293877558
5.4,853.2212593453718
5.6,854.1194503683331
5.8,854.9880738767068
6.0,855.8278076798667
6.2,856.6393347153972
6.4,857.4233417879667
6.6,858.1805183147777
6.8,858.9115550839392
7.0,859.617143031802
7.2,860.297972044969
7.4,860.9547297923274
7.6,861.588100592057
7.8,862.1987643181692
8.0,862.7873953506956
8.2,863.3546615732129
8.4,863.901223420943
8.6,864.427732982219
8.8,864.9348331556507
9.0,865.4231568648846
9.2,865.893326332409
9.4,866.3459524134239
9.6,866.7816339903868
9.8,867.2009574284333
10.0,867.6044960915046
10.2,867.9928099186435
10.4,868.3664450595879
10.6,868.7259335684759
10.8,869.0717931541899
11.0,869.4045269856066
11.2,869.7246235497838
11.4,870.0325565609118
11.6,870.3287849176729
11.8,870.6137527065088
12.0,870.8878892481616
12.2,871.1516091847647
12.4,871.4053126046792
12.6,871.6493852022296
12.8,871.8841984694615
13.0,872.110109917044
13.2,872.3274633214553
13.4,872.5365889956252
13.6,872.7378040802625
13.8,872.9314128531645
14.0,873.1177070538845
14.2,873.296966221236
14.4,873.4694580412097
14.6,873.6354387030003
14.8,873.7951532609591
15.0,873.9488360004179
15.2,874.0967108054632
15.4,874.2389915268701
15.6,874.3758823485504
15.8,874.5075781509993
16.0,874.6342648703678
16.2,874.7561198519187
16.4,874.8733121967583
16.6,874.9860031008666
16.8,875.0943461855693
17.0,875.1984878187187
17.2,875.298567425962
17.4,875.3947177915866
17.6,875.4870653485317
17.8,875.5757304572536
18.0,875.6608276732194
18.2,875.7424660028888
18.4,875.8207491481172
18.6,875.8957757389823
18.8,875.9676395551008
19.0,876.0364297355567
19.2,876.1022309776098
19.4,876.1651237244002
19.6,876.2251843419004
19.8,876.2824852853965
20.0,876.3370952558114
20.2,876.3890793461974
20.4,876.438499178751
20.6,876.4854130327068
20.8,876.5298759634817
21.0,876.5719399134434
21.2,876.6116538146769
21.4,876.6490636841236
21.6,876.6842127114619
21.8,876.7171413400893
22.0,876.7478873415614
22.2,876.7764858838256
22.4,876.8029695935793
22.6,876.827368613066
22.8,876.8497106516056
23.0,876.8700210321405
23.2,876.8883227330597
23.4,876.9046364255439
23.6,876.9189805066569
23.8,876.9313711283855
24.0,876.9418222228136
24.2,876.9503455235921
24.4,876.9569505838462
24.6,876.9616447906399
24.8,876.9644333760972
25.0,876.965319425256
25.2,876.9643038807102
25.4,876.9613855440728
25.6,876.9565610742712
25.8,876.9498249826653
26.0,876.9411696249533
26.2,876.9305851898135
26.4,876.9180596842046
26.6,876.9035789152266
26.8,876.8871264684217
27.0,876.8686836823782
27.2,876.8482296194705
27.4,876.8257410325552
27.6,876.8011923274206
27.8,876.774555520763
28.0,876.7458001934506
28.2,876.7148934388114
28.4,876.6817998056645
28.6,876.6464812358029
28.8,876.6088969956082
29.0,876.5690036014764
29.2,876.5267547387117
29.4,876.4821011735373
29.6,876.4349906578639
29.8,876.3853678264452
30.0,876.3331740860518
30.2,876.2783474962863
30.4,876.2208226416681
30.6,876.1605304946196
30.8,876.0973982689951
31.0,876.031349263802
31.2,875.9623026967886
31.4,875.890173527584
31.6,875.8148722701135
31.8,875.7363047940333
32.0,875.6543721149754
32.2,875.5689701734298
32.4,875.4799896021452
32.6,875.3873154819831
32.8,875.2908270862208
33.0,875.1903976133706
33.2,875.0858939086587
33.4,874.9771761743843
33.6,874.8640976694735
33.8,874.746504398638
34.0,874.6242347916473
34.2,874.4971193733356
34.4,874.3649804250737
34.6,874.2276316385606
34.8,874.0848777629135
35.0,873.9365142461556
35.2,873.7823268723475
35.4,873.6220913957278
35.6,873.4555731733758
35.8,873.2825267980406
36.0,873.1026957329211
36.2,872.9158119503134
36.4,872.7215955761759
36.6,872.519754542792
36.8,872.3099842518288
37.0,872.0919672502054
37.2,871.8653729212933
37.4,871.6298571940621
37.6,871.3850622728684
37.8,871.1306163906539
38.0,870.8661335883723
38.2,870.5912135235003
38.4,870.3054413105024
38.6,870.0083873961203
38.8,869.6996074723287
39.0,869.3786424297525
39.2,869.0450183542646
39.4,868.6982465693914
39.6,868.3378237270236
39.8,867.9632319487788
40.0,867.573939020187
40.2,867.169398639663
40.4,866.7490507239927
40.6,866.3123217718077
40.8,865.8586252862261
41.0,865.3873622575348
41.2,864.8979217064433
41.4,864.3896812880872
41.6,863.8620079565742
41.8,863.3142586894702
42.0,862.7457812712056
42.2,862.155915133955
42.4,861.5439922541062
42.6,860.9093381019842
42.8,860.2512726420509
43.0,859.5691113803515
43.2,858.8621664555285
43.4,858.1297477692965
43.6,857.371164151835
43.8,856.5857245571592
44.0,855.7727392831335
44.2,854.9315212104343
44.4,854.0613870544346
44.6,853.161658623681
44.8,852.2316640783765
45.0,851.2707391820525
45.2,850.2782285394435
45.4,849.2534868134418
45.6,848.1958799139321
45.8,847.1047861512752
46.0,845.9795973472396
46.2,844.8197198962557
46.4,843.624575770013
46.6,842.3936034586079
46.8,841.1262588417087
47.0,839.8220159835081
47.2,838.4803678455988
47.4,837.1008269123241
47.6,835.6829257236211
47.8,834.2262173108915
48.0,832.7302755319912
48.2,831.1946953020336
48.4,829.6190927173317
48.6,828.0031050704789
48.8,826.3463907552522
49.0,824.6486290607431
49.2,822.9095198548441
49.4,821.1287831579557
49.6,819.3061586085213
49.8,817.4414048227255
50.0,815.5342986514213
