0.0,857.7241851956287
0.2,858.3592870883807
0.4,858.9793854603696
0.6,859.5846843930666
0.8,860.1753884504064
1.0,860.7517026572108
1.2,861.3138324744066
1.4,861.8619837710185
1.6,862.3963627929271
1.8,862.9171761283995
2.0,863.4246306704123
2.2,863.9189335757957
2.4,864.4002922212466
2.6,864.8689141562666
2.8,865.325007053094
3.0,865.7687786537128
3.2,866.200436714031
3.4,866.6201889453313
3.6,867.0282429531134
3.8,867.4248061734477
4.0,867.8100858069797
4.2,868.1842887507263
4.4,868.5476215278183
4.6,868.9002902153474
4.8,869.2425003704868
5.0,869.5744569550578
5.2,869.8963642587213
5.4,870.2084258209796
5.6,870.5108443521766
5.8,870.8038216536871
6.0,871.0875585374911
6.2,871.362254745328
6.4,871.6281088676292
6.6,871.8853182624262
6.8,872.1340789744311
7.0,872.3745856544869
7.2,872.6070314795804
7.4,872.8316080736105
7.6,873.048505429099
7.8,873.2579118300297
8.0,873.4600137759944
8.2,873.6549959078212
8.4,873.8430409348531
8.6,874.0243295640404
8.8,874.1990404310012
9.0,874.3673500331996
9.2,874.529432665382
9.4,874.6854603574025
9.6,874.8356028145623
9.8,874.9800273605803
10.0,875.1188988832961
10.2,875.2523797832064
10.4,875.3806299249203
10.6,875.5038065916102
10.8,875.6220644425277
11.0,875.7355554736408
11.2,875.8444289814413
11.4,875.9488315299607
11.6,876.0489069210215
11.8,876.1447961677444
12.0,876.2366374713188
12.2,876.3245662010364
12.4,876.4087148775795
12.6,876.4892131595429
12.8,876.5661878331638
13.0,876.6397628052222
13.2,876.7100590990688
13.4,876.777194853726
13.6,876.8412853260043
13.8,876.902442895566
14.0,876.9607770728619
14.2,877.0163945098617
14.4,877.0693990134902
14.6,877.1198915616782
14.8,877.1679703219312
15.0,877.213730672312
15.2,877.2572652247321
15.4,877.2986638504411
15.6,877.3380137075999
15.8,877.3753992708204
16.0,877.4109023625508
16.2,877.4446021861881
16.4,877.4765753607885
16.6,877.5068959572535
16.8,877.535635535865
17.0,877.5628631850403
17.2,877.588645561181
17.4,877.6130469294867
17.6,877.636129205607
17.8,877.6579519980046
18.0,877.6785726509039
18.2,877.6980462876994
18.4,877.7164258547032
18.6,877.7337621651071
18.8,877.7501039430423
19.0,877.765497867619
19.2,877.7799886168305
19.4,877.7936189112097
19.6,877.8064295571305
19.8,877.8184594896445
20.0,877.8297458147533
20.2,877.8403238510128
20.4,877.8502271703751
20.6,877.8594876381735
20.8,877.8681354521622
21.0,877.8761991805208
21.2,877.883705798745
21.4,877.8906807253426
21.6,877.8971478562579
21.8,877.9031295979557
22.0,877.9086468990953
22.2,877.9137192807297
22.4,877.9183648649722
22.6,877.9226004020708
22.8,877.9264412958389
23.0,877.9299016273939
23.2,877.9329941771559
23.4,877.9357304450685
23.6,877.9381206689991
23.8,877.9401738412887
24.0,877.9418977234174
24.2,877.9432988587604
24.4,877.9443825834104
24.6,877.9451530350467
24.8,877.9456131598345
25.0,877.9457647173417
25.2,877.9456082834662
25.4,877.9451432513638
25.6,877.9443678303797
25.8,877.9432790429817
26.0,877.9418727197019
26.2,877.9401434920951
26.4,877.9380847837263
26.6,877.9356887992031
26.8,877.9329465112733
27.0,877.9298476460083
27.2,877.9263806661024
27.4,877.9225327523162
27.6,877.918289783098
27.8,877.9136363124218
28.0,877.9085555458828
28.2,877.9030293150964
28.4,877.8970380504477
28.6,877.8905607522446
28.8,877.883574960334
29.0,877.8760567222348
29.2,877.8679805598589
29.4,877.8593194348815
29.6,877.8500447128368
29.8,877.8401261260104
30.0,877.8295317352107
30.2,877.8182278904995
30.4,877.8061791909677
30.6,877.7933484436479
30.8,877.779696621655
31.0,877.7651828216532
31.2,877.7497642207461
31.4,877.7333960328976
31.6,877.7160314649859
31.8,877.6976216726022
32.0,877.678115715704
32.2,877.6574605142404
32.4,877.6356008038624
32.6,877.6124790918421
32.8,877.5880356133183
33.0,877.5622082879934
33.2,877.5349326774054
33.4,877.5061419429024
33.6,877.4757668044432
33.8,877.4437355003548
34.0,877.4099737481737
34.2,877.374404706696
34.4,877.3369489393684
34.6,877.2975243791434
34.8,877.2560462949252
35.0,877.2124272597317
35.2,877.1665771206937
35.4,877.118402971011
35.6,877.0678091239847
35.8,877.0146970892387
36.0,876.9589655512406
36.2,876.9005103502316
36.4,876.8392244656637
36.6,876.7749980022467
36.8,876.7077181786934
37.0,876.6372693192538
37.2,876.5635328481145
37.4,876.4863872867434
37.6,876.4057082542421
37.8,876.3213684707702
38.0,876.2332377640925
38.2,876.1411830792949
38.4,876.0450684917063
38.6,875.9447552230522
38.8,875.8401016608648
39.0,875.7309633811543
39.2,875.6171931743467
39.4,875.4986410744785
39.6,875.3751543916313
39.8,875.2465777475774
40.0,875.1127531146012
40.2,874.9735198574493
40.4,874.8287147783496
40.6,874.6781721650372
40.8,874.5217238417057
41.0,874.3591992228038
41.2,874.1904253695744
41.4,874.0152270492384
41.6,873.833426796704
41.8,873.6448449786811
42.0,873.4492998600703
42.2,873.2466076724841
42.4,873.0365826847556
42.6,872.8190372752798
42.8,872.5937820060266
43.0,872.360625698055
43.2,872.1193755083593
43.4,871.8698370078661
43.6,871.6118142603983
43.8,871.3451099024221
44.0,871.0695252233814
44.2,870.7848602464322
44.4,870.4909138093766
44.6,870.1874836456046
44.8,869.8743664648445
45.0,869.5513580335252
45.2,869.2182532545567
45.4,868.874846246335
45.6,868.5209304207791
45.8,868.1562985602142
46.0,867.7807428929167
46.2,867.3940551671435
46.4,866.9960267234711
46.6,866.5864485652803
46.8,866.1651114272235
47.0,865.731805841527
47.2,865.2863222019818
47.4,864.8284508254889
47.6,864.3579820110358
47.8,863.8747060959873
48.0,863.3784135095887
48.2,862.8688948235861
48.4,862.3459407998847
48.6,861.8093424351736
48.8,861.2588910024609
49.0,860.6943780894746
49.2,860.1155956338961
49.4,859.5223359554078
49.6,858.9143917845503
49.8,858.2915562883927
50.0,857.6536230930411
