0.0,776.5357403540589
0.2,778.542316577487
0.4,780.5171944716286
0.6,782.4615672672923
0.8,784.3765441094941
1.0,786.2631487212523
1.2,788.1223188279556
1.4,789.9549063326459
1.6,791.7616782221913
1.8,793.5433181745074
2.0,795.300428827872
2.2,797.0335346651358
2.4,798.7430854584134
2.6,800.4294602137252
2.8,802.0929715501811
3.0,803.7338704446547
3.2,805.352351270571
3.4,806.9485570583679
3.6,808.5225849054019
3.8,810.0744914644666
4.0,811.6042984426053
4.2,813.1119980454298
4.4,814.5975583065768
4.6,816.0609282471138
4.8,817.5020428155057
5.0,818.9208275650207
5.2,820.3172030320426
5.4,821.6910887855171
5.6,823.0424071245535
5.8,824.371086407894
6.0,825.6770640054312
6.2,826.9602888680936
6.4,828.2207237181359
6.6,829.4583468670849
6.8,830.6731536732524
7.0,831.8651576547837
7.2,833.0343912776403
7.4,834.1809064407113
7.6,835.3047746824114
7.8,836.4060871346713
8.0,837.484954251193
8.2,838.5415053372616
8.4,839.5758879083285
8.6,840.5882669040595
8.8,841.5788237836306
9.0,842.5477555268171
9.2,843.4952735639166
9.4,844.4216026558316
9.6,845.3269797437703
9.8,846.2116527860574
10.0,847.0758795975345
10.2,847.9199267050087
10.4,848.7440682302189
10.6,849.5485848098757
10.8,850.3337625605026
11.0,851.099892094103
11.2,851.8472675891016
11.4,852.5761859195832
11.6,853.2869458445748
11.8,853.9798472579969
12.0,854.6551904989407
12.2,855.3132757211126
12.4,855.9544023196106
12.6,856.5788684126545
12.8,857.1869703754808
13.0,857.7790024232999
13.2,858.3552562400175
13.4,858.9160206492999
13.6,859.4615813245273
13.8,859.9922205342033
14.0,860.5082169194661
14.2,861.0098453004708
14.4,861.4973765085628
14.6,861.9710772413453
14.8,862.4312099379389
15.0,862.8780326719367
15.2,863.3117990597676
15.4,863.7327581823986
15.6,864.141154518502
15.8,864.5372278874235
16.0,864.9212134004674
16.2,865.2933414192007
16.4,865.6538375196374
16.6,866.0029224613191
16.8,866.3408121604466
17.0,866.6677176663404
17.2,866.9838451406212
17.4,867.289395838599
17.6,867.5845660924491
17.8,867.869547295825
18.0,868.1445258896272
18.2,868.4096833487032
18.4,868.6651961692976
18.6,868.9112358571157
18.8,869.1479689158954
19.0,869.375556836409
19.2,869.5941560858391
19.4,869.8039180974932
19.6,870.0049892608288
19.8,870.1975109117798
20.0,870.381619323378
20.2,870.5574456966683
20.4,870.7251161519258
20.6,870.8847517201791
20.8,871.0364683350496
21.0,871.1803768249162
21.2,871.316582905413
21.4,871.4451871722694
21.6,871.5662850944981
21.8,871.6799670079382
22.0,871.7863181091573
22.2,871.8854184497154
22.4,871.9773429307924
22.6,872.0621612981798
22.8,872.1399381376364
23.0,872.2107328706045
23.2,872.274599750287
23.4,872.3315878580804
23.6,872.3817411003597
23.8,872.4250982056135
24.0,872.4616927219241
24.2,872.491553014789
24.4,872.5147022652797
24.6,872.5311584685356
24.8,872.54093443259
25.0,872.5440377775245
25.2,872.5404709349525
25.4,872.5302311478277
25.6,872.5133104705814
25.8,872.489695769585
26.0,872.4593687239408
26.2,872.422305826603
26.4,872.3784783858305
26.6,872.3278525269749
26.8,872.2703891946072
27.0,872.2060441549858
27.2,872.1347679988719
27.4,872.0565061446949
27.6,871.9711988420704
27.8,871.8787811756781
28.0,871.7791830694999
28.2,871.6723292914215
28.4,871.5581394582008
28.6,871.4365280408016
28.8,871.3074043700951
29.0,871.1706726429267
29.2,871.0262319285439
29.4,870.8739761753858
29.6,870.7137942182231
29.8,870.5455697856477
30.0,870.3691815078995
30.2,870.1845029250263
30.4,869.9914024953661
30.6,869.7897436043443
30.8,869.5793845735808
31.0,869.3601786703003
31.2,869.1319741170498
31.4,868.8946141017258
31.6,868.6479367879265
31.8,868.3917753256559
32.0,868.1259578624141
32.2,867.8503075547355
32.4,867.5646425802493
32.6,867.268776150371
32.8,866.9625165237633
33.0,866.6456670207461
33.2,866.3180260388812
33.4,865.9793870700157
33.6,865.6295387191321
33.8,865.2682647254293
34.0,864.8953439861423
34.2,864.5105505837153
34.4,864.1136538170434
34.6,863.7044182376319
34.8,863.2826036916543
35.0,862.8479653690456
35.2,862.4002538609284
35.4,861.9392152268512
35.6,861.464591073502
35.8,860.976118646764
36.0,860.4735309391822
36.2,859.9565568151203
36.4,859.4249211560998
36.6,858.878345029016
36.8,858.3165458801235
37.0,857.7392377578589
37.2,857.1461315677284
37.4,856.5369353626037
37.6,855.9113546718472
37.8,855.2690928727205
38.0,854.6098516074784
38.2,853.9333312494472
38.4,853.2392314211761
38.6,852.5272515674465
38.8,851.7970915855118
39.0,851.0484525143995
39.2,850.2810372844328
39.4,849.4945515273149
39.6,848.6887044461569
39.8,847.8632097437085
40.0,847.017786605783
40.2,846.1521607354417
40.4,845.2660654319357
40.6,844.3592427067036
40.8,843.4314444269042
41.0,842.482433475047
41.2,841.5119849113108
41.4,840.5198871231217
41.6,839.5059429445505
41.8,838.4699707261373
42.0,837.4118053338836
42.2,836.3312990544431
42.4,835.2283223820422
42.6,834.1027646614274
42.8,832.9545345602265
43.0,831.7835603435901
43.2,830.5897899239023
43.4,829.3731906587675
43.6,828.1337488714362
43.8,826.8714690693829
44.0,825.586372838896
44.2,824.2784973963294
44.4,822.9478937800783
44.6,821.5946246713892
44.8,820.2187618367531
45.0,818.820383189826
45.2,817.3995694765232
45.4,815.9564005930438
45.6,814.4909515530312
45.8,813.003288126745
46.0,811.4934621818858
46.2,809.9615067624546
46.4,808.4074309485945
46.6,806.8312145466087
46.8,805.2328026641297
47.0,803.6121002305752
47.2,801.9689665274387
47.4,800.303209796476
47.6,798.6145819963568
47.8,796.9027737797508
48.0,795.1674097630213
48.2,793.4080441596517
48.4,791.6241568462036
48.6,789.8151499259933
48.8,787.9803448507995
49.0,786.1189801548337
49.2,784.2302098480114
49.4,782.3131025073508
49.6,780.3666410962499
49.8,778.3897235316057
50.0,776.3811640084211
