0.0,862.5840234638084
0.2,863.1544002114281
0.4,863.7093562260218
0.6,864.2490978465135
0.8,864.7738340409363
1.0,865.2837764030712
1.2,865.7791391360648
1.4,866.2601390230111
1.6,866.7269953845307
1.8,867.1799300234559
2.0,867.6191671567885
2.2,868.044933335162
2.4,868.4574573500948
2.6,868.8569701293882
2.8,869.2437046210688
3.0,869.6178956663368
3.2,869.9797798620272
3.4,870.3295954131372
3.6,870.6675819760229
3.8,870.9939804928999
4.0,871.3090330183265
4.2,871.6129825383731
4.4,871.9060727832151
4.6,872.1885480339067
4.8,872.4606529241131
5.0,872.7226322375936
5.2,872.9747307022376
5.4,873.2171927814635
5.6,873.4502624637896
5.8,873.6741830513836
6.0,873.8891969483936
6.2,874.095545449848
6.4,874.2934685318993
6.6,874.483204644168
6.8,874.6649905049213
7.0,874.8390608997914
7.2,875.0056484847177
7.4,875.164983593755
7.6,875.3172940523671
7.8,875.4628049967785
8.0,875.6017386999247
8.2,875.7343144044987
8.4,875.8607481635496
8.6,875.9812526890477
8.8,876.0960372087826
9.0,876.2053073319206
9.2,876.3092649234999
9.4,876.408107988097
9.6,876.5020305628543
9.8,876.5912226200118
10.0,876.6758699790449
10.2,876.7561542284648
10.4,876.8322526572962
10.6,876.9043381962092
10.8,876.9725793682396
11.0,877.0371402489959
11.2,877.0981804362171
11.4,877.1558550285096
11.6,877.2103146130592
11.8,877.2617052620908
12.0,877.3101685378119
12.2,877.3558415055596
12.4,877.3988567548432
12.6,877.4393424279571
12.8,877.4774222558192
13.0,877.5132156006782
13.2,877.5468375053129
13.4,877.578398748346
13.6,877.6080059052792
13.8,877.6357614148527
14.0,877.6617636503282
14.2,877.686106995294
14.4,877.7088819235894
14.6,877.7301750829467
14.8,877.7500693819576
15.0,877.7686440799683
15.2,877.7859748795253
15.4,877.8021340209901
15.6,877.8171903789633
15.8,877.8312095601581
16.0,877.8442540023846
16.2,877.8563830743113
16.4,877.8676531756921
16.6,877.8781178377519
16.8,877.8878278234478
17.0,877.8968312273329
17.2,877.9051735747666
17.4,877.9128979202313
17.6,877.9200449445315
17.8,877.9266530506678
18.0,877.9327584581913
18.2,877.9383952958648
18.4,877.9435956924664
18.6,877.9483898655911
18.8,877.9528062083185
19.0,877.9568713736295
19.2,877.9606103564665
19.4,877.9640465733492
19.6,877.9672019394665
19.8,877.9700969431773
20.0,877.9727507178679
20.2,877.9751811111174
20.4,877.9774047511402
20.6,877.9794371104769
20.8,877.9812925669172
21.0,877.9829844616452
21.2,877.9845251546016
21.4,877.9859260770672
21.6,877.9871977814774
21.8,877.9883499884747
22.0,877.9893916312228
22.2,877.9903308969966
22.4,877.9911752660728
22.6,877.9919315479444
22.8,877.9926059148869
23.0,877.9932039328991
23.2,877.9937305900478
23.4,877.9941903222416
23.6,877.9945870364611
23.8,877.9949241314664
24.0,877.9952045160103
24.2,877.9954306245728
24.4,877.9956044306402
24.6,877.9957274575424
24.8,877.9958007868631
25.0,877.9958250644352
25.2,877.995800503926
25.4,877.9957268880211
25.6,877.9956035672036
25.8,877.9954294561321
26.0,877.9952030276073
26.2,877.9949223041244
26.4,877.9945848469949
26.6,877.9941877430285
26.8,877.9937275887547
27.0,877.9932004721669
27.2,877.9926019519681
27.4,877.9919270342918
27.6,877.9911701468777
27.8,877.9903251106718
28.0,877.9893851088283
28.2,877.9883426530826
28.4,877.9871895474706
28.6,877.9859168493699
28.8,877.984514827834
29.0,877.9829729192011
29.2,877.9812796799552
29.4,877.9794227368225
29.6,877.9773887340918
29.8,877.9751632781479
30.0,877.9727308792177
30.2,877.9700748903299
30.4,877.9671774434986
30.6,877.9640193831483
30.8,877.960580196805
31.0,877.9568379430891
31.2,877.9527691770526
31.4,877.9483488729159
31.6,877.9435503442716
31.8,877.9383451618297
32.0,877.9327030687969
32.2,877.9265918939918
32.4,877.9199774628139
32.6,877.9128235061959
32.8,877.9050915676875
33.0,877.8967409088278
33.2,877.8877284129871
33.4,877.8780084878653
33.6,877.8675329668575
33.8,877.8562510095109
34.0,877.8441090013091
34.2,877.8310504530442
34.4,877.8170159000437
34.6,877.8019428015394
34.8,877.7857654404831
35.0,877.7684148241199
35.2,877.7498185856515
35.4,877.7299008873321
35.6,877.7085823253495
35.8,877.6857798368588
36.0,877.6614066095415
36.2,877.6353719940764
36.4,877.6075814199112
36.6,877.5779363147318
36.8,877.5463340280292
37.0,877.5126677591672
37.2,877.4768264903526
37.4,877.4386949249083
37.6,877.398153431249
37.8,877.3550779929474
38.0,877.3093401652751
38.2,877.260807038592
38.4,877.2093412089416
38.6,877.1548007561978
38.8,877.0970392300906
39.0,877.0359056444164
39.2,876.971244479718
39.4,876.9028956946954
39.6,876.8306947465777
39.8,876.7544726206619
40.0,876.6740558691894
40.2,876.5892666596995
40.4,876.4999228329625
40.6,876.4058379705583
40.8,876.3068214721268
41.0,876.2026786422779
41.2,876.093210787103
41.4,875.978215320192
41.6,875.8574858780114
41.8,875.7308124444584
42.0,875.5979814843572
42.2,875.4587760856236
42.4,875.3129761097715
42.6,875.1603583504
42.8,875.000696699245
43.0,874.8337623193472
43.2,874.6593238248357
43.4,874.4771474667951
43.6,874.28699732464
43.8,874.0886355023858
44.0,873.881822329171
44.2,873.6663165633539
44.4,873.4418755994797
44.6,873.2082556773836
44.8,872.9652120926812
45.0,872.7124994078705
45.2,872.44987166326
45.4,872.177082586925
45.6,871.8938858028883
45.8,871.6000350367134
46.0,871.2952843177098
46.2,870.9793881769458
46.4,870.6521018402801
46.6,870.3131814156364
46.8,869.9623840737656
47.0,869.5994682217607
47.2,869.2241936686218
47.4,868.8363217821948
47.6,868.4356156368499
47.8,868.0218401512981
48.0,867.594762215996
48.2,867.1541508096274
48.4,866.6997771042091
48.6,866.2314145584127
48.8,865.7488389987573
49.0,865.2518286883825
49.2,864.74016438317
49.4,864.2136293750491
49.6,863.6720095223769
49.8,863.1150932673563
50.0,862.5426716405125
