0.0,827.5977840061461
0.2,829.5072860755557
0.4,831.3625837430558
0.6,833.163360798685
0.8,834.9094186316277
1.0,836.6006796999268
1.2,838.2371897521045
1.4,839.8191187953888
1.6,841.3467608231937
1.8,842.8205323319054
2.0,844.2409696735509
2.2,845.6087253062846
2.4,846.9245630185488
2.6,848.1893522150322
2.8,849.4040613629583
3.0,850.569750705682
3.2,851.6875643569211
3.4,852.7587218931947
3.6,853.7845095641619
3.8,854.7662712406134
4.0,855.7053992179409
4.2,856.6033249891476
4.4,857.4615100960035
4.6,858.2814371600022
4.8,859.0646011865363
5.0,859.812501226426
5.2,860.5266324688178
5.4,861.2084788287882
5.6,861.8595060819557
5.8,862.4811555872634
6.0,863.0748386280584
6.2,863.6419313908644
6.4,864.183770590991
6.6,864.7016497445113
6.8,865.1968160772979
7.0,865.6704680538238
7.2,866.1237535014163
7.4,866.5577682996094
7.6,866.9735555992372
7.8,867.3721055319199
8.0,867.7543553676077
8.2,868.1211900758283
8.4,868.4734432451685
8.6,868.8118983152409
8.8,869.1372900758711
9.0,869.4503063893924
9.2,869.7515900936659
9.4,870.0417410456582
9.6,870.3213182680157
9.8,870.5908421639789
10.0,870.8507967690928
10.2,871.1016320114175
10.4,871.3437659552416
10.6,871.5775870065885
10.8,871.803456062026
11.0,872.0217085853866
11.2,872.2326565999472
11.4,872.4365905863617
11.6,872.6337812791716
11.8,872.8244813570169
12.0,873.008927023728
12.2,873.1873394792877
12.4,873.3599262812216
12.6,873.5268825983125
12.8,873.6883923596333
13.0,873.8446293028007
13.2,873.9957579260418
13.4,874.1419343491981
13.6,874.2833070891493
13.8,874.4200177553638
14.0,874.552201671382
14.2,874.6799884280348
14.4,874.8035023741081
14.6,874.9228630500003
14.8,875.0381855697013
15.0,875.1495809561621
15.2,875.2571564348234
15.4,875.36101568977
15.6,875.4612590866426
15.8,875.5579838661142
16.0,875.6512843114173
16.2,875.7412518930797
16.4,875.8279753937335
16.6,875.9115410155578
16.8,875.9920324726546
17.0,876.0695310703924
17.2,876.1441157735193
17.4,876.2158632646332
17.6,876.2848479943964
17.8,876.351142224705
18.0,876.4148160658652
18.2,876.4759375086825
18.4,876.5345724522454
18.6,876.590784728074
18.8,876.6446361212018
19.0,876.6961863886773
19.2,876.7454932758958
19.4,876.7926125311029
19.6,876.8375979183655
19.8,876.8805012292461
20.0,876.9213722933831
20.2,876.9602589881453
20.4,876.9972072474922
20.6,877.032261070155
20.8,877.0654625272273
21.0,877.0968517692376
21.2,877.1264670327629
21.4,877.1543446466283
21.6,877.1805190377281
21.8,877.2050227364967
22.0,877.2278863820494
22.2,877.2491387270072
22.4,877.2688066420184
22.6,877.286915119982
22.8,877.3034872799784
23.0,877.3185443709081
23.2,877.3321057748403
23.4,877.34418901007
23.6,877.3548097338806
23.8,877.363981745013
24.0,877.3717169858329
24.2,877.3780255442007
24.4,877.3829156550358
24.6,877.3863937015745
24.8,877.3884642163214
25.0,877.3891298816874
25.2,877.3883915303203
25.4,877.3862481451204
25.6,877.3826968589435
25.8,877.3777329539936
26.0,877.3713498609015
26.2,877.3635391574948
26.4,877.3542905672579
26.6,877.3435919574866
26.8,877.3314293371378
27.0,877.3177868543769
27.2,877.3026467938274
27.4,877.2859895735232
27.6,877.2677937415663
27.8,877.2480359724926
28.0,877.2266910633451
28.2,877.2037319294552
28.4,877.1791295999285
28.6,877.1528532128333
28.8,877.1248700100815
29.0,877.0951453319947
29.2,877.0636426115362
29.4,877.030323368193
29.6,876.995147201476
29.8,876.958071784006
30.0,876.9190528541376
30.2,876.878044208063
30.4,876.8349976913256
30.6,876.7898631896495
30.8,876.742588618977
31.0,876.6931199145756
31.2,876.64140101905
31.4,876.58737386906
31.6,876.5309783805001
31.8,876.4721524318549
32.0,876.4108318453834
32.2,876.346950365725
32.4,876.2804396354405
32.6,876.2112291669227
32.8,876.1392463100051
33.0,876.064416214491
33.2,875.9866617866975
33.4,875.9059036389665
33.6,875.8220600309334
33.8,875.7350468011687
34.0,875.644777287612
34.2,875.5511622349991
34.4,875.4541096872496
34.6,875.3535248625283
34.8,875.2493100084184
35.0,875.1413642343558
35.2,875.0295833181691
35.4,874.9138594832528
35.6,874.7940811425743
35.8,874.6701326053907
36.0,874.5418937422273
36.2,874.4092396033566
36.4,874.2720399857224
36.6,874.1301589429975
36.8,873.9834542332416
37.0,873.8317766984624
37.2,873.6749695702975
37.4,873.5128676960232
37.6,873.3452966792015
37.8,873.1720719294965
38.0,872.9929976165557
38.2,872.8078655233704
38.4,872.6164537952317
38.6,872.4185255812932
38.8,872.2138275668558
39.0,872.0020883958169
39.2,871.7830169842979
39.4,871.5563007282632
39.6,871.321603610001
39.8,871.078564210624
40.0,870.826793638273
40.2,870.5658733844516
40.4,870.2953531238426
40.6,870.0147484760538
40.8,869.7235387509512
41.0,869.4211647025124
41.2,869.1070263194316
41.4,868.7804806839358
41.6,868.4408399333848
41.8,868.0873693621228
42.0,867.7192857036434
42.2,867.3357556353469
42.4,866.9358945498857
42.6,866.5187656382523
42.8,866.0833793302329
43.0,865.628693137587
43.2,865.1536119441844
43.4,864.6569887853309
43.6,864.1376261555208
43.8,863.5942778798872
44.0,863.0256515796158
44.2,862.4304117555769
44.4,861.8071835074142
44.6,861.1545568973752
44.8,860.4710919593487
45.0,859.7553243439808
45.2,859.0057715805234
45.4,858.2209399253619
45.6,857.3993317561597
45.8,856.5394534594514
46.0,855.6398237485085
46.2,854.6989823376488
46.4,853.7154988890697
46.6,852.68798213903
46.8,851.6150891019827
47.0,850.4955342443343
47.2,849.3280985140688
47.4,848.1116381087071
47.6,846.8450928621684
47.8,845.5274941311477
48.0,844.1579720637474
48.2,842.7357621373279
48.4,841.2602108588878
48.6,839.7307805296921
48.8,838.147052986264
49.0,836.5087322420832
49.2,834.815645968222
49.4,833.0677457664669
49.6,831.2651062049596
49.8,829.4079226037443
50.0,827.4965075755179
