0.0,849.8748443981203
0.2,850.6631368211753
0.4,851.4321530032198
0.6,852.182327655657
0.8,852.914087263798
1.0,853.6278499186268
1.2,854.3240251791274
1.4,855.0030139649783
1.6,855.6652084792098
1.8,856.3109921602196
2.0,856.9407396623508
2.2,857.5548168640544
2.4,858.1535809024931
2.6,858.7373802332884
2.8,859.3065547139803
3.0,859.8614357096463
3.2,860.4023462190294
3.4,860.9296010194396
3.6,861.4435068286366
3.8,861.94436248185
4.0,862.4324591220778
4.2,862.9080804017909
4.4,863.371502694189
4.6,863.8229953121786
4.8,864.2628207332893
5.0,864.6912348288056
5.2,865.1084870954595
5.4,865.514820888118
5.6,865.9104736519898
5.8,866.2956771529754
6.0,866.6706577049013
6.2,867.0356363924817
6.4,867.3908292889772
6.6,867.736447667632
6.8,868.0726982060941
7.0,868.3997831831385
7.2,868.7179006671295
7.4,869.0272446957689
7.6,869.3280054467889
7.8,869.6203693993416
8.0,869.9045194859423
8.2,870.1806352349068
8.4,870.4488929033072
8.6,870.7094656005443
8.8,870.9625234027022
9.0,871.2082334579088
9.2,871.4467600829794
9.4,871.678264851659
9.6,871.9029066748253
9.8,872.1208418730304
10.0,872.3322242417955
10.2,872.5372051100799
10.4,872.7359333923597
10.6,872.9285556347588
10.8,873.1152160556727
11.0,873.2960565813228
11.2,873.4712168766727
11.4,873.640834372127
11.6,873.8050442864173
11.8,873.9639796460697
12.0,874.1177713018241
12.2,874.2665479423637
12.4,874.4104361056849
12.6,874.5495601884255
12.8,874.6840424534421
13.0,874.8140030359077
13.2,874.9395599481805
13.4,875.0608290836735
13.6,875.1779242199324
13.8,875.2909570211121
14.0,875.4000370400224
14.2,875.5052717198927
14.4,875.6067663959928
14.6,875.7046242972265
14.8,875.7989465478009
15.0,875.8898321690635
15.2,875.9773780815759
15.4,876.0616791074943
15.6,876.1428279733046
15.8,876.220915312953
16.0,876.2960296714064
16.2,876.3682575086631
16.4,876.437683204231
16.6,876.5043890620799
16.8,876.56845531607
17.0,876.629960135852
17.2,876.6889796332316
17.4,876.7455878689811
17.6,876.7998568600838
17.8,876.8518565873866
18.0,876.9016550036403
18.2,876.9493180418964
18.4,876.9949096242331
18.6,877.0384916707804
18.8,877.0801241090084
19.0,877.1198648832467
19.2,877.1577699643999
19.4,877.1938933598208
19.6,877.2282871233068
19.8,877.2610013651819
20.0,877.2920842624267
20.2,877.3215820688189
20.4,877.3495391250478
20.6,877.3759978687668
20.8,877.4009988445449
21.0,877.424580713684
21.2,877.4467802638663
21.4,877.4676324185968
21.6,877.4871702464087
21.8,877.5054249697985
22.0,877.5224259738596
22.2,877.5382008145858
22.4,877.5527752268137
22.6,877.5661731317795
22.8,877.5784166442623
23.0,877.5895260792888
23.2,877.5995199583797
23.4,877.6084150153135
23.6,877.6162262013897
23.8,877.6229666901736
24.0,877.6286478817052
24.2,877.6332794061601
24.4,877.636869126948
24.6,877.6394231432396
24.8,877.6409457919121
25.0,877.6414396489071
25.2,877.6409055299956
25.4,877.6393424909484
25.6,877.6367478271081
25.8,877.6331170723673
26.0,877.6284439975525
26.2,877.6227206082198
26.4,877.6159371418701
26.6,877.6080820645907
26.8,877.5991420671348
27.0,877.5891020604503
27.2,877.5779451706729
27.4,877.5656527335999
27.6,877.5522042886606
27.8,877.5375775724048
28.0,877.5217485115284
28.2,877.5046912154613
28.4,877.48637796854
28.6,877.4667792217895
28.8,877.4458635843474
29.0,877.4235978145506
29.2,877.3999468107215
29.4,877.3748736016813
29.6,877.3483393370224
29.8,877.3203032771759
30.0,877.2907227833047
30.2,877.2595533070609
30.4,877.2267483802398
30.6,877.1922596043698
30.8,877.1560366402729
31.0,877.1180271976333
31.2,877.0781770246123
31.4,877.0364298975461
31.6,876.9927276107632
31.8,876.9470099665585
32.0,876.8992147653609
32.2,876.8492777961275
32.4,876.7971328270022
32.6,876.7427115962682
32.8,876.6859438036282
33.0,876.6267571018394
33.2,876.5650770887332
33.4,876.5008272996424
33.6,876.4339292002558
33.8,876.3643021799215
34.0,876.291863545411
34.2,876.2165285151516
34.4,876.1382102139336
34.6,876.0568196680905
34.8,875.9722658011424
35.0,875.8844554298892
35.2,875.7932932609283
35.4,875.6986818875674
35.6,875.6005217870892
35.8,875.4987113183146
36.0,875.3931467194061
36.2,875.283722105828
36.4,875.1703294683812
36.6,875.0528586712039
36.8,874.9311974496223
37.0,874.8052314077141
37.2,874.6748440154312
37.4,874.5399166051131
37.6,874.4003283671988
37.8,874.2559563449255
38.0,874.1066754277878
38.2,873.9523583435005
38.4,873.7928756481948
38.6,873.6280957145535
38.8,873.4578847175665
39.0,873.2821066175729
39.2,873.1006231402312
39.4,872.9132937530405
39.6,872.7199756380219
39.8,872.5205236601462
40.0,872.3147903310896
40.2,872.1026257678815
40.4,871.883877646002
40.6,871.6583911464885
40.8,871.426008896604
41.0,871.186570903631
41.2,870.9399144813643
41.4,870.6858741688884
41.6,870.4242816412577
41.8,870.1549656117166
42.0,869.877751725142
42.2,869.5924624424284
42.4,869.2989169155938
42.6,868.9969308534388
42.8,868.6863163776604
43.0,868.3668818693997
43.2,868.0384318062814
43.4,867.7007665900951
43.6,867.3536823653639
43.8,866.9969708291512
44.0,866.6304190325615
44.2,866.2538091745033
44.4,865.8669183884065
44.6,865.4695185226916
44.8,865.061375915923
45.0,864.6422511676848
45.2,864.2118989063463
45.4,863.7700675549905
45.6,863.3164990968928
45.8,862.8509288420388
46.0,862.3730851962631
46.2,861.8826894346793
46.4,861.3794554811359
46.6,860.8630896955048
46.8,860.3332906706407
47.0,859.7897490408897
47.2,859.2321473040299
47.4,858.6601596585256
47.6,858.0734518579511
47.8,857.4716810843944
48.0,856.8544958425902
48.2,856.2215358764497
48.4,855.5724321095511
48.6,854.9068066110351
48.8,854.2242725882173
49.0,853.524434407066
49.2,852.8068876415349
49.4,852.0712191525539
49.6,851.3170071972843
49.8,850.5438215690501
50.0,849.7512237681387
