0.0,868.7584335980507
0.2,869.2580562024332
0.4,869.7391724949827
0.6,870.2019659849283
0.8,870.6466418284859
1.0,871.0734268111951
1.2,871.4825691687112
1.4,871.8743382487786
1.6,872.2490240186921
1.8,872.6069364240756
2.0,872.948404606234
2.2,873.2737759866609
2.4,873.5834152284821
2.6,873.877703085682
2.8,874.1570351518764
3.0,874.4218205211505
3.2,874.6724803740814
3.4,874.9094465024816
3.6,875.1331597866642
3.8,875.344068639112
4.0,875.5426274283578
4.2,875.7292948966472
4.4,875.9045325845668
4.6,876.0688032752968
4.8,876.2225694704911
5.0,876.3662919090212
5.2,876.5004281389498
5.4,876.6254311521512
5.6,876.7417480899769
5.8,876.8498190272909
6.0,876.9500758411007
6.2,877.0429411688846
6.4,877.1288274605919
6.6,877.2081361271831
6.8,877.2812567874906
7.0,877.3485666141373
7.2,877.4104297782557
7.4,877.467196991818
7.6,877.5192051455276
7.8,877.5667770394296
8.0,877.6102212027062
8.2,877.6498317984937
8.4,877.6858886090367
8.6,877.7186570960539
8.8,877.7483885308343
9.0,877.7753201883274
9.2,877.799675599303
9.4,877.8216648545567
9.6,877.8414849551186
9.8,877.8593202024562
10.0,877.8753426227806
10.2,877.8897124197209
10.4,877.9025784498473
10.6,877.9140787157861
10.8,877.924340871951
11.0,877.9334827382467
11.2,877.9416128174372
11.4,877.9488308122332
11.6,877.9552281385205
11.8,877.960888431523
12.0,877.9658880420666
12.2,877.9702965204748
12.4,877.974177085982
12.6,877.9775870798943
12.8,877.9805784010517
13.0,877.9831979224552
13.2,877.9854878882059
13.4,877.9874862901715
13.6,877.9892272240364
13.8,877.9907412246062
14.0,877.9920555804413
14.2,877.9931946280561
14.4,877.9941800260783
14.6,877.9950310098855
14.8,877.9957646273431
15.0,877.9963959563586
15.2,877.9969383050332
15.4,877.9974033952412
15.6,877.9978015305142
15.8,877.9981417491163
16.0,877.9984319632214
16.2,877.9986790850921
16.4,877.9988891411574
16.6,877.999067374864
16.8,877.9992183391572
17.0,877.9993459794122
17.2,877.999453707605
17.4,877.9995444684753
17.6,877.999620798394
17.8,877.9996848776019
18.0,877.9997385764536
18.2,877.9997834962469
18.4,877.9998210051841
18.6,877.9998522699669
18.8,877.9998782834874
19.0,877.9998998890368
19.2,877.9999178014209
19.4,877.9999326253322
19.6,877.9999448712963
19.8,877.9999549694816
20.0,877.9999632816294
20.2,877.9999701113369
20.4,877.9999757128983
20.6,877.9999802988906
20.8,877.9999840466662
21.0,877.999987103897
21.2,877.9999895932979
21.4,877.9999916166425
21.6,877.9999932581682
21.8,877.9999945874572
22.0,877.9999956618699
22.2,877.9999965285929
22.4,877.9999972263599
22.6,877.9999977868954
22.8,877.9999982361187
23.0,877.999998595151
23.2,877.9999988811486
23.4,877.9999991079956
23.6,877.9999992868727
23.8,877.999999426725
24.0,877.9999995346408
24.2,877.9999996161574
24.4,877.9999996755041
24.6,877.9999997157878
24.8,877.9999997391328
25.0,877.9999997467763
25.2,877.9999997391245
25.4,877.9999997157707
25.6,877.9999996754772
25.8,877.999999616119
26.0,877.9999995345883
26.2,877.9999994266553
26.4,877.9999992867816
26.6,877.9999991078772
26.8,877.999998880996
27.0,877.9999985949553
27.2,877.9999982358684
27.4,877.9999977865758
27.6,877.999997225953
27.8,877.9999965280757
28.0,877.9999956612138
28.2,877.9999945866264
28.4,877.9999932571178
28.6,877.999991615317
28.8,877.9999895916279
29.0,877.9999871017965
29.2,877.9999840440287
29.4,877.9999802955844
29.6,877.999975708761
29.8,877.9999701061681
30.0,877.9999632751826
30.2,877.9999549614539
30.4,877.9999448613165
30.6,877.9999326129462
30.8,877.9999177860733
31.0,877.9998998700504
31.2,877.9998782600379
31.4,877.9998522410524
31.6,877.9998209695889
31.8,877.9997834524986
32.0,877.9997385227717
32.2,877.9996848118371
32.4,877.9996207179569
32.6,877.9995443702509
32.8,877.9994535878524
33.0,877.9993458336475
33.2,877.9992181620139
33.4,877.9990671599311
33.6,877.9988888807889
33.8,877.9986787701847
34.0,877.9984315829552
34.2,877.9981412906529
34.4,877.9978009786464
34.6,877.9974027319861
34.8,877.996937509161
35.0,877.9963950028502
35.2,877.9957634867624
35.4,877.9950296476586
35.6,877.9941784016644
35.8,877.993192693998
36.0,877.9920532812786
36.2,877.9907384956338
36.4,877.9892239898898
36.6,877.9874824632171
36.8,877.985483366713
37.0,877.9831925885245
37.2,877.9805721182715
37.4,877.977579690695
37.6,877.9741684086549
37.8,877.9702863458183
38.0,877.9658761296225
38.2,877.9608745053587
38.4,877.9552118825134
38.6,877.9488118648072
38.8,877.9415907656994
39.0,877.9334571114692
39.2,877.9243111343377
39.4,877.9140442584619
39.6,877.9025385820038
39.8,877.889666358848
40.0,877.8752894839113
40.2,877.859258986346
40.4,877.8414145352832
40.6,877.8215839630808
40.8,877.7995828113371
41.0,877.7752139051843
41.2,877.7482669615931
41.4,877.7185182375806
41.6,877.6857302243274
41.8,877.6496513932449
42.0,877.6100160000203
42.2,877.566543952557
42.4,877.5189407485543
42.6,877.4668974882059
42.8,877.4100909671453
43.0,877.3481838543273
43.2,877.2808249590091
43.4,877.2076495903754
43.6,877.1282800126496
43.8,877.0423259977522
44.0,876.949385476699
44.2,876.8490452900096
44.4,876.7408820363925
44.6,876.6244630179415
44.8,876.4993472789839
45.0,876.365086734618
45.2,876.2212273838484
45.4,876.0673106011121
45.6,875.9028744988791
45.8,875.7274553529458
46.0,875.5405890810221
46.2,875.3418127642566
46.4,875.1306662004839
46.6,874.9066934772023
46.8,874.6694445516446
47.0,874.4184768247701
47.2,874.153356695625
47.4,873.8736610822792
47.6,873.5789788954702
47.8,873.2689124511724
48.0,872.9430788085637
48.2,872.6011110202878
48.4,872.2426592825025
48.6,871.8673919729613
48.8,871.474996566295
49.0,871.0651804167154
49.2,870.6376713995712
49.4,870.1922184045022
49.6,869.7285916743692
49.8,869.2465829856536
50.0,868.7460056676013
