0.0,817.8509209045344
0.2,819.7463531096182
0.4,821.5984543139798
0.6,823.4073958936693
0.8,825.1733736519774
1.0,826.8966087944949
1.2,828.5773487547316
1.4,830.2158678662045
1.6,831.8124678780721
1.8,833.367478312565
2.0,834.8812566636408
2.2,836.3541884374603
2.4,837.7866870364207
2.6,839.1791934895978
2.8,840.5321760335169
3.0,841.8461295481934
3.2,843.1215748543368
3.4,844.3590578785037
3.6,845.5591486938033
3.8,846.7224404444828
4.0,847.8495481633743
4.2,848.9411074917352
4.4,849.9977733114785
4.6,851.0202183001544
4.8,852.0091314193176
5.0,852.9652163470844
5.2,853.8891898657683
5.4,854.7817802154657
5.6,855.6437254243631
5.8,856.4757716263478
6.0,857.2786713762359
6.2,858.0531819725867
6.4,858.8000637976568
6.6,859.5200786835762
6.8,860.2139883132899
7.0,860.8825526642287
7.2,861.5265285020547
7.4,862.1466679311657
7.6,862.7437170079603
7.8,863.3184144221717
8.0,863.8714902508574
8.2,864.4036647889205
8.4,864.9156474593298
8.6,865.4081358054909
8.8,865.8818145675469
9.0,866.337354843708
9.2,866.7754133370764
9.4,867.19663168782
9.6,867.6016358899731
9.8,867.9910357916056
10.0,868.3654246766049
10.2,868.7253789258632
10.4,869.0714577552507
10.6,869.4042030273961
10.8,869.7241391339749
11.0,870.0317729449388
11.2,870.3275938208924
11.4,870.6120736846447
11.6,870.8856671478233
11.8,871.14881168835
12.0,871.4019278745147
12.2,871.6454196313748
12.4,871.8796745452146
12.6,872.1050642018603
12.8,872.3219445547192
13.0,872.5306563185168
13.2,872.7315253848394
13.4,872.9248632557379
13.6,873.1109674918163
13.8,873.2901221714106
14.0,873.462598357663
14.2,873.6286545704905
14.4,873.7885372606715
14.6,873.9424812834733
14.8,874.0907103694731
15.0,874.233437590433
15.2,874.3708658183074
15.4,874.50318817567
15.6,874.6305884760537
15.8,874.753241652893
16.0,874.8713141759505
16.2,874.9849644542886
16.4,875.0943432250199
16.6,875.1995939272314
16.8,875.3008530606267
17.0,875.3982505285707
17.2,875.4919099653507
17.4,875.5819490475801
17.6,875.6684797897839
17.8,875.7516088242922
18.0,875.8314376656597
18.2,875.9080629598942
18.4,875.9815767188505
18.6,876.0520665401921
18.8,876.1196158133748
19.0,876.1843039121391
19.2,876.2462063740297
19.4,876.3053950674837
19.6,876.3619383470407
19.8,876.4159011972428
20.0,876.4673453657911
20.2,876.5163294865295
20.4,876.5629091928186
20.6,876.6071372218528
20.8,876.6490635104667
21.0,876.6887352829542
21.2,876.7261971314136
21.4,876.7614910891089
21.6,876.7946566973153
21.8,876.8257310661012
22.0,876.8547489294662
22.2,876.8817426952389
22.4,876.9067424901114
22.6,876.9297762001597
22.8,876.950869507181
23.0,876.9700459211459
23.2,876.9873268090483
23.4,877.0027314204032
23.6,877.0162769096246
23.8,877.027978355489
24.0,877.0378487778695
24.2,877.045899151898
24.4,877.0521384196975
24.6,877.0565734997991
24.8,877.0592092943375
25.0,877.0600486941019
25.2,877.0590925814903
25.4,877.0563398314024
25.6,877.0517873100796
25.8,877.0454298718818
26.0,877.037260353972
26.2,877.0272695688543
26.4,877.0154462946932
26.6,877.0017772633213
26.8,876.9862471458164
27.0,876.9688385355136
27.2,876.9495319282887
27.4,876.9283056999333
27.6,876.9051360804132
27.8,876.8799971247823
28.0,876.8528606804978
28.2,876.8236963508593
28.4,876.7924714542719
28.6,876.7591509790033
28.8,876.7236975330875
29.0,876.6860712889979
29.2,876.6462299226898
29.4,876.6041285465895
29.6,876.5597196360828
29.8,876.5129529490343
30.0,876.4637754378472
30.2,876.4121311535564
30.4,876.3579611414262
30.6,876.301203327514
30.8,876.241792395644
31.0,876.1796596542314
31.2,876.1147328923895
31.4,876.0469362247497
31.6,875.9761899244342
31.8,875.9024102436235
32.0,875.8255092211845
32.2,875.7453944768366
32.4,875.661968991376
32.6,875.575130872501
32.8,875.4847731058369
33.0,875.3907832908121
33.2,875.2930433610929
33.4,875.1914292893696
33.6,875.085810776359
33.8,874.9760509239958
34.0,874.8620058928743
34.2,874.7435245441379
34.4,874.6204480661224
34.6,874.4926095862137
34.8,874.3598337685218
35.0,874.2219363981369
35.2,874.0787239529033
35.4,873.9299931638282
35.6,873.7755305654332
35.8,873.6151120375514
36.0,873.4485023402787
36.2,873.2754546439992
36.4,873.0957100566145
36.6,872.9089971503255
36.8,872.715031490531
37.0,872.51351516962
37.2,872.3041363486449
37.4,872.0865688100699
37.6,871.8604715249762
37.8,871.6254882382933
38.0,871.3812470757935
38.2,871.1273601767313
38.4,870.8634233561469
38.6,870.5890158009494
38.8,870.3036998039827
39.0,870.0070205403235
39.2,869.6985058900761
39.4,869.3776663119162
39.6,869.0439947715759
39.8,868.6969667293738
40.0,868.3360401907486
40.2,867.9606558235868
40.4,867.5702371458983
40.6,867.1641907871348
40.8,866.7419068261211
41.0,866.3027592082129
41.2,865.8461062438846
41.4,865.3712911904971
41.6,864.8776429185042
41.8,864.3644766628167
42.0,863.8310948594686
42.2,863.2767880671281
42.4,862.7008359723463
42.6,862.1025084767834
42.8,861.4810668639548
43.0,860.835765042346
43.2,860.1658508610311
43.4,859.4705674932129
43.6,858.7491548824003
43.8,858.0008512452304
44.0,857.2248946242706
44.2,856.420524483475
44.4,855.5869833383516
44.6,854.7235184123192
44.8,853.8293833101952
45.0,852.9038396992872
45.2,851.9461589881427
45.4,850.9556239926716
45.6,849.9315305790866
45.8,848.8731892729186
46.0,847.7799268232608
46.2,846.651087711386
46.4,845.4860355929557
46.6,844.2841546632161
46.8,843.0448509348482
47.0,841.7675534184978
47.2,840.4517151964787
47.4,839.0968143806952
47.6,837.7023549464683
47.8,836.2678674346905
48.0,834.7929095155365
48.2,833.277066407851
48.4,831.7199511492853
48.6,830.1212047132728
48.8,828.4804959699995
49.0,826.7975214896335
49.2,825.0720051872208
49.4,823.303697809818
49.6,821.4923762676021
49.8,819.6378428118763
50.0,817.7399240640462
