0.0,859.3285715675146
0.2,859.9421706123015
0.4,860.5406932413107
0.6,861.1243451787649
0.8,861.6933330501741
1.0,862.247864364973
1.2,862.7881474941895
1.4,863.31439164312
1.6,863.826806819004
1.8,864.3256037937161
2.0,864.810994061513
2.2,865.2831897918905
2.4,865.742403777634
2.6,866.1888493781546
2.8,866.6227404582353
3.0,867.0442913223161
3.2,867.4537166444806
3.4,867.8512313943085
3.6,868.2370507587884
3.8,868.6113900604905
4.0,868.9744646722195
4.2,869.3264899283804
4.4,869.6676810332981
4.6,869.9982529667507
4.8,870.3184203869783
5.0,870.628397531445
5.2,870.9283981156321
5.4,871.2186352301563
5.6,871.4993212365001
5.8,871.7706676616568
6.0,872.0328850919873
6.2,872.286183066589
6.4,872.5307699704804
6.6,872.7668529278967
6.8,872.994637695998
7.0,873.2143285592796
7.2,873.426128224975
7.4,873.6302377197331
7.6,873.8268562878454
7.8,874.0161812912891
8.0,874.1984081118474
8.2,874.3737300555515
8.4,874.5423382596855
8.6,874.7044216025766
8.8,874.8601666163886
9.0,875.0097574031155
9.2,875.1533755539659
9.4,875.2912000723097
9.6,875.4234073003479
9.8,875.5501708496486
10.0,875.6716615356796
10.2,875.7880473164533
10.4,875.8994932353793
10.6,876.0061613684131
10.8,876.1082107755667
11.0,876.2057974568339
11.2,876.2990743125711
11.4,876.388191108354
11.6,876.4732944443214
11.8,876.554527728997
12.0,876.6320311575743
12.2,876.7059416946272
12.4,876.7763930612022
12.6,876.8435157262337
12.8,876.9074369022113
13.0,876.9682805450161
13.2,877.0261673578348
13.4,877.0812147990474
13.6,877.1335370939775
13.8,877.1832452503804
14.0,877.2304470775448
14.2,877.2752472088664
14.4,877.3177471277521
14.6,877.3580451967047
14.8,877.3962366894328
15.0,877.4324138258273
15.2,877.4666658096389
15.4,877.4990788686914
15.6,877.529736297461
15.8,877.5587185018495
16.0,877.5861030459799
16.2,877.6119647008383
16.4,877.6363754945917
16.6,877.6594047644061
16.8,877.681119209593
17.0,877.7015829459139
17.2,877.720857560872
17.4,877.7390021698279
17.6,877.7560734727701
17.8,877.7721258115835
18.0,877.7872112276563
18.2,877.8013795196725
18.4,877.8146783014381
18.6,877.8271530595981
18.8,877.8388472111012
19.0,877.8498021602761
19.2,877.8600573553874
19.4,877.8696503445456
19.6,877.8786168308463
19.8,877.8869907266259
20.0,877.894804206718
20.2,877.9020877606072
20.4,877.9088702433752
20.6,877.9151789253476
20.8,877.9210395403451
21.0,877.9264763324569
21.2,877.931512101251
21.4,877.9361682453484
21.6,877.9404648042865
21.8,877.9444204986067
22.0,877.9480527681011
22.2,877.9513778081617
22.4,877.954410604178
22.6,877.9571649639308
22.8,877.9596535479393
23.0,877.9618878977158
23.2,877.9638784618932
23.4,877.9656346201876
23.6,877.967164705166
23.8,877.96847602179
24.0,877.9695748647116
24.2,877.9704665332996
24.4,877.9711553443766
24.6,877.9716446426528
24.8,877.9719368088427
25.0,877.9720332654545
25.2,877.9719344802464
25.4,877.9716399673449
25.6,877.9711482860224
25.8,877.9704570371382
26.0,877.9695628572433
26.2,877.9684614103587
26.4,877.9671473774341
26.6,877.9656144435025
26.8,877.9638552825429
27.0,877.961861540071
27.2,877.959623813479
27.4,877.9571316301489
27.6,877.9543734233672
27.8,877.9513365060714
28.0,877.9480070424628
28.2,877.9443700175258
28.4,877.9404092044925
28.6,877.9361071303003
28.8,877.9314450390914
29.0,877.9264028538087
29.2,877.9209591359457
29.4,877.9150910435123
29.6,877.908774287284
29.8,877.9019830854071
30.0,877.8946901164333
30.2,877.8868664708687
30.4,877.8784816013193
30.6,877.8695032713271
30.8,877.8598975029907
31.0,877.8496285234737
31.2,877.838658710505
31.4,877.8269485369842
31.6,877.8144565148071
31.8,877.8011391380353
32.0,877.7869508255328
32.2,877.7718438632052
32.4,877.7557683459752
32.6,877.7386721196359
32.8,877.7205007227282
33.0,877.7011973285904
33.2,877.6807026877356
33.4,877.6589550707128
33.6,877.6358902116135
33.8,877.6114412523877
34.0,877.5855386881351
34.2,877.5581103135419
34.4,877.5290811706336
34.6,877.4983734980159
34.8,877.4659066817771
35.0,877.4315972082267
35.2,877.3953586186418
35.4,877.3571014661977
35.6,877.3167332752491
35.8,877.2741585031376
36.0,877.2292785046873
36.2,877.181991499556
36.4,877.1321925426001
36.6,877.0797734974093
36.8,877.0246230131605
37.0,876.9666265049365
37.2,876.905666137644
37.4,876.8416208136646
37.6,876.7743661643576
37.8,876.7037745455297
38.0,876.629715036973
38.2,876.5520534461684
38.4,876.470652316233
38.6,876.3853709381867
38.8,876.2960653675945
39.0,876.2025884456339
39.2,876.1047898246195
39.4,876.002515998007
39.6,875.8956103348816
39.8,875.7839131189247
40.0,875.6672615918362
40.2,875.5454900011749
40.4,875.418429652565
40.6,875.2859089662024
40.8,875.1477535375768
41.0,875.003786202313
41.2,874.8538271050165
41.4,874.6976937719978
41.6,874.5352011877295
41.8,874.3661618748794
42.0,874.1903859777481
42.2,874.0076813489247
42.4,873.8178536389595
42.6,873.6207063888432
42.8,873.4160411250684
43.0,873.2036574570346
43.2,872.9833531765528
43.4,872.7549243591908
43.6,872.5181654671952
43.8,872.2728694537145
44.0,872.0188278680426
44.2,871.7558309615972
44.4,871.4836677943398
44.6,871.2021263413419
44.8,870.9109935992
45.0,870.6100556919992
45.2,870.2990979765253
45.4,869.9779051464297
45.6,869.6462613350466
45.8,869.3039502165742
46.0,868.9507551053322
46.2,868.5864590528107
46.4,868.2108449422432
46.6,867.8236955804335
46.8,867.4247937865864
47.0,867.0139224778941
47.2,866.5908647516516
47.4,866.155403963681
47.6,865.7073238028617
47.8,865.2464083615776
48.0,864.7724422019139
48.2,864.2852104174447
48.4,863.784498690477
48.6,863.2700933446343
48.8,862.7417813926816
49.0,862.1993505795103
49.2,861.6425894202313
49.4,861.0712872333313
49.6,860.4852341688825
49.8,859.8842212318048
50.0,859.2680403002098
