0.0,858.5250703857304
0.2,859.1494416428808
0.4,859.7587783574871
0.6,860.3532855102868
0.8,860.9331687509034
1.0,861.4986343782012
1.2,862.0498893166568
1.4,862.5871410887253
1.6,863.1105977831937
1.8,863.6204680195324
2.0,864.1169609082701
2.2,864.6002860074352
2.4,865.0706532751228
2.6,865.5282730182612
2.8,865.9733558376686
3.0,866.4061125695047
3.2,866.8267542232354
3.4,867.2354919162457
3.6,867.6325368052445
3.8,868.0181000146235
4.0,868.3923925619378
4.2,868.755625280691
4.4,869.1080087406178
4.6,869.4497531656638
4.8,869.7810683498727
5.0,870.1021635713978
5.2,870.4132475048629
5.4,870.7145281322995
5.6,871.0062126528975
5.8,871.2885073918042
6.0,871.5616177082134
6.2,871.8257479029866
6.4,872.0811011260492
6.6,872.3278792838036
6.8,872.5662829468
7.0,872.7965112579067
7.2,873.0187618412118
7.4,873.2332307118919
7.6,873.440112187273
7.8,873.6395987993071
8.0,873.8318812086769
8.2,874.0171481207392
8.4,874.195586203506
8.6,874.3673800078562
8.8,874.5327118901581
9.0,874.6917619374776
9.2,874.8447078955353
9.4,874.991725099562
9.6,875.1329864081972
9.8,875.268662140558
10.0,875.3989200165968
10.2,875.5239251008556
10.4,875.6438397497107
10.6,875.7588235621885
10.8,875.8690333344242
11.0,875.9746230178213
11.2,876.0757436809558
11.4,876.1725434752601
11.6,876.2651676045069
11.8,876.353758298106
12.0,876.4384547882057
12.2,876.519393290594
12.4,876.5967069893682
12.6,876.6705260253418
12.8,876.7409774881445
13.0,876.808185411956
13.2,876.8722707748138
13.4,876.9333515014192
13.6,876.9915424693589
13.8,877.0469555186535
14.0,877.099699464535
14.2,877.1498801133483
14.4,877.1976002814648
14.6,877.2429598170925
14.8,877.2860556248589
15.0,877.3269816930402
15.2,877.3658291233033
15.4,877.4026861628272
15.6,877.4376382386636
15.8,877.4707679941952
16.0,877.5021553275484
16.2,877.5318774318145
16.4,877.5600088369317
16.6,877.5866214530831
16.8,877.6117846154591
17.0,877.6355651302389
17.2,877.6580273216427
17.4,877.6792330799097
17.6,877.6992419100545
17.8,877.71811098126
18.0,877.7358951767652
18.2,877.7526471441088
18.4,877.7684173455909
18.6,877.7832541088208
18.8,877.7972036772171
19.0,877.8103102603374
19.2,877.822616083907
19.4,877.8341614394325
19.6,877.8449847332794
19.8,877.8551225351019
20.0,877.8646096255173
20.2,877.8734790429173
20.4,877.881762129319
20.6,877.889488575156
20.8,877.8966864629194
21.0,877.9033823095596
21.2,877.9096011075642
21.4,877.9153663646354
21.6,877.9207001418869
21.8,877.925623090494
22.0,877.9301544867258
22.2,877.9343122652979
22.4,877.9381130509881
22.6,877.9415721884577
22.8,877.9447037702281
23.0,877.9475206627664
23.2,877.9500345306355
23.4,877.9522558586702
23.6,877.9541939721415
23.8,877.9558570548787
24.0,877.9572521653191
24.2,877.9583852504607
24.4,877.9592611576956
24.6,877.9598836445062
24.8,877.9602553860094
25.0,877.9603779803347
25.2,877.9602519518315
25.4,877.959876752098
25.6,877.9592507588302
25.8,877.9583712724929
26.0,877.9572345108176
26.2,877.9558356011346
26.4,877.9541685705523
26.6,877.9522263339954
26.8,877.9500006801236
27.0,877.9474822551499
27.2,877.9446605445844
27.4,877.9415238529318
27.6,877.9380592813748
27.8,877.9342527034789
28.0,877.9300887389584
28.2,877.9255507255452
28.4,877.9206206890099
28.6,877.9152793113825
28.8,877.9095058974311
29.0,877.9032783394541
29.2,877.8965730804503
29.4,877.8893650757334
29.6,877.8816277530619
29.8,877.8733329713586
30.0,877.8644509781011
30.2,877.854950365464
30.4,877.8447980253036
30.6,877.8339591030748
30.8,877.822396950778
31.0,877.8100730790353
31.2,877.7969471084014
31.4,877.7829767200168
31.6,877.768117605719
31.8,877.7523234177224
32.0,877.7355457179946
32.2,877.7177339274452
32.4,877.6988352750624
32.6,877.6787947471199
32.8,877.6575550365964
33.0,877.6350564929356
33.2,877.6112370722933
33.4,877.5860322884074
33.6,877.5593751642376
33.8,877.5311961845184
34.0,877.5014232493719
34.2,877.4699816291278
34.4,877.436793920499
34.6,877.4017800042592
34.8,877.3648570045722
35.0,877.325939250118
35.2,877.2849382371636
35.4,877.2417625947187
35.6,877.1963180519234
35.8,877.1485074078022
36.0,877.0982305035228
36.2,877.0453841972916
36.4,876.9898623420112
36.6,876.9315557658274
36.8,876.8703522556792
37.0,876.8061365439651
37.2,876.7387902984306
37.4,876.6681921153753
37.6,876.5942175162705
37.8,876.5167389478694
38.0,876.4356257858827
38.2,876.3507443422893
38.4,876.2619578763321
38.6,876.1691266092488
38.8,876.0721077427719
39.0,875.9707554814228
39.2,875.8649210586141
39.4,875.7544527665627
39.6,875.639195990006
39.8,875.518993243699
40.0,875.3936842136608
40.2,875.2631058021257
40.4,875.1270921761422
40.6,874.9854748197522
40.8,874.8380825896656
41.0,874.684741774342
41.2,874.5252761563715
41.4,874.3595070780375
41.6,874.187253509933
41.8,874.0083321224935
42.0,873.822557360289
42.2,873.6297415189218
42.4,873.429694824351
42.6,873.2222255144676
42.8,873.0071399227272
43.0,872.784242563642
43.2,872.5533362199255
43.4,872.3142220310764
43.6,872.0666995831798
43.8,871.810566999702
44.0,871.545621033046
44.2,871.2716571566343
44.4,870.9884696572801
44.6,870.6958517276075
44.8,870.3935955582797
45.0,870.0814924297927
45.2,869.7593328035932
45.4,869.4269064122839
45.6,869.0840023486759
45.8,868.730409153458
46.0,868.3659149012537
46.2,867.9903072848418
46.4,867.6033736973262
46.6,867.2049013120441
46.8,866.7946771600143
47.0,866.3724882047316
47.2,865.9381214141287
47.4,865.4913638295343
47.6,865.0320026314691
47.8,864.5598252021349
48.0,864.0746191844602
48.2,863.5761725375896
48.4,863.0642735887068
48.6,862.5387110811039
48.8,861.9992742184215
49.0,861.4457527050029
49.2,860.8779367823157
49.4,860.2956172614194
49.6,859.6985855514636
49.8,859.0866336842258
50.0,858.4595543347139
