0.0,801.1286071568384
0.2,803.1414383759201
0.4,805.1149233872386
0.6,807.0494273162884
0.8,808.9453188532855
1.0,810.8029704009577
1.2,812.6227582068237
1.4,814.4050624793769
1.6,816.1502674876638
1.8,817.8587616438125
2.0,819.5309375681387
2.2,821.167192136532
2.4,822.7679265098955
2.6,824.3335461454895
2.8,825.8644607901015
3.0,827.3610844550391
3.2,828.8238353730187
3.4,830.253135937091
3.6,831.6494126218182
3.8,833.0130958869884
4.0,834.3446200642137
4.2,835.6444232268334
4.4,836.9129470435973
4.6,838.1506366166687
4.8,839.3579403045416
5.0,840.5353095305189
5.2,841.6831985774503
5.4,842.8020643694707
5.6,843.8923662415262
5.8,844.9545656975064
6.0,845.9891261578415
6.2,846.9965126974478
6.4,847.9771917749299
6.6,848.9316309539718
6.8,849.8602986178583
7.0,850.7636636780888
7.2,851.6421952780429
7.4,852.4963624926673
7.6,853.3266340251497
7.8,854.1334779015349
8.0,854.9173611642395
8.2,855.6787495653956
8.4,856.4181072609451
8.6,857.1358965063826
8.8,857.8325773550181
9.0,858.5086073596091
9.2,859.1644412781736
9.4,859.8005307847691
9.6,860.4173241859825
9.8,861.0152661438408
10.0,861.59479740581
10.2,862.1563545425081
10.4,862.7003696937171
10.6,863.227270323232
10.8,863.7374789830394
11.0,864.2314130872718
11.2,864.7094846963386
11.4,865.1721003115849
11.6,865.6196606807835
11.8,866.0525606147171
12.0,866.4711888150642
12.2,866.8759277137499
12.4,867.2671533238837
12.6,867.6452351023589
12.8,868.0105358241449
13.0,868.3634114682613
13.2,868.704211115385
13.4,869.0332768569986
13.6,869.350943715954
13.8,869.6575395782893
14.0,869.9533851361001
14.2,870.2387938412422
14.4,870.5140718696034
14.6,870.7795180956643
14.8,871.0354240770348
15.0,871.2820740486346
15.2,871.519744926164
15.4,871.7487063184905
15.6,871.969220548563
15.8,872.1815426824486
16.0,872.385920566074
16.2,872.5825948692474
16.4,872.7717991365213
16.6,872.9537598444575
16.8,873.1286964648446
17.0,873.2968215334195
17.2,873.458340723643
17.4,873.6134529250764
17.6,873.7623503259133
17.8,873.9052184992197
18.0,874.0422364924433
18.2,874.1735769197579
18.4,874.2994060568141
18.6,874.4198839374808
18.8,874.5351644521647
19.0,874.6453954473113
19.2,874.7507188256956
19.4,874.8512706471286
19.6,874.9471812292126
19.8,875.0385752477936
20.0,875.125571836771
20.2,875.208284686938
20.4,875.2868221435411
20.6,875.3612873022598
20.8,875.4317781033186
21.0,875.498387423465
21.2,875.5612031655512
21.4,875.6203083454786
21.6,875.6757811762748
21.8,875.7276951490859
22.0,875.7761191108823
22.2,875.821117338686
22.4,875.8627496101448
22.6,875.9010712702872
22.8,875.9361332943064
23.0,875.9679823462346
23.2,875.996660833377
23.4,876.0222069563899
23.6,876.0446547548997
23.8,876.0640341485646
24.0,876.0803709734972
24.2,876.0936870139751
24.4,876.1040000293749
24.6,876.1113237762788
24.8,876.1156680257086
25.0,876.117038575454
25.2,876.1154372574742
25.4,876.1108619403545
25.6,876.103306526817
25.8,876.0927609462876
26.0,876.0792111425354
26.2,876.0626390564074
26.4,876.0430226036926
26.6,876.020335648159
26.8,875.9945479698156
27.0,875.9656252284641
27.2,875.9335289226126
27.4,875.8982163438357
27.6,875.859640526676
27.8,875.8177501941924
28.0,875.7724896992705
28.2,875.7237989618263
28.4,875.6716134020406
28.6,875.6158638697777
28.8,875.5564765703523
29.0,875.4933729868212
29.2,875.4264697989917
29.4,875.3556787993455
29.6,875.2809068061007
29.8,875.2020555736347
30.0,875.1190217005164
30.2,875.0316965354042
30.4,874.9399660810774
30.6,874.8437108968907
30.8,874.742805999947
31.0,874.6371207653019
31.2,874.5265188255257
31.4,874.4108579699624
31.6,874.2899900440369
31.8,874.1637608489742
32.0,874.0320100423104
32.2,873.8945710395793
32.4,873.7512709175769
32.6,873.6019303196098
32.8,873.4463633631491
33.0,873.2843775503122
33.2,873.1157736816091
33.4,872.94034577339
33.6,872.7578809794429
33.8,872.5681595171823
34.0,872.3709545988851
34.2,872.1660323684213
34.4,871.9531518439268
34.6,871.7320648668682
34.8,871.5025160579385
35.0,871.264242780219
35.2,871.0169751100359
35.4,870.7604358159248
35.6,870.4943403461098
35.8,870.2183968248846
36.0,869.9323060582684
36.2,869.6357615492908
36.4,869.3284495232382
36.6,869.0100489631704
36.8,868.6802316559946
37.0,868.3386622493495
37.2,867.9849983195315
37.4,867.6188904506554
37.6,867.2399823252143
37.8,866.8479108261656
38.0,866.4423061506315
38.2,866.0227919352678
38.4,865.5889853933097
38.6,865.1404974632634
38.8,864.6769329691709
39.0,864.1978907923275
39.2,863.7029640542876
39.4,863.191740310952
39.6,862.6638017574754
39.8,862.1187254436937
40.0,861.5560834997192
40.2,860.9754433713042
40.4,860.3763680645301
40.6,859.7584163993295
40.8,859.1211432713039
41.0,858.4640999212575
41.2,857.7868342118196
41.4,857.0888909104925
41.6,856.3698119784154
41.8,855.6291368641017
42.0,854.8664028013703
42.2,854.0811451106554
42.4,853.2728975028537
42.6,852.4411923848368
42.8,851.5855611657327
43.0,850.705534563062
43.2,849.8006429077938
43.4,848.8704164473736
43.6,847.914385645768
43.8,846.932081479562
44.0,845.9230357291448
44.2,844.8867812640229
44.4,843.8228523213069
44.6,842.7307847764259
44.8,841.6101164051455
45.0,840.4603871359805
45.2,839.2811392921196
45.4,838.0719178220102
45.6,836.8322705177802
45.8,835.5617482207188
46.0,834.259905013069
46.2,832.9262983954417
46.4,831.5604894492022
46.6,830.1620429832362
46.8,828.7305276645573
47.0,827.2655161322807
47.2,825.7665850945456
47.4,824.2333154080347
47.6,822.6652921398106
47.8,821.0621046112512
48.0,819.423346423944
48.2,817.7486154674663
48.4,816.0375139090524
48.6,814.2896481652274
48.8,812.5046288555524
49.0,810.6820707387096
49.2,808.8215926312221
49.4,806.9228173091782
49.6,804.9853713934036
49.8,803.00888521859
50.0,800.9929926869611
