0.0,469.16188235887796
0.2,474.38758188027475
0.4,479.5811599256907
0.6,484.7417154156166
0.8,489.86836961341237
1.0,494.96026668955005
1.2,500.0165742442361
1.4,505.0364837876552
1.6,510.01921117721184
1.8,514.9639970112818
2.0,519.8701069791196
2.2,524.7368321667052
2.4,529.5634893184456
2.6,534.3494210547808
2.8,539.0939960458743
3.0,543.7966091416936
3.2,548.4566814589151
3.4,553.0736604252046
3.6,557.6470197815406
3.8,562.1762595433619
4.0,566.6609059214269
4.2,571.1005112033673
4.4,575.4946535970214
4.6,579.8429370367143
4.8,584.1449909537353
5.0,588.4004700123403
5.2,592.6090538126709
5.4,596.7704465620459
5.6,600.884376716131
5.8,604.950596591543
6.0,608.9688819514796
6.2,612.9390315659994
6.4,616.8608667486014
6.6,620.7342308707723
6.8,624.5589888561738
7.0,628.3350266561556
7.2,632.0622507082696
7.4,635.7405873794545
7.6,639.3699823955446
7.8,642.9504002587374
8.0,646.4818236546255
8.2,649.964252850369
8.4,653.3977050855503
8.6,656.7822139572077
8.8,660.1178288005065
9.0,663.404614066454
9.2,666.6426486980145
9.4,669.8320255059284
9.6,672.97285054548
9.8,676.0652424954035
10.0,679.1093320400544
10.2,682.1052612559121
10.4,685.0531830034182
10.6,687.9532603250902
10.8,690.8056658507883
11.0,693.610581210949
11.2,696.3681964585355
11.4,699.0787095003923
11.6,701.7423255386311
11.8,704.3592565226124
12.0,706.9297206120285
12.2,709.453941651535
12.4,711.9321486573241
12.6,714.3645753159744
12.8,716.7514594958633
13.0,719.093042771375
13.2,721.3895699600901
13.4,723.6412886730964
13.6,725.8484488785191
13.8,728.0113024783227
14.0,730.1301028984022
14.2,732.2051046919445
14.4,734.2365631560051
14.6,736.2247339612159
14.8,738.1698727945085
15.0,740.072235014715
15.2,741.9320753208779
15.4,743.7496474330849
15.6,745.5252037856217
15.8,747.2589952322162
16.0,748.951270763137
16.2,750.602277233892
16.4,752.212259105261
16.6,753.7814581943904
16.8,755.3101134366631
17.0,756.7984606580577
17.2,758.2467323577018
17.4,759.6551575003203
17.6,761.0239613182805
17.8,762.3533651229333
18.0,763.6435861249477
18.2,764.8948372633429
18.4,766.1073270429177
18.6,767.2812593797865
18.8,768.4168334547303
19.0,769.5142435740778
19.2,770.5736790378403
19.4,771.5953240148223
19.6,772.5793574244449
19.8,773.5259528250202
20.0,774.4352783082256
20.2,775.307496399532
20.4,776.1427639643514
20.6,776.9412321196735
20.8,777.7030461509747
21.0,778.4283454341855
21.2,779.1172633625173
21.4,779.7699272779532
21.6,780.3864584072213
21.8,780.9669718020745
22.0,781.5115762837105
22.2,782.0203743911786
22.4,782.4934623336225
22.6,782.9309299462235
22.8,783.3328606497158
23.0,783.6993314133517
23.2,784.030412721208
23.4,784.3261685417326
23.6,784.5866563004373
23.8,784.8119268556538
24.0,785.0020244772788
24.2,785.1569868284417
24.4,785.2768449500386
24.6,785.3616232480844
24.8,785.4113394838433
25.0,785.4260047667083
25.2,785.4056235498047
25.4,785.3501936283091
25.6,785.2597061404762
25.8,785.1341455713774
26.0,784.9734897593667
26.2,784.7777099052929
26.4,784.5467705844898
26.6,784.2806297615828
26.8,783.9792388081612
27.0,783.6425425233707
27.2,783.270479157493
27.4,782.862980438587
27.6,782.4199716022742
27.8,781.9413714247606
28.0,781.4270922591977
28.2,780.877040075491
28.4,780.2911145036771
28.6,779.6692088809975
28.8,779.0112103028063
29.0,778.3169996774602
29.2,777.5864517853453
29.4,776.8194353422077
29.6,776.0158130669613
29.8,775.1754417541569
30.0,774.2981723513069
30.2,773.3838500412642
30.4,772.4323143298694
30.6,771.4433991390842
30.8,770.4169329058393
31.0,769.352738686833
31.2,768.2506342695268
31.4,767.1104322895872
31.6,765.9319403550367
31.8,764.7149611773798
32.0,763.4592927099777
32.2,762.1647282939496
32.4,760.8310568118887
32.6,759.4580628496807
32.8,758.0455268667187
33.0,756.5932253748125
33.2,755.1009311260916
33.4,753.5684133102028
33.6,751.9954377611024
33.8,750.3817671737457
34.0,748.7271613309688
34.2,747.0313773408609
34.4,745.2941698849144
34.6,743.5152914772365
34.8,741.694492735099
35.0,739.83152266109
35.2,737.9261289371237
35.4,735.9780582305452
35.6,733.9870565125591
35.8,731.9528693891867
36.0,729.8752424449401
36.2,727.7539215993787
36.4,725.5886534766905
36.6,723.3791857884117
36.8,721.1252677293703
37.0,718.82665038691
37.2,716.4830871634141
37.4,714.094334212112
37.6,711.6601508861187
37.8,709.1803002006053
38.0,706.6545493079678
38.2,704.0826699858058
38.4,701.464439137477
38.6,698.7996393049477
38.8,696.0880591935996
39.0,693.3294942086046
39.2,690.5237470024188
39.4,687.6706280328938
39.6,684.7699561314371
39.8,681.8215590806001
40.0,678.8252742004046
40.2,675.7809489426583
40.4,672.688441492448
40.6,669.5476213759327
40.8,666.3583700734971
41.0,663.1205816372626
41.2,659.8341633118915
41.4,656.4990361575544
41.6,653.115135673877
41.8,649.6824124236182
42.0,646.2008326547777
42.2,642.670378919779
42.4,639.0910506903174
42.6,635.4628649664213
42.8,631.7858568782249
43.0,628.060080278914
43.2,624.28560832727
43.4,620.4625340582027
43.6,616.5909709396428
43.8,612.6710534141375
44.0,608.7029374234814
44.2,604.6868009147048
44.4,600.6228443257398
44.6,596.511291049086
44.8,592.3523878718108
45.0,588.1464053902332
45.2,583.8936383976708
45.4,579.5944062436514
45.6,575.2490531630416
45.8,570.8579485735788
46.0,566.4214873403556
46.2,561.9400900058632
46.4,557.4142029842649
46.6,552.8442987186522
46.8,548.2308758001104
47.0,543.5744590475146
47.2,538.8755995470691
47.4,534.1348746507015
47.6,529.352887932534
47.8,524.5302691027609
48.0,519.6676738783791
48.2,514.7657838103422
48.4,509.82530606682633
48.6,504.8469731724305
48.8,499.83154270326054
49.0,494.77979693797914
49.2,489.69254246504033
49.4,484.5706097464592
49.6,479.4148526386059
49.8,474.22614787064595
50.0,469.00539448138363
