0.0,869.785479207078
0.2,870.2769888046388
0.4,870.748568290671
0.6,871.2003928125973
0.8,871.6326708928087
1.0,872.0456442974565
1.2,872.4395876129674
1.4,872.8148075375894
1.6,873.1716418987298
1.8,873.5104584101143
2.0,873.8316531857902
2.2,874.1356490307093
2.4,874.4228935299826
2.6,874.6938569608942
2.8,874.9490300533533
3.0,875.1889216256455
3.2,875.4140561230988
3.4,875.6249710876191
3.6,875.8222145859695
3.8,876.0063426241896
4.0,876.1779165746958
4.2,876.337500641406
4.4,876.4856593867081
4.6,876.6229553423079
4.8,876.7499467239603
5.0,876.8671852678766
5.2,876.9752142042444
5.4,877.0745663808377
5.6,877.1657625471917
5.8,877.2493098073019
6.0,877.3257002463281
6.2,877.3954097343756
6.4,877.4588969081252
6.6,877.5166023289273
6.8,877.5689478139691
7.0,877.6163359353216
7.2,877.6591496800543
7.4,877.6977522632143
7.6,877.7324870842881
7.8,877.7636778168044
8.0,877.7916286200107
8.2,877.816624461024
8.4,877.8389315355489
8.6,877.8587977751235
8.8,877.8764534289126
9.0,877.8921117082753
9.2,877.9059694826949
9.4,877.9182080161335
9.6,877.9289937334584
9.8,877.9384790072572
10.0,877.946802956087
10.2,877.9540922459856
10.4,877.9604618878833
10.6,877.9660160243772
10.8,877.9708487001487
11.0,877.9750446111248
11.2,877.9786798282545
11.4,877.981822492536
11.6,877.9845334786298
11.8,877.9868670250551
12.0,877.9888713295769
12.2,877.9905891089413
12.4,877.9920581226089
12.6,877.9933116605757
12.8,877.994378995751
13.0,877.995285801679
13.2,877.99605453667
13.4,877.996704795622
13.6,877.9972536309843
13.8,877.9977158444535
14.0,877.9981042510739
14.2,877.9984299174773
14.4,877.9987023760201
14.6,877.9989298165755
14.8,877.9991192577139
15.0,877.9992766989652
15.2,877.9994072557945
15.4,877.999515278857
15.6,877.9996044590162
15.8,877.9996779195257
16.0,877.9997382966832
16.2,877.9997878101742
16.4,877.9998283242323
16.6,877.9998614006477
16.8,877.9998883445703
17.0,877.9999102439665
17.2,877.9999280035034
17.4,877.999942373564
17.6,877.9999539750153
17.8,877.9999633202912
18.0,877.9999708312841
18.2,877.9999768544856
18.4,877.9999816737591
18.6,877.9999855210882
18.8,877.9999885855917
19.0,877.9999910210647
19.2,877.9999929522698
19.4,877.9999944801698
19.6,877.9999956862666
19.8,877.9999966361928
20.0,877.9999973826714
20.2,877.9999979679521
20.4,877.9999984258094
20.6,877.9999987831762
20.8,877.9999990614783
21.0,877.9999992777182
21.2,877.999999445356
21.4,877.9999995750213
21.6,877.9999996750879
21.8,877.9999997521369
22.0,877.9999998113274
22.2,877.9999998566941
22.4,877.9999998913846
22.6,877.9999999178484
22.8,877.9999999379866
23.0,877.9999999532704
23.2,877.999999964836
23.4,877.9999999735571
23.6,877.9999999801033
23.8,877.9999999849853
24.0,877.9999999885894
24.2,877.9999999912048
24.4,877.9999999930444
24.6,877.9999999942592
24.8,877.9999999949496
25.0,877.9999999951734
25.2,877.9999999949493
25.4,877.9999999942588
25.6,877.9999999930438
25.8,877.999999991204
26.0,877.9999999885883
26.2,877.9999999849839
26.4,877.9999999801015
26.6,877.9999999735545
26.8,877.9999999648326
27.0,877.9999999532658
27.2,877.9999999379803
27.4,877.9999999178402
27.6,877.9999998913736
27.8,877.9999998566793
28.0,877.9999998113077
28.2,877.999999752111
28.4,877.9999996750537
28.6,877.9999995749761
28.8,877.9999994452961
29.0,877.9999992776391
29.2,877.9999990613738
29.4,877.9999987830388
29.6,877.9999984256287
29.8,877.9999979677152
30.0,877.9999973823614
30.2,877.9999966357879
30.4,877.999995685739
30.6,877.9999944794837
30.8,877.9999929513798
31.0,877.999991019912
31.2,877.999988584102
31.4,877.999985519167
31.6,877.9999816712863
31.8,877.9999768513094
32.0,877.9999708272132
32.2,877.9999633150838
32.4,877.999953968368
32.6,877.999942365096
32.8,877.999927992738
33.0,877.9999102303082
33.2,877.9998883272773
33.4,877.999861378797
33.6,877.9998282966792
33.8,877.9997877755004
34.0,877.9997382531365
34.2,877.9996778649457
34.4,877.9996043907452
34.6,877.9995151936316
34.8,877.9994071496176
35.0,877.9992765669498
35.2,877.9991190938994
35.4,877.9989296137062
35.6,877.9987021252833
35.8,877.9984296081911
36.0,877.9981038703191
36.2,877.9977153766371
36.4,877.9972530573268
36.6,877.9967040935536
36.8,877.996053679123
37.0,877.9952847562587
37.2,877.9943777237701
37.4,877.9933101159273
37.6,877.9920562504591
37.8,877.9905868442136
38.0,877.9888685951986
38.2,877.9868637299365
38.4,877.9845295153372
38.6,877.981817734621
38.8,877.9786741271955
39.0,877.9750377928324
39.2,877.9708405609825
39.4,877.9660063266172
39.6,877.9604503545922
39.8,877.9540785551956
40.0,877.9467867342369
40.2,877.9384598218006
40.4,877.9289710845608
40.6,877.9181813273652
40.8,877.9059380906255
41.0,877.8920748508664
41.2,877.8764102326045
41.4,877.8587472405001
41.6,877.8388725214635
41.8,877.816555667067
42.0,877.7915485671873
42.2,877.7635848262969
42.4,877.7323792541655
42.6,877.6976274429568
42.8,877.659005442753
43.0,877.6161695474191
43.2,877.5687562024008
43.4,877.5163820455309
43.6,877.4586440911871
43.8,877.3951200671842
44.0,877.3253689126159
44.2,877.2489314434597
44.4,877.165331191152
44.6,877.0740754175309
44.8,876.9746563075471
45.0,876.866552338982
45.2,876.7492298261183
45.4,876.6221446318971
45.6,876.4847440406232
45.8,876.3364687807621
46.0,876.1767551848701
46.2,876.0050374712475
46.4,875.8207501295431
46.6,875.6233303903279
46.8,875.412220756634
47.0,875.1868715736542
47.2,874.9467436112942
47.4,874.691310633056
47.6,874.420061923883
47.8,874.1325047491162
48.0,873.828166716632
48.2,873.5065980145677
48.4,873.1673734977938
48.6,872.8100945974778
48.8,872.434391029665
49.0,872.0399222808035
49.2,871.6263788504914
49.4,871.1934832344323
49.6,870.7409906335813
49.8,870.2686893787244
50.0,869.7764010631874
