0.0,870.9085882097746
0.2,871.3933098457662
0.4,871.8557933247273
0.6,872.2962060807558
0.8,872.7147720850742
1.0,873.1117713099089
1.2,873.4875385759686
1.4,873.8424618073627
1.6,874.1769797270856
1.8,874.4915790346828
2.0,874.7867911152434
2.2,875.0631883352758
2.4,875.3213799862194
2.6,875.5620079402289
2.8,875.7857420853909
3.0,875.993275608711
3.2,876.1853201950253
3.4,876.3626012085339
3.6,876.5258529209934
3.8,876.6758138468595
4.0,876.8132222409638
4.2,876.9388118088089
4.4,877.0533076734093
4.6,877.1574226359972
4.8,877.251853760981
5.0,877.3372793085024
5.2,877.41435603091
5.4,877.4837168426251
5.6,877.5459688663487
5.8,877.601691852455
6.0,877.6514369628524
6.2,877.6957259056271
6.4,877.7350504024893
6.6,877.7698719674378
6.8,877.8006219721791
7.0,877.8277019716606
7.2,877.851484261598
7.4,877.8723126390515
7.6,877.8905033368934
7.8,877.9063461033446
8.0,877.9201053985853
8.2,877.9320216816895
8.4,877.9423127627218
8.6,877.9511751967
8.8,877.9587856981983
9.0,877.9653025575656
9.2,877.9708670420143
9.4,877.9756047671335
9.6,877.9796270266372
9.8,877.9830320703538
10.0,877.9859063225354
10.2,877.9883255345051
10.4,877.9903558674407
10.6,877.9920549026958
10.8,877.9934725784811
11.0,877.9946520529671
11.2,877.99563049492
11.4,877.9964398038611
11.6,877.9971072624439
11.8,877.9976561242975
12.0,877.9981061409883
12.2,877.9984740320378
12.4,877.9987739020894
12.6,877.9990176093974
12.8,877.9992150897851
13.0,877.9993746401452
13.2,877.9995031654078
13.4,877.9996063927289
13.6,877.9996890564337
13.8,877.9997550570183
14.0,877.9998075972663
14.2,877.9998492982817
14.4,877.9998822979909
14.6,877.9999083344203
14.8,877.9999288158112
15.0,877.9999448794198
15.2,877.9999574406276
15.4,877.9999672337981
15.6,877.9999748461331
15.8,877.99998074562
16.0,877.9999853040097
16.2,877.9999888156391
16.4,877.9999915127894
16.6,877.9999935781696
16.8,877.9999951550275
17.0,877.9999963553059
17.2,877.9999972661997
17.4,877.9999979554057
17.6,877.9999984753122
17.8,877.9999988663293
18.0,877.9999991595265
18.2,877.9999993787147
18.4,877.999999542083
18.6,877.9999996634804
18.8,877.9999997534184
19.0,877.9999998198489
19.2,877.9999998687683
19.4,877.9999999046844
19.6,877.999999930974
19.8,877.9999999501593
20.0,877.9999999641179
20.2,877.9999999742432
20.4,877.9999999815655
20.6,877.9999999868451
20.8,877.99999999064
21.0,877.9999999933598
21.2,877.999999995303
21.4,877.9999999966873
21.6,877.9999999976704
21.8,877.9999999983664
22.0,877.9999999988578
22.2,877.9999999992036
22.4,877.9999999994462
22.6,877.999999999616
22.8,877.9999999997342
23.0,877.9999999998164
23.2,877.9999999998734
23.4,877.9999999999126
23.6,877.9999999999395
23.8,877.999999999958
24.0,877.9999999999707
24.2,877.9999999999793
24.4,877.9999999999849
24.6,877.9999999999882
24.8,877.9999999999901
25.0,877.9999999999907
25.2,877.9999999999901
25.4,877.9999999999882
25.6,877.9999999999849
25.8,877.9999999999793
26.0,877.9999999999707
26.2,877.999999999958
26.4,877.9999999999395
26.6,877.9999999999126
26.8,877.9999999998734
27.0,877.9999999998163
27.2,877.999999999734
27.4,877.9999999996159
27.6,877.9999999994461
27.8,877.9999999992035
28.0,877.9999999988577
28.2,877.9999999983662
28.4,877.9999999976702
28.6,877.9999999966869
28.8,877.9999999953026
29.0,877.9999999933592
29.2,877.9999999906393
29.4,877.9999999868442
29.6,877.9999999815643
29.8,877.9999999742414
30.0,877.9999999641155
30.2,877.9999999501559
30.4,877.9999999309691
30.6,877.9999999046776
30.8,877.9999998687588
31.0,877.9999998198352
31.2,877.9999997533993
31.4,877.9999996634538
31.6,877.9999995420461
31.8,877.9999993786639
32.0,877.9999991594564
32.2,877.9999988662328
32.4,877.9999984751801
32.6,877.9999979552251
32.8,877.9999972659538
33.0,877.9999963549718
33.2,877.9999951545748
33.4,877.9999935775583
33.6,877.999991511966
33.8,877.999988814533
34.0,877.9999853025279
34.2,877.9999807436404
34.4,877.999974843496
34.6,877.9999672302943
34.8,877.9999574359853
35.0,877.9999448732856
35.2,877.9999288077274
35.4,877.9999083237963
35.6,877.9998822840662
35.8,877.9998492800797
36.0,877.9998075735373
36.2,877.9997550261669
36.4,877.9996890164296
36.6,877.9996063409953
36.8,877.999503098684
37.0,877.9993745543163
37.2,877.9992149796732
37.4,877.9990174685054
37.6,877.9987737222885
37.8,877.9984738031854
38.0,877.9981058504658
38.2,877.9976557564493
38.4,877.9971067979016
38.6,877.9964392187292
38.8,877.995629759801
39.0,877.9946511317956
39.2,877.993471427134
39.4,877.9920534673415
39.6,877.9903540825857
39.8,877.9883233206867
40.0,877.9859035836083
40.2,877.9830286903066
40.4,877.9796228658713
40.6,877.975599658126
40.8,877.9708607842794
41.0,877.9652949118193
41.2,877.958776379624
41.4,877.9511638671967
41.6,877.9422990220143
41.8,877.9320050571636
42.0,877.9200853337027
42.2,877.9063219444821
42.4,877.8904743184384
42.6,877.8722778665772
42.8,877.8514426929345
43.0,877.8276523956632
43.2,877.8005629849936
43.4,877.7698019460518
43.6,877.7349674753544
43.8,877.6956279201356
44.0,877.6513214494453
44.2,877.6015559851445
44.4,877.5458094194373
44.6,877.4835301434103
44.8,877.4141379081724
45.0,877.337025036587
45.2,877.2515579992934
45.4,877.1570793637591
45.6,877.0529101195339
45.8,876.9383523767849
46.0,876.8126924286636
46.2,876.6752041612169
46.4,876.5251527875347
46.6,876.3617988757757
46.8,876.1844026338007
47.0,875.9922284065203
47.2,875.7845493359202
47.4,875.5606521282236
47.6,875.3198418679442
47.8,875.0614468148406
48.0,874.7848231171188
48.2,874.4893593727708
48.4,874.1744809707589
48.6,873.8396541449223
48.8,873.4843896760083
49.0,873.1082461811108
49.2,872.710832934988
49.4,872.2918121741418
49.6,871.8509008420621
49.8,871.3878717425284
50.0,870.9025540771352
