0.0,766.9115444804677
0.2,769.1797061474832
0.4,771.4064501321562
0.6,773.5926657350416
0.8,775.7392224161576
1.0,777.8469691490027
1.2,779.9167338550315
1.4,781.9493229198806
1.6,783.9455207921269
1.8,785.9060896648615
2.0,787.8317692398683
2.2,789.7232765737048
2.4,791.58130600451
2.6,793.4065291579034
2.8,795.1995950299041
3.0,796.9611301443782
3.2,798.6917387821363
3.4,800.3920032784437
3.6,802.0624843853718
3.8,803.7037216951284
4.0,805.3162341202383
4.2,806.9005204262269
4.4,808.4570598122648
4.6,809.9863125350889
4.8,811.488720571396
5.0,812.9647083138391
5.2,814.4146832957116
5.4,815.8390369394117
5.6,817.2381453238078
5.8,818.6123699657
6.0,819.9620586106695
6.2,821.2875460287403
6.4,822.5891548104369
6.6,823.8671961590053
6.8,825.1219706747713
7.0,826.3537691278386
7.2,827.5628732155758
7.4,828.7495563015964
7.6,829.9140841332174
7.8,831.056715534652
8.0,832.1777030734878
8.2,833.2772936982936
8.4,834.3557293454835
8.6,835.4132475138668
8.8,836.4500818055961
9.0,837.4664624325043
9.2,838.4626166871042
9.4,839.4387693777791
9.6,840.3951432279505
9.8,841.3319592392479
10.0,842.2494370189293
10.2,843.147795072014
10.4,844.027251058781
10.6,844.888022018465
10.8,845.7303245601399
11.0,846.5543750219257
11.2,847.3603895997763
11.4,848.1485844472148
11.6,848.9191757474734
11.8,849.6723797595672
12.0,850.4084128398889
12.2,851.1274914409532
12.4,851.8298320889448
12.6,852.515651341739
12.8,853.1851657290581
13.0,853.8385916764208
13.2,854.4761454145112
13.4,855.0980428755635
13.6,855.704499578313
13.8,856.2957305030145
14.0,856.871949957971
14.2,857.433371438947
14.4,857.9802074827787
14.6,858.5126695164159
14.8,859.0309677025531
15.0,859.5353107829349
15.2,860.0259059203371
15.4,860.5029585401445
15.6,860.9666721723726
15.8,861.4172482948952
16.0,861.8548861785684
16.2,862.279782734861
16.4,862.6921323665349
16.6,863.0921268218456
16.8,863.4799550526654
17.0,863.8558030768725
17.2,864.2198538452853
17.4,864.5722871133729
17.6,864.9132793179083
17.8,865.2430034586981
18.0,865.5616289854675
18.2,865.8693216899427
18.4,866.1662436031395
18.6,866.45255289783
18.8,866.7284037961344
19.0,866.9939464821579
19.2,867.2493270195695
19.4,867.4946872740064
19.6,867.7301648401656
19.8,867.955892973434
20.0,868.1720005259014
20.2,868.3786118865875
20.4,868.5758469257124
20.6,868.7638209428364
20.8,868.9426446186897
21.0,869.1124239705179
21.2,869.2732603107683
21.4,869.4252502089404
21.6,869.5684854564379
21.8,869.703053034254
22.0,869.8290350833342
22.2,869.9465088774649
22.4,870.0555467985428
22.6,870.1562163140895
22.8,870.2485799568816
23.0,870.3326953065755
23.2,870.4086149732162
23.4,870.4763865825256
23.6,870.5360527628771
23.8,870.5876511338696
24.0,870.6312142964265
24.2,870.6667698243499
24.4,870.6943402572742
24.6,870.7139430949683
24.8,870.7255907929451
25.0,870.729290759351
25.2,870.7250453531079
25.4,870.7128518832982
25.6,870.6927026097875
25.8,870.6645847450885
26.0,870.6284804574814
26.2,870.5843668754108
26.4,870.5322160931944
26.6,870.4719951780804
26.8,870.4036661787043
27.0,870.3271861350048
27.2,870.2425070896657
27.4,870.1495761011579
27.6,870.0483352584735
27.8,869.9387216976381
28.0,869.8206676201136
28.2,869.6941003131943
28.4,869.5589421725273
28.6,869.4151107268763
28.8,869.2625186652737
29.0,869.1010738667004
29.2,868.930679432447
29.4,868.7512337213152
29.6,868.5626303878213
29.8,868.3647584235723
30.0,868.1575022019867
30.2,867.940741526535
30.4,867.714351682678
30.6,867.478203493679
30.8,867.2321633804655
31.0,866.9760934257137
31.2,866.7098514423194
31.4,866.4332910464176
31.6,866.1462617350977
31.8,865.8486089689499
32.0,865.5401742595653
32.2,865.2207952620907
32.4,864.8903058729172
32.6,864.5485363325605
32.8,864.1953133337587
33.0,863.830460134781
33.2,863.4537966779078
33.4,863.0651397129997
33.6,862.6643029260301
33.8,862.2510970724111
34.0,861.8253301148852
34.2,861.3868073657045
34.4,860.9353316327588
34.6,860.4707033692493
34.8,859.9927208264397
35.0,859.5011802089466
35.2,858.9958758319594
35.4,858.476600279704
35.6,857.9431445643872
35.8,857.3952982847835
36.0,856.8328497835436
36.2,856.2555863022232
36.4,855.6632941329592
36.6,855.0557587656311
36.8,854.4327650292806
37.0,853.7940972264809
37.2,853.1395392592852
37.4,852.4688747453145
37.6,851.7818871224882
37.8,851.078359740853
38.0,850.3580759399135
38.2,849.6208191098458
38.4,848.8663727349391
38.6,848.0945204176052
38.8,847.3050458812912
39.0,846.4977329506441
39.2,845.6723655073012
39.4,844.8287274197203
39.6,843.9666024455264
39.8,843.0857741049132
40.0,842.1860255237391
40.2,841.2671392450567
40.4,840.3288970079407
40.6,839.3710794926246
40.8,838.3934660311094
41.0,837.3958342825894
41.2,836.3779598732302
41.4,835.3396160000456
41.6,834.2805729988414
41.8,833.2005978764365
42.0,832.0994538076189
42.2,830.9768995975622
42.4,829.8326891106966
42.6,828.6665706673112
42.8,827.47828640945
43.0,826.2675716379579
43.2,825.0341541228165
43.4,823.7777533892119
43.6,822.49807998205
43.8,821.194834711929
44.0,819.8677078858382
44.2,818.5163785261179
44.4,817.1405135814612
44.6,815.739767133957
44.8,814.313779606393
45.0,812.8621769742082
45.2,811.3845699866517
45.4,809.8805534018339
45.6,808.3497052404522
45.8,806.7915860630493
46.0,805.2057382756908
46.2,803.5916854689534
46.4,801.9489317950772
46.6,800.2769613880591
46.8,798.5752378313625
47.0,796.8432036777559
47.2,795.0802800256208
47.4,793.2858661558353
47.6,791.4593392330844
47.8,789.6000540751544
48.0,787.7073429934386
48.2,785.7805157075244
48.4,783.8188593363428
48.6,781.8216384679519
48.8,779.7880953095801
49.0,777.717449919111
49.2,775.6089005187071
49.4,773.4616238907905
49.6,771.2747758561045
49.8,769.0474918330763
50.0,766.7788874772081
