0.0,834.0964994368222
0.2,836.0997570621253
0.4,838.0240387439648
0.6,839.8681862704201
0.8,841.6315517928782
1.0,843.314000513884
1.2,844.9159032040947
1.4,846.4381190522108
1.6,847.8819696253901
1.8,849.2492049542276
2.0,850.5419629476345
2.2,851.7627234829059
2.4,852.9142586017332
2.6,853.9995802732301
2.8,855.0218871622507
3.0,855.9845117696342
3.2,856.8908691968176
3.4,857.7444086382557
3.6,858.5485685300437
3.8,859.3067360912902
4.0,860.0222117953126
4.2,860.698179109329
4.4,861.3376796517787
4.6,861.9435937423204
4.8,862.5186261661216
5.0,863.0652968449233
5.2,863.5859360047253
5.4,864.0826833544538
5.6,864.5574907410804
5.8,865.0121277226502
6.0,865.4481894989749
6.2,865.8671066571732
6.4,866.2701562222461
6.6,866.6584735477345
6.8,867.0330646346112
7.0,867.394818524486
7.2,867.7445194729088
7.4,868.0828586674392
7.6,868.41044531111
7.8,868.7278169433564
8.0,869.0354489162858
8.2,869.3337629837133
8.4,869.6231349933892
8.6,869.9039016994074
8.8,870.1763667322289
9.0,870.4408057786075
9.2,870.6974710336306
9.4,870.9465949927863
9.6,871.1883936542017
9.8,871.423069200647
10.0,871.650812228278
10.2,871.8718035849417
10.4,872.0862158757595
10.6,872.2942146880299
10.8,872.4959595816127
11.0,872.691604885148
11.2,872.8813003328992
11.4,873.0651915718475
11.6,873.2434205639728
11.8,873.4161259044737
12.0,873.5834430730298
12.2,873.7455046320551
12.4,873.9024403832209
12.6,874.0543774912859
12.8,874.201440582419
13.0,874.343751822682
13.2,874.4814309811122
13.4,874.6145954808669
13.6,874.7433604411024
13.8,874.8678387116586
14.0,874.9881409021352
14.2,875.1043754065772
14.4,875.2166484247055
14.6,875.3250639804127
14.8,875.4297239380759
15.0,875.5307280171188
15.2,875.6281738051575
15.4,875.7221567699979
15.6,875.8127702706942
15.8,875.9001055678422
16.0,875.984251833245
16.2,876.0652961590696
16.4,876.1433235665868
16.6,876.2184170145805
16.8,876.29065740749
17.0,876.3601236033461
17.2,876.4268924215469
17.4,876.4910386505157
17.6,876.5526350552742
17.8,876.6117523849564
18.0,876.6684593802868
18.2,876.7228227810375
18.4,876.7749073334771
18.6,876.8247757978179
18.8,876.8724889556651
19.0,876.9181056174684
19.2,876.9616826299721
19.4,877.0032748836585
19.6,877.0429353201763
19.8,877.080714939742
20.0,877.1166628085036
20.2,877.1508260658504
20.4,877.1832499316554
20.6,877.2139777134316
20.8,877.2430508133859
21.0,877.2705087353504
21.2,877.2963890915747
21.4,877.3207276093578
21.6,877.3435581375
21.8,877.3649126525575
22.0,877.3848212648777
22.2,877.4033122243986
22.4,877.420411926192
22.6,877.4361449157328
22.8,877.4505338938787
23.0,877.4635997215407
23.2,877.4753614240321
23.4,877.4858361950788
23.6,877.495039400477
23.8,877.502984581389
24.0,877.5096834572613
24.2,877.5151459283568
24.4,877.5193800778942
24.6,877.5223921737812
24.8,877.5241866699427
25.0,877.5247662072319
25.2,877.5241316139262
25.4,877.5222819058014
25.6,877.519214285787
25.8,877.5149241432017
26.0,877.5094050525698
26.2,877.502648772025
26.4,877.494645241304
26.6,877.4853825793368
26.8,877.4748470814426
27.0,877.4630232161372
27.2,877.449893621566
27.4,877.4354391015696
27.6,877.4196386213991
27.8,877.4024693030904
28.0,877.3839064205152
28.2,877.3639233941235
28.4,877.3424917853928
28.6,877.3195812910033
28.8,877.2951597367556
29.0,877.26919307125
29.2,877.2416453593457
29.4,877.2124787754203
29.6,877.1816535964472
29.8,877.1491281949128
30.0,877.1148590315896
30.2,877.0788006481871
30.4,877.0409056598971
30.6,877.0011247478509
30.8,876.9594066515067
31.0,876.9156981609813
31.2,876.8699441093403
31.4,876.8220873648607
31.6,876.7720688232744
31.8,876.7198274000021
32.0,876.6653000223841
32.2,876.608421621909
32.4,876.5491251264414
32.6,876.4873414524463
32.8,876.4229994971992
33.0,876.3560261309729
33.2,876.2863461891836
33.4,876.2138824644752
33.6,876.138555698712
33.8,876.060284574851
34.0,875.9789857086464
34.2,875.8945736401442
34.4,875.8069608249035
34.6,875.7160576248795
34.8,875.6217722988856
35.0,875.5240109925363
35.2,875.422677727557
35.4,875.3176743903191
35.6,875.2089007194288
35.8,875.0962542921569
36.0,874.9796305094446
36.2,874.8589225791478
36.4,874.7340214970897
36.6,874.6048160253688
36.8,874.4711926672034
37.0,874.333035637378
37.2,874.190226827077
37.4,874.0426457615177
37.6,873.8901695483237
37.8,873.7326728139636
38.0,873.5700276248062
38.2,873.4021033883604
38.4,873.2287667290468
38.6,873.0498813313324
38.8,872.8653077412152
39.0,872.6749031148094
39.2,872.4785209001136
39.4,872.2760104349128
39.6,872.0672164401068
39.8,871.851978383602
40.0,871.6301296852175
40.2,871.4014967279069
40.4,871.1658976350546
40.6,870.9231407678069
40.8,870.6730228905378
41.0,870.4153269468957
41.2,870.1498193837701
41.4,869.8762469564006
41.6,869.5943329452163
41.8,869.3037727144643
42.0,869.0042285449023
42.2,868.6953236785231
42.4,868.3766355231777
42.6,868.0476879797783
42.8,867.7079428751584
43.0,867.3567905101573
43.2,866.9935393654173
43.4,866.6174050468219
43.6,866.2274985981951
43.8,865.8228143601812
44.0,865.4022176100437
44.2,864.964432275843
44.4,864.5080290780026
44.6,864.0314145090456
44.8,863.5328211152381
45.0,863.01029958862
45.2,862.4617132108127
45.4,861.8847352073645
45.6,861.2768495696961
45.8,860.6353558777465
46.0,859.9573786076476
46.2,859.2398813334696
46.4,858.4796861296928
46.6,857.6734983522705
46.8,856.8179368231089
47.0,855.9095692691575
47.2,854.9449526782606
47.4,853.9206780360396
47.6,852.8334187091295
47.8,851.6799815487503
48.0,850.4573596140185
48.2,849.1627852658039
48.4,847.7937822680483
48.6,846.348215462031
48.8,844.8243365563353
49.0,843.220824605536
49.2,841.5368198358673
49.4,839.7719496157524
49.6,837.926345559824
49.8,836.0006509910432
50.0,833.9960182584465
