0.0,807.2208111981195
0.2,809.1811649721284
0.4,811.101446236307
0.6,812.9819849260257
0.8,814.8231177908823
1.0,816.6251886819366
1.2,818.3885488076828
1.4,820.1135569576469
1.6,821.8005796926616
1.8,823.4499915010367
2.0,825.0621749200113
2.2,826.6375206220433
2.4,828.17642746567
2.6,829.6793025108367
2.8,831.1465609987664
3.0,832.5786262966122
3.2,833.975929807294
3.4,835.3389108450882
3.6,836.6680164776905
3.8,837.9637013356248
4.0,839.2264273900122
4.2,840.4566636998505
4.4,841.6548861300834
4.6,842.8215770418545
4.8,843.9572249564548
5.0,845.0623241945641
5.2,846.1373744924883
5.4,847.1828805971571
5.6,848.1993518417289
5.8,849.1873017036978
6.0,850.1472473474442
6.2,851.0797091532069
6.4,851.9852102344754
6.6,852.8642759458147
6.8,853.7174333831347
7.0,854.5452108784068
7.2,855.348137490813
7.4,856.1267424962803
7.6,856.8815548773149
7.8,857.6131028150047
8.0,858.3219131850001
8.2,859.0085110592187
8.4,859.6734192149513
8.6,860.3171576529638
8.8,860.9402431261099
9.0,861.5431886798775
9.2,862.1265032062003
9.4,862.6906910117644
9.6,863.236251401946
9.8,863.7636782814035
10.0,864.2734597722522
10.2,864.7660778506357
10.4,865.2420080024064
10.6,865.7017188985177
10.8,866.1456720906293
11.0,866.5743217273177
11.2,866.9881142911848
11.4,867.3874883570578
11.6,867.7728743713751
11.8,868.144694452761
12.0,868.503362213701
12.2,868.8492826031443
12.4,869.1828517697786
12.6,869.5044569456476
12.8,869.8144763497081
13.0,870.1132791108558
13.2,870.4012252098938
13.4,870.6786654398533
13.6,870.9459413840332
13.8,871.2033854110772
14.0,871.451320686367
14.2,871.6900611989772
14.4,871.9199118034086
14.6,872.1411682752927
14.8,872.3541173802432
15.0,872.5590369550137
15.2,872.7561960001145
15.4,872.9458547830372
15.6,873.1282649512334
15.8,873.3036696539993
16.0,873.4723036724271
16.2,873.6343935565908
16.4,873.7901577691549
16.6,873.9398068346057
16.8,874.0835434933289
17.0,874.2215628597779
17.2,874.3540525840042
17.4,874.4811930158432
17.6,874.6031573710818
17.8,874.7201118989595
18.0,874.8322160503885
18.2,874.9396226463056
18.4,875.0424780456032
18.6,875.1409223121177
18.8,875.2350893801865
19.0,875.325107218314
19.2,875.411097990521
19.4,875.4931782149849
19.6,875.5714589196034
19.8,875.6460457941477
20.0,875.7170393387005
20.2,875.7845350080996
20.4,875.8486233521356
20.6,875.9093901512797
20.8,875.9669165477355
21.0,876.0212791716422
21.2,876.0725502622636
21.4,876.1207977840338
21.6,876.1660855373328
21.8,876.2084732638958
22.0,876.2480167467654
22.2,876.2847679047183
22.4,876.318774881103
22.6,876.3500821270445
22.8,876.378730478974
23.0,876.4047572304573
23.2,876.4281961982979
23.4,876.4490777829003
23.6,876.4674290228836
23.8,876.483273643938
24.0,876.4966321019224
24.2,876.5075216202022
24.4,876.5159562212289
24.6,876.5219467523641
24.8,876.5255009059493
25.0,876.5266232336261
25.2,876.5253151549068
25.4,876.5215749599994
25.6,876.515397806885
25.8,876.5067757126508
26.0,876.4956975390745
26.2,876.4821489724605
26.4,876.466112497725
26.6,876.4475673667274
26.8,876.4264895608486
27.0,876.4028517478125
27.2,876.3766232327531
27.4,876.347769903531
27.6,876.3162541703047
27.8,876.2820348993682
28.0,876.2450673412718
28.2,876.2053030532454
28.4,876.1626898159576
28.6,876.1171715446475
28.8,876.0686881946768
29.0,876.0171756615641
29.2,875.9625656755712
29.4,875.9047856909308
29.6,875.8437587698163
29.8,875.7794034611732
30.0,875.7116336745484
30.2,875.640358549079
30.4,875.5654823178147
30.6,875.4869041675781
30.8,875.4045180945894
31.0,875.3182127561032
31.2,875.2278713183406
31.4,875.1333713010157
31.6,875.0345844187958
31.8,874.9313764200567
32.0,874.8236069233282
32.2,874.7111292518535
32.4,874.5937902667234
32.6,874.4714301990688
32.8,874.3438824818363
33.0,874.2109735816987
33.2,874.0725228316813
33.4,873.9283422651255
33.6,873.7782364516279
33.8,873.6220023356357
34.0,873.4594290783963
34.2,873.2902979039933
34.4,873.11438195022
34.6,872.9314461250686
34.8,872.7412469696287
35.0,872.5435325282103
35.2,872.3380422265185
35.4,872.1245067587172
35.6,871.9026479842331
35.8,871.6721788351445
36.0,871.4328032350104
36.2,871.1842160299839
36.4,870.9261029330472
36.6,870.6581404821925
36.8,870.3799960133548
37.0,870.0913276488765
37.2,869.7917843022594
37.4,869.4810056999224
37.6,869.1586224206437
37.8,868.8242559533246
38.0,868.4775187736584
38.2,868.1180144402348
38.4,867.7453377105466
38.6,867.3590746773023
38.8,866.9588029253745
39.0,866.5440917096388
39.2,866.1145021538758
39.4,865.6695874708256
39.6,865.2088932033918
39.8,864.7319574869023
40.0,864.2383113322323
40.2,863.7274789295022
40.4,863.1989779719537
40.6,862.6523199995105
40.8,862.0870107614189
41.0,861.5025505972615
41.2,860.898434835527
41.4,860.2741542088195
41.6,859.6291952846761
41.8,858.9630409108717
42.0,858.2751706739735
42.2,857.5650613698273
42.4,856.8321874845484
42.6,856.0760216845142
42.8,855.2960353137607
43.0,854.4916988971167
43.2,853.6624826473301
43.4,852.8078569743832
43.6,851.9272929951347
43.8,851.0202630413767
44.0,850.0862411643586
44.2,849.1247036338017
44.4,848.1351294294034
44.6,847.1170007228244
44.8,846.069803348155
45.0,844.9930272588623
45.2,843.8861669692499
45.4,842.7487219784897
45.6,841.5801971753375
45.8,840.380103221692
46.0,839.1479569132323
46.2,837.8832815154403
46.4,836.5856070734103
46.6,835.254470693939
46.8,833.8894167985063
47.0,832.489997345869
47.2,831.0557720231205
47.4,829.5863084042046
47.6,828.0811820750099
47.8,826.53997672433
48.0,824.9622842001188
48.2,823.3477045306394
48.4,821.6958459102661
48.6,820.0063246498677
48.8,818.278765091868
49.0,816.5127994902559
49.2,814.7080678559827
49.4,812.8642177683577
49.6,810.9809041532241
49.8,809.0577890288573
50.0,807.0945412206944
