0.0,771.0054144966647
0.2,773.1789967019336
0.4,775.3135327654272
0.6,777.4099974326516
0.8,779.4693344719642
1.0,781.4924558062313
1.2,783.4802408054841
1.4,785.4335357420654
1.6,787.3531534084856
1.8,789.2398728969448
2.0,791.0944395382455
2.2,792.9175649966334
2.4,794.7099275159612
2.6,796.472172311505
2.8,798.2049121007598
3.0,799.9087277656337
3.2,801.5841691376353
3.4,803.2317558969295
3.6,804.8519785755187
3.8,806.4452996542968
4.0,808.0121547433228
4.2,809.5529538343729
4.4,811.0680826146556
4.6,812.5579038305005
4.8,814.0227586898782
5.0,815.4629682927389
5.2,816.8788350784056
5.4,818.2706442795773
5.6,819.6386653729132
5.8,820.983153516656
6.0,822.3043509663031
6.2,823.6024884599527
6.4,824.8777865656068
6.6,826.1304569834191
6.8,827.360703796604
7.0,828.5687246654753
7.2,829.7547119598474
7.4,830.9188538257968
7.6,832.0613351835414
7.8,833.1823386539465
8.0,834.2820454118872
8.2,835.3606359653959
8.4,836.4182908601961
8.6,837.4551913098429
8.8,838.4715197522787
9.0,839.4674603341506
9.2,840.4431993247249
9.4,841.3989254616729
9.6,842.3348302313871
9.8,843.2511080868187
10.0,844.147956606115
10.2,845.0255765955515
10.4,845.8841721404453
10.6,846.7239506078579
10.8,847.5451226049793
11.0,848.3479018971327
11.2,849.1325052893292
11.4,849.8991524752707
11.6,850.6480658576281
11.8,851.3794703433165
12.0,852.0935931173669
12.2,852.7906633988392
12.4,853.4709121820542
12.6,854.134571966237
12.8,854.7818764764669
13.0,855.4130603786223
13.2,856.0283589907976
13.4,856.6280079934559
13.6,857.2122431403621
13.8,857.7812999721335
14.0,858.3354135340297
14.2,858.8748180994056
14.4,859.3997469000535
14.6,859.9104318644736
14.8,860.4071033649365
15.0,860.8899899740347
15.2,861.3593182312676
15.4,861.8153124200591
15.6,862.2581943554809
15.8,862.6881831828324
16.0,863.1054951871254
16.2,863.5103436134284
16.4,863.9029384979383
16.6,864.2834865095814
16.8,864.6521908018832
17.0,865.0092508747936
17.2,865.3548624461141
17.4,865.6892173321443
17.6,866.0125033371305
17.8,866.3249041510949
18.0,866.6265992555983
18.2,866.9177638369955
18.4,867.1985687067339
18.6,867.4691802282555
18.8,867.7297602500653
19.0,867.9804660445437
19.2,868.2214502520931
19.4,868.4528608302222
19.6,868.6748410071933
19.8,868.8875292398719
20.0,869.0910591754401
20.2,869.2855596166552
20.4,869.4711544903527
20.6,869.6479628189176
20.8,869.8160986944617
21.0,869.9756712554703
21.2,870.1267846656947
21.4,870.2695380950921
21.6,870.4040257026229
21.8,870.5303366207419
22.0,870.6485549414269
22.2,870.7587597036082
22.4,870.8610248818743
22.6,870.9554193763429
22.8,871.0420070035965
23.0,871.1208464885941
23.2,871.1919914574825
23.4,871.2554904312351
23.6,871.3113868200602
23.8,871.3597189185255
24.0,871.4005199013525
24.2,871.4338178198445
24.4,871.4596355989139
24.6,871.4779910346828
24.8,871.4888967926363
25.0,871.4923604063115
25.2,871.4883842765113
25.4,871.4769656710365
25.6,871.4580967249333
25.8,871.4317644412599
26.0,871.3979506923779
26.2,871.3566322217808
26.4,871.3077806464767
26.6,871.2513624599438
26.8,871.1873390356907
27.0,871.1156666314482
27.2,871.0362963940369
27.4,870.9491743649507
27.6,870.8542414867155
27.8,870.7514336100774
28.0,870.6406815020931
28.2,870.5219108552023
28.4,870.3950422973672
28.6,870.259991403382
28.8,870.1166687074632
29.0,869.9649797172458
29.2,869.8048249293223
29.4,869.6360998464793
29.6,869.4586949967987
29.8,869.2724959548108
30.0,869.0773833648993
30.2,868.8732329671809
30.4,868.6599156260977
30.6,868.437297361983
30.8,868.2052393858785
31.0,867.9635981379009
31.2,867.7122253294804
31.4,867.4509679898055
31.6,867.1796685168381
31.8,866.8981647332714
32.0,866.6062899478271
32.2,866.3038730223026
32.4,865.9907384447903
32.6,865.6667064095041
32.8,865.3315929036557
33.0,864.9852098018274
33.2,864.6273649682844
33.4,864.2578623676702
33.6,863.8765021845121
33.8,863.4830809519478
34.0,863.077391690061
34.2,862.6592240541763
34.4,862.2283644934316
34.6,861.784596419882
34.8,861.3277003883419
35.0,860.857454287094
35.2,860.3736335395112
35.4,859.8760113165489
35.6,859.3643587599539
35.8,858.8384452159227
36.0,858.29803847881
36.2,857.7429050443485
36.4,857.1728103716837
36.6,856.5875191533659
36.8,855.9867955922654
37.0,855.370403684185
37.2,854.738107504759
37.4,854.0896714990143
37.6,853.424860771771
37.8,852.7434413768383
38.0,852.0451806027535
38.2,851.3298472525935
38.4,850.5972119151787
38.6,849.8470472247843
38.8,849.0791281062732
39.0,848.2932320023859
39.2,847.4891390797493
39.4,846.6666324100172
39.6,845.8254981224297
39.8,844.9655255239732
40.0,844.0865071832578
40.2,843.1882389741843
40.4,842.2705200754783
40.6,841.3331529222046
40.8,840.3759431054599
41.0,839.3986992165716
41.2,838.4012326323032
41.4,837.3833572378024
41.6,836.3448890842997
41.8,835.2856459788997
42.0,834.2054470041944
42.2,833.1041119658571
42.4,831.9814607668716
42.6,830.8373127075788
42.8,829.6714857113109
43.0,828.4837954760047
43.2,827.2740545528517
43.4,826.0420713537357
43.6,824.7876490899331
43.8,823.5105846452976
44.0,822.2106673879052
44.2,820.8876779249006
44.4,819.5413868060486
44.6,818.171553182239
44.8,816.7779234259251
45.0,815.3602297211763
45.2,813.9181886316777
45.4,812.4514996556288
45.6,810.9598437770402
45.8,809.442882023413
46.0,807.9002540402012
46.2,806.3315766927768
46.4,804.736442706863
46.6,803.1144193585329
46.8,801.465047224918
47.0,799.7878390066982
47.2,798.0822784332728
47.4,796.3478192612215
47.6,794.5838843762715
47.8,792.7898650084784
48.0,790.9651200697106
48.2,789.108975621813
48.4,787.2207244830071
48.6,785.2996259791753
48.8,783.344905845687
49.0,781.3557562843533
49.2,779.3313361789702
49.4,777.2707714717208
49.6,775.1731557014814
49.8,773.0375507038235
50.0,770.8629874712283
