0.0,787.2341031661015
0.2,789.3894340949967
0.4,791.503139357881
0.6,793.5765288977705
0.8,795.6106840070418
1.0,797.6064879102902
1.2,799.5646646184985
1.4,801.4858191583401
1.6,803.3704737978353
1.8,805.2190972171986
2.0,807.0321258253788
2.2,808.8099780204692
2.4,810.5530629726626
2.6,812.2617856220847
2.8,813.9365493102268
3.0,815.5777570591526
3.2,817.1858121390698
3.4,818.761118288502
3.6,820.3040797756121
3.8,821.8151013902136
4.0,823.2945884056965
4.2,824.7429465268045
4.4,826.1605818293122
4.6,827.5479006937836
4.8,828.9053097342004
5.0,830.2332157217826
5.2,831.5320255041972
5.4,832.8021459203121
5.6,834.0439837106578
5.8,835.2579454237683
6.0,836.4444373185808
6.2,837.6038652630868
6.4,838.7366346294357
6.6,839.8431501857021
6.8,840.9238159845361
7.0,841.9790352489208
7.2,843.0092102552759
7.4,844.0147422141412
7.6,844.9960311486872
7.8,845.9534757713026
8.0,846.8874733585078
8.2,847.7984196244518
8.4,848.6867085932467
8.6,849.5527324703991
8.8,850.3968815135912
9.0,851.2195439030733
9.2,852.021105611916
9.4,852.8019502763791
9.6,853.5624590666406
9.8,854.3030105581341
10.0,855.0239806037329
10.2,855.7257422070123
10.4,856.4086653968224
10.6,857.0731171033874
10.8,857.7194610361493
11.0,858.3480575635582
11.2,858.9592635950081
11.4,859.5534324651048
11.6,860.1309138204456
11.8,860.692053509078
12.0,861.2371934727976
12.2,861.766671642429
12.4,862.2808218362328
12.6,862.7799736615574
12.8,863.2644524198544
13.0,863.7345790151599
13.2,864.1906698661311
13.4,864.6330368217205
13.6,865.0619870805522
13.8,865.4778231140605
14.0,865.8808425934312
14.2,866.2713383203826
14.4,866.6495981618039
14.6,867.015904988265
14.8,867.3705366163936
15.0,867.7137657551091
15.2,868.0458599556927
15.4,868.3670815656578
15.6,868.6776876863804
15.8,868.9779301344364
16.0,869.2680554065836
16.2,869.5483046483192
16.4,869.8189136259318
16.6,870.0801127019622
16.8,870.3321268139767
17.0,870.5751754565528
17.2,870.8094726663658
17.4,871.0352270102642
17.6,871.2526415762097
17.8,871.4619139669586
18.0,871.6632362963519
18.2,871.8567951880805
18.4,872.0427717767847
18.6,872.2213417113476
18.8,872.3926751602362
19.0,872.5569368187452
19.2,872.7142859179914
19.4,872.8648762355136
19.6,873.0088561073215
19.8,873.1463684412494
20.0,873.277550731457
20.2,873.4025350739349
20.4,873.5214481828592
20.6,873.6344114076533
20.8,873.741540750611
21.0,873.8429468849353
21.2,873.9387351730588
21.4,874.0290056851047
21.6,874.1138532173597
21.8,874.1933673106279
22.0,874.2676322683436
22.2,874.3367271743232
22.4,874.4007259100415
22.6,874.4596971713249
22.8,874.5137044843584
23.0,874.5628062209083
23.2,874.6070556126708
23.4,874.6465007646613
23.6,874.6811846675673
23.8,874.7111452089941
24.0,874.7364151835367
24.2,874.7570223016253
24.4,874.7729891970913
24.6,874.7843334334129
24.8,874.7910675086064
25.0,874.7931988587341
25.2,874.7907298600126
25.4,874.7836578295062
25.6,874.7719750244041
25.8,874.755668639884
26.0,874.7347208055751
26.2,874.7091085806363
26.4,874.6788039474817
26.6,874.6437738041838
26.8,874.6039799555972
27.0,874.5593791032542
27.2,874.5099228340874
27.4,874.4555576080425
27.6,874.396224744655
27.8,874.3318604086653
28.0,874.2623955947588
28.2,874.187756111521
28.4,874.1078625647042
28.6,874.022630339909
28.8,873.9319695847902
29.0,873.8357851908976
29.2,873.7339767752757
29.4,873.6264386619422
29.6,873.5130598633745
29.8,873.3937240621369
30.0,873.268309592785
30.2,873.1366894241842
30.4,872.998731142388
30.6,872.854296934218
30.8,872.7032435716937
31.0,872.5454223974607
31.2,872.3806793113661
31.4,872.2088547583328
31.6,872.029783717683
31.8,871.8432956940605
32.0,871.6492147101031
32.2,871.4473593010126
32.4,871.2375425111705
32.6,871.0195718929428
32.8,870.7932495078177
33.0,870.5583719300128
33.2,870.31473025269
33.4,870.0621100969053
33.6,869.8002916234227
33.8,869.5290495475124
34.0,869.2481531568467
34.2,868.9573663326053
34.4,868.6564475738896
34.6,868.3451500255433
34.8,868.023221509465
35.0,867.6904045594925
35.2,867.3464364599305
35.4,866.991049287782
35.6,866.6239699587376
35.8,866.2449202769646
36.0,865.8536169887295
36.2,865.4497718398746
36.4,865.033091637165
36.6,864.6032783135013
36.8,864.1600289969939
37.0,863.703036083873
37.2,863.2319873152063
37.4,862.746565857374
37.6,862.2464503862535
37.8,861.7313151750383
38.0,861.2008301856182
38.2,860.6546611634258
38.4,860.09246973565
38.6,859.5139135127006
38.8,858.9186461928002
39.0,858.3063176695667
39.2,857.6765741424388
39.4,857.0290582297881
39.6,856.3634090845495
39.8,855.679262512191
40.0,854.9762510908371
40.2,854.2540042933485
40.4,853.5121486111557
40.6,852.7503076796288
40.8,851.9681024047686
41.0,851.1651510909896
41.2,850.3410695697601
41.4,849.4954713288639
41.6,848.6279676420382
41.8,847.7381676987396
42.0,846.8256787337884
42.2,845.8901061566368
42.4,844.9310536800068
42.6,843.9481234476406
42.8,842.9409161609059
43.0,841.9090312040049
43.2,840.8520667675281
43.4,839.7696199701031
43.6,838.661286977893
43.8,837.5266631216955
44.0,836.3653430114074
44.2,835.1769206476202
44.4,833.9609895301209
44.6,832.7171427630777
44.8,831.4449731567032
45.0,830.1440733251906
45.2,828.8140357807337
45.4,827.4544530234491
45.6,826.0649176270308
45.8,824.6450223199743
46.0,823.1943600622119
46.2,821.7125241169681
46.4,820.1991081175099
46.6,818.6537061280144
46.8,817.0759126963933
47.0,815.4653228930928
47.2,813.8215323201038
47.4,812.1441370513884
47.6,810.4327334161652
47.8,808.6869174385745
48.0,806.9062835734837
48.2,805.0904221048773
48.4,803.2389142037898
48.6,801.3513232426365
48.8,799.4271806921772
49.0,797.4659650397414
49.2,795.4670729392246
49.4,793.4297833834353
49.6,791.3532179162129
49.8,789.2363022037159
50.0,787.0777357849521
