0.0,853.7399519744255
0.2,854.4296884922526
0.4,855.1037697770385
0.6,855.7626262670066
0.8,856.4066265728216
1.0,857.0360871898148
1.2,857.6512837841585
1.4,858.2524622524516
1.6,858.8398482578709
1.8,859.413654612648
2.0,859.9740864664384
2.2,860.5213446376966
2.4,861.0556275738099
2.6,861.5771324069229
2.8,862.0860554699547
3.0,862.5825925183736
3.2,863.066938804529
3.4,863.5392890836146
3.6,863.9998375900362
3.8,864.448778001599
4.0,864.8863033987368
4.2,865.3126062215695
4.4,865.727878225806
4.6,866.1323104378677
4.8,866.52609310939
5.0,866.909415671191
5.2,867.282466686782
5.4,867.6454338054901
5.6,867.9985037152643
5.8,868.3418620952359
6.0,868.6756935681101
6.2,869.0001816524616
6.4,869.3155087150127
6.6,869.6218559229708
6.8,869.9194031965031
7.0,870.2083291614263
7.2,870.4888111021902
7.4,870.7610249152349
7.6,871.0251450627962
7.8,871.281344527238
8.0,871.529794765989
8.2,871.7706656671543
8.4,872.004125505881
8.6,872.2303409015453
8.8,872.4494767758318
9.0,872.6616963117738
9.2,872.8671609138197
9.4,873.0660301689875
9.6,873.2584618091693
9.8,873.4446116746414
10.0,873.6246336788357
10.2,873.7986797744239
10.4,873.9668999207605
10.6,874.1294420527321
10.8,874.2864520510503
11.0,874.4380737140298
11.2,874.5844487308813
11.4,874.7257166565518
11.6,874.8620148881362
11.8,874.9934786428853
12.0,875.1202409378229
12.2,875.2424325709926
12.4,875.3601821043399
12.6,875.4736158482364
12.8,875.5828578476497
13.0,875.6880298699573
13.2,875.7892513943953
13.4,875.8866396031381
13.6,875.9803093739903
13.8,876.0703732746779
14.0,876.1569415587146
14.2,876.2401221628221
14.4,876.3200207058743
14.6,876.3967404893351
14.8,876.4703824991572
15.0,876.5410454090999
15.2,876.6088255854326
15.4,876.6738170929724
15.6,876.7361117024175
15.8,876.7957988989222
16.0,876.8529658918662
16.2,876.9076976257634
16.4,876.9600767922548
16.6,877.010183843129
16.8,877.0580970043123
17.0,877.1038922907647
17.2,877.147643522223
17.4,877.1894223397273
17.6,877.2292982228639
17.8,877.2673385076639
18.0,877.3036084050867
18.2,877.3381710200264
18.4,877.3710873707696
18.6,877.4024164088423
18.8,877.4322150391735
19.0,877.460538140513
19.2,877.487438586033
19.4,877.5129672640484
19.6,877.5371730987897
19.8,877.5601030711633
20.0,877.5818022394336
20.2,877.6023137597647
20.4,877.6216789065586
20.6,877.6399370925292
20.8,877.6571258884508
21.0,877.6732810425251
21.2,877.688436499309
21.4,877.7026244181462
21.6,877.7158751910534
21.8,877.7282174600064
22.0,877.7396781335786
22.2,877.750282402886
22.4,877.7600537567891
22.6,877.7690139963162
22.8,877.7771832482617
23.0,877.7845799779253
23.2,877.7912210009555
23.4,877.7971214942653
23.6,877.8022950059895
23.8,877.8067534644575
24.0,877.8105071861551
24.2,877.8135648826557
24.4,877.8159336665009
24.6,877.8176190560133
24.8,877.8186249790307
25.0,877.8189537755488
25.2,877.818606199267
25.4,877.8175814180311
25.6,877.8158770131733
25.8,877.8134889777486
26.0,877.8104117136727
26.2,877.8066380277702
26.4,877.8021591267408
26.6,877.796964611058
26.8,877.7910424678156
27.0,877.7843790625407
27.2,877.776959129996
27.4,877.7687657639933
27.6,877.7597804062477
27.8,877.7499828343012
28.0,877.7393511485476
28.2,877.7278617583947
28.4,877.715489367601
28.6,877.702206958826
28.8,877.6879857774386
29.0,877.6727953146258
29.2,877.6566032898493
29.4,877.6393756327002
29.6,877.6210764642027
29.8,877.6016680776166
30.0,877.5811109187989
30.2,877.5593635661762
30.4,877.5363827103888
30.6,877.5121231336657
30.8,877.4865376889907
31.0,877.4595772791232
31.2,877.4311908355363
31.4,877.4013252973375
31.6,877.3699255902361
31.8,877.3369346056243
32.0,877.3022931798384
32.2,877.2659400736673
32.4,877.2278119521741
32.6,877.1878433649002
32.8,877.1459667265194
33.0,877.1021122980043
33.2,877.0562081683787
33.4,877.0081802371171
33.6,876.957952197258
33.8,876.9054455192961
34.0,876.8505794359157
34.2,876.7932709276289
34.4,876.7334347093769
34.6,876.6709832181566
34.8,876.6058266017277
35.0,876.5378727084567
35.2,876.4670270783507
35.4,876.3931929353329
35.6,876.3162711808083
35.8,876.2361603885656
36.0,876.1527568010597
36.2,876.0659543271144
36.4,875.9756445410836
36.6,875.8817166835074
36.8,875.7840576632909
37.0,875.6825520614377
37.2,875.5770821363603
37.4,875.4675278307901
37.6,875.3537667803031
37.8,875.2356743234769
38.0,875.1131235136872
38.2,874.985985132552
38.4,874.8541277050236
38.6,874.7174175161297
38.8,874.5757186293542
39.0,874.4288929066531
39.2,874.2768000300863
39.4,874.1192975250535
39.6,873.9562407851085
39.8,873.7874830983291
40.0,873.6128756752124
40.2,873.4322676780625
40.4,873.2455062518351
40.6,873.0524365563965
40.8,872.8529018001564
41.0,872.6467432750235
41.2,872.433800392636
41.4,872.2139107218127
41.6,871.9869100271676
41.8,871.752632308828
42.0,871.5109098431955
42.2,871.2615732246826
42.4,871.0044514083613
42.6,870.7393717534504
42.8,870.4661600675735
43.0,870.1846406517145
43.2,869.894636345795
43.4,869.5959685747998
43.6,869.2884573953728
43.8,868.9719215428079
44.0,868.6461784783551
44.2,868.3110444367665
44.4,867.9663344740019
44.6,867.6118625150192
44.8,867.2474414015704
45.0,866.8728829399284
45.2,866.4879979484691
45.4,866.0925963050356
45.6,865.6864869940124
45.8,865.2694781530367
46.0,864.8413771192818
46.2,864.4019904752328
46.4,863.9511240938705
46.6,863.4885831831011
46.8,863.0141723290582
47.0,862.5276955372483
47.2,862.0289562687334
47.4,861.5177574640694
47.6,860.9939015374357
47.8,860.4571903018638
48.0,859.9074247458245
48.2,859.3444045131478
48.4,858.7679268386448
48.6,858.177784571873
48.8,857.5737628181832
49.0,856.9556337072029
49.2,856.3231489487865
49.4,855.6760302171826
49.6,855.0139579989315
49.8,854.336560212245
50.0,853.6434024135808
