0.0,793.1607555122106
0.2,795.2493693213607
0.4,797.2991003287776
0.6,799.3103353114487
0.8,801.2834625505325
1.0,803.2188718891291
1.2,805.1169547829404
1.4,806.9781043435472
1.6,808.8027153740555
1.8,810.5911843968963
2.0,812.3439096735844
2.2,814.0612912162768
2.4,815.7437307909933
2.6,817.3916319123974
2.8,819.0053998300604
3.0,820.5854415061627
3.2,822.1321655846184
3.4,823.6459823516328
3.6,825.1273036877388
3.8,826.5765430113809
4.0,827.9941152141469
4.2,829.3804365877771
4.4,830.7359247431016
4.6,832.0609985210895
4.8,833.3560778962152
5.0,834.6215838723715
5.2,835.8579383715859
5.4,837.0655641158121
5.6,838.244884502098
5.8,839.396323471443
6.0,840.520305371681
6.2,841.617254814741
6.4,842.6875965286497
6.6,843.7317552046583
6.8,844.7501553398857
7.0,845.7432210758806
7.2,846.7113760335142
7.4,847.6550431446248
7.6,848.5746444808366
7.8,849.4706010799838
8.0,850.343332770571
8.2,851.1932579947024
8.4,852.0207936299112
8.6,852.8263548103193
8.8,853.6103547475533
9.0,854.3732045518349
9.2,855.1153130536646
9.4,855.8370866264983
9.6,856.5389290108177
9.8,857.2212411399804
10.0,857.8844209682208
10.2,858.5288633011654
10.4,859.1549596292118
10.6,859.7630979640982
10.8,860.3536626789866
11.0,860.9270343523559
11.2,861.483589615991
11.4,862.0237010073286
11.6,862.5477368264108
11.8,863.0560609976727
12.0,863.549032936772
12.2,864.0270074226488
12.4,864.4903344749857
12.6,864.9393592372178
12.8,865.3744218652191
13.0,865.795857421777
13.2,866.2039957769402
13.4,866.5991615143139
13.6,866.9816738433467
13.8,867.3518465176434
14.0,867.7099877593129
14.2,868.056400189345
14.4,868.3913807639901
14.6,868.7152207170992
14.8,869.0282055083659
15.0,869.3306147773927
15.2,869.6227223034899
15.4,869.9047959711029
15.6,870.1770977407431
15.8,870.4398836252924
16.0,870.6934036715309
16.2,870.9379019467297
16.4,871.1736165301396
16.6,871.4007795091952
16.8,871.619616980242
17.0,871.8303490535925
17.2,872.033189862701
17.4,872.2283475772462
17.6,872.4160244199018
17.8,872.5964166865707
18.0,872.7697147698542
18.2,872.9361031855221
18.4,873.0957606017515
18.6,873.2488598708927
18.8,873.3955680635281
19.0,873.5360465045811
19.2,873.6704508112372
19.4,873.7989309324402
19.6,873.9216311897255
19.8,874.038690319156
20.0,874.1502415141285
20.2,874.2564124688249
20.4,874.3573254220793
20.6,874.4530972014451
20.8,874.5438392672455
21.0,874.6296577563973
21.2,874.7106535258051
21.4,874.7869221951295
21.6,874.8585541887377
21.8,874.925634776654
22.0,874.9882441143332
22.2,875.0464572810912
22.4,875.1003443170305
22.6,875.1499702583103
22.8,875.1953951706193
23.0,875.2366741807155
23.2,875.2738575059092
23.4,875.3069904813738
23.6,875.3361135851785
23.8,875.361262460946
24.0,875.3824679380482
24.2,875.3997560492661
24.4,875.4131480458423
24.6,875.4226604098745
24.8,875.4283048640006
25.0,875.4300883783397
25.2,875.4280131746649
25.4,875.4220767277891
25.6,875.4122717641628
25.8,875.3985862576847
26.0,875.3810034227438
26.2,875.3595017045174
26.4,875.3340547665617
26.6,875.3046314757406
26.8,875.2711958845491
27.0,875.2337072108996
27.2,875.1921198154464
27.4,875.1463831765333
27.6,875.0964418628647
27.8,875.0422355040022
28.0,874.9836987588035
28.2,874.9207612819292
28.4,874.8533476885503
28.6,874.7813775173984
28.8,874.7047651923114
29.0,874.6234199824333
29.2,874.5372459612373
29.4,874.4461419645461
29.6,874.350001547733
29.8,874.2487129422954
30.0,874.1421590119957
30.2,874.0302172087748
30.4,873.9127595286458
30.6,873.7896524677839
30.8,873.660756979032
31.0,873.5259284290457
31.2,873.3850165563065
31.4,873.2378654302337
31.6,873.0843134116313
31.8,872.9241931147043
32.0,872.7573313708828
32.2,872.5835491946947
32.4,872.402661751923
32.6,872.214478330289
32.8,872.0188023128969
33.0,871.8154311546748
33.2,871.6041563620461
33.4,871.3847634760584
33.6,871.1570320591953
33.8,870.9207356860892
34.0,870.6756419383478
34.2,870.4215124037032
34.4,870.1581026796786
34.6,869.8851623819634
34.8,869.6024351576775
35.0,869.309658703696
35.2,869.0065647901903
35.4,868.692879289535
35.6,868.3683222107152
35.8,868.0326077393531
36.0,867.6854442834635
36.2,867.326534525027
36.4,866.9555754774592
36.6,866.5722585490358
36.8,866.1762696123149
37.0,865.7672890795834
37.2,865.3449919843353
37.4,864.9090480687694
37.6,864.4591218772786
37.8,863.9948728558801
38.0,863.5159554575191
38.2,863.0220192531567
38.4,862.5127090485342
38.6,861.9876650064867
38.8,861.4465227746554
39.0,860.8889136184318
39.2,860.3144645589472
39.4,859.722798515896
39.6,859.1135344549705
39.8,858.4862875396577
40.0,857.8406692871367
40.2,857.1762877279925
40.4,856.4927475694477
40.6,855.7896503617976
40.8,855.0665946677146
41.0,854.3231762340773
41.2,853.5589881659644
41.4,852.773621102438
41.6,851.9666633937354
41.8,851.1377012794685
42.0,850.2863190674324
42.2,849.4120993126052
42.4,848.5146229959227
42.6,847.5934697024016
42.8,846.6482177981862
43.0,845.6784446060818
43.2,844.6837265791498
43.4,843.6636394719307
43.6,842.6177585088667
43.8,841.5456585495026
44.0,840.4469142500426
44.2,839.3211002208553
44.4,838.1677911795241
44.6,836.9865620990495
44.8,835.7769883508263
45.0,834.5386458420284
45.2,833.2711111470504
45.4,831.9739616326734
45.6,830.6467755766374
45.8,829.2891322793255
46.0,827.9006121682822
46.2,826.4807968953162
46.4,825.0292694259517
46.6,823.5456141210283
46.8,822.029416810263
47.0,820.4802648576256
47.2,818.897747218394
47.4,817.2814544877946
47.6,815.6309789411531
47.8,813.9459145655146
48.0,812.2258570827178
48.2,810.4704039639405
48.4,808.6791544357609
48.6,806.8517094778085
48.8,804.9876718121099
49.0,803.0866458842614
49.2,801.1482378365911
49.4,799.1720554735
49.6,797.1577082191994
49.8,795.1048070680902
50.0,793.0129645280525
