0.0,564.2938994707508
0.2,571.017888869068
0.4,577.5962730365604
0.6,584.0317476869701
0.8,590.3269882632093
1.0,596.4846484798024
1.2,602.5073589271929
1.4,608.3977257391911
1.6,614.1583293246329
1.8,619.7917231641105
2.0,625.3004326724367
2.2,630.686954127302
2.4,635.9537536643992
2.6,641.1032663390926
2.8,646.1378952545356
3.0,651.0600107559618
3.2,655.8719496906997
3.4,660.5760147333095
3.6,665.1744737750724
3.8,669.6695593769228
4.0,674.0634682847694
4.2,678.3583610060177
4.4,682.5563614459832
4.6,686.6595566027659
4.8,690.6699963190521
5.0,694.5896930892054
5.2,698.420621919923
5.4,702.1647202426469
5.6,705.8238878758548
5.8,709.3999870352798
6.0,712.894842390066
6.2,716.3102411628114
6.4,719.6479332714189
6.6,722.9096315106416
6.8,726.0970117711951
7.0,729.2117132942914
7.2,732.2553389594484
7.4,735.2294556034333
7.6,738.1355943682053
7.8,740.9752510757472
8.0,743.7498866276948
8.2,746.4609274277063
8.4,749.1097658245543
8.6,751.6977605739597
8.8,754.2262373172399
9.0,756.6964890748933
9.2,759.1097767533009
9.4,761.4673296627851
9.6,763.7703460453297
9.8,766.0199936103342
10.0,768.2174100768419
10.2,770.3637037207554
10.4,772.4599539256236
10.6,774.5072117356623
10.8,776.5065004097402
11.0,778.4588159751439
11.2,780.3651277800047
11.4,782.2263790433494
11.6,784.0434874018102
11.8,785.8173454521017
12.0,787.5488212884458
12.2,789.2387590341962
12.4,790.8879793669812
12.6,792.4972800367507
12.8,794.067436376181
13.0,795.5992018029455
13.2,797.0933083134263
13.4,798.5504669674943
13.6,799.9713683640392
13.8,801.3566831069813
14.0,802.7070622615482
14.2,804.0231378006388
14.4,805.3055230411433
14.6,806.5548130701227
14.8,807.7715851607916
15.0,808.9563991782737
15.2,810.1097979751379
15.4,811.2323077767386
15.6,812.3244385564198
15.8,813.3866844006528
16.0,814.4195238642028
16.2,815.4234203154317
16.4,816.398822271861
16.6,817.3461637261272
16.8,818.2658644624709
17.0,819.1583303639122
17.2,820.0239537102651
17.4,820.8631134671473
17.6,821.6761755661488
17.8,822.4634931763168
18.0,823.2254069671154
18.2,823.9622453630193
18.4,824.6743247898928
18.6,825.3619499133043
18.8,826.0254138689196
19.0,826.6649984851147
19.2,827.2809744979367
19.4,827.8736017585421
19.6,828.443129433229
19.8,828.9897961961727
20.0,829.5138304149725
20.2,830.0154503291017
20.4,830.4948642213507
20.6,830.9522705823452
20.8,831.3878582682108
21.0,831.801806651452
21.2,832.194285765104
21.4,832.565456440211
21.6,832.9154704366758
21.8,833.2444705675224
22.0,833.5525908166051
22.2,833.8399564497938
22.4,834.1066841196617
22.6,834.3528819636904
22.8,834.5786496960144
23.0,834.7840786927129
23.2,834.9692520706598
23.4,835.1342447599368
23.6,835.2791235698135
23.8,835.4039472482957
24.0,835.5087665352414
24.2,835.5936242090416
24.4,835.6585551268627
24.6,835.7035862584454
24.8,835.7287367134554
25.0,835.7340177623788
25.2,835.7194328509534
25.4,835.6849776081325
25.6,835.63063984757
25.8,835.5563995626192
26.0,835.4622289148364
26.2,835.3480922159807
26.4,835.2139459034994
26.6,835.0597385094874
26.8,834.8854106231116
27.0,834.690894846485
27.2,834.4761157439771
27.4,834.2409897849477
27.6,833.9854252798823
27.8,833.7093223099131
28.0,833.4125726497019
28.2,833.0950596836616
28.4,832.7566583154855
28.6,832.3972348709555
28.8,832.0166469939926
29.0,831.6147435359095
29.2,831.1913644378205
29.4,830.7463406061606
29.6,830.279493781256
29.8,829.7906363988876
30.0,829.2795714447793
30.2,828.7460923019365
30.4,828.1899825907578
30.6,827.6110160018296
30.8,827.008956121312
31.0,826.383556248815
31.2,825.7345592076543
31.4,825.0616971473759
31.6,824.3646913384231
31.8,823.643251958821
32.0,822.8970778727395
32.2,822.1258564007959
32.4,821.3292630819506
32.6,820.506961426841
32.8,819.6586026624019
33.0,818.7838254676092
33.2,817.8822557001868
33.4,816.953506114113
33.6,815.9971760677653
33.8,815.0128512225369
34.0,814.0001032317707
34.2,812.9584894198526
34.4,811.8875524513187
34.6,810.786819989832
34.8,809.6558043469026
35.0,808.4940021202298
35.2,807.3008938215659
35.4,806.0759434940136
35.6,804.8185983186916
35.8,803.5282882107231
36.0,802.2044254045298
36.2,800.846404028438
36.4,799.4535996686377
36.6,798.0253689225683
36.8,796.5610489418385
37.0,795.059956964833
37.2,793.5213898391961
37.4,791.9446235344326
37.6,790.328912644911
37.8,788.673489883611
38.0,786.9775655670048
38.2,785.2403270915293
38.4,783.4609384021537
38.6,781.6385394536248
38.8,779.7722456650214
39.0,777.8611473683312
39.2,775.904309251822
39.4,773.9007697990573
39.6,771.8495407244752
39.8,769.749606406524
40.0,767.5999233194249
40.2,765.3994194647041
40.4,763.1469938037163
40.6,760.841515692452
40.8,758.481824320004
41.0,756.0667281521328
41.2,753.5950043814536
41.4,751.0653983858309
41.6,748.4766231966406
41.8,745.8273589786259
42.0,743.1162525231332
42.2,740.34191675658
42.4,737.5029302660572
42.6,734.5978368440266
42.8,731.6251450541141
43.0,728.5833278200485
43.2,725.4708220398268
43.4,722.2860282272196
43.6,719.027310182754
43.8,715.6929946963267
44.0,712.2813712836132
44.2,708.7906919584387
44.4,705.2191710432718
44.6,701.5649850199886
44.8,697.8262724230351
45.0,694.0011337770823
45.2,690.0876315812325
45.4,686.0837903417872
45.6,681.98759665553
45.8,677.7969993454117
46.0,673.5099096504542
46.2,669.1242014716021
46.4,664.6377116751602
46.6,660.0482404553572
46.8,655.3535517574608
47.0,650.551373762754
47.2,645.6393994365588
47.4,640.6152871403516
47.6,635.4766613088783
47.8,630.2211131930235
48.0,624.8462016690324
48.2,619.349454114519
48.4,613.7283673515203
48.6,607.9804086566853
48.8,602.1030168384956
49.0,596.0936033812329
49.2,589.9495536552121
49.4,583.6682281925953
49.6,577.246964027907
49.8,570.6830761021582
50.0,563.9738587292744
