0.0,860.1353159198945
0.2,860.738112961184
0.4,861.3257781319435
0.6,861.8985177108852
0.8,862.4565391692068
1.0,863.000051155927
1.2,863.5292634769863
1.4,864.044387068084
1.6,864.5456339612507
1.8,865.0332172451814
2.0,865.5073510193839
2.2,865.9682503422216
2.4,866.4161311729566
2.6,866.851210307925
2.8,867.2737053109998
3.0,867.6838344385225
3.2,868.0818165589051
3.4,868.4678710671292
3.6,868.8422177943858
3.8,869.2050769131214
4.0,869.5566688377744
4.2,869.8972141214994
4.4,870.2269333491955
4.6,870.5460470271669
4.8,870.8547754697548
5.0,871.1533386832934
5.2,871.4419562477458
5.4,871.7208471963902
5.6,871.9902298939253
5.8,872.2503219133697
6.0,872.5013399121348
6.2,872.7434995076451
6.4,872.9770151528851
6.6,873.2021000122426
6.8,873.4189658380186
7.0,873.6278228479656
7.2,873.8288796042058
7.4,874.0223428938792
7.6,874.2084176118527
7.8,874.3873066458167
8.0,874.5592107640751
8.2,874.724328506332
8.4,874.8828560777505
8.6,875.0349872465542
8.8,875.1809132454183
9.0,875.320822676883
9.2,875.4549014230049
9.4,875.5833325594392
9.6,875.7062962741322
9.8,875.8239697907807
10.0,875.9365272971959
10.2,876.0441398786925
10.4,876.1469754566
10.6,876.2451987319773
10.8,876.338971134591
11.0,876.4284507771981
11.2,876.5137924151555
11.4,876.5951474113614
11.6,876.6726637065141
11.8,876.7464857946585
12.0,876.816754703969
12.2,876.8836079827099
12.4,876.9471796902908
12.6,877.0076003933224
12.8,877.0649971665684
13.0,877.1194935986708
13.2,877.1712098025146
13.4,877.2202624300903
13.6,877.2667646917005
13.8,877.3108263793424
14.0,877.352553894101
14.2,877.3920502773667
14.4,877.4294152456956
14.6,877.4647452291189
14.8,877.498133412705
15.0,877.5296697811742
15.2,877.5594411663607
15.4,877.5875312973193
15.6,877.6140208528666
15.8,877.6389875163511
16.0,877.6625060324443
16.2,877.6846482657446
16.4,877.7054832609928
16.6,877.7250773046909
16.8,877.7434939879307
17.0,877.7607942702293
17.2,877.777036544183
17.4,877.7922767007495
17.6,877.8065681949746
17.8,877.8199621119849
18.0,877.8325072330726
18.2,877.844250101708
18.4,877.855235089312
18.6,877.8655044606401
18.8,877.8750984386228
19.0,877.8840552685249
19.2,877.8924112812822
19.4,877.9002009558909
19.6,877.907456980722
19.8,877.914210313648
20.0,877.920490240869
20.2,877.926324434335
20.4,877.9317390076682
20.6,877.9367585704914
20.8,877.9414062810797
21.0,877.9457038972537
21.2,877.9496718254419
21.4,877.9533291678423
21.6,877.9566937676208
21.8,877.9597822520884
22.0,877.962610073802
22.2,877.9651915495413
22.4,877.9675398971162
22.6,877.9696672699657
22.8,877.9715847895086
23.0,877.9733025752146
23.2,877.9748297723675
23.4,877.976174577491
23.6,877.9773442614152
23.8,877.9783451899633
24.0,877.9791828422399
24.2,877.9798618265052
24.4,877.9803858936224
24.6,877.9807579480674
24.8,877.980980056491
25.0,877.9810534538278
25.2,877.9809785469463
25.4,877.9807549158381
25.6,877.9803813123432
25.8,877.9798556564143
26.0,877.979175029922
26.2,877.9783356680042
26.4,877.9773329479685
26.6,877.976161375754
26.8,877.9748145699647
27.0,877.9732852434855
27.2,877.9715651826992
27.4,877.9696452243182
27.6,877.9675152298544
27.8,877.9651640577488
28.0,877.9625795331879
28.2,877.9597484156354
28.4,877.9566563641131
28.6,877.9532879002658
28.8,877.9496263692527
29.0,877.9456538985074
29.2,877.9413513544171
29.4,877.9366982969722
29.6,877.9316729324465
29.8,877.926252064169
30.0,877.9204110414573
30.2,877.9141237067843
30.4,877.9073623412587
30.6,877.900097608505
30.8,877.8922984970322
31.0,877.8839322611898
31.2,877.8749643608134
31.4,877.8653583996723
31.6,877.8550760628316
31.8,877.844077053055
32.0,877.8323190263757
32.2,877.8197575269726
32.4,877.806345921493
32.6,877.7920353329715
32.8,877.776774574501
33.0,877.7605100828144
33.2,877.7431858519477
33.4,877.724743367155
33.6,877.7051215392554
33.8,877.684256639594
34.0,877.6620822358068
34.2,877.6385291285812
34.4,877.6135252896086
34.6,877.5869958009291
34.8,877.5588627958725
35.0,877.5290454017974
35.2,877.4974596848383
35.4,877.4640185968661
35.6,877.4286319248705
35.8,877.3912062429712
36.0,877.3516448672644
36.2,877.3098478137074
36.4,877.2657117592415
36.6,877.2191300063538
36.8,877.169992451265
37.0,877.1181855559325
37.2,877.0635923240501
37.4,877.0060922812128
37.6,876.9455614594151
37.8,876.8818723860353
38.0,876.8148940774503
38.2,876.7444920374153
38.4,876.6705282603291
38.6,876.5928612394936
38.8,876.511345980462
39.0,876.4258340195566
39.2,876.3361734476194
39.4,876.2422089390457
39.6,876.1437817861331
39.8,876.0407299387592
40.0,875.9328880493858
40.2,875.8200875233687
40.4,875.7021565745314
40.6,875.5789202859467
40.8,875.4502006758435
41.0,875.3158167685451
41.2,875.1755846703195
41.4,875.0293176500039
41.6,874.8768262242507
41.8,874.717918247216
42.0,874.5523990044982
42.2,874.3800713111146
42.4,874.2007356132835
42.6,874.0141900937667
42.8,873.8202307805055
43.0,873.618651658271
43.2,873.409244783035
43.4,873.1918003987498
43.6,872.9661070562183
43.8,872.7319517337182
44.0,872.4891199590388
44.2,872.2373959325766
44.4,871.9765626511302
44.6,871.7064020320256
44.8,871.426695037206
45.0,871.1372217969039
45.2,870.8377617325287
45.4,870.5280936783868
45.6,870.2079960018644
45.8,869.8772467217032
46.0,869.5356236240006
46.2,869.1829043755808
46.4,868.8188666343841
46.6,868.4432881565364
46.8,868.0559468997717
47.0,867.6566211228954
47.2,867.2450894809855
47.4,866.8211311160549
47.6,866.3845257429059
47.8,865.9350537299363
48.0,865.4724961746685
48.2,864.9966349738028
48.4,864.5072528876129
48.6,864.0041335985285
48.8,863.4870617637735
49.0,862.9558230619537
49.2,862.4102042335155
49.4,861.8499931150199
49.6,861.2749786672066
49.8,860.6849509968499
50.0,860.0797013724317
