0.0,872.198004820797
0.2,872.678052871335
0.4,873.1315801138156
0.6,873.5587612851472
0.8,873.959884911949
1.0,874.3353509286152
1.2,874.6856665834142
1.4,875.0114407465788
1.6,875.313376770083
1.8,875.5922640794513
2.0,875.8489687026308
2.2,876.0844229590541
2.4,876.2996145431629
2.6,876.4955752407631
2.8,876.6733695138142
3.0,876.83408318003
3.2,876.9788123986401
3.4,877.1086531536182
3.6,877.2246914016088
3.8,877.3279940246805
4.0,877.4196006990209
4.2,877.500516760791
4.4,877.5717071206507
4.6,877.6340912498279
4.8,877.6885392339001
5.0,877.735868866319
5.2,877.7768437326894
5.4,877.8121722192352
5.6,877.8425073649814
5.8,877.8684474669498
6.0,877.8905373410672
6.2,877.9092701382602
6.4,877.9250896150844
6.6,877.9383927608183
6.8,877.9495326878149
7.0,877.9588216986004
7.2,877.9665344512837
7.4,877.9729111538386
7.6,877.9781607273619
7.8,877.982463888079
8.0,877.9859761073991
8.2,877.9888304184018
8.4,877.991140045588
8.6,877.9930008423902
8.8,877.9944935277043
9.0,877.9956857185346
9.2,877.9966337607212
9.4,877.9973843636654
9.6,877.9979760480361
9.8,877.9984404177118
10.0,877.9988032687505
10.2,877.9990855491027
10.4,877.9993041831684
10.6,877.9994727752563
10.8,877.9996022056084
11.0,877.999701132006
11.2,877.9997764091311
11.4,877.9998334369012
11.6,877.9998764479632
11.8,877.9999087434866
12.0,877.9999328853594
12.2,877.99995085189
12.4,877.9999641631877
12.6,877.9999739815219
12.8,877.999981191184
13.0,877.9999864616647
13.2,877.9999902973442
13.4,877.9999930763528
13.6,877.9999950807861
13.8,877.9999965200698
14.0,877.9999975489219
14.2,877.9999982810892
14.4,877.9999987997908
14.6,877.9999991656159
14.8,877.9999994224647
15.0,877.9999996019912
15.2,877.9999997269094
15.4,877.9999998134399
15.6,877.9999998731101
15.8,877.9999999140728
16.0,877.9999999420666
16.2,877.9999999611116
16.4,877.9999999740103
16.6,877.9999999827069
16.8,877.9999999885439
17.0,877.999999992444
17.2,877.9999999950383
17.4,877.9999999967558
17.6,877.9999999978882
17.8,877.9999999986312
18.0,877.9999999991165
18.2,877.9999999994322
18.4,877.9999999996367
18.6,877.9999999997683
18.8,877.9999999998528
19.0,877.9999999999068
19.2,877.999999999941
19.4,877.9999999999626
19.6,877.9999999999764
19.8,877.999999999985
20.0,877.9999999999906
20.2,877.9999999999941
20.4,877.9999999999962
20.6,877.9999999999977
20.8,877.9999999999987
21.0,877.9999999999994
21.2,877.9999999999999
21.4,878.0
21.6,878.0
21.8,878.0
22.0,878.0
22.2,878.0
22.4,878.0
22.6,878.0
22.8,878.0
23.0,878.0
23.2,878.0
23.4,878.0
23.6,878.0
23.8,878.0
24.0,878.0
24.2,878.0
24.4,878.0
24.6,878.0
24.8,878.0
25.0,878.0
25.2,878.0
25.4,878.0
25.6,878.0
25.8,878.0
26.0,878.0
26.2,878.0
26.4,878.0
26.6,878.0
26.8,878.0
27.0,878.0
27.2,878.0
27.4,878.0
27.6,878.0
27.8,878.0
28.0,878.0
28.2,878.0
28.4,878.0
28.6,878.0
28.8,877.9999999999999
29.0,877.9999999999994
29.2,877.9999999999987
29.4,877.9999999999977
29.6,877.9999999999962
29.8,877.9999999999941
30.0,877.9999999999906
30.2,877.999999999985
30.4,877.9999999999764
30.6,877.9999999999626
30.8,877.999999999941
31.0,877.9999999999068
31.2,877.9999999998528
31.4,877.9999999997682
31.6,877.9999999996365
31.8,877.9999999994321
32.0,877.9999999991164
32.2,877.999999998631
32.4,877.999999997888
32.6,877.9999999967556
32.8,877.9999999950379
33.0,877.9999999924436
33.2,877.9999999885432
33.4,877.999999982706
33.6,877.9999999740089
33.8,877.9999999611097
34.0,877.9999999420637
34.2,877.9999999140683
34.4,877.9999998731034
34.6,877.9999998134302
34.8,877.999999726895
35.0,877.9999996019696
35.2,877.9999994224329
35.4,877.999999165569
35.6,877.9999987997215
35.8,877.9999982809879
36.0,877.9999975487742
36.2,877.9999965198551
36.4,877.9999950804755
36.6,877.9999930759052
36.8,877.999990296702
37.0,877.9999864607468
37.2,877.9999811898778
37.4,877.9999739796705
37.6,877.9999641605745
37.8,877.9999508482166
38.0,877.9999328802162
38.2,877.9999087363149
38.4,877.999876438003
38.6,877.9998334231242
38.8,877.9997763901509
39.0,877.9997011059622
39.2,877.9996021700148
39.4,877.9994727268037
39.6,877.9993041174722
39.8,877.9990854603778
40.0,877.9988031493957
40.2,877.9984402577819
40.4,877.997975834574
40.6,877.9973840798605
40.8,877.9966333848544
41.0,877.9956852226624
41.2,877.9944928760247
41.4,877.9929999892225
41.6,877.9911389328881
41.8,877.9888289727203
42.0,877.9859742361739
42.2,877.9824614751398
42.4,877.9781576275036
42.6,877.972907186302
42.8,877.9665293919603
43.0,877.958815270758
43.2,877.9495245511109
43.4,877.9383824983527
43.6,877.9250767182097
43.8,877.9092539888484
44.0,877.8905171909046
44.2,877.8684224139106
44.4,877.8424763256075
44.6,877.8121338973315
44.8,877.776796583529
45.0,877.7358110560416
45.2,877.6884685936782
45.4,877.6340052243806
45.6,877.5716027106853
45.8,877.5003904589719
46.0,877.4194484190833
46.2,877.3278110233425
46.4,877.2244721929709
46.6,877.1083914157928
46.8,876.9785008724087
47.0,876.833713559399
47.2,876.6729323284113
47.4,876.4950597301073
47.6,876.2990085229252
47.8,876.0837126795311
48.0,875.8481386997487
48.2,875.5912970187245
48.4,875.3122532840554
48.6,875.0101392663773
48.8,874.6841631651458
49.0,874.3336190754296
49.2,873.9578953926772
49.4,873.5564819504997
49.6,873.1289757111914
49.8,872.6750848593414
50.0,872.1946311846187
