0.0,759.9995005725177
0.2,762.4666581980338
0.4,764.8804546388182
0.6,767.2427547981424
0.8,769.5553368827161
1.0,771.8198913421598
1.2,774.0380207279368
1.4,776.2112404251748
1.6,778.340980191273
1.8,780.4285864188057
2.0,782.4753250275384
2.2,784.4823848816559
2.4,786.4508816236739
2.6,788.3818618158434
2.8,790.2763072828734
3.0,792.1351395560232
3.2,793.9592243275049
3.4,795.7493758350246
3.6,797.5063611085319
3.8,799.2309040241598
4.0,800.923689123333
4.2,802.5853651675446
4.4,804.2165484109282
4.6,805.8178255831299
4.8,807.3897565839085
5.0,808.9328768982257
5.2,810.4476997463115
5.4,811.9347179873625
5.6,813.3944057982671
5.8,814.8272201502106
6.0,816.2336021064003
6.2,817.6139779636594
6.4,818.968760259471
6.6,820.2983486644187
6.8,821.6031307780154
7.0,822.883482843805
7.2,824.1397703974757
7.4,825.3723488596354
7.6,826.5815640829366
7.8,827.7677528614419
8.0,828.9312434085392
8.2,830.0723558083251
8.4,831.1914024442092
8.6,832.2886884075128
8.8,833.364511888051
9.0,834.4191645480518
9.2,835.4529318802864
9.4,836.466093550914
9.6,837.4589237272821
9.8,838.4316913907403
10.0,839.3846606344067
10.2,840.3180909457619
10.4,841.2322374739183
10.6,842.1273512814163
10.8,843.0036795804256
11.0,843.861465953268
11.2,844.7009505572294
11.4,845.5223703136876
11.6,846.3259590816389
11.8,847.111947815769
12.0,847.8805647092742
12.2,848.6320353216938
12.4,849.3665826920721
12.6,850.0844274378151
12.8,850.7857878396593
13.0,851.4708799132046
13.2,852.1399174675067
13.4,852.7931121512529
13.6,853.430673487076
13.8,854.052808894582
14.0,854.659723702686
14.2,855.2516211518663
14.4,855.8287023869549
14.6,856.3911664410915
14.8,856.9392102114639
15.0,857.4730284274643
15.2,857.9928136118804
15.4,858.4987560357334
15.6,858.9910436673661
15.8,859.4698621163674
16.0,859.9353945729107
16.2,860.3878217430546
16.4,860.827321780548
16.6,861.2540702156493
16.8,861.6682398814562
17.0,862.070000838212
17.2,862.4595202960352
17.4,862.8369625364919
17.6,863.2024888334051
17.8,863.5562573732741
18.0,863.8984231756434
18.2,864.2291380137452
18.4,864.5485503357066
18.6,864.8568051865931
18.8,865.1540441315352
19.0,865.440405180159
19.2,865.716022712525
19.4,865.9810274067515
19.6,866.2355461684828
19.8,866.4797020623422
20.0,866.713614245491
20.2,866.9373979033966
20.4,867.1511641878966
20.6,867.3550201576356
20.8,867.5490687209292
21.0,867.7334085811037
21.2,867.9081341843471
21.4,868.0733356700937
21.6,868.2290988239611
21.8,868.3755050332412
22.0,868.5126312449519
22.2,868.6405499264387
22.4,868.7593290285168
22.6,868.8690319511387
22.8,868.969717511568
23.0,869.0614399150406
23.2,869.1442487278878
23.4,869.2181888530992
23.6,869.2833005083033
23.8,869.3396192061397
24.0,869.3871757370034
24.2,869.4259961541385
24.4,869.4561017610622
24.6,869.4775091013038
24.8,869.4902299504446
25.0,869.4942713104452
25.2,869.4896354062557
25.4,869.4763196847007
25.6,869.4543168156396
25.8,869.4236146954036
26.0,869.384196452514
26.2,869.3360404556903
26.4,869.2791203241609
26.6,869.2134049402885
26.8,869.13885846453
27.0,869.0554403527474
27.2,868.9631053758923
27.4,868.8618036420875
27.6,868.7514806211274
27.8,868.6320771714232
28.0,868.5035295694152
28.2,868.3657695414754
28.4,868.2187242983229
28.6,868.0623165719699
28.8,867.8964646552142
29.0,867.7210824436902
29.2,867.5360794804845
29.4,867.341361003317
29.6,867.1368279942803
29.8,866.9223772321234
30.0,866.697901347056
30.2,866.463288878039
30.4,866.2184243325145
30.6,865.9631882485193
30.8,865.6974572591078
31.0,865.4211041589992
31.2,865.1339979733453
31.4,864.8360040284966
31.6,864.5269840246328
31.8,864.2067961100954
32.0,863.8752949572469
32.2,863.5323318396545
32.4,863.1777547103791
32.6,862.8114082811222
32.8,862.4331341019634
33.0,862.042770641394
33.2,861.6401533663312
33.4,861.2251148217664
33.6,860.7974847096835
33.8,860.3570899668489
34.0,859.9037548410586
34.2,859.4373009653968
34.4,858.9575474300392
34.6,858.4643108511095
34.8,857.9574054360774
35.0,857.4366430451614
35.2,856.9018332481862
35.4,856.3527833763201
35.6,855.7892985681069
35.8,855.2111818091926
36.0,854.6182339651322
36.2,854.0102538066623
36.4,853.3870380268105
36.6,852.7483812492181
36.8,852.0940760270511
37.0,851.4239128318816
37.2,850.737680031932
37.4,850.0351638590838
37.6,849.3161483640804
37.8,848.5804153593643
38.0,847.8277443490288
38.2,847.0579124453849
38.4,846.2706942716917
38.6,845.4658618506309
38.8,844.6431844781571
39.0,843.802428582405
39.2,842.9433575673842
39.4,842.0657316412533
39.6,841.1693076290181
39.8,840.2538387695602
40.0,839.3190744969519
40.2,838.3647602060745
40.4,837.3906370025869
40.6,836.3964414373303
40.8,835.3819052252612
41.0,834.3467549489861
41.2,833.2907117469193
41.4,832.2134909859814
41.6,831.1148019185862
41.8,829.9943473234216
42.0,828.8518231291744
42.2,827.6869180198817
42.4,826.4993130199722
42.6,825.288681056264
42.8,824.0546864931941
43.0,822.7969846363434
43.2,821.5152211978537
43.4,820.2090317156311
43.6,818.8780409162497
43.8,817.5218620092693
44.0,816.1400958982531
44.2,814.7323302912075
44.4,813.29813869053
44.6,811.8370792399696
44.8,810.348693403723
45.0,808.8325044507998
45.2,807.2880157163892
45.4,805.7147086114028
45.6,804.1120403518904
45.8,802.4794413818851
46.0,800.8163124666731
46.2,799.1220214386917
46.4,797.3958995853884
46.6,795.637237677498
46.8,793.8452816472588
47.0,792.01922793897
47.2,790.1582185686938
47.4,788.261335945414
47.6,786.3275975220374
47.8,784.3559503606032
48.0,782.3452657111842
48.2,780.294333717421
48.4,778.2018583725844
48.6,776.0664528577395
48.8,773.8866353972649
49.0,771.6608257661233
49.2,769.3873425775072
49.4,767.0644014686548
49.6,764.6901142868792
49.8,762.2624893575472
50.0,759.7794328915295
