0.0,655.6542145079126
0.2,660.8065357354618
0.4,665.8153741280837
0.6,670.6847536030383
0.8,675.4186360551491
1.0,680.0209188012492
1.2,684.4954322125094
1.4,688.845937538782
1.6,693.0761249278049
1.8,697.1896116408275
2.0,701.1899404649597
2.2,705.080578321321
2.4,708.8649150668977
2.6,712.5462624869167
2.8,716.127853473531
3.0,719.6128413856817
3.2,723.0042995841856
3.4,726.3052211353817
3.6,729.5185186760713
3.8,732.6470244319992
4.0,735.6934903817552
4.2,738.6605885577193
4.4,741.5509114755235
4.6,744.3669726834581
4.8,747.1112074233006
5.0,749.785973394183
5.2,752.3935516113211
5.4,754.9361473517157
5.6,757.415891179261
5.8,759.8348400420799
6.0,762.1949784353066
6.2,764.4982196229746
6.4,766.7464069131021
6.6,768.9413149805054
6.8,771.084651232308
7.0,773.1780572115185
7.2,775.2231100344466
7.4,777.2213238580796
7.6,779.1741513738767
7.8,781.082985324714
8.0,782.949160041973
8.2,784.7739529999685
8.4,786.5585863850795
8.6,788.3042286770806
8.8,790.011996240262
9.0,791.6829549219899
9.2,793.3181216563881
9.4,794.9184660708305
9.6,796.4849120929177
9.8,798.0183395555837
10.0,799.5195857979365
10.2,800.9894472593904
10.4,802.4286810645987
10.6,803.8380065966553
10.8,805.2181070559905
11.0,806.569631002362
11.2,807.8931938773338
11.4,809.189379504631
11.6,810.4587415657892
11.8,811.7018050485535
12.0,812.9190676655506
12.2,814.1110012408368
12.4,815.2780530620333
12.6,816.420647195886
12.8,817.539185765229
13.0,818.634050185497
13.2,819.7056023591053
13.4,820.7541858262128
13.6,821.7801268705817
13.8,822.7837355794627
14.0,823.7653068566492
14.2,824.7251213880686
14.4,825.6634465595004
14.6,826.580537326228
14.8,827.476637034656
15.0,828.3519781961301
15.2,829.2067832133988
15.4,830.0412650603578
15.6,830.8556279158888
15.8,831.65006775278
16.0,832.4247728828714
16.2,833.1799244596998
16.4,833.915696940055
16.6,834.6322585059546
16.8,835.3297714486479
17.0,836.0083925163274
17.2,836.6682732272955
17.4,837.3095601503694
17.6,837.9323951543489
17.8,838.5369156283779
18.0,839.1232546750415
18.2,839.6915412780288
18.4,840.2419004461693
18.6,840.7744533356234
18.8,841.2893173519668
19.0,841.7866062338588
19.2,842.2664301199338
19.4,842.7288956004902
19.6,843.1741057554872
19.8,843.6021601802919
20.0,844.0131550005432
20.2,844.4071828774288
20.4,844.7843330045911
20.6,845.1446910978076
20.8,845.4883393785099
21.0,845.8153565521347
21.2,846.1258177822272
21.4,846.4197946611406
21.6,846.6973551781163
21.8,846.9585636854512
22.0,847.2034808634086
22.2,847.4321636844577
22.4,847.6446653773778
22.6,847.8410353917066
22.8,848.021319362966
23.0,848.1855590790478
23.2,848.3337924481046
23.4,848.4660534682482
23.6,848.5823721993225
23.8,848.6827747369886
24.0,848.7672831893232
24.2,848.8359156561095
24.4,848.8886862109721
24.6,848.925604886485
24.8,848.9466776623598
25.0,848.9519064568035
25.2,848.941289121114
25.4,848.914819437565
25.6,848.872487120617
25.8,848.8142778214685
26.0,848.7401731359528
26.2,848.6501506157593
26.4,848.5441837829476
26.6,848.422242147697
26.8,848.2842912292203
27.0,848.13029257974
27.2,847.9602038114078
27.4,847.7739786260183
27.6,847.5715668473354
27.8,847.3529144558254
28.0,847.117963625548
28.2,846.8666527629215
28.4,846.5989165470361
28.6,846.3146859711441
28.8,846.0138883849061
29.0,845.6964475369202
29.2,845.3622836170046
29.4,845.0113132976452
29.6,844.6434497739542
29.8,844.2586028014223
30.0,843.8566787306742
30.2,843.4375805383677
30.4,843.0012078533
30.6,842.5474569767063
30.8,842.0762208956634
31.0,841.587389288426
31.2,841.0808485204459
31.4,840.5564816297466
31.6,840.0141683002488
31.8,839.4537848215631
32.0,838.8752040336997
32.2,838.2782952550702
32.4,837.662924192102
32.6,837.0289528287171
32.8,836.376239293891
33.0,835.7046377054536
33.2,835.0139979882692
33.4,834.304165664909
33.6,833.5749816169159
33.8,832.8262818147696
34.0,832.0578970146664
34.2,831.2696524202652
34.4,830.4613673075874
34.6,829.6328546113218
34.8,828.7839204708558
35.0,827.9143637344446
35.2,827.0239754200342
35.4,826.112538131374
35.6,825.1798254281873
35.8,824.2256011493188
36.0,823.249618687937
36.2,822.2516202180439
36.4,821.2313358717269
36.6,820.1884828667802
36.8,819.1227645845236
37.0,818.0338695978498
37.2,816.921470649738
37.4,815.7852235826812
37.6,814.6247662196798
37.8,813.4397171976588
38.0,812.2296747543567
38.2,810.9942154699309
38.4,809.7328929646919
38.6,808.4452365545524
38.8,807.1307498659204
39.0,805.7889094119092
39.2,804.419163131849
39.4,803.0209288961909
39.6,801.593592978982
39.8,800.136508500154
40.0,798.6489938399253
40.2,797.1303310276533
40.4,795.5797641075037
40.6,793.9964974833204
40.8,792.3796942450863
41.0,790.7284744793801
41.2,789.0419135662366
41.4,787.3190404648346
41.6,785.5588359904564
41.8,783.7602310852
42.0,781.9221050849778
42.2,780.0432839854126
42.4,778.1225387093415
42.6,776.1585833787761
42.8,774.1500735943259
43.0,772.0956047252998
43.2,769.9937102139345
43.4,767.8428598974774
43.6,765.6414583521665
43.8,763.387843263498
44.0,761.0802838275577
44.2,758.7169791886073
44.4,756.2960569185518
44.6,753.8155715443737
44.8,751.273503130086
45.0,748.6677559202233
45.2,745.996157052355
45.4,743.256455346548
45.6,740.4463201801175
45.8,737.5633404563841
46.0,734.6050236764761
46.2,731.5687951234727
46.4,728.4519971683706
46.6,725.2518887074555
46.8,721.9656447406581
47.0,718.5903561003836
47.2,715.1230293400786
47.4,711.5605867914853
47.6,707.8998667990718
47.8,704.1376241395643
48.0,700.2705306338127
48.2,696.2951759574066
48.4,692.2080686555395
48.6,688.0056373665819
48.8,683.6842322577018
49.0,679.2401266746514
49.2,674.6695190065642
49.4,669.9685347652538
49.6,665.133228877144
49.8,660.1595881845458
50.0,655.0435341516079
