0.0,855.3326970801388
0.2,855.9996538206699
0.4,856.6516543376646
0.6,857.2888993254454
0.8,857.911589592124
1.0,858.5199260338513
1.2,859.1141096073814
1.4,859.694341300933
1.6,860.2608221033461
1.8,860.8137529715297
2.0,861.3533347962125
2.2,861.8797683660072
2.4,862.3932543298124
2.6,862.8939931575777
2.8,863.3821850994683
3.0,863.8580301434694
3.2,864.3217279714779
3.4,864.773477913935
3.6,865.2134789030581
3.8,865.6419294247393
4.0,866.0590274691784
4.2,866.4649704803287
4.4,866.8599553042325
4.6,867.2441781363366
4.8,867.6178344678711
5.0,867.9811190313906
5.2,868.3342257455683
5.4,868.6773476593501
5.6,869.0106768955638
5.8,869.3344045940952
6.0,869.6487208547337
6.2,869.9538146797988
6.4,870.2498739166568
6.6,870.5370852002387
6.8,870.8156338956711
7.0,871.0857040411313
7.2,871.3474782910386
7.4,871.6011378596918
7.6,871.8468624654641
7.8,872.0848302756608
8.0,872.3152178521493
8.2,872.5382000978643
8.4,872.7539502042903
8.6,872.9626396000205
8.8,873.1644379004896
9.0,873.3595128589712
9.2,873.5480303189304
9.4,873.7301541678158
9.6,873.9060462923742
9.8,874.075866535561
10.0,874.2397726551231
10.2,874.3979202839167
10.4,874.5504628920268
10.6,874.6975517507432
10.8,874.839335898446
11.0,874.9759621084476
11.2,875.1075748588313
11.4,875.2343163043248
11.6,875.3563262502366
11.8,875.4737421284811
12.0,875.5866989757126
12.2,875.6953294135793
12.4,875.7997636311088
12.6,875.9001293692235
12.8,875.9965519073875
13.0,876.0891540523731
13.2,876.1780561291364
13.4,876.2633759737793
13.6,876.3452289285794
13.8,876.4237278390547
14.0,876.4989830530311
14.2,876.5711024216765
14.4,876.6401913024549
14.6,876.7063525639588
14.8,876.7696865925644
15.0,876.8302913008588
15.2,876.8882621377777
15.4,876.9436921003937
15.6,876.9966717472906
15.8,877.0472892134529
16.0,877.0956302266037
16.2,877.1417781249138
16.4,877.1858138760088
16.6,877.2278160971956
16.8,877.2678610768286
17.0,877.306022796734
17.2,877.3423729556107
17.4,877.3769809933227
17.6,877.4099141159985
17.8,877.4412373218523
18.0,877.4710134276413
18.2,877.4993030956717
18.4,877.5261648612681
18.6,877.5516551606191
18.8,877.5758283589146
19.0,877.5987367786872
19.2,877.6204307282757
19.4,877.6409585303242
19.6,877.6603665502361
19.8,877.6786992245015
20.0,877.6959990888149
20.2,877.7123068059095
20.4,877.7276611930275
20.6,877.742099248952
20.8,877.7556561805295
21.0,877.7683654286101
21.2,877.7802586933366
21.4,877.7913659587173
21.6,877.8017155164187
21.8,877.8113339887149
22.0,877.8202463505369
22.2,877.8284759505647
22.4,877.8360445313092
22.6,877.8429722481335
22.8,877.8492776871664
23.0,877.8549778820627
23.2,877.8600883295715
23.4,877.86462300387
23.6,877.8685943696316
23.8,877.8720133937959
24.0,877.8748895560084
24.2,877.8772308577094
24.4,877.8790438298463
24.6,877.8803335391935
24.8,877.8811035932616
25.0,877.8813561437862
25.2,877.881091888786
25.4,877.880310073188
25.6,877.8790084880117
25.8,877.877183468122
26.0,877.8748298885491
26.2,877.871941159387
26.4,877.8685092192821
26.6,877.8645245275254
26.8,877.8599760547689
27.0,877.8548512723862
27.2,877.8491361405044
27.4,877.8428150947319
27.6,877.8358710316195
27.8,877.8282852928833
28.0,877.8200376484327
28.2,877.8111062782423
28.4,877.8014677531094
28.6,877.7910970143498
28.8,877.7799673524784
29.0,877.7680503849272
29.2,877.7553160328587
29.4,877.7417324971318
29.6,877.7272662334825
29.8,877.711881926981
30.0,877.6955424658341
30.2,877.6782089146001
30.4,877.6598404868857
30.6,877.6403945176012
30.8,877.6198264348449
31.0,877.598089731496
31.2,877.575135936594
31.4,877.5509145865839
31.6,877.5253731965088
31.8,877.4984572312329
32.0,877.4701100767795
32.2,877.4402730118659
32.4,877.4088851797233
32.6,877.3758835602869
32.8,877.3412029428412
33.0,877.3047758992094
33.2,877.2665327575704
33.4,877.2264015769917
33.6,877.1843081227626
33.8,877.1401758426125
34.0,877.0939258439003
34.2,877.0454768718544
34.4,876.9947452889478
34.6,876.9416450554861
34.8,876.8860877114874
35.0,876.8279823599305
35.2,876.7672356514424
35.4,876.703751770501
35.6,876.6374324232157
35.8,876.5681768267559
36.0,876.4958817004867
36.2,876.4204412588717
36.4,876.3417472061981
36.6,876.2596887331745
36.8,876.1741525154491
37.0,876.0850227140917
37.2,875.9921809780768
37.4,875.8955064488035
37.6,875.7948757666798
37.8,875.6901630797956
38.0,875.5812400547062
38.2,875.4679758893367
38.4,875.3502373280186
38.6,875.2278886786627
38.8,875.1007918320634
39.0,874.9688062833297
39.2,874.8317891554298
39.4,874.6895952248286
39.6,874.5420769491974
39.8,874.3890844971618
40.0,874.230465780058
40.2,874.0660664856525
40.4,873.89573011378
40.6,873.7192980138509
40.8,873.536609424168
41.0,873.347501512994
41.2,873.1518094213005
41.4,872.9493663071298
41.6,872.7400033914911
41.8,872.5235500057133
42.0,872.2998336401677
42.2,872.0686799942733
42.4,871.829913027694
42.6,871.5833550126296
42.8,871.3288265871046
43.0,871.066146809153
43.2,870.795133211794
43.4,870.5156018586962
43.6,870.2273674004186
43.8,869.9302431311233
44.0,869.6240410456478
44.2,869.3085718968258
44.4,868.9836452529483
44.6,868.6490695552518
44.8,868.3046521753228
45.0,867.9501994723117
45.2,867.5855168498459
45.4,867.2104088125346
45.6,866.8246790219646
45.8,866.4281303520792
46.0,866.0205649438468
46.2,865.6017842591184
46.4,865.1715891335832
46.6,864.7297798287336
46.8,864.2761560827541
47.0,863.8105171602543
47.2,863.3326619007707
47.4,862.8423887659666
47.6,862.3394958854664
47.8,861.8237811012631
48.0,861.295042010648
48.2,860.7530760076125
48.4,860.1976803226848
48.6,859.6286520611625
48.8,859.045788239717
49.0,858.4488858213459
49.2,857.83774174866
49.4,857.2121529754976
49.6,856.5719164968638
49.8,855.9168293772036
50.0,855.2466887770196
