0.0,789.2182115305955
0.2,791.3458776576674
0.4,793.4347764357601
0.6,795.4852996942393
0.8,797.4978401873941
1.0,799.4727916270872
1.2,801.4105487103517
1.4,803.3115071417483
1.6,805.1760636503034
1.8,807.0046160008744
2.0,808.7975629998023
2.2,810.5553044947308
2.4,812.2782413684927
2.6,813.9667755269812
2.8,815.6213098809443
3.0,817.2422483216588
3.2,818.8299956904665
3.4,820.3849577421615
3.6,821.9075411022545
3.8,823.3981532181448
4.0,824.8572023042569
4.2,826.2850972812196
4.4,827.6822477091755
4.6,829.0490637153379
4.8,830.3859559159199
5.0,831.6933353325838
5.2,832.9716133035732
5.4,834.2212013897044
5.6,835.4425112754124
5.8,836.6359546650565
6.0,837.8019431747072
6.2,838.9408882196468
6.4,840.0532008978288
6.6,841.1392918695493
6.8,842.1995712335972
7.0,843.2344484001538
7.2,844.2443319607249
7.4,845.2296295553891
7.6,846.1907477376587
7.8,847.128091837247
8.0,848.0420658210433
8.2,848.9330721525974
8.4,849.8015116504204
8.6,850.6477833453987
8.8,851.472284337632
9.0,852.2754096529918
9.2,853.057552099699
9.4,853.8191021252167
9.6,854.560447673747
9.8,855.281974044616
10.0,855.9840637518244
10.2,856.6670963850336
10.4,857.3314484722531
10.6,857.9774933444766
10.8,858.6056010025159
11.0,859.2161379862639
11.2,859.8094672466113
11.4,860.3859480202261
11.6,860.9459357073996
11.8,861.4897817531428
12.0,862.0178335317113
12.2,862.530434234719
12.4,863.0279227629903
12.6,863.5106336222857
12.8,863.9788968230217
13.0,864.433037784096
13.2,864.8733772409072
13.4,865.3002311576533
13.6,865.7139106439731
13.8,866.1147218759822
14.0,866.5029660217444
14.2,866.8789391712012
14.4,867.2429322705727
14.6,867.5952310612286
14.8,867.9361160230127
15.0,868.2658623219961
15.2,868.5847397626216
15.4,868.8930127441832
15.6,869.1909402215852
15.8,869.4787756703017
16.0,869.7567670554587
16.2,870.0251568049393
16.4,870.2841817864146
16.6,870.5340732881838
16.8,870.7750570037063
17.0,871.007353019696
17.2,871.2311758076432
17.4,871.4467342186214
17.6,871.6542314812305
17.8,871.8538652025247
18.0,872.0458273717638
18.2,872.2303043668265
18.4,872.4074769631196
18.6,872.577520344812
18.8,872.7406041182221
19.0,872.8968923271847
19.2,873.0465434702207
19.4,873.1897105193349
19.6,873.3265409402632
19.8,873.4571767139955
20.0,873.5817543593967
20.2,873.7004049567523
20.4,873.8132541720678
20.6,873.920422281949
20.8,874.0220241988995
21.0,874.1181694968702
21.2,874.2089624368992
21.4,874.2945019926896
21.6,874.3748818759706
21.8,874.4501905614976
22.0,874.52051131155
22.2,874.5859221997895
22.4,874.646496134352
22.6,874.7023008800488
22.8,874.7533990795594
23.0,874.7998482735082
23.2,874.8417009193224
23.4,874.8790044087727
23.6,874.9118010841142
23.8,874.940128252744
24.0,874.9640182003033
24.2,874.9834982021637
24.4,874.9985905332376
24.6,875.0093124760684
24.8,875.0156763271607
25.0,875.0176894015198
25.2,875.0153540353803
25.4,875.0086675871079
25.6,874.9976224362736
25.8,874.9822059809012
26.0,874.9624006329045
26.2,874.9381838117312
26.4,874.9095279362491
26.6,874.87640041491
26.8,874.8387636342378
27.0,874.7965749456997
27.2,874.7497866510209
27.4,874.6983459860166
27.6,874.6421951030211
27.8,874.5812710520001
28.0,874.5155057604428
28.2,874.4448260121355
28.4,874.369153424927
28.6,874.2884044276007
28.8,874.2024902359784
29.0,874.1113168283841
29.2,874.0147849206023
29.4,873.9127899404734
29.6,873.8052220022713
29.8,873.691965881015
30.0,873.5729009868696
30.2,873.4479013397962
30.4,873.3168355446157
30.6,873.1795667666521
30.8,873.035952708125
31.0,872.8858455854645
31.2,872.7290921077221
31.4,872.5655334562513
31.6,872.395005265837
31.8,872.2173376074473
32.0,872.0323549727865
32.2,871.8398762608214
32.4,871.6397147664594
32.6,871.4316781715469
32.8,871.2155685383589
33.0,870.9911823057469
33.2,870.7583102881067
33.4,870.5167376773269
33.6,870.266244047868
33.8,870.0066033651244
34.0,869.7375839972091
34.2,869.4589487302958
34.4,869.17045478765
34.6,868.8718538524648
34.8,868.5628920946184
35.0,868.2433102014521
35.2,867.9128434126652
35.4,867.5712215594095
35.6,867.218169107657
35.8,866.8534052059024
36.0,866.4766437372533
36.2,866.0875933759444
36.4,865.6859576483056
36.6,865.271434998198
36.8,864.843718856917
37.0,864.4024977175563
37.2,863.9474552138022
37.4,863.4782702031252
37.6,862.9946168543134
37.8,862.4961647392846
38.0,861.9825789290957
38.2,861.4535200940567
38.4,860.9086446078425
38.6,860.3476046554812
38.8,859.7700483450825
39.0,859.1756198231609
39.2,858.5639593933905
39.4,857.9347036386173
39.6,857.2874855459415
39.8,856.6219346346718
40.0,855.9376770869395
40.2,855.2343358807516
40.4,854.5115309252477
40.6,853.7688791979202
40.8,853.005994883542
41.0,852.2224895145437
41.2,851.4179721125681
41.4,850.5920493309263
41.6,849.7443255976721
41.8,848.8744032590048
42.0,847.9818827227092
42.2,847.066362601332
42.4,846.1274398547965
42.6,845.1647099321535
42.8,844.1777669121639
43.0,843.1662036424115
43.2,842.1296118766435
43.4,841.0675824100405
43.6,839.9797052121174
43.8,838.8655695569664
44.0,837.7247641505529
44.2,836.556877254787
44.4,835.3614968080955
44.6,834.1382105422334
44.8,832.8866060950771
45.0,831.6062711191588
45.2,830.2967933857065
45.4,828.9577608839714
45.6,827.5887619156366
45.8,826.189385184111
46.0,824.7592198785335
46.2,823.2978557523245
46.4,821.8048831961379
46.6,820.2798933050855
46.8,818.7224779401207
47.0,817.132229783491
47.2,815.5087423881813
47.4,813.8516102212935
47.6,812.1604287013249
47.8,810.4347942293284
48.0,808.6743042139569
48.2,806.8785570904124
48.4,805.0471523333421
48.6,803.1796904637442
48.8,801.2757730499618
49.0,799.3350027028649
49.2,797.356983065343
49.4,795.3413187962412
49.6,793.2876155488995
49.8,791.195479944467
50.0,789.0645195401833
