0.0,805.1749156445414
0.2,807.1521230163828
0.4,809.0895541862308
0.6,810.9875535264897
0.8,812.8464708748774
1.0,814.6666617642836
1.2,816.4484876282208
1.4,818.1923159809822
1.6,819.8985205717389
1.8,821.5674815119283
2.0,823.1995853754173
2.2,824.7952252710426
2.4,826.3548008872622
2.6,827.87871850878
2.8,829.3673910051289
3.0,830.8212377913275
3.2,832.2406847608493
3.4,833.626164191262
3.6,834.9781146230155
3.8,836.2969807119705
4.0,837.5832130563715
4.2,838.8372679990686
4.4,840.0596074058985
4.6,841.2506984212234
4.8,842.411013201716
5.0,843.5410286295585
5.2,844.6412260062996
5.4,845.7120907286729
5.6,846.7541119477473
5.8,847.7677822128212
6.0,848.7535971015232
6.2,849.7120548376095
6.4,850.6436558979802
6.6,851.5489026104518
6.8,852.4282987438326
7.0,853.2823490918563
7.2,854.1115590525168
7.4,854.9164342043391
7.6,855.6974798811015
7.8,856.4552007464935
8.0,857.1901003701688
8.2,857.9026808066037
8.4,858.5934421781328
8.6,859.2628822634825
8.8,859.9114960930623
9.0,860.5397755522207
9.2,861.1482089936031
9.4,861.7372808596821
9.6,862.3074713164611
9.8,862.8592558992785
10.0,863.3931051715612
10.2,863.9094843973004
10.4,864.4088532279461
10.6,864.8916654043329
10.8,865.3583684741732
11.0,865.8094035255729
11.2,866.2452049369466
11.4,866.6662001436316
11.6,867.0728094214198
11.8,867.4654456871592
12.0,867.8445143164953
12.2,868.2104129787585
12.4,868.5635314889341
12.6,868.9042516765842
12.8,869.2329472715332
13.0,869.5499838060686
13.2,869.855718533351
13.4,870.1505003616828
13.6,870.4346698042289
13.8,870.7085589437472
14.0,870.9724914118434
14.2,871.2267823822253
14.4,871.4717385774089
14.6,871.7076582882908
14.8,871.9348314059843
15.0,872.1535394652925
15.2,872.364055699178
15.4,872.5666451035718
15.6,872.7615645118582
15.8,872.949062678366
16.0,873.1293803701903
16.2,873.3027504666733
16.4,873.4693980658701
16.6,873.6295405973407
16.8,873.7833879406037
17.0,873.9311425486117
17.2,874.0729995756111
17.4,874.2091470087682
17.6,874.339765802958
17.8,874.4650300181313
18.0,874.585106958693
18.2,874.7001573143458
18.4,874.810335301875
18.6,874.9157888073713
18.8,875.0166595284105
19.0,875.1130831157343
19.2,875.2051893139977
19.4,875.2931021011714
19.6,875.3769398262131
19.8,875.4568153446436
20.0,875.5328361516857
20.2,875.605104512648
20.4,875.6737175902567
20.6,875.7387675686607
20.8,875.8003417738548
21.0,875.8585227902873
21.2,875.9133885734376
21.4,875.9650125581647
21.6,876.0134637626506
21.8,876.058806887773
22.0,876.101102411762
22.2,876.1404066800085
22.4,876.1767719899043
22.6,876.2102466706102
22.8,876.2408751576555
23.0,876.2686980622881
23.2,876.2937522355015
23.4,876.3160708266753
23.6,876.3356833367716
23.8,876.3526156660436
24.0,876.3668901562137
24.2,876.3785256270851
24.4,876.3875374075618
24.6,876.3939373610519
24.8,876.3977339052364
25.0,876.3989320261878
25.2,876.3975332868335
25.4,876.3935358297523
25.6,876.386934374308
25.8,876.3777202081181
26.0,876.3658811728666
26.2,876.351401644468
26.4,876.3342625076006
26.6,876.3144411246242
26.8,876.291911298908
27.0,876.266643232597
27.2,876.2386034788522
27.4,876.2077548886041
27.6,876.1740565518687
27.8,876.137463733682
28.0,876.0979278047165
28.2,876.0553961666516
28.4,876.0098121723844
28.6,875.9611150411715
28.8,875.9092397688111
29.0,875.8541170329808
29.2,875.7956730938672
29.4,875.7338296902317
29.6,875.6685039310755
29.8,875.5996081830841
30.0,875.5270499540476
30.2,875.4507317724706
30.4,875.370551063608
30.6,875.2864000221779
30.8,875.19816548203
31.0,875.1057287830631
31.2,875.0089656357095
31.4,874.9077459833301
31.6,874.8019338628807
31.8,874.691387264237
32.0,874.5759579885895
32.2,874.4554915063397
32.4,874.3298268149556
32.6,874.1987962972648
32.8,874.0622255806882
33.0,873.9199333979376
33.2,873.7717314497222
33.4,873.617424270029
33.6,873.4568090945617
33.8,873.2896757329402
34.0,873.1158064452779
34.2,872.9349758237714
34.4,872.7469506799438
34.6,872.5514899382031
34.8,872.3483445363736
35.0,872.1372573338731
35.2,871.9179630282076
35.4,871.6901880804554
35.6,871.4536506504095
35.8,871.2080605420439
36.0,870.9531191599549
36.2,870.6885194774195
36.4,870.4139460166963
36.6,870.1290748421702
36.8,869.8335735669247
37.0,869.5271013732892
37.2,869.2093090478868
37.4,868.8798390316629
37.6,868.538325485342
37.8,868.1843943707142
38.0,867.817663548104
38.2,867.4377428903263
38.4,867.0442344133775
38.6,866.6367324240517
38.8,866.21482368461
39.0,865.7780875945693
39.2,865.3260963896054
39.4,864.8584153574952
39.6,864.3746030709559
39.8,863.8742116371563
40.0,863.3567869636042
40.2,862.8218690400357
40.4,862.2689922358506
40.6,861.6976856125627
40.8,861.1074732506492
41.0,860.4978745901115
41.2,859.8684047839724
41.4,859.2185750638647
41.6,858.5478931167856
41.8,857.8558634720221
42.0,857.1419878971767
42.2,856.4057658021607
42.4,855.6466946499519
42.6,854.8642703728596
42.8,854.0579877929791
43.0,853.227341045472
43.2,852.3718240032587
43.4,851.4909307016737
43.6,850.5841557616013
43.8,849.6509948095783
44.0,848.6909448933379
44.2,847.7035048912493
44.4,846.6881759141069
44.6,845.6444616977259
44.8,844.571868984807
45.0,843.4699078945569
45.2,842.3380922785736
45.4,841.1759400615421
45.6,839.9829735653273
45.8,838.7587198151008
46.0,837.5027108261988
46.2,836.2144838704718
46.4,834.8935817209587
46.6,833.5395528738026
46.8,832.1519517464084
47.0,830.7303388509367
47.2,829.2742809423294
47.4,827.7833511401642
47.6,826.2571290237495
47.8,824.695200699979
48.0,823.0971588435903
48.2,821.4626027095877
48.4,819.7911381177147
48.6,818.0823774089891
48.8,816.3359393744378
49.0,814.5514491562967
49.2,812.7285381220704
49.4,810.866843711965
49.6,808.9660092603438
49.8,807.0256837919642
50.0,805.0455217938847
