0.0,716.3750558231268
0.2,718.1009518794194
0.4,719.9329483442922
0.6,721.8616822696283
0.8,723.8745919843767
1.0,725.9574120356012
1.2,728.0957048735886
1.4,730.2760913907246
1.6,732.4869984681726
1.8,734.7189151404448
2.0,736.9642737924642
2.2,739.2171215446542
2.4,741.4727305979931
2.6,743.7272458128772
2.8,745.977413683914
3.0,748.2203972786627
3.2,750.4536611524799
3.4,752.6749046777461
3.6,754.8820249517718
3.8,757.0730959615537
4.0,759.2463558596198
4.2,761.4001979202404
4.4,763.5331630031776
4.6,765.6439325618994
4.8,767.7313218163454
5.0,769.7942729660191
5.2,771.8318484215235
5.4,773.8432240696426
5.6,775.8276825984678
5.8,777.7846069111365
6.0,779.7134736556188
6.2,781.6138468957937
6.4,783.4853719465085
6.6,785.327769392646
6.8,787.1408293095346
7.0,788.9244056993572
7.2,790.6784111555947
7.4,792.402811764998
7.6,794.0976222541417
7.8,795.7629013853021
8.0,797.3987476042267
8.2,799.0052949403462
8.4,800.5827091581282
8.6,802.1311841565957
8.8,803.6509386125243
9.0,805.1422128615168
9.2,806.6052660100025
9.4,808.0403732702358
9.6,809.4478235095655
9.8,810.8279170045994
10.0,812.1809633903997
10.2,813.5072797944889
10.4,814.8071891452291
10.6,816.0810186440385
10.8,817.3290983909114
11.0,818.5517601528136
11.2,819.7493362647097
11.4,820.9221586532389
11.6,822.0705579733689
11.8,823.1948628487318
12.0,824.2953992067478
12.2,825.372489700083
12.4,826.4264532064444
12.6,827.4576043991904
12.8,828.4662533817087
13.0,829.4527053789991
13.2,830.4172604803655
13.4,831.3602134275941
13.6,832.2818534434356
13.8,833.182464095654
14.0,834.0623231923116
14.2,834.9217027043597
14.4,835.760868711972
14.6,836.5800813714118
14.8,837.3795948995472
15.0,838.1596575734309
15.2,838.9205117426402
15.4,839.6623938523322
15.6,840.3855344752016
15.8,841.0901583507417
16.0,841.7764844304068
16.2,842.4447259274447
16.4,843.0950903703318
16.6,843.7277796588796
16.8,844.3429901222071
17.0,844.9409125778939
17.2,845.5217323917183
17.4,846.0856295374795
17.6,846.6327786564789
17.8,847.1633491163012
18.0,847.6775050686011
18.2,848.1754055056458
18.4,848.6572043154157
18.6,849.1230503351007
18.8,849.573087402864
19.0,850.0074544077739
19.2,850.4262853378322
19.4,850.8297093260414
19.6,851.2178506944812
19.8,851.5908289963694
20.0,851.9487590561031
20.2,852.2917510072822
20.4,852.619910328727
20.6,852.9333378785084
20.8,853.2321299260173
21.0,853.5163781821
21.2,853.786169827293
21.4,854.041587538192
21.6,854.2827095119927
21.8,854.5096094892396
22.0,854.7223567748208
22.2,854.9210162572496
22.4,855.1056484262667
22.6,855.2763093888015
22.8,855.4330508833278
23.0,855.5759202926478
23.2,855.7049606551344
23.4,855.8202106744648
23.6,855.9217047278709
23.8,856.0094728729323
24.0,856.0835408529357
24.2,856.1439301008191
24.4,856.1906577417203
24.6,856.2237365941434
24.8,856.2431751697547
25.0,856.2489776718193
25.2,856.2411439922802
25.4,856.2196697074882
25.6,856.1845460725785
25.8,856.1357600144945
26.0,856.0732941236497
26.2,855.9971266442237
26.4,855.9072314630765
26.6,855.8035780972702
26.8,855.6861316801803
27.0,855.5548529461774
27.2,855.4096982138578
27.4,855.2506193677988
27.6,855.077563838813
27.8,854.8904745826749
28.0,854.6892900572855
28.2,854.473944198249
28.4,854.2443663928268
28.6,854.0004814522329
28.8,853.7422095822399
29.0,853.4694663520602
29.2,853.1821626614656
29.4,852.8802047061151
29.6,852.5634939410559
29.8,852.2319270423667
30.0,851.8853958669177
30.2,851.523787410219
30.4,851.1469837623397
30.6,850.7548620618816
30.8,850.3472944479997
31.0,849.9241480104687
31.2,849.4852847378062
31.4,849.0305614634754
31.6,848.5598298102
31.8,848.0729361324471
32.0,847.5697214571487
32.2,847.0500214227561
32.4,846.5136662167498
32.6,845.9604805117568
32.8,845.3902834004651
33.0,844.8028883295642
33.2,844.19810303299
33.4,843.5757294648082
33.6,842.9355637321302
33.8,842.2773960285311
34.0,841.6010105685192
34.2,840.9061855236964
34.4,840.1926929613604
34.6,839.4602987864109
34.8,838.7087626875583
35.0,837.9378380889813
35.2,837.1472721087438
35.4,836.3368055254687
35.6,835.5061727549652
35.8,834.6551018387358
36.0,833.7833144465304
36.2,832.8905258953895
36.4,831.9764451879078
36.6,831.0407750727693
36.8,830.0832121309463
37.0,829.1034468913239
37.2,828.1011639799003
37.4,827.0760423071335
37.6,826.0277552984363
37.8,824.9559711732883
38.0,823.8603532789026
38.2,822.7405604848823
38.4,821.5962476458017
38.6,820.4270661391602
38.8,819.2326644866621
39.0,818.012689067287
39.2,816.7667849311046
39.4,815.4945967232624
39.6,814.1957697280177
39.8,812.8699510430894
40.0,811.51679089496
40.2,810.1359441060555
40.4,808.7270717249492
40.6,807.2898428308766
40.8,805.8239365238903
41.0,804.3290441119134
41.2,802.8048715057657
41.4,801.2511418329134
41.6,799.6675982802244
41.8,798.0540071753936
42.0,796.4101613159155
42.2,794.7358835535262
42.4,793.0310306408979
42.6,791.2954973460602
42.8,789.5292208385142
43.0,787.7321853493326
43.2,785.9044271056749
43.4,784.0460395381214
43.6,782.1571787570352
43.8,780.2380692918351
44.0,778.2890100845872
44.2,776.3103807267588
44.4,774.3026479253222
44.6,772.2663721816783
44.8,770.2022146641456
45.0,768.1109442520462
45.2,765.9934447268341
45.4,763.8507220834574
45.6,761.683911933938
45.8,759.4942869770455
46.0,757.283264518863
46.2,755.0524140647706
46.4,752.8034651023441
46.6,750.5383154421226
46.8,748.2590410476329
47.0,745.967909457074
47.2,743.6674010846814
47.4,741.3602462859965
47.6,739.0494910818777
47.8,736.7386097739701
48.0,734.4316853240524
48.2,732.1336729756074
48.4,729.8507426995992
48.6,727.5906577203504
48.8,725.3630939956745
49.0,723.1797566367973
49.2,721.0541333815735
49.4,719.0007723985508
49.6,717.0340924950223
49.8,715.1669017048887
50.0,713.4089513025822
