0.0,861.7619026077732
0.2,862.3430680636129
0.4,862.9089348429799
0.6,863.4597095907058
0.8,863.9956009790568
1.0,864.516819699998
1.2,865.0235784473867
1.4,865.5160918890682
1.6,865.9945766288887
1.8,866.4592511586949
2.0,866.9103358004311
2.2,867.3480526384933
2.4,867.7726254425438
2.6,868.1842795810323
2.8,868.5832419257143
3.0,868.969740747494
3.2,869.3440056039603
3.4,869.7062672190193
3.6,870.0567573550587
3.8,870.3957086781143
4.0,870.7233546165319
4.2,871.0399292136516
4.4,871.3456669750536
4.6,871.640802710934
4.8,871.9255713741902
5.0,872.2002078948109
5.2,872.4649470111756
5.4,872.7200230988769
5.6,872.9656699976812
5.8,873.2021208372454
6.0,873.4296078622062
6.2,873.6483622572522
6.4,873.8586139727792
6.6,874.0605915517257
6.8,874.2545219581618
7.0,874.4406304081973
7.2,874.6191402037517
7.4,874.7902725697113
7.6,874.9542464949723
7.8,875.1112785778467
8.0,875.261582876282
8.2,875.4053707633134
8.4,875.542850788145
8.6,875.6742285432177
8.8,875.7997065375973
9.0,875.9194840769791
9.2,876.0337571505745
9.4,876.1427183251127
9.6,876.2465566461542
9.8,876.3454575468824
10.0,876.4396027645046
10.2,876.5291702643619
10.4,876.614334171813
10.6,876.6952647119268
10.8,876.7721281569898
11.0,876.8450867817971
11.2,876.9142988266767
11.4,876.9799184681608
11.6,877.0420957971947
11.8,877.1009768047514
12.0,877.1567033746891
12.2,877.209413283676
12.4,877.2592402079788
12.6,877.3063137368965
12.8,877.3507593926028
13.0,877.3926986561439
13.2,877.432248999329
13.4,877.4695239222323
13.6,877.504632996021
13.8,877.5376819108101
14.0,877.5687725282446
14.2,877.5980029384957
14.4,877.6254675213607
14.6,877.6512570111519
14.8,877.6754585650568
15.0,877.6981558346574
15.2,877.7194290402921
15.4,877.7393550479524
15.6,877.7580074484076
15.8,877.7754566382582
16.0,877.791769902621
16.2,877.8070114991633
16.4,877.8212427432047
16.6,877.8345220936171
16.8,877.8469052392643
17.0,877.8584451857274
17.2,877.8691923420816
17.4,877.8791946074901
17.6,877.8884974574005
17.8,877.8971440291378
18.0,877.905175206698
18.2,877.9126297045594
18.4,877.919544150342
18.6,877.9259531661528
18.8,877.9318894484717
19.0,877.937383846438
19.2,877.9424654384143
19.4,877.9471616067111
19.6,877.9514981103684
19.8,877.9554991558987
20.0,877.9591874659075
20.2,877.9625843455154
20.4,877.965709746515
20.6,877.9685823292032
20.8,877.9712195218392
21.0,877.9736375776845
21.2,877.9758516295879
21.4,877.9778757420845
21.6,877.9797229609856
21.8,877.9814053604376
22.0,877.9829340874367
22.2,877.9843194037873
22.4,877.9855707254984
22.6,877.9866966596122
22.8,877.9877050384639
23.0,877.9886029513746
23.2,877.9893967737776
23.4,877.9900921937856
23.6,877.9906942361993
23.8,877.9912072839657
24.0,877.9916350970918
24.2,877.9919808290192
24.4,877.9922470404632
24.6,877.9924357107254
24.8,877.9925482464813
25.0,877.9925854880469
25.2,877.9925477131272
25.4,877.9924346380499
25.6,877.9922454164798
25.8,877.9919786356195
26.0,877.99163230989
26.2,877.9912038720895
26.4,877.9906901620278
26.6,877.9900874126298
26.8,877.9893912335036
27.0,877.988596591968
27.2,877.987697791531
27.4,877.9866884478162
27.6,877.9855614619286
27.8,877.9843089912561
28.0,877.982922417702
28.2,877.9813923133459
28.4,877.9797084035312
28.6,877.9778595273813
28.8,877.9758335957471
29.0,877.9736175465936
29.2,877.971197297836
29.4,877.9685576976398
29.6,877.9656824722023
29.8,877.9625541710444
30.0,877.9591541098382
30.2,877.9554623108086
30.4,877.9514574407526
30.6,877.9471167467254
30.8,877.9424159894527
31.0,877.9373293745335
31.2,877.931829481512
31.4,877.9258871908986
31.6,877.9194716092397
31.8,877.912549992334
32.0,877.905087666715
32.2,877.8970479495238
32.4,877.8883920669068
32.6,877.8790790710888
32.8,877.8690657562782
33.0,877.8583065735777
33.2,877.84675354508
33.4,877.834356177346
33.6,877.8210613744684
33.8,877.80681335094
34.0,877.7915535445534
34.2,877.775220529573
34.4,877.7577499304285
34.6,877.7390743361896
34.8,877.7191232160916
35.0,877.6978228363912
35.2,877.6750961788373
35.4,877.6508628610525
35.6,877.6250390591229
35.8,877.597537432706
36.0,877.5682670529624
36.2,877.5371333336274
36.4,877.5040379655364
36.6,877.4688788549213
36.8,877.4315500657893
37.0,877.3919417667031
37.2,877.3499401822656
37.4,877.3054275496169
37.6,877.2582820802374
37.8,877.2083779273504
38.0,877.1555851591955
38.2,877.0997697384457
38.4,877.040793508016
38.6,876.9785141835036
38.8,876.9127853524795
39.0,876.8434564808318
39.2,876.7703729263424
39.4,876.6933759596578
39.6,876.6123027927881
39.8,876.526986615244
40.0,876.4372566378998
40.2,876.3429381446347
40.4,876.2438525517831
40.6,876.1398174753913
40.8,876.0306468062462
41.0,875.916150792614
41.2,875.7961361305876
41.4,875.670406061917
41.6,875.5387604791575
41.8,875.4009960379384
42.0,875.2569062761232
42.2,875.1062817395981
42.4,874.9489101143927
42.6,874.7845763648031
42.8,874.6130628771609
43.0,874.4341496088548
43.2,874.2476142421857
43.4,874.0532323426107
43.6,873.8507775208979
43.8,873.640021598696
44.0,873.4207347769978
44.2,873.1926858069538
44.4,872.9556421624761
44.6,872.7093702140579
44.8,872.4536354032164
45.0,872.1882024169607
45.2,871.9128353616742
45.4,871.6272979358007
45.6,871.3313536007155
45.8,871.0247657491697
46.0,870.7072978706951
46.2,870.378713713368
46.4,870.0387774413376
46.6,869.6872537875404
46.8,869.3239082010367
47.0,868.9485069884284
47.2,868.5608174488335
47.4,868.1606080019249
47.6,867.7476483085666
47.8,867.3217093836107
48.0,866.8825637004521
48.2,866.4299852869757
48.4,865.9637498125671
48.6,865.4836346658983
48.8,864.9894190232413
49.0,864.4808839071079
49.2,863.9578122350539
49.4,863.4199888585389
49.6,862.8672005917717
49.8,862.2992362305258
50.0,861.7158865609498
