0.0,839.1667007019333
0.2,841.3033687669317
0.4,843.3044569313661
0.6,845.1684381199254
0.8,846.8961560380986
1.0,848.4906809480555
1.2,849.9570709468608
1.4,851.302059061754
1.6,852.5336904848192
1.8,853.6609358714118
2.0,854.6933058566217
2.2,855.6404891017011
2.4,856.5120317712881
2.6,857.3170709845226
2.8,858.0641291274153
3.0,858.760970551226
3.2,859.4145175811285
3.4,860.0308192298813
3.6,860.6150636909102
3.8,861.1716245564621
4.0,861.7041306281353
4.2,862.215549936786
4.4,862.7082799069819
4.6,863.1842372300814
4.8,863.6449427232199
5.0,864.0915980722277
5.2,864.5251527648239
5.4,864.946360651385
5.6,865.355826405881
5.8,865.7540427159387
6.0,866.1414193476406
6.2,866.5183053578809
6.4,866.8850057171427
6.6,867.2417935063112
6.8,867.5889187024238
7.0,867.9266144004284
7.2,868.2551011521334
7.4,868.574589952567
7.6,868.8852842745397
7.8,869.1873814463358
8.0,869.4810735842063
8.2,869.7665482280515
8.4,870.0439887820274
8.6,870.3135748283585
8.8,870.5754823592694
9.0,870.829883956012
9.2,871.0769489333454
9.4,871.3168434609113
9.6,871.5497306685332
9.8,871.7757707397209
10.0,871.9951209959728
10.2,872.2079359734726
10.4,872.4143674931803
10.6,872.6145647249916
10.8,872.8086742464454
11.0,872.9968400963659
11.2,873.1792038237675
11.4,873.3559045323292
11.6,873.5270789207251
11.8,873.692861319098
12.0,873.8533837219493
12.2,874.0087758177201
12.4,874.1591650153275
12.6,874.3046764679173
12.8,874.4454330940833
13.0,874.5815555967955
13.2,874.7131624802687
13.4,874.8403700649944
13.6,874.963292501144
13.8,875.0820417805414
14.0,875.1967277473908
14.2,875.3074581079316
14.4,875.4143384391815
14.6,875.517472196915
14.8,875.6169607230128
15.0,875.7129032523059
15.2,875.8053969190248
15.4,875.8945367629564
15.6,875.9804157353931
15.8,876.06312470496
16.0,876.1427524633825
16.2,876.219385731256
16.4,876.2931091638706
16.6,876.3640053571291
16.8,876.4321548535968
17.0,876.4976361487066
17.2,876.560525697142
17.4,876.620897919413
17.6,876.6788252086326
17.8,876.7343779374978
18.0,876.7876244654739
18.2,876.8386311461782
18.4,876.8874623349525
18.6,876.9341803966136
18.8,876.9788457133645
19.0,877.0215166928516
19.2,877.062249776344
19.4,877.1010994470163
19.6,877.1381182383085
19.8,877.1733567423398
20.0,877.2068636183494
20.2,877.2386856011366
20.4,877.2688675094752
20.6,877.2974522544704
20.8,877.3244808478338
21.0,877.3499924100458
21.2,877.3740241783781
21.4,877.3966115147491
21.6,877.4177879133833
21.8,877.4375850082514
22.0,877.4560325802601
22.2,877.473158564171
22.4,877.4889890552217
22.6,877.5035483154275
22.8,877.516858779539
23.0,877.5289410606388
23.2,877.5398139553524
23.4,877.5494944486612
23.6,877.5579977182934
23.8,877.5653371386852
24.0,877.5715242844904
24.2,877.576568933633
24.4,877.5804790698867
24.6,877.5832608849746
24.8,877.5849187801816
25.0,877.5854553674722
25.2,877.5848714701091
25.4,877.5831661227738
25.6,877.5803365711823
25.8,877.5763782712013
26.0,877.5712848874659
26.2,877.5650482915036
26.4,877.5576585593678
26.6,877.5491039687927
26.8,877.5393709958747
27.0,877.5284443112942
27.2,877.516306776087
27.4,877.5029394369831
27.6,877.4883215213238
27.8,877.4724304315785
28.0,877.4552417394751
28.2,877.4367291797674
28.4,877.4168646436577
28.6,877.3956181718971
28.8,877.3729579475892
29.0,877.3488502887161
29.2,877.3232596404181
29.4,877.296148567048
29.6,877.2674777440293
29.8,877.2372059495443
30.0,877.2052900560813
30.2,877.1716850218666
30.4,877.1363438822121
30.6,877.0992177408042
30.8,877.0602557609634
31.0,877.0194051569023
31.2,876.9766111850072
31.4,876.9318171351717
31.6,876.884964322206
31.8,876.8359920773448
32.0,876.7848377398786
32.2,876.7314366489243
32.4,876.6757221353571
32.6,876.6176255139168
32.8,876.5570760754999
33.0,876.4940010796488
33.2,876.4283257472412
33.4,876.3599732533808
33.6,876.2888647204866
33.8,876.2149192115705
34.0,876.1380537236898
34.2,876.0581831815515
34.4,875.9752204312443
34.6,875.8890762340603
34.8,875.7996592603657
35.0,875.7068760834691
35.2,875.6106311734261
35.4,875.5108268907143
35.6,875.407363479695
35.8,875.3001390617756
36.0,875.1890496281682
36.2,875.0739890321363
36.4,874.9548489806012
36.6,874.8315190249746
36.8,874.7038865510673
37.0,874.5718367679144
37.2,874.4352526953406
37.4,874.294015150081
37.6,874.1480027302574
37.8,873.9970917980012
38.0,873.8411564599957
38.2,873.6800685457106
38.4,873.5136975830793
38.6,873.3419107713696
38.8,873.1645729509858
39.0,872.9815465699331
39.2,872.7926916466748
39.4,872.5978657290972
39.6,872.3969238493036
39.8,872.1897184739429
40.0,871.9760994497682
40.2,871.7559139440931
40.4,871.5290063797612
40.6,871.295218364146
40.8,871.0543886115096
41.0,870.80635285772
41.2,870.5509437657347
41.4,870.2879908192641
41.6,870.0173202003435
41.8,869.738754643806
42.0,869.4521132572434
42.2,869.1572112881477
42.4,868.8538598093367
42.6,868.541865277872
42.8,868.2210288993712
43.0,867.8911456962555
43.2,867.552003131944
43.4,867.2033790798906
43.6,866.8450388433287
43.8,866.476730826007
44.0,866.0981803251185
44.2,865.7090807670676
44.4,865.3090815412779
44.6,864.8977714198637
44.8,864.4746564026847
45.0,864.0391307283281
45.2,863.5904397816491
45.4,863.1276337553937
45.6,862.6495112392676
45.8,862.1545524647252
46.0,861.6408427668647
46.2,861.1059879527882
46.4,860.5470246704007
46.6,859.9603304880691
46.8,859.3415401042207
47.0,858.685475730521
47.2,857.9861010068922
47.4,857.2365085542564
47.6,856.4289511926194
47.8,855.5549257262111
48.0,854.6053158830549
48.2,853.5705974759522
48.4,852.4411042634003
48.6,851.2073476404029
48.8,849.8603776482815
49.0,848.3921674490097
49.2,846.7959990102324
49.4,845.0668249124594
49.6,843.201580422112
49.8,841.199421572245
50.0,839.0618689901318
