0.0,656.4415732897976
0.2,661.4767292433304
0.4,666.3699765549541
0.6,671.1254536493664
0.8,675.7472306394573
1.0,680.2393065040234
1.2,684.6056064877446
1.4,688.8499797286025
1.6,692.9761971163412
1.8,696.9879493839818
2.0,700.8888454328484
2.2,704.6824108900385
2.4,708.3720868958235
2.6,711.9612291170861
2.8,715.4531069816259
3.0,718.850903126997
3.2,722.1577130564914
3.4,725.376544993964
3.6,728.5103199284114
3.8,731.5618718385739
4.0,734.5339480873178
4.2,737.4292099751914
4.4,740.2502334423142
4.6,742.9995099076447
4.8,745.6794472346916
5.0,748.2923708128536
5.2,750.8405247437909
5.4,753.326073122549
5.6,755.7511014035313
5.8,758.1176178418694
6.0,760.4275550012323
6.2,762.6827713196457
6.4,764.8850527254484
6.6,767.0361142960778
6.8,769.1376019529382
7.0,771.1910941861652
7.2,773.1981038036331
7.4,775.1600796990637
7.6,777.0784086345698
7.8,778.9544170334116
8.0,780.7893727791345
8.2,782.5844870176237
8.4,784.3409159589108
8.6,786.0597626758433
8.8,787.7420788969496
9.0,789.3888667910163
9.2,791.0010807410442
9.4,792.5796291053606
9.6,794.1253759637523
9.8,795.6391428465427
10.0,797.121710444576
10.2,798.5738202980978
10.4,799.9961764625334
10.6,801.3894471491782
10.8,802.7542663388161
11.0,804.0912353663002
11.2,805.4009244741363
11.4,806.6838743331444
11.6,807.9405975283053
11.8,809.1715800079487
12.0,810.3772824945111
12.2,811.5581418551648
12.4,812.7145724307236
12.6,813.8469673213397
12.8,814.955699627637
13.0,816.0411236460697
13.2,817.103576017445
13.4,818.1433768277277
13.6,819.160830660405
13.8,820.156227599889
14.0,821.1298441856096
14.2,822.0819443166529
14.4,823.012780106984
14.6,823.9225926914877
14.8,824.8116129832467
15.0,825.6800623826565
15.2,826.5281534391487
15.4,827.3560904664627
15.6,828.1640701125517
15.8,828.9522818853583
16.0,829.720908635815
16.2,830.4701269995486
16.4,831.2001077988575
16.6,831.9110164066259
16.8,832.6030130739038
17.0,833.2762532229401
17.2,833.9308877074978
17.4,834.5670630423065
17.6,835.1849216035242
17.8,835.7846018020822
18.0,836.3662382317693
18.2,836.929961793903
18.4,837.4758998003908
18.6,838.004176056953
18.8,838.5149109282247
19.0,839.0082213864014
19.2,839.4842210450292
19.4,839.9430201794756
19.6,840.3847257355436
19.8,840.8094413276203
20.0,841.2172672276744
20.2,841.6083003463381
20.4,841.9826342072346
20.6,842.3403589156325
20.8,842.6815611224305
21.0,843.0063239844046
21.2,843.3147271215724
21.4,843.606846572461
21.6,843.8827547479974
21.8,844.1425203846712
22.0,844.3862084975633
22.2,844.613880333772
22.4,844.8255933267144
22.6,845.0214010517317
22.8,845.2013531833765
23.0,845.3654954547189
23.2,845.513869618969
23.4,845.6465134136716
23.6,845.763460527704
23.8,845.8647405712663
24.0,845.95037904904
24.2,846.020397336649
24.4,846.0748126605531
24.6,846.113638081467
24.8,846.1368824813894
25.0,846.1445505543088
25.2,846.1366428006297
25.4,846.1131555253578
25.6,846.0740808400599
25.8,846.0194066686034
26.0,845.9491167566666
26.2,845.8631906849926
26.4,845.7616038863467
26.6,845.6443276661201
26.8,845.5113292264998
27.0,845.3625716941102
27.2,845.1980141510065
27.4,845.0176116688727
27.6,844.8213153462563
27.8,844.6090723486321
28.0,844.3808259510644
28.2,844.1365155831897
28.4,843.8760768762108
28.6,843.5994417115417
28.8,843.3065382707002
29.0,842.9972910859925
29.2,842.6716210914758
29.4,842.32944567363
29.6,841.9706787211054
29.8,841.5952306728464
30.0,841.2030085638213
30.2,840.7939160675214
30.4,840.3678535343076
30.6,839.9247180246165
30.8,839.4644033359506
31.0,838.9868000225017
31.2,838.4917954061757
31.4,837.9792735777029
31.6,837.4491153864446
31.8,836.9011984174235
32.0,836.3353969540339
32.2,835.7515819248141
32.4,835.1496208325997
32.6,834.5293776643116
32.8,833.8907127795813
33.0,833.2334827763689
33.2,832.5575403316889
33.4,831.8627340155354
33.6,831.1489080760766
33.8,830.4159021941867
34.0,829.6635512053866
34.2,828.8916847872895
34.4,828.1001271106786
34.6,827.2886964523949
34.8,826.4572047682726
35.0,825.6054572244461
35.2,824.7332516854369
35.4,823.8403781575428
35.6,822.9266181861702
35.8,821.9917442058913
36.0,821.0355188421481
36.2,820.0576941636944
36.4,819.0580108850307
36.6,818.0361975182682
36.8,816.991969474043
37.0,815.9250281112952
37.2,814.8350597359176
37.4,813.7217345484796
37.6,812.5847055414175
37.8,811.4236073462833
38.0,810.2380550318225
38.2,809.0276428538291
38.4,807.7919429579026
38.6,806.5305040363771
38.8,805.2428499408501
39.0,803.9284782518607
39.2,802.5868588073931
39.4,801.2174321919764
39.6,799.8196081882462
39.8,798.3927641929076
40.0,796.9362435990984
40.2,795.4493541472087
40.4,793.9313662462528
40.6,792.381511267925
40.8,790.7989798155122
41.0,789.1829199698611
41.2,787.5324355146491
41.4,785.8465841432493
41.6,784.1243756495437
41.8,782.3647701051225
42.0,780.5666760254044
42.2,778.7289485273445
42.4,776.8503874815578
42.6,774.9297356618705
42.8,772.9656768955491
43.0,770.956834217721
43.2,768.9017680338045
43.4,766.7989742941189
43.6,764.6468826852251
43.8,762.4438548429735
44.0,760.1881825926883
44.2,757.8780862224061
44.4,755.5117127955843
44.6,753.0871345102311
44.8,750.6023471119197
45.0,748.0552683686943
45.2,745.443736616373
45.4,742.765509383251
45.6,740.0182621036553
45.8,737.1995869302069
46.0,734.3069916549888
46.2,731.3378987500846
46.4,728.2896445381402
46.6,725.159478503682
46.8,721.9445627559091
47.0,718.6419716535408
47.2,715.248691602037
47.4,711.7616210331279
47.6,708.1775705760648
47.8,704.4932634293517
48.0,700.7053359409302
48.2,696.8103384038762
48.4,692.804736073628
48.6,688.6849104116081
48.8,684.4471605588489
49.0,680.0877050418754
49.2,675.6026837116818
49.4,670.9881599151449
49.6,666.2401228966979
49.8,661.3544904265417
50.0,656.3271116501236
