0.0,783.3997147190313
0.2,785.6128202311743
0.4,787.7790184446138
0.6,789.8994819030918
0.8,791.9753344882575
1.0,794.0076503803201
1.2,795.9974536921616
1.4,797.945718748706
1.6,799.8533709669521
1.8,801.7212882781291
2.0,803.5503030223821
2.2,805.3412042385477
2.4,807.0947402670615
2.6,808.8116215827725
2.8,810.4925237762161
3.0,812.1380906063487
3.2,813.7489370544115
3.4,815.3256523169557
3.6,816.8688026855498
3.8,818.3789342707857
4.0,819.8565755383797
4.2,821.3022396349871
4.4,822.7164264904667
4.6,824.0996246914514
4.8,825.4523131280428
5.0,826.7749624211415
5.2,828.0680361423441
5.4,829.3319918415297
5.6,830.5672818993236
5.8,831.774354222705
6.0,832.9536528022592
6.2,834.105618149157
6.4,835.2306876290087
6.6,836.3292957084536
6.8,837.4018741288411
7.0,838.4488520197422
7.2,839.470655963403
7.4,840.4677100196708
7.6,841.440435719451
7.8,842.3892520334125
8.0,843.3145753214693
8.2,844.2168192675376
8.4,845.0963948031861
8.6,845.9537100230652
8.8,846.7891700943982
9.0,847.6031771623227
9.2,848.3961302524871
9.4,849.1684251719938
9.6,849.9204544095434
9.8,850.6526070354479
10.0,851.3652686020437
10.2,852.0588210449232
10.4,852.733642585331
10.6,853.3901076340031
10.8,854.0285866966876
11.0,854.6494462815504
11.2,855.2530488086397
11.4,855.8397525215681
11.6,856.4099114015482
11.8,856.9638750839098
12.0,857.5019887772082
12.2,858.0245931850285
12.4,858.5320244305761
12.6,859.0246139841354
12.8,859.5026885934687
13.0,859.9665702172227
13.2,860.41657596139
13.4,860.8530180188774
13.6,861.2762036122137
13.8,861.6864349394262
14.0,862.084009123103
14.2,862.4692181626524
14.4,862.8423488897603
14.6,863.203682927037
14.8,863.5534966498401
15.0,863.8920611512476
15.2,864.219642210151
15.4,864.5365002624272
15.6,864.8428903751432
15.8,865.1390622237395
16.0,865.4252600721304
16.2,865.7017227556519
16.4,865.9686836667845
16.6,866.2263707435706
16.8,866.4750064606374
17.0,866.7148078227376
17.2,866.9459863607074
17.4,867.168748129743
17.6,867.38329370989
17.8,867.5898182086335
18.0,867.7885112654786
18.2,867.9795570584054
18.4,868.1631343120757
18.6,868.3394163076764
18.8,868.5085708942706
19.0,868.6707605015348
19.2,868.8261421537562
19.4,868.9748674849635
19.6,869.117082755064
19.8,869.2529288668592
20.0,869.3825413838152
20.2,869.5060505484603
20.4,869.6235813012848
20.6,869.7352533000221
20.8,869.8411809391883
21.0,869.9414733697628
21.2,870.0362345188915
21.4,870.1255631095021
21.6,870.2095526797171
21.8,870.2882916019628
22.0,870.3618631016652
22.2,870.4303452754392
22.4,870.4938111086726
22.6,870.5523284924149
22.8,870.6059602394869
23.0,870.6547640997287
23.2,870.6987927743128
23.4,870.7380939290473
23.6,870.7727102066115
23.8,870.8026792376581
24.0,870.8280336507341
24.2,870.8488010809695
24.4,870.8650041774944
24.6,870.87666060955
24.8,870.8837830712639
25.0,870.8863792850661
25.2,870.8844520037328
25.4,870.8779990110459
25.6,870.8670131210661
25.8,870.8514821760224
26.0,870.8313890428283
26.2,870.8067116082404
26.4,870.7774227726826
26.6,870.7434904427639
26.8,870.7048775225257
27.0,870.6615419034599
27.2,870.6134364533442
27.4,870.5605090039494
27.6,870.502702337677
27.8,870.4399541731922
28.0,870.3721971501228
28.2,870.2993588128995
28.4,870.2213615938184
28.6,870.1381227954125
28.8,870.0495545722213
29.0,869.9555639120551
29.2,869.8560526168527
29.4,869.7509172832354
29.6,869.6400492828652
29.8,869.5233347427179
30.0,869.4006545253837
30.2,869.2718842095129
30.4,869.1368940705255
30.6,868.995549061706
30.8,868.8477087958066
31.0,868.6932275272826
31.2,868.5319541352877
31.4,868.3637321075538
31.6,868.1883995252831
31.8,868.00578904918
32.0,867.8157279067486
32.2,867.6180378809823
32.4,867.41253530057
32.6,867.1990310317417
32.8,866.9773304718768
33.0,866.7472335449904
33.2,866.5085346992178
33.4,866.261022906407
33.6,866.0044816639319
33.8,865.7386889988284
34.0,865.4634174743569
34.2,865.1784341990892
34.4,864.8835008386069
34.6,864.5783736299019
34.8,864.2628033985578
35.0,863.9365355787863
35.2,863.599310236386
35.4,863.2508620946862
35.6,862.8909205635292
35.8,862.5192097713378
36.0,862.1354486003066
36.2,861.7393507247502
36.4,861.3306246526306
36.6,860.9089737702785
36.8,860.4740963903174
37.0,860.025685802786
37.2,859.563430329451
37.4,859.0870133812894
37.6,858.5961135191133
37.8,858.090404517299
38.0,857.569555430577
38.2,857.033230663824
38.4,856.4810900447962
38.6,855.9127888997283
38.8,855.3279781317163
39.0,854.7263043017916
39.2,854.1074097125833
39.4,853.4709324944537
39.6,852.8165066939838
39.8,852.1437623646659
40.0,851.4523256596469
40.2,850.7418189263451
40.4,850.0118608027348
40.6,849.2620663150607
40.8,848.4920469766957
41.0,847.701410887798
41.2,846.8897628353374
41.4,846.0567043929584
41.6,845.2018340200016
41.8,844.3247471588166
42.0,843.4250363292596
42.2,842.5022912189517
42.4,841.5560987674826
42.6,840.5860432422438
42.8,839.5917063029607
43.0,838.5726670512521
43.2,837.5285020606497
43.4,836.4587853814653
43.6,835.3630885136849
43.8,834.2409803397064
44.0,833.0920270072451
44.2,831.9157917511242
44.4,830.7118346410132
44.6,829.4797122405383
44.8,828.2189771616579
45.0,826.9291774968918
45.2,825.6098561110458
45.4,824.2605497736429
45.6,822.8807881135185
45.8,821.4700923781302
46.0,820.0279739822322
46.2,818.5539328338078
46.4,817.0474554296429
46.6,815.5080127187108
46.8,813.9350577386074
47.0,812.3280230385298
47.2,810.6863179115479
47.4,809.0093254689014
47.6,807.2963995993953
47.8,805.5468618672148
48.0,803.7599984111301
48.2,801.9350569165462
48.4,800.0712437386275
48.6,798.1677212592468
48.8,796.223605562304
49.0,794.2379645106798
49.2,792.2098163034901
49.4,790.1381285843323
49.6,788.021818159991
49.8,785.8597513748869
50.0,783.6507451699129
