0.0,806.3320150317998
0.2,808.2520406367499
0.4,810.1308990180399
0.6,811.9690076350445
0.8,813.7667891732096
1.0,815.5246717396722
1.2,817.2430890322627
1.4,818.9224804809893
1.6,820.5632913612396
1.8,822.1659728780876
2.0,823.7309822212363
2.2,825.2587825902799
2.4,826.7498431901159
2.6,828.2046391964925
2.8,829.6236516918188
3.0,831.0073675715171
3.2,832.3562794213354
3.4,833.6708853661842
3.6,834.9516888911869
3.8,836.1991986357722
4.0,837.413928161752
4.2,838.5963956964505
4.4,839.7471238520543
4.6,840.8666393224584
4.8,841.9554725589707
5.0,843.0141574263253
5.2,844.0432308405254
5.4,845.0432323901041
5.6,846.0147039424443
5.8,846.9581892368443
6.0,847.8742334660519
6.2,848.7633828480118
6.4,849.626184189591
6.6,850.4631844440464
6.8,851.2749302640005
7.0,852.0619675516734
7.2,852.8248410080972
7.4,853.5640936830109
7.6,854.2802665270909
7.8,854.9738979481266
8.0,855.6455233726952
8.2,856.2956748148309
8.4,856.9248804531139
8.6,857.5336642175313
8.8,858.1225453873859
9.0,858.6920382014467
9.2,859.2426514814446
9.4,859.7748882699326
9.6,860.2892454834354
9.8,860.7862135817188
10.0,861.2662762539172
10.2,861.7299101221573
10.4,862.1775844632265
10.6,862.6097609487327
10.8,863.0268934041139
11.0,863.4294275867595
11.2,863.8178009834149
11.4,864.1924426269566
11.6,864.5537729325338
11.8,864.9022035529972
12.0,865.2381372534501
12.2,865.5619678046914
12.4,865.8740798952398
12.6,866.1748490615721
12.8,866.4646416361406
13.0,866.7438147126825
13.2,867.0127161282786
13.4,867.2716844615771
13.6,867.5210490465521
13.8,867.7611300011303
14.0,867.9922382699912
14.2,868.2146756808152
14.4,868.4287350132338
14.6,868.6347000797176
14.8,868.8328458176262
15.0,869.0234383916352
15.2,869.2067353057494
15.4,869.3829855241138
15.6,869.5524295998354
15.8,869.7152998110348
16.0,869.8718203033604
16.2,870.0222072382064
16.4,870.1666689458958
16.6,870.3054060831062
16.8,870.4386117938367
17.0,870.5664718732381
17.2,870.6891649336524
17.4,870.8068625722332
17.6,870.9197295395468
17.8,871.0279239085829
18.0,871.1315972436275
18.2,871.2308947684896
18.4,871.3259555335931
18.6,871.4169125814817
18.8,871.503893110314
19.0,871.5870186349514
19.2,871.6664051452759
19.4,871.7421632614013
19.6,871.8143983854667
19.8,871.8832108497352
20.0,871.9486960607384
20.2,872.0109446392387
20.4,872.0700425558039
20.6,872.1260712618092
20.8,872.1791078157064
21.0,872.2292250044177
21.2,872.2764914597316
21.4,872.3209717695983
21.6,872.3627265842313
21.8,872.4018127169451
22.0,872.4382832396662
22.2,872.4721875730693
22.4,872.5035715713002
22.6,872.5324776012586
22.8,872.5589446164171
23.0,872.5830082251671
23.2,872.6047007536805
23.4,872.6240513032859
23.6,872.6410858023612
23.8,872.655827052743
24.0,872.6682947706626
24.2,872.6785056222114
24.4,872.686473253347
24.6,872.6922083144417
24.8,872.695718479386
25.0,872.6970084592455
25.2,872.6960800104822
25.4,872.6929319377354
25.6,872.6875600911678
25.8,872.6799573583721
26.0,872.6701136508351
26.2,872.6580158849549
26.4,872.6436479576047
26.6,872.6269907162348
26.8,872.6080219235038
27.0,872.5867162164325
27.2,872.5630450600715
27.4,872.5369766956749
27.6,872.5084760833752
27.8,872.4775048393603
28.0,872.44402116755
28.2,872.4079797857811
28.4,872.3693318465142
28.6,872.3280248520792
28.8,872.284002564489
29.0,872.2372049098583
29.2,872.1875678774762
29.4,872.1350234135901
29.6,872.0794993099785
29.8,872.0209190873968
30.0,871.9592018740063
30.2,871.8942622789026
30.4,871.8260102608896
30.6,871.7543509926596
30.8,871.6791847205617
31.0,871.6004066201662
31.2,871.5179066478559
31.4,871.4315693886988
31.6,871.341273900886
31.8,871.2468935570433
32.0,871.1482958827543
32.2,871.0453423926626
32.4,870.9378884245472
32.6,870.8257829717986
32.8,870.7088685147509
33.0,870.5869808513543
33.2,870.4599489277088
33.4,870.3275946689978
33.6,870.1897328114031
33.8,870.0461707356014
34.0,869.8967083024721
34.2,869.7411376916771
34.4,869.5792432437889
34.6,869.4108013066765
34.8,869.2355800868705
35.0,869.0533395066534
35.2,868.8638310676334
35.4,868.6667977215772
35.6,868.4619737492815
35.8,868.2490846482783
36.0,868.0278470301623
36.2,867.7979685283384
36.4,867.5591477169737
36.6,867.311074041939
36.8,867.0534277645022
37.0,866.7858799185258
37.2,866.5080922818967
37.4,866.2197173628863
37.6,865.9203984021103
37.8,865.6097693907208
38.0,865.2874551054184
38.2,864.9530711608292
38.4,864.6062240797339
38.6,864.2465113815886
38.8,863.8735216897047
39.0,863.4868348573968
39.2,863.0860221133354
39.4,862.6706462262624
39.6,862.2402616891555
39.8,861.7944149228393
40.0,861.3326444989572
40.2,860.854481382132
40.4,860.3594491910478
40.6,859.8470644780958
40.8,859.3168370271309
41.0,858.76827016879
41.2,858.2008611127281
41.4,857.6141012960284
41.6,857.0074767469532
41.8,856.3804684631024
42.0,855.7325528029568
42.2,855.063201889694
42.4,854.3718840260764
42.6,853.6580641191283
42.8,852.9212041132433
43.0,852.1607634302843
43.2,851.3761994151772
43.4,850.5669677854313
43.6,849.7325230829707
43.8,848.8723191266104
44.0,847.9858094634684
44.2,847.0724478175822
44.4,846.1316885339663
44.6,845.1629870163393
44.8,844.1658001567434
45.0,843.1395867552841
45.2,842.083807928235
45.4,840.9979275027758
45.6,839.8814123966658
45.8,838.7337329812054
46.0,837.554363425888
46.2,836.3427820232127
46.4,835.0984714922012
46.6,833.820919259247
46.8,832.5096177150185
47.0,831.1640644462381
47.2,829.7837624412663
47.4,828.3682202685451
47.6,826.9169522270665
47.8,825.4294784681733
48.0,823.9053250881284
48.2,822.3440241910306
48.4,820.7451139218003
48.6,819.1081384691037
48.8,817.4326480382355
49.0,815.7181987941293
49.2,813.9643527748178
49.4,812.1706777758118
49.6,810.3367472060203
49.8,808.4621399159781
50.0,806.5464399992906
