0.0,853.6433625133955
0.2,854.2713172131904
0.4,854.8843071050103
0.6,855.4825551967887
0.8,856.0662841869765
1.0,856.6357164276288
1.2,857.1910738862908
1.4,857.7325781066787
1.6,858.260450168155
1.8,858.7749106440066
2.0,859.2761795585382
2.2,859.7644763430025
2.4,860.2400197903938
2.6,860.7030280091386
2.8,861.1537183757217
3.0,861.5923074862945
3.2,862.0190111073152
3.4,862.4340441252806
3.6,862.8376204956093
3.8,863.2299531907445
4.0,863.6112541475514
4.2,863.9817342140819
4.4,864.3416030957916
4.6,864.6910693012924
4.8,865.0303400877314
5.0,865.3596214058864
5.2,865.6791178450736
5.4,865.9890325779663
5.6,866.2895673054226
5.8,866.5809222014238
6.0,866.863295858228
6.2,867.1368852318395
6.4,867.4018855879018
6.6,867.6584904481148
6.8,867.906891537283
7.0,868.1472787310978
7.2,868.3798400047546
7.4,868.6047613825077
7.6,868.8222268882614
7.8,869.0324184972934
8.0,869.2355160892076
8.2,869.4316974022054
8.4,869.6211379887649
8.6,869.8040111728153
8.8,869.9804880084847
9.0,870.1507372405007
9.2,870.3149252663178
9.4,870.4732161000379
9.6,870.6257713381902
9.8,870.7727501274296
10.0,870.9143091342056
10.2,871.0506025164545
10.4,871.1817818973544
10.6,871.3079963411849
10.8,871.429392331322
11.0,871.5461137503959
11.2,871.6583018626346
11.4,871.7660952984071
11.6,871.8696300409783
11.8,871.9690394154793
12.0,872.064454080093
12.2,872.156002019448
12.4,872.2438085402093
12.6,872.3279962688487
12.8,872.4086851515724
13.0,872.4859924563787
13.2,872.5600327772113
13.4,872.6309180401752
13.6,872.6987575117686
13.8,872.7636578090874
14.0,872.8257229119499
14.2,872.8850541768885
14.4,872.9417503529482
14.6,872.9959075992318
14.8,873.0476195041223
15.0,873.0969771061181
15.2,873.1440689162063
15.4,873.1889809416999
15.6,873.2317967114624
15.8,873.27259730244
16.0,873.3114613674196
16.2,873.3484651639315
16.4,873.3836825842086
16.6,873.4171851861199
16.8,873.4490422249888
17.0,873.4793206862086
17.2,873.5080853185674
17.4,873.5353986681944
17.6,873.5613211130363
17.8,873.5859108977759
18.0,873.6092241691051
18.2,873.631315011263
18.4,873.6522354817506
18.6,873.6720356471376
18.8,873.6907636188728
19.0,873.7084655890159
19.2,873.7251858658042
19.4,873.7409669089755
19.6,873.7558493647639
19.8,873.7698721004932
20.0,873.7830722386858
20.2,873.795485190618
20.4,873.8071446892458
20.6,873.8180828214299
20.8,873.8283300593941
21.0,873.8379152913483
21.2,873.8468658512145
21.4,873.8552075473941
21.6,873.8629646905171
21.8,873.8701601201177
22.0,873.8768152301841
22.2,873.8829499935299
22.4,873.8885829849407
22.6,873.8937314030505
22.8,873.8984110909048
23.0,873.9026365551719
23.2,873.9064209839669
23.4,873.9097762632514
23.6,873.9127129917814
23.8,873.9152404945747
24.0,873.9173668348716
24.2,873.9190988245683
24.4,873.9204420331043
24.6,873.9214007947865
24.8,873.9219782145374
25.0,873.9221761720577
25.2,873.9219953243961
25.4,873.9214351069222
25.6,873.9204937326998
25.8,873.9191681902654
26.0,873.9174542398142
26.2,873.9153464078017
26.4,873.9128379799731
26.6,873.9099209928326
26.8,873.9065862235693
27.0,873.9028231784614
27.2,873.8986200797777
27.4,873.8939638512056
27.6,873.8888401018312
27.8,873.8832331087045
28.0,873.8771257980235
28.2,873.8704997249733
28.4,873.8633350522633
28.6,873.8556105273996
28.8,873.8473034587452
29.0,873.8383896904114
29.2,873.8288435760325
29.4,873.8186379514789
29.6,873.8077441065648
29.8,873.7961317558076
30.0,873.7837690083037
30.2,873.7706223367816
30.4,873.7566565459017
30.6,873.741834739869
30.8,873.7261182894312
31.0,873.709466798335
31.2,873.6918380693164
31.4,873.6731880697004
31.6,873.65347089669
31.8,873.6326387424273
32.0,873.6106418589042
32.2,873.58742852281
32.4,873.5629450004006
32.6,873.5371355124727
32.8,873.5099421995325
33.0,873.4813050872456
33.2,873.4511620522557
33.4,873.419448788463
33.6,873.386098773848
33.8,873.3510432379315
34.0,873.3142111299608
34.2,873.2755290879055
34.4,873.2349214083569
34.6,873.1923100174126
34.8,873.1476144426338
35.0,873.1007517861593
35.2,873.0516366990607
35.4,873.0001813570144
35.6,872.9462954373761
35.8,872.8898860977283
36.0,872.830857955979
36.2,872.7691130720789
36.4,872.704550931429
36.6,872.6370684300402
36.8,872.5665598615085
37.0,872.4929169058619
37.2,872.4160286203335
37.4,872.3357814321112
37.6,872.2520591331063
37.8,872.1647428767861
38.0,872.073711177102
38.2,871.9788399095477
38.4,871.8800023143716
38.6,871.7770690019662
38.8,871.6699079604477
39.0,871.5583845654386
39.2,871.4423615920558
39.4,871.3216992291063
39.6,871.1962550954814
39.8,871.065884258738
40.0,870.9304392558513
40.2,870.7897701161123
40.4,870.6437243861451
40.6,870.4921471570037
40.8,870.3348810933161
41.0,870.1717664644211
41.2,870.002641177455
41.4,869.8273408123262
41.6,869.64569865852
41.8,869.4575457536667
42.0,869.2627109238009
42.2,869.0610208252381
42.4,868.8522999879899
42.6,868.6363708606325
42.8,868.4130538565427
43.0,868.1821674014101
43.2,867.9435279819322
43.4,867.6969501955962
43.6,867.4422468014477
43.8,867.1792287717464
44.0,866.9077053444048
44.2,866.6274840761073
44.4,866.3383708960025
44.6,866.040170159865
44.8,865.7326847046191
45.0,865.4157159031204
45.2,865.0890637190877
45.4,864.752526762084
45.6,864.4059023424408
45.8,864.0489865260272
46.0,863.6815741887639
46.2,863.303459070785
46.4,862.9144338301572
46.6,862.5142900960626
46.8,862.1028185213621
47.0,861.6798088344566
47.2,861.2450498903657
47.4,860.7983297209554
47.6,860.3394355842407
47.8,859.8681540127071
48.0,859.3842708605877
48.2,858.8875713500464
48.4,858.3778401162241
48.6,857.8548612511038
48.8,857.3184183461653
49.0,856.7682945338004
49.2,856.2042725274694
49.4,855.6261346605864
49.6,855.0336629241241
49.8,854.4266390029404
50.0,853.8048443108324
