0.0,804.235730337635
0.2,806.1768927967676
0.4,808.0771124392886
0.6,809.9368165292958
0.8,811.7564364167321
1.0,813.536407686359
1.2,815.2771702860919
1.4,816.9791686339828
1.6,818.642851703241
1.8,820.2686730847889
2.0,821.8570910269575
2.2,823.4085684520388
2.4,824.9235729495207
2.6,826.4025767459409
2.8,827.8460566514101
3.0,829.2544939829577
3.2,830.6283744649666
3.4,831.9681881070643
3.6,833.2744290599418
3.8,834.5475954496685
4.0,835.7881891911663
4.2,836.9967157815965
4.4,838.1736840744948
4.6,839.3196060355733
4.8,840.4349964811794
5.0,841.5203728004661
5.2,842.5762546623973
5.4,843.6031637087556
5.6,844.6016232343758
5.8,845.5721578558647
6.0,846.5152931701008
6.2,847.4315554038325
6.4,848.3214710557178
6.6,849.1855665321551
6.8,850.0243677782606
7.0,850.8383999053503
7.2,851.6281868162691
7.4,852.3942508299009
7.6,853.1371123061676
7.8,853.8572892728004
8.0,854.5552970551308
8.2,855.2316479101147
8.4,855.8868506657531
8.6,856.5214103670318
8.8,857.1358279294438
9.0,857.730599801107
9.2,858.3062176344247
9.4,858.8631679681805
9.6,859.4019319208875
9.8,859.9229848961481
10.0,860.4267963007111
10.2,860.9138292758412
10.4,861.384540442547
10.6,861.8393796611412
10.8,862.2787898055342
11.0,862.703206552593
11.2,863.1130581868252
11.4,863.508765420583
11.6,863.8907412299059
11.8,864.2593907060649
12.0,864.6151109228018
12.2,864.9582908191926
12.4,865.2893110980139
12.6,865.6085441394265
12.8,865.9163539297421
13.0,866.2130960049866
13.2,866.4991174089289
13.4,866.7747566651982
13.6,867.0403437630746
13.8,867.2962001565003
14.0,867.5426387758283
14.2,867.7799640517917
14.4,868.0084719511561
14.6,868.2284500234913
14.8,868.4401774584824
15.0,868.643925153185
15.2,868.8399557886139
15.4,869.0285239150518
15.6,869.2098760454533
15.8,869.3842507563198
16.0,869.5518787954202
16.2,869.7129831957359
16.4,869.8677793950117
16.6,870.0164753603043
16.8,870.1592717169293
17.0,870.2963618812171
17.2,870.4279321965049
17.4,870.5541620718054
17.6,870.6752241226097
17.8,870.7912843132988
18.0,870.9025021006589
18.2,871.0090305780158
18.4,871.1110166195185
18.6,871.208601024134
18.8,871.3019186589255
19.0,871.3910986012155
19.2,871.476264279255
19.4,871.55753361104
19.6,871.6350191409421
19.8,871.7088281738384
20.0,871.779062906448
20.2,871.8458205556033
20.4,871.9091934832043
20.6,871.9692693176245
20.8,872.0261310713522
21.0,872.0798572546761
21.2,872.130521985232
21.4,872.1781950932526
21.6,872.2229422223721
21.8,872.2648249258538
22.0,872.303900758124
22.2,872.3402233615047
22.4,872.3738425480537
22.6,872.404804376427
22.8,872.4331512236938
23.0,872.4589218520387
23.2,872.4821514702954
23.4,872.5028717902671
23.6,872.5211110777898
23.8,872.5368941985049
24.0,872.5502426583131
24.2,872.5611746384824
24.4,872.5697050253929
24.6,872.5758454348995
24.8,872.5796042313013
25.0,872.5809865409076
25.2,872.5799942601918
25.4,872.5766260585318
25.6,872.5708773755322
25.8,872.562740412931
26.0,872.5522041210928
26.2,872.5392541800945
26.4,872.523872975413
26.6,872.5060395682266
26.8,872.485729660343
27.0,872.4629155537783
27.2,872.4375661050037
27.4,872.4096466738945
27.6,872.3791190674108
27.8,872.3459414780515
28.0,872.3100684171296
28.2,872.2714506429204
28.4,872.2300350837471
28.6,872.1857647560763
28.8,872.1385786777037
29.0,872.0884117761241
29.2,872.0351947921913
29.4,871.9788541791849
29.6,871.9193119974145
29.8,871.8564858045114
30.0,871.7902885415647
30.2,871.7206284152836
30.4,871.6474087763812
30.6,871.5705279943928
30.8,871.4898793291607
31.0,871.4053507992406
31.2,871.3168250475001
31.4,871.2241792042023
31.6,871.1272847478923
31.8,871.0260073644188
32.0,870.9202068044525
32.2,870.8097367398801
32.4,870.6944446194766
32.6,870.5741715242791
32.8,870.448752023111
33.0,870.31801402872
33.2,870.1817786550218
33.4,870.0398600759532
33.6,869.8920653864656
33.8,869.7381944662004
34.0,869.5780398464107
34.2,869.4113865807026
34.4,869.2380121201907
34.6,869.0576861936667
34.8,868.8701706933941
35.0,868.6752195671498
35.2,868.4725787171358
35.4,868.2619859063901
35.6,868.0431706733244
35.8,867.8158542550129
36.0,867.579749519853
36.2,867.3345609102082
36.4,867.0799843956314
36.6,866.8157074372516
36.8,866.5414089638901
37.0,866.2567593604465
37.2,865.9614204690726
37.4,865.6550456036186
37.6,865.3372795778095
37.8,865.0077587475643
38.0,864.6661110678396
38.2,864.3119561643275
38.4,863.9449054202975
38.6,863.5645620788151
38.8,863.1705213605238
39.0,862.7623705971125
39.2,862.3396893805392
39.4,861.9020497280134
39.6,861.4490162626795
39.8,860.9801464098745
40.0,860.4949906087684
40.2,859.9930925391234
40.4,859.4739893628378
40.6,858.9372119798708
40.8,858.38228529807
41.0,857.8087285163543
41.2,857.2160554206322
41.4,856.6037746917624
41.6,855.9713902248
41.8,855.3184014586982
42.0,854.6443037155736
42.2,853.9485885485782
42.4,853.2307440973609
42.6,852.4902554500496
42.8,851.7266050106227
43.0,850.9392728705008
43.2,850.1277371831393
43.4,849.2914745403662
43.6,848.4299603491731
43.8,847.5426692076479
44.0,846.629075278704
44.2,845.6886526602568
44.4,844.7208757504848
44.6,843.7252196068081
44.8,842.7011602972299
45.0,841.6481752426904
45.2,840.565743549107
45.4,839.4533463277999
45.6,838.3104670030356
45.8,837.1365916054608
46.0,835.93120905025
46.2,834.6938113988389
46.4,833.4238941031853
46.6,832.1209562315586
46.8,830.7845006749393
47.0,829.4140343331854
47.2,828.0090682802108
47.4,826.5691179075086
47.6,825.0937030454493
47.8,823.582348061881
48.0,822.0345819376616
48.2,820.4499383188589
48.4,818.8279555454618
48.6,817.1681766565573
48.8,815.4701493720357
49.0,813.7334260510003
49.2,811.9575636271695
49.4,810.1421235216684
49.6,808.2866715337177
49.8,806.3907777098343
50.0,804.4540161922632
