0.0,857.5926164708234
0.2,858.161397857283
0.4,858.7152200479566
0.6,859.2543143687031
0.8,859.7789124852549
1.0,860.2892463722342
1.2,860.7855482776812
1.4,861.2680506830743
1.6,861.7369862588539
1.8,862.1925878154788
2.0,862.6350882500682
2.2,863.0647204887044
2.4,863.4817174244906
2.6,863.8863118514794
2.8,864.2787363946115
3.0,864.6592234358181
3.2,865.0280050364591
3.4,865.3853128562947
3.6,865.7313780691932
3.8,866.0664312758016
4.0,866.3907024134169
4.2,866.7044206633078
4.4,867.0078143557524
4.6,867.3011108730619
4.8,867.5845365508764
5.0,867.8583165780188
5.2,868.122674895209
5.4,868.3778340929337
5.6,868.6240153087792
5.8,868.8614381245359
6.0,869.0903204633773
6.2,869.3108784874233
6.4,869.5233264959895
6.6,869.7278768248245
6.8,869.9247397466296
7.0,870.1141233731512
7.2,870.2962335591245
7.4,870.471273808346
7.6,870.6394451821359
7.8,870.8009462104416
8.0,870.9559728058265
8.2,871.1047181805702
8.4,871.2473727670967
8.6,871.3841241419293
8.8,871.5151569533612
9.0,871.6406528530109
9.2,871.7607904314193
9.4,871.8757451578249
9.6,871.9856893242426
9.8,872.090791993952
10.0,872.1912189544828
10.2,872.287132675171
10.4,872.3786922693437
10.6,872.4660534611686
10.8,872.5493685571945
11.0,872.6287864225868
11.2,872.7044524620528
11.4,872.7765086054292
11.6,872.8450932978953
11.8,872.910341494758
12.0,872.97238466074
12.2,873.031350773695
12.4,873.0873643326523
12.6,873.1405463700904
12.8,873.191014468322
13.0,873.2388827798657
13.2,873.2842620516687
13.4,873.3272596530384
13.6,873.3679796071267
13.8,873.4065226258149
14.0,873.4429861478284
14.2,873.4774643799135
14.4,873.5100483409017
14.6,873.5408259084805
14.8,873.5698818684916
15.0,873.5972979665707
15.2,873.6231529619429
15.4,873.6475226831898
15.6,873.6704800857991
15.8,873.6920953113124
16.0,873.7124357478855
16.2,873.7315660920799
16.4,873.7495484117031
16.6,873.766442209521
16.8,873.7823044876677
17.0,873.7971898125832
17.2,873.8111503803099
17.4,873.8242360819897
17.6,873.836494569402
17.8,873.8479713203915
18.0,873.8587097040386
18.2,873.8687510454351
18.4,873.8781346899241
18.6,873.8868980666792
18.8,873.8950767514998
19.0,873.9027045287008
19.2,873.9098134519916
19.4,873.916433904233
19.6,873.9225946559781
19.8,873.9283229226986
20.0,873.9336444206137
20.2,873.9385834210364
20.4,873.9431628031609
20.6,873.9474041052237
20.8,873.9513275739665
21.0,873.9549522123474
21.2,873.958295825438
21.4,873.9613750644592
21.6,873.964205468908
21.8,873.9668015067307
22.0,873.9691766125078
22.2,873.9713432236105
22.4,873.9733128143023
22.6,873.9750959277534
22.8,873.976702205946
23.0,873.9781404174456
23.2,873.9794184830196
23.4,873.9805434990865
23.6,873.981521758979
23.8,873.9823587720106
24.0,873.9830592803298
24.2,873.9836272735595
24.4,873.984066001205
24.6,873.9843779828324
24.8,873.9845650160082
25.0,873.9846281819947
25.2,873.984567849204
25.4,873.9843836744043
25.6,873.9840746016799
25.8,873.9836388591481
26.0,873.9830739534304
26.2,873.9823766618857
26.4,873.9815430226071
26.6,873.9805683221896
26.8,873.9794470812744
27.0,873.9781730378807
27.2,873.9767391285312
27.4,873.9751374671882
27.6,873.9733593220101
27.8,873.9713950899452
28.0,873.9692342691823
28.2,873.9668654294769
28.4,873.9642761803765
28.6,873.9614531373714
28.8,873.9583818859994
29.0,873.9550469439365
29.2,873.9514317211109
29.4,873.9475184778772
29.6,873.9432882812962
29.8,873.9387209595673
30.0,873.9337950546649
30.2,873.9284877732371
30.4,873.9227749358255
30.6,873.9166309244754
30.8,873.9100286288061
31.0,873.9029393906196
31.2,873.8953329471299
31.4,873.8871773729007
31.6,873.878439020587
31.8,873.8690824605791
32.0,873.8590704196557
32.2,873.8483637187595
32.4,873.8369212100095
32.6,873.8246997130785
32.8,873.8116539510623
33.0,873.7977364859777
33.2,873.7828976540308
33.4,873.7670855008023
33.6,873.7502457165024
33.8,873.7323215714508
34.0,873.7132538519484
34.2,873.6929807967016
34.4,873.6714380339758
34.6,873.6485585196478
34.8,873.6242724763382
35.0,873.5985073338034
35.2,873.5711876707687
35.4,873.5422351583907
35.6,873.51156850553
35.8,873.4791034060254
36.0,873.4447524881507
36.2,873.4084252664445
36.4,873.3700280960912
36.6,873.3294641300397
36.8,873.2866332790333
37.0,873.2414321747284
37.2,873.19375413607
37.4,873.1434891390878
37.6,873.0905237902718
37.8,873.0347413036772
38.0,872.9760214819003
38.2,872.9142407010609
38.4,872.8492718999144
38.6,872.7809845732072
38.8,872.7092447693788
39.0,872.6339150926999
39.2,872.5548547099276
39.4,872.471919361539
39.6,872.3849613775968
39.8,872.2938296982834
40.0,872.1983698991236
40.2,872.0984242209041
40.4,871.9938316042789
40.6,871.8844277290348
40.8,871.770045057976
41.0,871.6505128853672
41.2,871.5256573898608
41.4,871.3953016918161
41.6,871.2592659148978
41.8,871.1173672518335
42.0,870.9694200341825
42.2,870.8152358059606
42.4,870.6546234009454
42.6,870.4873890234715
42.8,870.3133363325138
43.0,870.1322665288378
43.2,869.9439784449856
43.4,869.7482686378546
43.6,869.5449314836104
43.8,869.3337592746694
44.0,869.1145423184723
44.2,868.887069037765
44.4,868.6511260720931
44.6,868.4064983802127
44.8,868.1529693431128
45.0,867.890320867341
45.2,867.6183334883268
45.4,867.3367864733877
45.6,867.0454579241122
45.8,866.7441248778089
46.0,866.4325634077215
46.2,866.1105487217071
46.4,865.7778552590861
46.6,865.4342567853805
46.8,865.0795264846632
47.0,864.7134370492538
47.2,864.3357607665073
47.4,863.946269602458
47.6,863.5447352820902
47.8,863.1309293660294
48.0,862.704623323457
48.2,862.2655886010784
48.4,861.8135966879827
48.6,861.3484191762616
48.8,860.8698278172682
49.0,860.3775945734201
49.2,859.871491665475
49.4,859.3512916152235
49.6,858.8167672835712
49.8,858.2676919040016
50.0,857.703839111436
