0.0,850.3740415986679
0.2,851.0652837610053
0.4,851.7390296579198
0.6,852.3957706063463
0.8,853.0359767057892
1.0,853.6600968995571
1.2,854.2685592473952
1.4,854.8617713945832
1.6,855.4401212182415
1.8,856.0039776280901
2.0,856.5536914963425
2.2,857.0895966898505
2.4,857.6120111770521
2.6,858.1212381826479
2.8,858.617567364182
3.0,859.1012759866702
3.2,859.5726300739894
3.4,860.0318855187239
3.6,860.4792891354072
3.8,860.9150796454369
4.0,861.3394885852254
4.2,861.7527411322653
4.4,862.1550568466237
4.6,862.5466503278695
4.8,862.9277317895381
5.0,863.2985075549203
5.2,863.6591804792379
5.4,864.009950304156
5.6,864.3510139511162
5.8,864.6825657602035
6.0,865.0047976812299
6.2,865.3178994234888
6.4,865.6220585702515
6.6,865.9174606635897
6.8,866.2042892645587
7.0,866.4827259932007
7.2,866.7529505522509
7.4,867.0151407378778
7.6,867.2694724402738
7.8,867.516119636443
8.0,867.755254377123
8.2,867.9870467694134
8.4,868.2116649563761
8.6,868.4292750946187
8.8,868.640041330652
9.0,868.8441257766452
9.2,869.0416884860564
9.4,869.2328874295131
9.6,869.4178784712218
9.8,869.5968153461233
10.0,869.7698496379585
10.2,869.9371307583665
10.4,870.0988059271104
10.6,870.2550201535006
10.8,870.4059162190683
11.0,870.5516346615323
11.2,870.692313760085
11.4,870.8280895220224
11.6,870.9590956707328
11.8,871.0854636350548
12.0,871.2073225400076
12.2,871.3247991988995
12.4,871.4380181068087
12.6,871.5471014354326
12.8,871.6521690292981
13.0,871.7533384033177
13.2,871.8507247416826
13.4,871.9444408980692
13.6,872.0345973971432
13.8,872.1213024373387
14.0,872.204661894883
14.2,872.2847793290448
14.4,872.3617559885713
14.6,872.4356908192833
14.8,872.5066804727942
15.0,872.5748193163154
15.2,872.6401994435075
15.4,872.7029106863401
15.6,872.7630406279129
15.8,872.8206746161977
16.0,872.8758957786521
16.2,872.9287850376594
16.4,872.979421126744
16.6,873.0278806075129
16.8,873.074237887272
17.0,873.1185652372646
17.2,873.1609328114776
17.4,873.2014086659631
17.6,873.2400587786194
17.8,873.2769470693767
18.0,873.3121354207308
18.2,873.3456836985708
18.4,873.3776497732418
18.6,873.4080895407901
18.8,873.4370569443313
19.0,873.4646039954878
19.2,873.49078079584
19.4,873.5156355583347
19.6,873.5392146285978
19.8,873.5615625060981
20.0,873.5827218651057
20.2,873.6027335753981
20.4,873.621636722659
20.6,873.6394686285206
20.8,873.6562648702023
21.0,873.6720592996958
21.2,873.6868840624526
21.4,873.7007696155281
21.6,873.7137447451396
21.8,873.7258365835959
22.0,873.7370706255606
22.2,873.7474707436081
22.4,873.7570592030394
22.6,873.7658566759197
22.8,873.77388225431
23.0,873.7811534626577
23.2,873.7876862693213
23.4,873.7934950972
23.6,873.798592833448
23.8,873.8029908382481
24.0,873.8066989526266
24.2,873.809725505292
24.4,873.8120773184827
24.6,873.8137597128105
24.8,873.8147765110881
25.0,873.8151300411365
25.2,873.8148211375624
25.4,873.8138491425037
25.6,873.8122119053436
25.8,873.8099057813923
26.0,873.8069256295424
26.2,873.8032648089016
26.4,873.798915174414
26.6,873.7938670714781
26.8,873.7881093295774
27.0,873.7816292549377
27.2,873.774412622227
27.4,873.7664436653232
27.6,873.7577050671655
27.8,873.7481779487193
28.0,873.7378418570779
28.2,873.7266747527308
28.4,873.7146529960297
28.6,873.7017513328836
28.8,873.6879428797201
29.0,873.6731991077456
29.2,873.6574898265465
29.4,873.6407831670698
29.6,873.6230455640253
29.8,873.6042417377514
30.0,873.5843346755915
30.2,873.5632856128262
30.4,873.5410540132085
30.6,873.5175975491528
30.8,873.4928720816254
31.0,873.4668316397891
31.2,873.4394284004544
31.4,873.4106126673889
31.6,873.3803328505403
31.8,873.348535445226
32.0,873.3151650113454
32.2,873.280164152669
32.4,873.2434734962624
32.6,873.2050316720974
32.8,873.1647752929109
33.0,873.1226389343616
33.2,873.0785551155468
33.4,873.0324542799295
33.6,872.9842647767335
33.8,872.9339128428599
34.0,872.8813225853793
34.2,872.8264159646534
34.4,872.7691127781354
34.6,872.7093306449032
34.8,872.6469849909732
35.0,872.5819890354455
35.2,872.5142537775235
35.4,872.4436879844579
35.6,872.3701981804563
35.8,872.2936886366014
36.0,872.2140613618176
36.2,872.1312160949244
36.4,872.0450502978134
36.6,871.9554591497813
36.8,871.862335543052
37.0,871.765570079517
37.2,871.6650510687197
37.4,871.5606645271089
37.6,871.4522941785838
37.8,871.3398214563476
38.0,871.2231255060885
38.2,871.1020831904987
38.4,870.9765690951438
38.6,870.84645553569
38.8,870.7116125664924
39.0,870.5719079905454
39.2,870.427207370794
39.4,870.2773740427967
39.6,870.1222691287307
39.8,869.9617515527221
40.0,869.7956780574772
40.2,869.6239032221848
40.4,869.4462794816482
40.6,869.2626571465901
40.8,869.0728844250616
41.0,868.8768074448584
41.2,868.6742702768191
41.4,868.4651149588434
41.6,868.2491815204106
41.8,868.0263080073178
42.0,867.7963305062649
42.2,867.5590831688065
42.4,867.3143982340503
42.6,867.0621060493055
42.8,866.8020350876798
43.0,866.5340119613528
43.2,866.2578614289622
43.4,865.9734063951668
43.6,865.6804679000436
43.8,865.3788650955094
44.0,865.0684152054432
44.2,864.7489334656331
44.4,864.4202330390999
44.6,864.0821249017748
44.8,863.734417692956
45.0,863.3769175244917
45.2,863.0094277422469
45.4,862.6317486331874
45.6,862.243677071383
45.8,861.8450060964603
46.0,861.4355244185698
46.2,861.015015844812
46.4,860.5832586233458
46.6,860.1400247030765
46.8,859.6850789089166
47.0,859.2181780350951
47.2,858.7390698618201
47.4,858.2474921037067
47.6,857.7431713016582
47.8,857.2258216732203
48.0,856.6951439396595
48.2,856.1508241509968
48.4,855.5925325327826
48.6,855.0199223803703
48.8,854.4326290276865
49.0,853.8302689178724
49.2,853.2124388026056
49.4,852.5787150953503
49.6,851.9286534012299
49.8,851.2617882427284
50.0,850.5776329961052
