0.0,833.0555061423948
0.2,834.9269520394193
0.4,836.7235808327509
0.6,838.4445727827949
0.8,840.0895612958305
1.0,841.6586347106279
1.2,843.1523289255396
1.4,844.5716113345646
1.6,845.9178567893871
1.8,847.1928165186241
2.0,848.39858110786
2.2,849.5375387691638
2.4,850.6123302037845
2.6,851.6258013861764
2.8,852.5809555733788
3.0,853.4809057751587
3.2,854.3288288131008
3.4,855.1279219582403
3.6,855.8813629750251
3.8,856.5922742228759
4.0,857.2636912838763
4.2,857.8985364040982
4.4,858.4995968638758
4.6,859.0695082349371
4.8,859.6107423443339
5.0,860.1255996498215
5.2,860.6162056405542
5.4,861.0845108111768
5.6,861.5322937159291
5.8,861.9611665905334
6.0,862.3725830309563
6.2,862.76784723661
6.4,863.1481243578586
6.6,863.5144515304041
6.8,863.8677492288904
7.0,864.2088326257889
7.2,864.5384226965471
7.4,864.8571568657651
7.6,865.1655990399444
7.8,865.4642489187362
8.0,865.7535505176609
8.2,866.0338998704384
8.4,866.3056519082068
8.6,866.5691265361237
8.8,866.8246139454996
9.0,867.0723792122224
9.2,867.3126662404281
9.4,867.5457011148077
9.6,867.7716949263222
9.8,867.9908461350692
10.0,868.2033425312057
10.2,868.4093628507424
10.4,868.6090780981149
10.6,868.8026526221234
10.8,868.9902449863771
11.0,869.1720086700597
11.2,869.3480926297661
11.4,869.5186417485045
11.6,869.6837971937363
11.8,869.8436967026031
12.0,869.99847480924
12.2,870.1482630262885
12.4,870.2931899903772
12.6,870.4333815793659
12.8,870.5689610075427
13.0,870.7000489036376
13.2,870.8267633754575
13.4,870.9492200641029
13.6,871.0675321900491
13.8,871.1818105928604
14.0,871.292163765889
14.2,871.3986978870007
14.4,871.5015168461306
14.6,871.6007222702818
14.8,871.6964135464502
15.0,871.7886878428457
15.2,871.8776401287042
15.4,871.9633631929285
15.6,872.0459476617398
15.8,872.1254820155004
16.0,872.2020526048299
16.2,872.2757436661224
16.4,872.3466373365525
16.6,872.4148136686456
16.8,872.480350644475
17.0,872.5433241895387
17.2,872.6038081863628
17.4,872.6618744878667
17.6,872.7175929305214
17.8,872.7710313473276
18.0,872.8222555806296
18.2,872.8713294947826
18.4,872.918314988681
18.6,872.963272008155
18.8,873.0062585582374
19.0,873.0473307152997
19.2,873.0865426390523
19.4,873.1239465844035
19.6,873.1595929131682
19.8,873.1935301056134
20.0,873.2258047718301
20.2,873.2564616629151
20.4,873.2855436819476
20.6,873.3130918947453
20.8,873.3391455403795
21.0,873.363742041433
21.2,873.3869170139822
21.4,873.4087042772836
21.6,873.4291358631465
21.8,873.4482420249714
22.0,873.4660512464375
22.2,873.4825902498202
22.4,873.4978840039189
22.6,873.5119557315805
22.8,873.5248269168002
23.0,873.5365173113845
23.2,873.5470449411604
23.4,873.5564261117181
23.6,873.5646754136733
23.8,873.5718057274362
24.0,873.577828227479
24.2,873.5827523860893
24.4,873.5865859766022
24.6,873.5893350761057
24.8,873.591004067608
25.0,873.5915956416698
25.2,873.5911107974915
25.4,873.5895488434577
25.6,873.5869073971355
25.8,873.5831823847303
26.0,873.5783680399982
26.2,873.5724569026212
26.4,873.5654398160478
26.6,873.5573059248073
26.8,873.5480426713023
27.0,873.5376357920915
27.2,873.5260693136695
27.4,873.5133255477574
27.6,873.4993850861142
27.8,873.4842267948828
28.0,873.4678278084863
28.2,873.4501635230872
28.4,873.4312075896283
28.6,873.4109319064702
28.8,873.389306611642
29.0,873.3663000747274
29.2,873.3418788883989
29.4,873.3160078596246
29.6,873.2886500005618
29.8,873.2597665191596
30.0,873.2293168094881
30.2,873.1972584418137
30.4,873.1635471524376
30.6,873.1281368333164
30.8,873.0909795214801
31.0,873.0520253882653
31.2,873.0112227283751
31.4,872.9685179487814
31.6,872.9238555574791
31.8,872.8771781521015
32.0,872.8284264084028
32.2,872.777539068614
32.4,872.7244529296694
32.6,872.6691028313052
32.8,872.611421644021
33.0,872.5513402568967
33.2,872.4887875652478
33.4,872.4236904581006
33.6,872.3559738054631
33.8,872.285560445359
34.0,872.212371170588
34.2,872.1363247151678
34.4,872.0573377404027
34.6,871.9753248205161
34.8,871.8901984277725
35.0,871.8018689169976
35.2,871.7102445093943
35.4,871.6152312755233
35.6,871.5167331172963
35.8,871.4146517487923
36.0,871.30888667566
36.2,871.1993351728133
36.4,871.0858922600421
36.6,870.9684506750592
36.8,870.8469008433625
37.0,870.7211308441072
37.2,870.5910263709416
37.4,870.4564706864437
37.6,870.3173445683863
37.8,870.1735262455297
38.0,870.0248913199699
38.2,869.8713126722133
38.4,869.712660344089
38.6,869.5488013932757
38.8,869.3795997115991
39.0,869.2049157972841
39.2,869.0246064689732
39.4,868.8385245065311
39.6,868.6465182003851
39.8,868.4484307874002
40.0,868.2440997470524
40.2,868.0333559269693
40.4,867.8160224618246
40.6,867.5919134442081
40.8,867.3608323006227
41.0,867.1225698203988
41.2,866.8769017803905
41.4,866.623586104198
41.6,866.3623594918058
41.8,866.0929334544951
42.0,865.8149896912669
42.2,865.5281747474833
42.4,865.232093904665
42.6,864.9263042630669
42.8,864.6103069964047
43.0,864.2835387814537
43.2,863.9453624345371
43.4,863.5950568222895
43.6,863.2318061553561
43.8,862.8546888203276
44.0,862.4626659562807
44.2,862.054570036379
44.4,861.6290937702179
44.6,861.1847796966276
44.8,860.7200108866953
45.0,860.2330032197206
45.2,859.7217997273112
45.4,859.1842675194033
45.6,858.6180978073287
45.8,858.0208095201153
46.0,857.3897569685056
46.2,856.722141945041
46.4,856.0150305572707
46.6,855.2653749752114
46.8,854.4700401354495
47.0,853.6258352859946
47.2,852.7295500828341
47.4,851.7779947670956
47.6,850.7680437679625
47.8,849.6966818989663
48.0,848.5610521525613
48.2,847.3585039585015
48.4,846.086640663706
48.6,844.7433649222745
48.8,843.3269206600414
49.0,841.8359303026242
49.2,840.2694260313281
49.4,838.6268739570659
49.6,836.9081902757505
49.8,835.1137486840285
50.0,833.2443785841195
