0.0,603.628828623248
0.2,609.4677186095437
0.4,615.1704506444429
0.6,620.7401950056956
0.8,626.1800746263335
1.0,631.4931632605134
1.2,636.6824838025007
1.4,641.7510067602917
1.6,646.7016488846989
1.8,651.5372719540557
2.0,656.2606817140263
2.2,660.8746269713524
2.4,665.3817988397155
2.6,669.7848301352744
2.8,674.086294918826
3.0,678.2887081809669
3.2,682.3945256660835
3.4,686.4061438304883
3.6,690.3258999295512
3.8,694.1560722282403
4.0,697.8988803290991
4.2,701.5564856113491
4.4,705.1309917745093
4.6,708.6244454796796
4.8,712.0388370814385
5.0,715.3761014431584
5.2,718.6381188284424
5.4,721.8267158613372
5.6,724.9436665479761
5.8,727.9906933523439
6.0,730.9694683189477
6.2,733.8816142353052
6.4,736.7287058273246
6.6,739.5122709808647
6.8,742.2337919829919
7.0,744.8947067767225
7.2,747.4964102233374
7.4,750.0402553666662
7.6,752.5275546940863
7.8,754.9595813893293
8.0,757.3375705725593
8.2,759.6627205235645
8.4,761.9361938842843
8.6,764.1591188372836
8.8,766.3325902571688
9.0,768.4576708323235
9.2,770.5353921547145
9.4,772.5667557758902
9.6,774.5527342276425
9.8,776.49427200615
10.0,778.3922865187423
10.2,780.2476689927349
10.4,782.0612853460767
10.6,783.8339770198158
10.8,785.5665617726467
11.0,787.2598344380225
11.2,788.9145676445269
11.4,790.53151250038
11.6,792.1113992431193
11.8,793.6549378556304
12.0,795.1628186498269
12.2,796.6357128193732
12.4,798.0742729629195
12.6,799.479133579382
12.8,800.8509115368367
13.0,802.1902065166196
13.2,803.4976014342318
13.4,804.7736628386452
13.6,806.0189412915734
13.8,807.2339717282503
14.0,808.4192738012063
14.2,809.5753522084805
14.4,810.7026970076506
14.6,811.8017839169838
14.8,812.8730746049479
15.0,813.9170169692366
15.2,814.9340454063833
15.4,815.9245810729556
15.6,816.8890321392319
15.8,817.827794036186
16.0,818.7412496965081
16.2,819.6297697903201
16.4,820.4937129561524
16.6,821.3334260276757
16.8,822.1492442566047
17.0,822.941491532118
17.2,823.7104805970737
17.4,824.4565132612315
17.6,825.1798806116404
17.8,825.8808632202891
18.0,826.5597313490721
18.2,827.2167451520777
18.4,827.8521548751629
18.6,828.4662010527463
18.8,829.0591147017185
19.0,829.6311175123409
19.2,830.1824220359844
19.4,830.7132318695378
19.6,831.223741836303
19.8,831.7141381631801
20.0,832.1845986539394
20.2,832.6352928583696
20.4,833.066382237092
20.6,833.478020321827
20.8,833.8703528708987
21.0,834.2435180197748
21.2,834.5976464264354
21.4,834.9328614113767
21.6,835.2492790920589
21.8,835.5470085116183
22.0,835.8261517616742
22.2,836.086804099066
22.4,836.3290540563706
22.6,836.5529835460591
22.8,836.7586679581599
23.0,836.9461762513097
23.2,837.1155710370803
23.4,837.2669086574813
23.6,837.4002392555487
23.8,837.5156068389372
24.0,837.613049336446
24.2,837.6925986474147
24.4,837.7542806839344
24.6,837.7981154058322
24.8,837.8241168483855
25.0,837.8322931427447
25.2,837.8226465290346
25.4,837.7951733621277
25.6,837.7498641100784
25.8,837.686703345222
26.0,837.6056697279448
26.2,837.5067359831452
26.4,837.3898688694053
26.6,837.2550291409107
26.8,837.1021715021524
27.0,836.9312445554649
27.2,836.7421907414538
27.4,836.5349462723808
27.6,836.3094410585804
27.8,836.0655986279937
28.0,835.8033360389126
28.2,835.5225637860398
28.4,835.2231856999781
28.6,834.9050988402739
28.8,834.5681933821498
29.0,834.21235249707
29.2,833.8374522272948
29.4,833.4433613545872
29.6,833.029941263245
29.8,832.5970457976401
30.0,832.1445211144538
30.2,831.6722055298022
30.4,831.1799293614539
30.6,830.6675147663416
30.8,830.1347755735734
31.0,829.5815171131483
31.2,829.0075360405784
31.4,828.412620157613
31.6,827.7965482292532
31.8,827.1590897972337
32.0,826.5000049901338
32.2,825.8190443302602
32.4,825.1159485374228
32.6,824.3904483296972
32.8,823.6422642212387
33.0,822.8711063171755
33.2,822.0766741055679
33.4,821.2586562463802
33.6,820.4167303573591
33.8,819.5505627966586
34.0,818.6598084419956
34.2,817.7441104660555
34.4,816.8031001078016
34.6,815.8363964392672
34.8,814.8436061273424
35.0,813.824323189981
35.2,812.7781287461796
35.4,811.7045907589933
35.6,810.6032637707729
35.8,809.473688629721
36.0,808.3153922067825
36.2,807.127887101798
36.4,805.910671337775
36.6,804.6632280420461
36.8,803.3850251130143
37.0,802.0755148711204
37.2,800.7341336925994
37.4,799.3603016245481
37.6,797.9534219797767
37.8,796.5128809098877
38.0,795.0380469550048
38.2,793.5282705685676
38.4,791.9828836156123
38.6,790.4011988429883
38.8,788.7825093199948
39.0,787.1260878479856
39.2,785.4311863375642
39.4,783.6970351520931
39.6,781.9228424163563
39.8,780.1077932893577
40.0,778.2510492003985
40.2,776.3517470477595
40.4,774.4089983595238
40.6,772.4218884162988
40.8,770.3894753358484
41.0,768.3107891199169
41.2,766.1848306638126
41.4,764.0105707296293
41.6,761.7869488843105
41.8,759.5128724040983
42.0,757.1872151472677
42.2,754.8088163974095
42.4,752.3764796799015
42.6,749.8889715545874
42.8,747.3450203880686
43.0,744.7433151094
43.2,742.0825039533579
43.4,739.3611931958328
43.6,736.5779458862594
43.8,733.7312805823533
44.0,730.8196700927599
44.2,727.8415402335411
44.4,724.7952686047148
44.6,721.679183393333
44.8,718.4915622098193
45.0,715.2306309644881
45.2,711.8945627913383
45.4,708.4814770263391
45.6,704.9894382475094
45.8,701.4164553841407
46.0,697.7604809025024
46.2,694.019410075322
46.4,690.191080342231
46.6,686.2732707682229
46.8,682.2637016069641
47.0,678.1600339755631
47.2,673.9598696470979
47.4,669.6607509668668
47.6,665.2601608979364
47.8,660.7555232011288
48.0,656.1442027541201
48.2,651.4235060138082
48.4,646.590681625564
48.6,641.6429211824026
48.8,636.5773601365053
49.0,631.3910788648973
49.2,626.0811038904412
49.4,620.6444092586428
49.6,615.0779180701036
49.8,609.3785041677778
50.0,603.5429939775267
