0.0,710.9896386482802
0.2,714.2396292644258
0.4,717.4291821947463
0.6,720.5592877087084
0.8,723.630927138066
1.0,726.6450725216611
1.2,729.6026862649713
1.4,732.5047208148753
1.6,735.3521183500673
1.8,738.1458104874954
2.0,740.8867180051489
2.2,743.5757505814701
2.4,746.2138065516101
2.6,748.8017726807009
2.8,751.3405239542628
3.0,753.8309233858172
3.2,756.2738218417209
3.4,758.6700578831959
3.6,761.0204576254733
3.8,763.3258346139297
4.0,765.5869897170459
4.2,767.8047110359731
4.4,769.9797738304575
4.6,772.1129404608209
4.8,774.2049603456734
5.0,776.2565699349844
5.2,778.2684926981135
5.4,780.2414391263685
5.6,782.1761067496283
5.8,784.0731801665439
6.0,785.9333310878066
6.2,787.7572183919488
6.4,789.545488193128
6.6,791.2987739203244
6.8,793.0176964073712
7.0,794.7028639932246
7.2,796.3548726318706
7.4,797.974306011263
7.6,799.5617356806774
7.8,801.11772118587
8.0,802.6428102114264
8.2,804.137538729691
8.4,805.6024311556695
8.6,807.03800050731
8.8,808.4447485705658
9.0,809.8231660686675
9.2,811.1737328350309
9.4,812.4969179892512
9.6,813.7931801156413
9.8,815.0629674437944
10.0,816.3067180306635
10.2,817.5248599436741
10.4,818.717811444401
10.6,819.8859811723652
10.8,821.0297683285216
11.0,822.1495628580399
11.2,823.245745631989
11.4,824.3186886275732
11.6,825.3687551065773
11.8,826.3962997917096
12.0,827.4016690405501
12.2,828.3852010168349
12.4,829.3472258588308
12.6,830.2880658445737
12.8,831.20803555377
13.0,832.1074420261789
13.2,832.9865849163135
13.4,833.8457566443215
13.6,834.6852425429245
13.8,835.5053210003132
14.0,836.3062635989144
14.2,837.088335249964
14.4,837.8517943238362
14.6,838.5968927760946
14.8,839.3238762692453
15.0,840.0329842901876
15.2,840.7244502633719
15.4,841.398501659682
15.6,842.0553601010772
15.8,842.6952414610342
16.0,843.3183559608427
16.2,843.9249082618147
16.4,844.5150975534768
16.6,845.089117637823
16.8,845.6471570097086
17.0,846.1893989334749
17.2,846.7160215158975
17.4,847.2271977755561
17.6,847.7230957087239
17.8,848.2038783518852
18.0,848.669703840981
18.2,849.1207254674938
18.4,849.5570917314792
18.6,849.9789463916512
18.8,850.3864285126326
19.0,850.779672509477
19.2,851.1588081895698
19.4,851.5239607920151
19.6,851.875251024614
19.8,852.2127950985332
20.0,852.5367047607688
20.2,852.8470873244996
20.4,853.1440456974279
20.6,853.4276784081965
20.8,853.6980796309748
21.0,853.9553392082972
21.2,854.1995426722359
21.4,854.4307712639896
21.6,854.6491019519605
21.8,854.8546074483924
22.0,855.0473562246374
22.2,855.2274125251154
22.4,855.3948363800255
22.6,855.5496836168672
22.8,855.6920058708229
23.0,855.8218505940481
23.2,855.9392610639188
23.4,856.0442763902714
23.6,856.136931521676
23.8,856.2172572507735
24.0,856.285280218707
24.2,856.3410229186737
24.4,856.384503698616
24.6,856.415736763073
24.8,856.4347321742047
25.0,856.4414958519991
25.2,856.4360295736705
25.4,856.4183309722498
25.6,856.3883935343686
25.8,856.3462065972304
26.0,856.2917553447634
26.2,856.2250208029401
26.4,856.145979834252
26.6,856.0546051313179
26.8,855.9508652096035
27.0,855.8347243992284
27.2,855.7061428358257
27.4,855.5650764504264
27.6,855.4114769583276
27.8,855.2452918469036
28.0,855.0664643623169
28.2,854.8749334950804
28.4,854.6706339644177
28.6,854.4534962013663
28.8,854.223446330566
29.0,853.9804061506671
29.2,853.7242931132934
29.4,853.455020300491
29.6,853.1724964005864
29.8,852.8766256823815
30.0,852.5673079676009
30.2,852.2444386015121
30.4,851.9079084216307
30.6,851.557603724421
30.8,851.193406229902
31.0,850.8151930440632
31.2,850.4228366189939
31.4,850.016204710629
31.6,849.595160334008
31.8,849.1595617159496
32.0,848.7092622450359
32.2,848.244110418804
32.4,847.7639497880419
32.6,847.268618898086
32.8,846.7579512270122
33.0,846.2317751206274
33.2,845.6899137241534
33.4,845.132184910509
33.6,844.558401205096
33.8,843.9683697069952
34.0,843.3618920064862
34.2,842.7387640988096
34.4,842.0987762940914
34.6,841.4417131233632
34.8,840.7673532406112
35.0,840.0754693208002
35.2,839.3658279538254
35.4,838.638189534355
35.6,837.8923081475359
35.8,837.1279314505484
36.0,836.3448005500054
36.2,835.5426498752066
36.4,834.7212070472709
36.6,833.8801927441858
36.8,833.0193205618273
37.0,832.138296871022
37.2,831.2368206707374
37.4,830.3145834375077
37.6,829.3712689712188
37.8,828.4065532373963
38.0,827.4201042061626
38.2,826.411581688044
38.4,825.3806371668378
38.6,824.3269136297653
38.8,823.2500453951592
39.0,822.1496579379608
39.2,821.0253677133184
39.4,819.876781978607
39.6,818.7034986142089
39.8,817.505105943416
40.0,816.281182551844
40.2,815.0312971067631
40.4,813.7550081767749
40.6,812.4518640522891
40.8,811.1214025672699
41.0,809.7631509227448
41.2,808.3766255125878
41.4,806.9613317521051
41.6,805.5167639099695
41.8,804.0424049440666
42.0,802.5377263418284
42.2,801.0021879656438
42.4,799.4352379039459
42.6,797.8363123285878
42.8,796.2048353591216
43.0,794.5402189346066
43.2,792.8418626935724
43.4,791.1091538627645
43.6,789.3414671553023
43.8,787.5381646788709
44.0,785.6985958545679
44.2,783.8220973470155
44.4,781.9079930063382
44.6,779.9555938225931
44.8,777.9641978932264
45.0,775.9330904041074
45.2,773.8615436246754
45.4,771.7488169177069
45.6,769.5941567641883
45.8,767.3967968037483
46.0,765.1559578910749
46.2,762.8708481687077
46.4,760.5406631565605
46.6,758.1645858584924
46.8,755.7417868862022
47.0,753.2714246006856
47.2,750.7526452714404
47.4,748.1845832535714
47.6,745.5663611828868
47.8,742.8970901890395
48.0,740.1758701267099
48.2,737.4017898247787
48.4,734.5739273533851
48.6,731.6913503087121
48.8,728.7531161152898
49.0,725.758272345551
49.2,722.7058570563213
49.4,719.5948991418732
49.6,716.4244187031162
49.8,713.1934274324504
50.0,709.9009290137498
