0.0,852.0648741307414
0.2,852.7158224133836
0.4,853.3517722511764
0.6,853.9729428543208
0.8,854.5795530308078
1.0,855.1718211484797
1.2,855.7499650964488
1.4,856.314202245865
1.6,856.8647494100376
1.8,857.4018228039159
2.0,857.9256380029359
2.2,858.4364099012496
2.4,858.9343526693544
2.6,859.4196797111445
2.8,859.8926036204103
3.0,860.3533361368193
3.2,860.8020881014063
3.4,861.2390694116189
3.6,861.6644889759528
3.8,862.0785546682275
4.0,862.4814732815454
4.2,862.873450481991
4.4,863.2546907621208
4.6,863.6253973943018
4.8,863.9857723839586
5.0,864.3360164227912
5.2,864.6763288420251
5.4,865.0069075657618
5.6,865.3279490644954
5.8,865.6396483088641
6.0,865.9421987237052
6.2,866.2357921424854
6.4,866.5206187621751
6.6,866.7968670986405
6.8,867.064723942621
7.0,867.3243743163656
7.2,867.5760014309975
7.4,867.819786644676
7.6,868.0559094216252
7.8,868.2845472920961
8.0,868.5058758133277
8.2,868.7200685315732
8.4,868.9272969452499
8.6,869.1277304692766
8.8,869.321536400655
9.0,869.5088798853484
9.2,869.689923886513
9.4,869.8648291541303
9.6,870.0337541960868
9.8,870.1968552507449
10.0,870.3542862610454
10.2,870.5061988501777
10.4,870.6527422988504
10.6,870.7940635241932
10.8,870.9303070603145
11.0,871.0616150405364
11.2,871.1881271813273
11.4,871.3099807679431
11.6,871.4273106417899
11.8,871.5402491895128
12.0,871.6489263338142
12.2,871.7534695259991
12.4,871.854003740242
12.6,871.9506514695676
12.8,872.0435327235284
13.0,872.132765027567
13.2,872.2184634240376
13.4,872.300740474866
13.6,872.3797062658178
13.8,872.4554684123452
14.0,872.5281320669758
14.2,872.5977999282079
14.4,872.6645722508688
14.6,872.7285468578938
14.8,872.789819153479
15.0,872.8484821375573
15.2,872.904626421547
15.4,872.958340245318
15.6,873.0097094953181
15.8,873.0588177238031
16.0,873.1057461691073
16.2,873.1505737768944
16.4,873.1933772223235
16.6,873.2342309330662
16.8,873.2732071131062
17.0,873.3103757672562
17.2,873.3458047263234
17.4,873.3795596728519
17.6,873.4117041673753
17.8,873.4422996751078
18.0,873.4714055930044
18.2,873.4990792771181
18.4,873.5253760701852
18.6,873.5503493293692
18.8,873.5740504540902
19.0,873.5965289138762
19.2,873.6178322761609
19.4,873.6380062339665
19.6,873.6570946334002
19.8,873.6751395009017
20.0,873.6921810701741
20.2,873.7082578087396
20.4,873.7234064440512
20.6,873.7376619891071
20.8,873.751057767504
21.0,873.7636254378755
21.2,873.7753950176585
21.4,873.7863949061347
21.6,873.7966519066964
21.8,873.806191248287
22.0,873.8150366059682
22.2,873.8232101205714
22.4,873.8307324173875
22.6,873.837622623857
22.8,873.8438983862218
23.0,873.8495758851021
23.2,873.8546698499678
23.4,873.8591935724706
23.6,873.8631589186128
23.8,873.8665763397219
24.0,873.8694548822148
24.2,873.8718021961255
24.4,873.8736245423833
24.6,873.8749267988237
24.8,873.8757124649218
25.0,873.8759836652372
25.2,873.8757411515666
25.4,873.8749843037963
25.6,873.8737111294574
25.8,873.8719182619828
26.0,873.8696009576712
26.2,873.8667530913655
26.4,873.8633671508544
26.6,873.8594342300127
26.8,873.8549440206903
27.0,873.849884803374
27.2,873.844243436638
27.4,873.8380053454085
27.6,873.8311545080695
27.8,873.8236734424346
28.0,873.8155431906192
28.2,873.8067433028459
28.4,873.7972518202175
28.6,873.7870452564986
28.8,873.7760985789438
29.0,873.7643851882182
29.2,873.7518768974533
29.4,873.738543910488
29.6,873.7243547993421
29.8,873.7092764809756
30.0,873.693274193387
30.2,873.6763114711055
30.4,873.6583501201357
30.6,873.6393501924123
30.8,873.6192699598262
31.0,873.5980658878849
31.2,873.5756926090677
31.4,873.5521028959447
31.6,873.5272476341229
31.8,873.5010757950847
32.0,873.4735344089909
32.2,873.4445685375139
32.4,873.4141212467703
32.6,873.3821335804236
32.8,873.3485445330268
33.0,873.3132910236752
33.2,873.2763078700391
33.4,873.2375277628466
33.6,873.1968812408887
33.8,873.1542966666113
34.0,873.1097002023688
34.2,873.0630157874022
34.4,873.0141651156131
34.6,872.9630676141966
34.8,872.9096404231987
35.0,872.8537983760632
35.2,872.7954539812272
35.4,872.7345174048272
35.6,872.670896454573
35.8,872.6044965648448
36.0,872.5352207830687
36.2,872.4629697574196
36.4,872.387641725903
36.6,872.3091325068584
36.8,872.2273354909296
37.0,872.1421416345419
37.2,872.0534394549213
37.4,871.9611150266919
37.6,871.8650519800786
37.8,871.765131500746
38.0,871.6612323312918
38.2,871.5532307744198
38.4,871.4410006978028
38.6,871.3244135406512
38.8,871.2033383219938
39.0,871.0776416506759
39.2,870.9471877370736
39.4,870.8118384065218
39.6,870.671453114448
39.8,870.5258889631992
40.0,870.3750007205484
40.2,870.2186408398588
40.4,870.0566594818833
40.6,869.8889045381732
40.8,869.715221656062
41.0,869.5354542651941
41.2,869.349443605555
41.4,869.1570287569671
41.6,868.9580466699989
41.8,868.7523321982483
42.0,868.5397181319397
42.2,868.3200352327882
42.4,868.0931122700686
42.6,867.8587760578339
42.8,867.6168514932189
43.0,867.367161595767
43.2,867.1095275477131
43.4,866.8437687351566
43.6,866.5697027900538
43.8,866.2871456329623
44.0,865.9959115164642
44.2,865.6958130691978
44.4,865.3866613404251
44.6,865.0682658450626
44.8,864.7404346091032
45.0,864.4029742153588
45.2,864.0556898494494
45.4,863.6983853459702
45.6,863.3308632347674
45.8,862.9529247872531
46.0,862.5643700626943
46.2,862.1649979544105
46.4,861.7546062358192
46.6,861.3329916062648
46.8,860.8999497365788
47.0,860.4552753143132
47.2,859.9987620885942
47.4,859.5302029145512
47.6,859.0493897972725
47.8,858.5561139352469
48.0,858.0501657632536
48.2,857.5313349946647
48.4,856.9994106631316
48.6,856.4541811636275
48.8,855.8954342928245
49.0,855.322957288787
49.2,854.736536869969
49.4,854.1359592735037
49.6,853.5210102927824
49.8,852.8914753143214
50.0,852.2471393539212
