0.0,469.8729676536954
0.2,475.07468196691246
0.4,480.24484391151987
0.6,485.3824974609357
0.8,490.4867108578689
1.0,495.55657720527734
1.2,500.5912150119617
1.4,505.58976869199995
1.6,510.5514090173769
1.8,515.4753335233108
2.0,520.360766865929
2.2,525.2069611320915
2.4,530.0131961013095
2.6,534.7787794598515
2.8,539.5030469672718
3.0,544.1853625757356
3.2,548.8251185026528
3.4,553.421735257262
3.6,557.9746616219335
3.8,562.4833745890824
4.0,566.9473792546968
4.2,571.3662086695965
4.4,575.7394236496391
4.6,580.0666125461853
4.8,584.3473909782253
5.0,588.5814015276457
5.2,592.7683133991902
5.4,596.9078220467355
5.6,600.9996487675512
5.8,605.0435402662741
6.0,609.0392681903554
6.2,612.986628638781
6.4,616.8854416458845
6.6,620.7355506420917
6.8,624.5368218934435
7.0,628.289143921747
7.2,631.9924269071977
7.4,635.6466020753056
7.6,639.2516210699363
7.8,642.8074553142566
8.0,646.3140953613389
8.2,649.7715502361461
8.4,653.179846770576
8.6,656.5390289331937
8.8,659.849157155238
9.0,663.1103076544248
9.2,666.3225717580176
9.4,669.486055226573
9.6,672.6008775797031
9.8,675.667171425135
10.0,678.685081792276
10.2,681.6547654714258
10.4,684.576390359707
10.6,687.4501348147149
10.8,690.276187016814
11.0,693.0547443409419
11.2,695.7860127387086
11.4,698.4702061315082
11.6,701.1075458152957
11.8,703.6982598776079
12.0,706.2425826273493
12.2,708.740754037793
12.4,711.1930192031886
12.6,713.5996278093071
12.8,715.9608336181958
13.0,718.276893967362
13.2,720.5480692835486
13.4,722.7746226112187
13.6,724.9568191558137
13.8,727.0949258418096
14.0,729.1892108855504
14.2,731.2399433828011
14.4,733.2473929109237
14.6,735.2118291455481
14.8,737.1335214915771
15.0,739.0127387283376
15.2,740.8497486686641
15.4,742.6448178316759
15.6,744.398211128991
15.8,746.110191564101
16.0,747.7810199446127
16.2,749.4109546070526
16.4,751.0002511539145
16.6,752.5491622026237
16.8,754.0579371460836
17.0,755.5268219244612
17.2,756.9560588078677
17.4,758.3458861895867
17.6,759.6965383894976
17.8,761.0082454673486
18.0,762.2812330455282
18.2,763.5157221409925
18.4,764.7119290060043
18.6,765.8700649773485
18.8,766.9903363336904
19.0,768.0729441607524
19.2,769.118084223991
19.4,770.1259468484601
19.6,771.0967168055614
19.8,772.0305732063839
20.0,772.9276894013497
20.2,773.7882328858867
20.4,774.6123652118654
20.6,775.4002419045389
20.8,776.1520123847428
21.0,776.8678198961152
21.2,777.5478014371137
21.4,778.1920876976108
21.6,778.800802999864
21.8,779.3740652436647
22.0,779.9119858554815
22.2,780.4146697414243
22.4,780.8822152438661
22.6,781.3147141015664
22.8,781.7122514131581
23.0,782.0749056038605
23.2,782.4027483952993
23.4,782.6958447783203
23.6,782.9542529886932
23.8,783.1780244856158
24.0,783.3672039329341
24.2,783.5218291830081
24.4,783.6419312631568
24.6,783.727534364635
24.8,783.7786558340925
25.0,783.7953061674879
25.2,783.7774890064278
25.4,783.7252011369221
25.6,783.6384324905451
25.8,783.5171661480126
26.0,783.3613783451843
26.2,783.17103848152
26.4,782.9461091310192
26.6,782.6865460556901
26.8,782.3922982215994
27.0,782.0633078175656
27.2,781.6995102765685
27.4,781.3008342999575
27.6,780.8672018845498
27.8,780.3985283527217
28.0,779.8947223856045
28.2,779.3556860595079
28.4,778.7813148857023
28.6,778.1714978537045
28.8,777.5261174782191
29.0,776.8450498498984
29.2,776.128164690095
29.4,775.3753254097948
29.6,774.5863891729184
29.8,773.761206964204
30.0,772.899623661882
30.2,772.00147811537
30.4,771.0666032282251
30.6,770.0948260465983
30.8,769.0859678534503
31.0,768.0398442687928
31.2,766.9562653562338
31.4,765.8350357361113
31.6,764.6759547055096
31.8,763.4788163654623
32.0,762.2434097556522
32.2,760.9695189969281
32.4,759.6569234419619
32.6,758.3053978343809
32.8,756.9147124767085
33.0,755.4846334074591
33.2,754.0149225877309
33.4,752.5053380976424
33.6,750.9556343429668
33.8,749.3655622723087
34.0,747.7348696051746
34.2,746.0633010712809
34.4,744.3505986614424
34.6,742.5965018903742
34.8,740.8007480717366
35.0,738.9630726057396
35.2,737.0832092796137
35.4,735.1608905812393
35.6,733.1958480262111
35.8,731.1878124985956
36.0,729.1365146056179
36.2,727.0416850464958
36.4,724.9030549956046
36.6,722.7203565001369
36.8,720.4933228923843
37.0,718.221689216738
37.2,715.9051926714658
37.4,713.5435730652858
37.6,711.1365732887157
37.8,708.6839398001284
38.0,706.1854231264012
38.2,703.6407783779933
38.4,701.0497657782333
38.6,698.412151206545
38.8,695.7277067552809
39.0,692.9962112997721
39.2,690.217451081143
39.4,687.391220301373
39.6,684.5173217300243
39.8,681.5955673219848
40.0,678.6257788455081
40.2,675.6077885197625
40.4,672.5414396610313
40.6,669.4265873366345
40.8,666.2630990255713
41.0,663.0508552848147
41.2,659.7897504201151
41.4,656.4796931601036
41.6,653.1206073324197
41.8,649.7124325405166
42.0,646.2551248397389
42.2,642.7486574112035
42.4,639.1930212319589
42.6,635.5882257398404
42.8,631.934299491389
43.0,628.2312908111581
43.2,624.4792684306875
43.4,620.6783221153862
43.6,616.8285632775403
43.8,612.930125573631
44.0,608.9831654841323
44.2,604.9878628739453
44.4,600.9444215316195
44.6,596.853069685514
44.8,592.7140604950616
45.0,588.5276725153142
45.2,584.2942101329718
45.4,580.0140039721339
45.6,575.687411268048
45.8,571.3148162071805
46.0,566.8966302319932
46.2,562.433292308871
46.4,557.9252691577213
46.6,553.3730554418424
46.8,548.7771739167521
47.0,544.1381755367563
47.2,539.4566395181447
47.4,534.7331733580071
47.6,529.9684128077802
47.8,525.1630218007564
48.0,520.3176923329117
48.2,515.4331442965415
48.4,510.5101252663296
48.6,505.5494102376169
48.8,500.5518013167746
49.0,495.5181273637374
49.2,490.4492435868954
49.4,485.34603109069394
49.6,480.2093963764384
49.8,475.04027079695084
50.0,469.8396099658704
