0.0,778.4437530489798
0.2,780.7696193529277
0.4,783.045685682412
0.6,785.2729954886263
0.8,787.4525722850377
1.0,789.5854188035894
1.2,791.672516276401
1.4,793.7148238448475
1.6,795.7132780964764
1.8,797.668792728832
2.0,799.5822583379158
2.2,801.4545423277466
2.4,803.2864889363063
2.6,805.0789193720923
2.8,806.8326320545469
3.0,808.5484029508269
3.2,810.226986000694
3.4,811.8691136207832
3.6,813.4754972791208
3.8,815.0468281305241
4.0,816.5837777034207
4.2,818.0869986286617
4.4,819.557125401065
4.6,820.9947751647044
4.8,822.4005485133464
5.0,823.7750302978993
5.2,825.1187904332953
5.4,826.4323846978275
5.6,827.7163555186241
5.8,828.9712327376216
6.0,830.1975343531101
6.2,831.3957672326273
6.4,832.5664277936851
6.6,833.7100026494917
6.8,834.826969217497
7.0,835.9177962892029
7.2,836.9829445602676
7.4,838.022867120463
7.6,839.0380099035267
7.8,840.0288120973837
8.0,840.995706515586
8.2,841.9391199311407
8.4,842.8594733741688
8.6,843.7571823950543
8.8,844.632657294913
9.0,845.4863033253367
9.2,846.3185208594559
9.4,847.1297055364029
9.6,847.9202483812838
9.8,848.6905359027415
10.0,849.4409501701581
10.2,850.171868872487
10.4,850.8836653606235
10.6,851.5767086751355
10.8,852.2513635610777
11.0,852.9079904715023
11.2,853.5469455611734
11.4,854.1685806718754
11.6,854.7732433105978
11.8,855.3612766217651
12.0,855.9330193545743
12.2,856.4888058264007
12.4,857.0289658831337
12.6,857.5538248572113
12.8,858.0637035240395
13.0,858.5589180573957
13.2,859.0397799843499
13.4,859.5065961401635
13.6,859.9596686235666
13.8,860.3992947527574
14.0,860.8257670224201
14.2,861.2393730620075
14.4,861.6403955954975
14.6,862.0291124027952
14.8,862.405796282921
15.0,862.7707150190928
15.2,863.1241313457924
15.4,863.4663029178743
15.6,863.7974822817621
15.8,864.1179168487595
16.0,864.427848870482
16.2,864.727515416409
16.4,865.0171483535383
16.6,865.2969743281176
16.8,865.5672147494146
17.0,865.8280857754844
17.2,866.0797983008798
17.4,866.322557946246
17.6,866.5565650497365
17.8,866.7820146601812
18.0,866.9990965319303
18.2,867.2079951212993
18.4,867.408889584532
18.6,867.6019537771979
18.8,867.7873562549395
19.0,867.9652602754771
19.2,868.135823801785
19.4,868.2991995063463
19.6,868.4555347763937
19.8,868.6049717200444
20.0,868.7476471732367
20.2,868.8836927073739
20.4,869.0132346375866
20.6,869.1363940315179
20.8,869.2532867185446
21.0,869.364023299344
21.2,869.4687091557189
21.4,869.5674444605953
21.6,869.6603241881107
21.8,869.7474381237105
22.0,869.8288708741749
22.2,869.9047018775016
22.4,869.9750054125715
22.6,870.0398506085281
22.8,870.0993014538054
23.0,870.1534168047435
23.2,870.2022503937317
23.4,870.2458508368286
23.6,870.2842616408057
23.8,870.3175212095717
24.0,870.345662849937
24.2,870.3687147766788
24.4,870.3867001168785
24.6,870.3996369135032
24.8,870.4075381282083
25.0,870.4104116433449
25.2,870.4082602631598
25.4,870.40108171418
25.6,870.3888686447793
25.8,870.3716086239309
26.0,870.3492841391517
26.2,870.321872593652
26.4,870.2893463027077
26.6,870.2516724892778
26.8,870.2088132788936
27.0,870.1607256938523
27.2,870.1073616467506
27.4,870.0486679334009
27.6,869.9845862251736
27.8,869.9150530608176
28.0,869.8399998378112
28.2,869.759352803303
28.4,869.6730330447041
28.6,869.5809564799954
28.8,869.4830338478237
29.0,869.3791706974537
29.2,869.2692673786555
29.4,869.1532190316035
29.6,869.0309155768695
29.8,868.902241705591
30.0,868.767076869904
30.2,868.6252952737241
30.4,868.4767658639668
30.6,868.3213523222973
30.8,868.1589130575014
31.0,867.9893011985685
31.2,867.812364588582
31.4,867.6279457795072
31.6,867.4358820279705
31.8,867.2360052921232
32.0,867.0281422296787
32.2,866.8121141972154
32.4,866.5877372508328
32.6,866.3548221482464
32.8,866.1131743524071
33.0,865.8625940367245
33.2,865.6028760919728
33.4,865.3338101349518
33.6,865.0551805189739
33.8,864.7667663462404
34.0,864.468341482164
34.2,864.1596745716912
34.4,863.8405290576685
34.6,863.5106632012858
34.8,863.1698301046264
35.0,862.8177777353368
35.2,862.4542489534193
35.4,862.0789815401372
35.6,861.6917082290054
35.8,861.2921567388232
36.0,860.8800498086827
36.2,860.4551052348663
36.4,860.0170359095222
36.6,859.5655498609711
36.8,859.1003502954743
37.0,858.6211356402472
37.2,858.1275995874695
37.4,857.619431138989
37.6,857.096314651373
37.8,856.5579298808976
38.0,856.0039520280083
38.2,855.4340517807111
38.4,854.8478953562861
38.6,854.245144540625
38.8,853.6254567244142
39.0,852.9884849352882
39.2,852.3338778649783
39.4,851.661279890379
39.6,850.9703310873449
39.8,850.2606672359167
40.0,849.5319198155667
40.2,848.7837159889337
40.4,848.0156785724099
40.6,847.2274259918316
40.8,846.418572221426
41.0,845.588726704075
41.2,844.7374942508803
41.4,843.8644749179489
41.6,842.9692638582865
41.8,842.0514511466627
42.0,841.1106215753341
42.2,840.1463544185536
42.4,839.1582231638843
42.6,838.1457952084626
42.8,837.1086315185275
43.0,836.0462862507599
43.2,834.958306334242
43.4,833.8442310121832
43.6,832.7035913429346
43.8,831.5359096602552
44.0,830.3406989932818
44.2,829.1174624471967
44.4,827.8656925461804
44.6,826.5848705408634
44.8,825.2744656831624
45.0,823.933934472082
45.2,822.5627198747765
45.4,821.1602505278835
45.6,819.7259399248619
45.8,818.2591855957595
46.0,816.7593682865036
46.2,815.2258511454207
46.4,813.6579789252536
46.6,812.0550772094152
46.8,810.4164516716147
47.0,808.7413873782646
47.2,807.0291481432513
47.4,805.2789759446869
47.6,803.4900904131551
47.8,801.6616884007344
48.0,799.7929436396753
48.2,797.8830064990857
48.4,795.931003847281
48.6,793.9360390266341
48.8,791.8971919467947
49.0,789.8135193010667
49.2,787.684054909532
49.4,785.5078101912258
49.6,783.2837747663041
49.8,781.0109171877345
50.0,778.6881858005909
