0.0,713.9482030697826
0.2,715.5946489885017
0.4,717.3648436093526
0.6,719.248199986154
0.8,721.2301025660729
1.0,723.2937686143988
1.2,725.4221544697161
1.4,727.5994870035652
1.6,729.8121944887711
1.8,732.0492264820521
2.0,734.3019073484805
2.2,736.5635286645553
2.4,738.8288654676628
2.6,741.0937386327182
2.8,743.354678418287
3.0,745.608694976134
3.2,747.8531360104221
3.4,750.0856047935202
3.6,752.3039151029898
3.8,754.5060664869792
4.0,756.6902297005066
4.2,758.8547367792929
4.4,760.9980730310025
4.6,763.1188697324667
4.8,765.2158970494957
5.0,767.2880570155705
5.2,769.3343765340019
5.4,771.3540004148422
5.6,773.3461844725848
5.8,775.3102887137926
6.0,777.2457706429345
6.2,779.1521787125373
6.4,781.0291459411582
6.6,782.8763837199444
6.8,784.6936758257757
7.0,786.4808726562233
7.2,788.2378856988643
7.4,789.9646822448622
7.6,791.6612803542099
7.8,793.3277440776496
8.0,794.9641789380303
8.2,796.570727671791
8.4,798.1475662293378
8.6,799.6949000313477
8.8,801.2129604764814
9.0,802.7020016946113
9.2,804.1622975384919
9.4,805.5941388057789
9.6,806.9978306824779
9.8,808.3736903982245
10.0,809.7220450832912
10.2,811.0432298168394
10.4,812.3375858557113
10.6,813.6054590329396
10.8,814.8471983151585
11.0,816.0631545081981
11.2,817.2536791003307
11.4,818.4191232328983
11.6,819.559836788375
11.8,820.6761675862904
12.0,821.7684606778589
12.2,822.8370577306036
12.4,823.8822964947367
12.6,824.9045103435367
12.8,825.9040278804598
13.0,826.8811726062071
13.2,827.8362626394604
13.4,828.7696104854734
13.6,829.6815228471693
13.8,830.5723004738375
14.0,831.442238042957
14.2,832.2916240710684
14.4,833.120740850007
14.6,833.9298644051643
14.8,834.7192644727826
15.0,835.4892044935939
15.2,836.2399416204058
15.4,836.9717267374996
15.6,837.6848044899438
15.8,838.3794133211528
16.0,839.055785517214
16.2,839.7141472566893
16.4,840.3547186647598
16.6,840.9777138707268
16.8,841.5833410680135
17.0,842.1718025759255
17.2,842.743294902533
17.4,843.2980088081267
17.6,843.8361293687811
17.8,844.3578360396265
18.0,844.8633027174967
18.2,845.3526978026675
18.4,845.8261842594544
18.6,846.2839196754717
18.8,846.7260563193967
19.0,847.1527411971075
19.2,847.5641161060923
19.4,847.9603176880512
19.6,848.3414774796238
19.8,848.7077219612038
20.0,849.059172603802
20.2,849.3959459139427
20.4,849.7181534765788
20.6,850.0259019960262
20.8,850.3192933349179
21.0,850.5984245511911
21.2,850.8633879331169
21.4,851.114271032392
21.6,851.3511566953127
21.8,851.5741230920505
22.0,851.7832437440526
22.2,851.9785875495945
22.4,852.1602188075037
22.6,852.3281972390818
22.8,852.4825780082481
23.0,852.6234117399282
23.2,852.7507445367082
23.4,852.8646179937775
23.6,852.9650692121792
23.8,853.052130810385
24.0,853.1258309342152
24.2,853.1861932651121
24.4,853.233237026788
24.6,853.2669769902508
24.8,853.2874234772228
25.0,853.294582361955
25.2,853.2884550714452
25.4,853.2690385840605
25.6,853.2363254265653
25.8,853.1903036695538
26.0,853.1309569212838
26.2,853.0582643199036
26.4,852.9722005240681
26.6,852.87273570193
26.8,852.7598355184982
27.0,852.6334611213474
27.2,852.4935691246636
27.4,852.3401115916114
27.6,852.173036015
27.8,851.9922852962325
28.0,851.7977977225146
28.2,851.5895069423033
28.4,851.3673419389703
28.6,851.1312270026599
28.8,850.8810817003164
29.0,850.6168208438587
29.2,850.3383544564808
29.4,850.0455877370558
29.6,849.7384210226243
29.8,849.4167497489511
30.0,849.080464409136
30.2,848.7294505102652
30.4,848.3635885281038
30.6,847.9827538598227
30.8,847.5868167747732
31.0,847.1756423633212
31.2,846.7490904837698
31.4,846.3070157074059
31.6,845.8492672617258
31.8,845.375688971908
32.0,844.8861192006227
32.2,844.3803907862908
32.4,843.8583309799311
32.6,843.3197613807667
32.8,842.7644978707997
33.0,842.1923505485983
33.2,841.6031236625995
33.4,840.996615544275
33.6,840.3726185415788
33.8,839.7309189531652
34.0,839.0712969639445
34.2,838.393526582645
34.4,837.697375582147
34.6,836.982605443479
34.8,836.2489713044987
35.0,835.4962219144277
35.2,834.7240995955815
35.4,833.9323402138174
35.6,833.120673159427
35.8,832.288821340432
36.0,831.4365011904823
36.2,830.5634226938338
36.4,829.6692894301733
36.6,828.7537986423811
36.8,827.8166413306637
37.0,826.8575023768603
37.2,825.8760607031188
37.4,824.8719894695569
37.6,823.8449563159588
37.8,822.7946236530242
38.0,821.7206490091564
38.2,820.6226854392751
38.4,819.5003820026388
38.6,818.3533843171691
38.8,817.1813351982788
39.0,815.9838753907103
39.2,814.7606444023731
39.4,813.5112814496424
39.6,812.2354265240086
39.8,810.9327215903695
40.0,809.6028119275935
40.2,808.2453476222659
40.4,806.8599852267301
40.6,805.4463895926613
40.8,804.0042358914177
41.0,802.5332118323315
41.2,801.0330200898695
41.4,799.5033809502496
41.6,797.9440351875858
41.8,796.354747178974
42.0,794.7353082671018
42.2,793.0855403779515
42.4,791.4052998999831
42.6,789.6944818298053
42.8,787.9530241877827
43.0,786.1809127052792
43.2,784.3781857833118
43.4,782.5449397202859
43.6,780.6813342042212
43.8,778.7875980624622
44.0,776.8640352593297
44.2,774.9110311295161
44.4,772.9290588322912
44.6,770.9186860087985
44.8,768.8805816219153
45.0,766.8155229553677
45.2,764.7244027461647
45.4,762.6082364221938
45.6,760.4681694159134
45.8,758.3054845281013
46.0,756.1216093301733
46.2,753.9181236398081
46.4,751.6967672316589
46.6,749.4594482615843
46.8,747.2082536039967
47.0,744.9454637964571
47.2,742.6735780724409
47.4,740.3953595440503
47.6,738.1139169715692
47.8,735.8328463358544
48.0,733.5564587570078
48.2,731.2901143913479
48.4,729.0406565745948
48.6,726.8168916966232
48.8,724.6299936878139
49.0,722.4936498964566
49.2,720.4237450493591
49.4,718.4374400123971
49.6,716.5516556149415
49.8,714.7811851654282
50.0,713.1368512924649
