0.0,687.8701086822459
0.2,692.0878877763417
0.4,696.1674566715171
0.6,700.1132784160247
0.8,703.9298297291017
1.0,707.6215982592137
1.2,711.1930782969996
1.4,714.6487649792997
1.6,717.9931470588085
1.8,721.2306983497815
2.0,724.3658679928518
2.2,727.4030697105364
2.4,730.3466702487377
2.6,733.2009772178997
2.8,735.9702265601211
3.0,738.658569875254
3.2,741.2700618398069
3.4,743.808647947534
3.6,746.2781527902108
3.8,748.6822690817932
4.0,751.0245476095057
4.2,753.3083882721276
4.4,755.5370323396046
4.6,757.7135560399424
4.8,759.8408655499551
5.0,761.9216934366787
5.2,763.9585965669111
5.4,765.9539554741023
5.6,767.9099751453778
5.8,769.8286871673541
6.0,771.7119531480762
6.2,773.561469314183
6.4,775.3787721675558
6.6,777.1652450742957
6.8,778.9221256509696
7.0,780.6505138085372
7.2,782.3513803130803
7.4,784.0255757241445
7.6,785.6738395758777
7.8,787.2968096728567
8.0,788.8950313811761
8.2,790.468966805614
8.4,792.0190037551291
8.6,793.5454644111716
8.8,795.0486136259603
9.0,796.5286667906587
9.2,797.9857972259531
9.4,799.4201430596698
9.6,800.8318135675107
9.8,802.2208949635946
10.0,803.5874556371172
10.2,804.9315508399912
10.4,806.2532268377677
10.6,807.5525245424272
10.8,808.8294826508038
11.0,810.0841403164775
11.2,811.3165393860364
11.4,812.5267262327045
11.6,813.7147532215852
11.8,814.8806798412459
12.0,816.024573536194
12.2,817.1465102740449
12.4,818.2465748799825
12.6,819.3248611695362
12.8,820.381471908848
13.0,821.4165186295452
13.2,822.4301213231622
13.4,823.4224080378056
13.6,824.3935143975036
13.8,825.3435830624669
14.0,826.2727631463338
14.2,827.1812096044316
14.4,828.069082605159
14.6,828.9365468948018
14.8,829.7837711644577
15.0,830.6109274262444
15.2,831.4181904046266
15.4,832.2057369474994
15.6,832.9737454606119
15.8,833.7223953679903
16.0,834.4518666002326
16.2,835.1623391118569
16.4,835.8539924283239
16.6,836.5270052228632
16.8,837.181554922852
17.0,837.8178173451661
17.2,838.4359663596791
17.4,839.036173579887
17.6,839.6186080794917
17.8,840.1834361336741
18.0,840.7308209837187
18.2,841.2609226236126
18.4,841.7738976072317
18.6,842.2698988747276
18.8,842.7490755967541
19.0,843.2115730352049
19.2,843.6575324191778
19.4,844.087090834932
19.6,844.50038112866
19.8,844.8975318209547
20.0,845.2786670319149
20.2,845.6439064158933
20.4,845.9933651049504
20.6,846.3271536601425
20.8,846.6453780298293
21.0,846.9481395142451
21.2,847.2355347356305
21.4,847.5076556132785
21.6,847.764589342898
21.8,848.0064183797435
22.0,848.2332204250098
22.2,848.4450684150295
22.4,848.6420305128547
22.6,848.8241701018399
22.8,848.9915457808809
23.0,849.1442113609977
23.2,849.2822158629803
23.4,849.4056035158466
23.6,849.5144137558904
23.8,849.6086812261221
24.0,849.6884357759307
24.2,849.7537024608203
24.4,849.8045015420938
24.6,849.8408484863818
24.8,849.8627539649314
25.0,849.8702238525939
25.2,849.8632592264651
25.4,849.8418563641552
25.6,849.8060067416819
25.8,849.755697030999
26.0,849.6909090971938
26.2,849.6116199954023
26.4,849.5178019675166
26.6,849.409422438771
26.8,849.2864440143227
27.0,849.1488244759587
27.2,848.9965167790859
27.4,848.8294690501872
27.6,848.6476245849466
27.8,848.4509218472804
28.0,848.2392944695343
28.2,848.0126712541406
28.4,847.7709761770584
28.6,847.5141283933604
28.8,847.2420422453597
29.0,846.9546272737159
29.2,846.651788231996
29.4,846.3334251052132
29.6,845.9994331329154
29.8,845.6497028374386
30.0,845.2841200579993
30.2,844.9025659913531
30.4,844.5049172397996
30.6,844.091045867382
30.8,843.6608194651815
31.0,843.2141012266778
31.2,842.7507500342075
31.4,842.270620557615
31.6,841.7735633662585
31.8,841.2594250555916
32.0,840.7280483896012
32.2,840.1792724604379
32.4,839.6129328666191
32.6,839.0288619112245
32.8,838.4268888215281
33.0,837.8068399915217
33.2,837.1685392487722
33.4,836.5118081470258
33.6,835.8364662859015
33.8,835.1423316589247
34.0,834.4292210310067
34.2,833.6969503462866
34.4,832.9453351670081
34.6,832.1741911437845
34.8,831.3833345172242
35.0,830.572582650409
35.2,829.7417545911522
35.4,828.8906716622873
35.6,828.0191580774452
35.8,827.1270415788663
36.0,826.2141540927331
36.2,825.2803323963224
36.4,824.3254187899281
36.6,823.349261765013
36.8,822.3517166583998
37.0,821.3326462805186
37.2,820.2919215037944
37.4,819.2294217952003
37.6,818.1450356748378
37.8,817.0386610801716
38.0,815.9102056132639
38.2,814.7595866460827
38.4,813.5867312567376
38.6,812.3915759674069
38.8,811.1740662528064
39.0,809.934155786423
39.2,808.6718053904582
39.4,807.3869816546037
39.6,806.0796551885022
39.8,804.7497984731317
40.0,803.3973832774809
40.2,802.0223776088778
40.4,800.6247421682585
40.6,799.2044262856057
40.8,797.7613633158189
41.0,796.2954654814215
41.2,794.8066181557972
41.4,793.2946735890537
41.6,791.7594440880958
41.8,790.2006946729565
42.0,788.6181352427643
42.2,787.0114122967466
42.4,785.3801002681614
42.6,783.7236925417735
42.8,782.0415922381377
43.0,780.3331028602003
43.2,778.5974189092249
43.4,776.8336165874019
43.6,775.0406447133425
43.8,773.217315983582
44.0,771.3622987178697
44.2,769.4741092280459
44.4,767.5511049494097
44.6,765.5914784694171
44.8,763.5932525811365
45.0,761.5542764780616
45.2,759.4722231926136
45.4,757.344588363095
45.6,755.1686903931829
45.8,752.9416720446077
46.0,750.6605034778872
46.2,748.3219867284221
46.4,745.9227615765218
46.6,743.4593127407561
46.8,740.9279782951529
47.0,738.3249591830313
47.2,735.6463296744521
47.4,732.888048591219
47.6,730.0459711038267
47.8,727.1158608894101
48.0,724.0934024292211
48.2,720.9742132188948
48.4,717.7538556651205
48.6,714.4278484484579
48.8,710.9916771439474
49.0,707.4408039086709
49.2,703.7706760681643
49.4,699.9767334610486
49.6,696.0544144327253
49.8,691.9991604036695
50.0,687.8064189747894
