0.0,793.9036007344562
0.2,795.955263447872
0.4,797.9665478156736
0.6,799.9379033639391
0.8,801.8697807250528
1.0,803.7626316640005
1.2,805.6169090977024
1.4,807.433067107139
1.6,809.211560942054
1.8,810.9528470180455
2.0,812.6573829058885
2.2,814.3256273129593
2.4,815.9580400566629
2.6,817.5550820297964
2.8,819.1172151578131
3.0,820.6449023479785
3.2,822.1386074304455
3.4,823.598795091303
3.6,825.0259307976837
3.8,826.420480715047
4.0,827.7829116167787
4.2,829.1136907862832
4.4,830.4132859117656
4.6,831.6821649739296
4.8,832.9207961268447
5.0,834.1296475722546
5.2,835.309187427629
5.4,836.4598835882736
5.6,837.5822035838422
5.8,838.6766144296054
6.0,839.7435824728515
6.2,840.7835732348093
6.4,841.7970512484965
6.6,842.7844798929068
6.8,843.7463212239625
7.0,844.6830358026641
7.2,845.5950825208765
7.4,846.482918425197
7.6,847.3469985393497
7.8,848.1877756855565
8.0,849.0057003053308
8.2,849.8012202801383
8.4,850.574780752366
8.6,851.3268239470365
8.8,852.0577889946918
9.0,852.7681117558692
9.2,853.4582246475757
9.4,854.1285564721604
9.6,854.7795322489678
9.8,855.4115730491426
10.0,856.0250958339427
10.2,856.6205132968964
10.4,857.1982337101281
10.6,857.7586607751546
10.8,858.3021934784364
11.0,858.8292259519495
11.2,859.3401473390223
11.4,859.8353416656604
11.6,860.3151877175649
11.8,860.780058923023
12.0,861.230323241833
12.2,861.6663430604007
12.4,862.0884750931227
12.6,862.4970702901561
12.8,862.8924737516409
13.0,863.275024648433
13.2,863.6450561493771
13.4,864.0028953551262
13.6,864.3488632385045
13.8,864.683274591379
14.0,865.0064379779914
14.2,865.318655694686
14.4,865.620223735947
14.6,865.9114317666418
14.8,866.1925631003538
15.0,866.4638946836698
15.2,866.7256970862741
15.4,866.9782344966857
15.6,867.2217647234647
15.8,867.4565392016981
16.0,867.6828030045695
16.2,867.9007948598013
16.4,868.1107471707536
16.6,868.3128860419512
16.8,868.5074313088062
17.0,868.6945965712972
17.2,868.8745892313556
17.4,869.047610533713
17.6,869.2138556099529
17.8,869.3735135255082
18.0,869.5267673293482
18.2,869.6737941060932
18.4,869.8147650302941
18.6,869.9498454226186
18.8,870.0791948076818
19.0,870.2029669732641
19.2,870.3213100306614
19.4,870.4343664759108
19.6,870.5422732516477
19.8,870.6451618093446
20.0,870.7431581716935
20.2,870.8363829948937
20.4,870.9249516306195
20.6,871.0089741874386
20.8,871.0885555914679
21.0,871.1637956460531
21.2,871.2347890902723
21.4,871.3016256560618
21.6,871.3643901237821
21.8,871.4231623760396
22.0,871.478017449593
22.2,871.5290255851812
22.4,871.5762522751161
22.6,871.6197583084971
22.8,871.6595998139055
23.0,871.6958282994551
23.2,871.7284906900748
23.4,871.7576293619179
23.6,871.7832821737951
23.8,871.8054824955394
24.0,871.8242592332225
24.2,871.8396368511501
24.4,871.8516353905724
24.6,871.8602704850584
24.8,871.8655533724889
25.0,871.8674909036346
25.2,871.8660855472962
25.4,871.8613353919902
25.6,871.853234144177
25.8,871.8417711230352
26.0,871.8269312517965
26.2,871.8086950456664
26.4,871.7870385963629
26.6,871.7619335533177
26.8,871.733347101593
27.0,871.701241936576
27.2,871.6655762355228
27.4,871.6263036260353
27.6,871.5833731515613
27.8,871.5367292340173
28.0,871.486311633646
28.2,871.432055406226
28.4,871.3738908577644
28.6,871.3117434968076
28.8,871.2455339845169
29.0,871.1751780826669
29.2,871.1005865997269
29.4,871.0216653351997
29.6,870.9383150223996
29.8,870.8504312698544
30.0,870.7579045015324
30.2,870.6606198960943
30.4,870.5584573253844
30.6,870.4512912923763
30.8,870.3389908687993
31.0,870.2214196326747
31.2,870.0984356059998
31.4,869.9698911928181
31.6,869.835633117924
31.8,869.695502366452
32.0,869.5493341246026
32.2,869.3969577217616
32.4,869.238196574274
32.6,869.0728681311299
32.8,868.9007838218272
33.0,868.7217490066698
33.2,868.5355629297659
33.4,868.3420186749833
33.6,868.1409031251222
33.8,867.9319969245594
34.0,867.7150744456134
34.2,867.4899037588812
34.4,867.2562466077825
34.6,867.0138583875497
34.8,866.7624881288885
35.0,866.5018784865276
35.2,866.2317657328682
35.4,865.9518797569301
35.6,865.6619440687854
35.8,865.3616758096506
36.0,865.0507857678056
36.2,864.728978400484
36.4,864.3959518618711
36.6,864.051398037326
36.8,863.6950025839325
37.0,863.3264449774621
37.2,862.9453985658151
37.4,862.551530628991
37.6,862.1445024456149
37.8,861.7239693660295
38.0,861.2895808919434
38.2,860.8409807626028
38.4,860.3778070474336
38.6,859.8996922450802
38.8,859.4062633887454
39.0,858.8971421577131
39.2,858.3719449949151
39.4,857.8302832303789
39.6,857.2717632103765
39.8,856.6959864320675
40.0,856.10254968341
40.2,855.4910451880965
40.4,854.8610607552437
40.6,854.2121799335532
40.8,853.5439821696361
41.0,852.8560429701773
41.2,852.1479340676003
41.4,851.4192235888737
41.6,850.6694762270879
41.8,849.8982534154133
42.0,849.1051135030428
42.2,848.289611932706
42.4,847.4513014193317
42.6,846.5897321294328
42.8,845.7044518607715
43.0,844.7950062218637
43.2,843.8609388108755
43.4,842.9017913934614
43.6,841.9171040790935
43.8,840.9064154954348
44.0,839.8692629603058
44.2,838.8051826508087
44.4,837.7137097691683
44.6,836.5943787048677
44.8,835.4467231926574
45.0,834.2702764660364
45.2,833.0645714058124
45.4,831.8291406833642
45.6,830.5635168982479
45.8,829.267232709807
46.0,827.9398209624629
46.2,826.5808148043905
46.4,825.1897477992981
46.6,823.7661540310642
46.8,822.309568201001
47.0,820.8195257175456
47.2,819.2955627782077
47.4,817.7372164436267
47.6,816.1440247036276
47.8,814.5155265351842
48.0,812.8512619522423
48.2,811.150772047372
48.4,809.4135990252604
48.6,807.6392862280808
48.8,805.8273781528073
49.0,803.9774204605756
49.2,802.088959978218
49.4,800.1615446921373
49.6,798.1947237347051
49.8,796.1880473634047
50.0,794.1410669329673
