0.0,810.5738178862838
0.2,812.4535781229881
0.4,814.2915123141141
0.6,816.0880082353636
0.8,817.8434623466255
1.0,819.5582801260426
1.2,821.2328763574004
1.4,822.86767536935
1.6,824.4631112252586
1.8,826.019627862775
2.0,827.5376791824893
2.2,829.0177290853608
2.4,830.4602514588875
2.6,831.8657301122739
2.8,833.2346586611483
3.0,834.5675403626547
3.2,835.8648879020176
3.4,837.1272231319396
3.6,838.3550767664335
3.8,839.5489880309301
4.0,840.7095042707194
4.2,841.8371805199813
4.4,842.9325790338507
4.6,843.9962687861222
4.8,845.028824935347
5.0,846.0308282622017
5.2,847.0028645811065
5.4,847.9455241291627
5.6,848.8594009355338
5.8,849.7450921744414
6.0,850.6031975049639
6.2,851.434318400829
6.4,852.2390574733698
6.6,853.0180177907755
6.8,853.7718021967113
7.0,854.501012631307
7.2,855.2062494574221
7.4,855.8881107949902
7.6,856.5471918661227
7.8,857.1840843535235
8.0,857.7993757746144
8.2,858.393648873624
8.4,858.9674810337231
8.6,859.5214437111262
8.8,860.0561018928934
9.0,860.5720135799977
9.2,861.0697292970285
9.4,861.5497916297261
9.6,862.012734791352
9.8,862.4590842187183
10.0,862.8893561985165
10.2,863.304057524409
10.4,863.7036851851765
10.6,864.0887260840369
10.8,864.459656789104
11.0,864.8169433147877
11.2,865.1610409337998
11.4,865.4923940192875
11.6,865.8114359164906
11.8,866.1185888432001
12.0,866.414263818185
12.2,866.6988606166593
12.4,866.9727677517697
12.6,867.2363624810068
12.8,867.4900108363809
13.0,867.734067677136
13.2,867.96887676374
13.4,868.194770851843
13.6,868.4120718048744
13.8,868.6210907239249
14.0,868.8221280935587
14.2,869.0154739421884
14.4,869.2014080156633
14.6,869.3801999627298
14.8,869.5521095310402
15.0,869.7173867724239
15.2,869.8762722561556
15.4,870.0289972890018
15.6,870.1757841408638
15.8,870.3168462748866
16.0,870.4523885809473
16.2,870.5826076114917
16.4,870.7076918187461
16.6,870.82782179238
16.8,870.9431704967586
17.0,871.0539035069827
17.2,871.1601792429675
17.4,871.2621492008785
17.6,871.3599581812903
17.8,871.4537445135018
18.0,871.5436402754914
18.2,871.6297715090516
18.4,871.7122584296956
18.6,871.7912156309808
18.8,871.866752282941
19.0,871.9389723243661
19.2,872.0079746487136
19.4,872.0738532834747
19.6,872.1366975628615
19.8,872.1965922937108
20.0,872.2536179145411
20.2,872.3078506477245
20.4,872.3593626447637
20.6,872.4082221246923
20.8,872.4544935056366
21.0,872.4982375295945
21.2,872.5395113805105
21.4,872.5783687957336
21.6,872.6148601709609
21.8,872.6490326587791
22.0,872.6809302609211
22.2,872.710593914365
22.4,872.7380615714011
22.6,872.763368273797
22.8,872.7865462211904
23.0,872.8076248338367
23.2,872.8266308098348
23.4,872.8435881769511
23.6,872.8585183391523
23.8,872.8714401179556
24.0,872.8823697886903
24.2,872.8913211117601
24.4,872.8983053589845
24.6,872.9033313350834
24.8,872.9064053943622
25.0,872.9075314526409
25.2,872.9067109944558
25.4,872.9039430755555
25.6,872.8992243206931
25.8,872.8925489167102
26.0,872.8839086008918
26.2,872.8732926445589
26.4,872.8606878318543
26.6,872.8460784336645
26.8,872.8294461766102
27.0,872.8107702070246
27.2,872.7900270498316
27.4,872.7671905622243
27.6,872.7422318820364
27.8,872.7151193706941
28.0,872.6858185506242
28.2,872.6542920369977
28.4,872.6204994636759
28.6,872.58439740323
28.8,872.5459392809049
29.0,872.505075282394
29.2,872.461752255303
29.4,872.415913604179
29.6,872.3674991789943
29.8,872.3164451569817
30.0,872.2626839177283
30.2,872.206143911455
30.4,872.1467495204191
30.6,872.0844209134046
30.8,872.0190738932791
31.0,871.9506197376295
31.2,871.87896503251
31.4,871.8040114993714
31.6,871.72565581527
31.8,871.6437894264952
32.0,871.5582983557905
32.2,871.4690630033841
32.4,871.3759579420932
32.6,871.2788517068099
32.8,871.177606578724
33.0,871.0720783646964
33.2,870.9621161722405
33.4,870.8475621806307
33.6,870.7282514087136
33.8,870.6040114800493
34.0,870.4746623860756
34.2,870.3400162480425
34.4,870.1998770785262
34.6,870.0540405433859
34.8,869.9022937250928
35.0,869.7444148884082
35.2,869.5801732494504
35.4,869.4093287492366
35.6,869.2316318328407
35.8,869.0468232353528
36.0,868.8546337758653
36.2,868.6547841607562
36.4,868.4469847975644
36.6,868.230935620786
36.8,868.0063259309377
37.0,867.7728342482474
37.2,867.5301281823425
37.4,867.2778643192999
37.6,867.0156881274161
37.8,866.743233883037
38.0,866.460124617755
38.2,866.1659720882514
38.4,865.860376770007
38.6,865.542927876051
38.8,865.2132034018504
39.0,864.8707701973607
39.2,864.5151840671749
39.4,864.145989899604
39.6,863.7627218254167
39.8,863.3649034068444
40.0,862.9520478573294
40.2,862.5236582923587
40.4,862.0792280115729
40.6,861.6182408121911
40.8,861.1401713336284
41.0,860.644485433012
41.2,860.1306405911312
41.4,859.5980863481724
41.6,859.0462647684169
41.8,858.4746109328826
42.0,857.8825534587154
42.2,857.2695150439445
42.4,856.6349130360322
42.6,855.9781600224715
42.8,855.2986644414987
43.0,854.5958312108303
43.2,853.8690623721557
43.4,853.1177577489713
43.6,852.3413156151927
43.8,851.5391333718452
44.0,850.7106082290197
44.2,849.8551378901642
44.4,848.9721212356973
44.6,848.0609590028513
44.8,847.1210544585967
45.0,846.1518140624586
45.2,845.1526481160192
45.4,844.1229713958978
45.6,843.0622037670217
45.8,841.9697707730437
46.0,840.8451042008237
46.2,839.6876426159754
46.4,838.4968318665868
46.6,837.272125552345
46.8,836.0129854564451
47.0,834.7188819378293
47.2,833.389294281483
47.4,832.0237110047211
47.6,830.621630117618
47.8,829.1825593359646
48.0,827.7060162453897
48.2,826.1915284155438
48.4,824.638633463511
48.6,823.0468790659046
48.8,821.4158229193791
49.0,819.7450326495959
49.2,818.0340856689669
49.4,816.2825689838027
49.6,814.4900789517854
49.8,812.6562209909803
50.0,810.7806092418845
