0.0,855.2216161335263
0.2,855.8261717356161
0.4,856.4157833077879
0.6,856.9906774517914
0.8,857.5510806247484
1.0,858.0972191038948
1.2,858.6293189492551
1.4,859.1476059642375
1.6,859.652305654155
1.8,860.143643182682
2.0,860.6218433262669
2.2,861.0871304265368
2.4,861.5397283407331
2.6,861.979860390233
2.8,862.4077493072165
3.0,862.8236171795537
3.2,863.2276853939894
3.4,863.6201745777164
3.6,864.001304538435
3.8,864.3712942030033
4.0,864.7303615547919
4.2,865.0787235698612
4.4,865.4165961520899
4.6,865.7441940673851
4.8,866.0617308771097
5.0,866.369418870872
5.2,866.667468998822
5.4,866.9560908036011
5.6,867.2354923521025
5.8,867.5058801671898
6.0,867.7674591595368
6.2,868.0204325597377
6.4,868.2650018508509
6.6,868.5013667015273
6.8,868.7297248998817
7.0,868.9502722882603
7.2,869.1632026990552
7.4,869.368707891714
7.6,869.5669774910909
7.8,869.7581989272796
8.0,869.9425573770649
8.2,870.1202357071253
8.4,870.2914144191129
8.6,870.4562715967303
8.8,870.6149828549205
9.0,870.7677212912768
9.2,870.9146574397724
9.4,871.0559592269066
9.6,871.1917919303496
9.8,871.3223181401676
10.0,871.4476977226965
10.2,871.5680877871284
10.4,871.6836426548641
10.6,871.7945138316759
10.8,871.900849982723
11.0,872.0027969104419
11.2,872.10049753534
11.4,872.1940918796969
11.6,872.2837170541859
11.8,872.3695072474056
12.0,872.451593718312
12.2,872.5301047915323
12.4,872.6051658555318
12.6,872.6768993636001
12.8,872.7454248376142
13.0,872.8108588745295
13.2,872.8733151555455
13.4,872.9329044578817
13.6,872.9897346690983
13.8,873.0439108038865
14.0,873.095535023253
14.2,873.1447066560105
14.4,873.1915222224912
14.6,873.236075460386
14.8,873.2784573526172
15.0,873.3187561571424
15.2,873.3570574385873
15.4,873.393444101602
15.6,873.427996425833
15.8,873.4607921023994
16.0,873.491906271763
16.2,873.5214115628789
16.4,873.5493781335119
16.6,873.5758737116035
16.8,873.6009636375776
17.0,873.6247109074649
17.2,873.6471762167348
17.4,873.6684180047213
17.6,873.6884924995245
17.8,873.7074537632826
18.0,873.7253537376965
18.2,873.7422422897033
18.4,873.7581672571877
18.6,873.7731744946269
18.8,873.787307918567
19.0,873.8006095528261
19.2,873.8131195733303
19.4,873.8248763524828
19.6,873.8359165029757
19.8,873.8462749209518
20.0,873.8559848284309
20.2,873.8650778149151
20.4,873.8735838780929
20.6,873.8815314635624
20.8,873.8889475035
21.0,873.8958574542032
21.2,873.9022853324367
21.4,873.9082537505195
21.6,873.91378395009
21.8,873.9188958344886
22.0,873.9236079997052
22.2,873.9279377638383
22.4,873.931901195016
22.6,873.9355131377341
22.8,873.938787237568
23.0,873.94173596422
23.2,873.9443706328649
23.4,873.9467014237597
23.6,873.9487374000902
23.8,873.9504865240235
24.0,873.9519556709461
24.2,873.9531506418623
24.4,873.9540761739386
24.6,873.9547359491755
24.8,873.9551326011966
25.0,873.9552677201441
25.2,873.9551418556731
25.4,873.9547545180442
25.6,873.9541041773085
25.8,873.9531882605911
26.0,873.9520031474752
26.2,873.9505441634944
26.4,873.9488055717455
26.6,873.9467805626323
26.8,873.944461241758
27.0,873.9418386159848
27.2,873.9389025776836
27.4,873.9356418871962
27.6,873.93204415354
27.8,873.9280958133863
28.0,873.9237821083441
28.2,873.9190870605873
28.4,873.9139934468676
28.6,873.9084827709518
28.8,873.9025352345342
29.0,873.8961297066709
29.2,873.8892436917907
29.4,873.8818532963372
29.6,873.8739331941017
29.8,873.8654565903104
30.0,873.8563951845296
30.2,873.8467191324613
30.4,873.8363970066974
30.6,873.8253957565104
30.8,873.81368066676
31.0,873.8012153159939
31.2,873.7879615338318
31.4,873.7738793577175
31.6,873.7589269891305
31.8,873.7430607493515
32.0,873.7262350348768
32.2,873.7084022725821
32.4,873.689512874735
32.6,873.6695151939608
32.8,873.6483554782689
33.0,873.6259778262433
33.2,873.6023241425128
33.4,873.5773340936045
33.6,873.5509450642999
33.8,873.5230921146023
34.0,873.4937079374316
34.2,873.4627228171597
34.4,873.4300645891045
34.6,873.3956586000933
34.8,873.3594276702129
35.0,873.3212920558586
35.2,873.2811694141972
35.4,873.2389747691508
35.6,873.1946204790172
35.8,873.1480162058284
36.0,873.0990688865561
36.2,873.0476827062653
36.4,872.9937590733149
36.6,872.9371965967005
36.8,872.8778910656313
37.0,872.815735431429
37.2,872.7506197918291
37.4,872.6824313777649
37.6,872.6110545427039
37.8,872.536370754603
38.0,872.4582585905457
38.2,872.3765937341116
38.4,872.2912489755266
38.6,872.2020942146358
38.8,872.1089964667294
39.0,872.011819871249
39.2,871.9104257033915
39.4,871.8046723886213
39.6,871.6944155200915
39.8,871.5795078789697
40.0,871.4597994576521
40.2,871.335137485844
40.4,871.2053664594762
40.6,871.0703281724152
40.8,870.9298617509228
41.0,870.7838036908051
41.2,870.6319878971883
41.4,870.4742457268483
41.6,870.310406033013
41.8,870.1402952125487
42.0,869.9637372554351
42.2,869.780553796425
42.4,869.5905641687799
42.6,869.3935854599622
42.8,869.1894325691637
43.0,868.9779182665392
43.2,868.7588532540132
43.4,868.5320462275189
43.6,868.2973039405254
43.8,868.0544312687083
44.0,867.80323127561
44.2,867.5435052791374
44.4,867.275052918742
44.6,866.9976722231214
44.8,866.7111596782905
45.0,866.4153102958551
45.2,866.1099176813359
45.4,865.7947741023845
45.6,865.4696705567316
45.8,865.1343968397177
46.0,864.7887416112545
46.2,864.4324924620668
46.4,864.0654359790769
46.6,863.687357809788
46.8,863.2980427255359
47.0,862.8972746834821
47.2,862.4848368872259
47.4,862.060511845923
47.6,861.6240814318037
47.8,861.1753269359939
48.0,860.7140291225464
48.2,860.2399682806039
48.4,859.7529242746217
48.6,859.2526765925861
48.8,858.7390043921783
49.0,858.2116865448404
49.2,857.6705016777106
49.4,857.1152282134086
49.6,856.5456444076564
49.8,855.961528384738
50.0,855.3626581708049
