0.0,478.6490616847585
0.2,484.12959801213367
0.4,489.5704727613323
0.6,494.9705183365784
0.8,500.3286111759319
1.0,505.6436726934697
1.2,510.91467008512564
1.4,516.1406169971006
1.6,521.3205740565559
1.8,526.4536492651021
2.0,531.5389982563693
2.2,536.5758244196987
2.4,541.5633788927149
2.6,546.5009604262215
2.8,551.3879151255013
3.0,556.2236360726952
3.2,561.0075628354688
3.4,565.7391808676655
3.6,570.4180208080624
3.8,575.0436576837136
4.0,579.6157100246654
4.2,584.1338388970648
4.4,588.5977468618656
4.6,593.007176866443
4.8,597.3619110764881
5.0,601.6617696555503
5.2,605.9066094995328
5.4,610.0963229333413
5.6,614.2308363767228
5.8,618.3101089861293
6.0,622.334131279198
6.2,626.302923748157
6.4,630.2165354681589
6.6,634.0750427062028
6.8,637.8785475359493
7.0,641.6271764633581
7.2,645.3210790676844
7.4,648.9604266619826
7.6,652.5454109768582
7.8,656.0762428708149
8.0,659.553151070148
8.2,662.9763809409444
8.4,666.3461932953785
8.6,669.6628632341263
8.8,672.9266790263707
9.0,676.1379410285448
9.2,679.2969606426489
9.4,682.404059314684
9.6,685.4595675734784
9.8,688.4638241099383
10.0,691.417174896529
10.2,694.3199723465917
10.4,697.1725745129235
10.6,699.9753443248902
10.8,702.7286488632072
11.0,705.4328586714074
11.2,708.0883471029201
11.4,710.6954897026067
11.6,713.2546636215387
11.8,715.7662470637598
12.0,718.2306187637422
12.2,720.6481574932301
12.4,723.0192415961608
12.6,725.3442485503539
12.8,727.6235545546803
13.0,729.8575341404367
13.2,732.0465598056877
13.4,734.1910016713675
13.6,736.2912271579731
13.8,738.3476006817244
14.0,740.3604833691105
14.2,742.3302327887895
14.4,744.2572026998554
14.6,746.1417428155358
14.8,747.9841985814332
15.0,749.7849109674654
15.2,751.5442162727147
15.4,753.2624459424363
15.6,754.9399263965183
15.8,756.5769788687334
16.0,758.1739192561577
16.2,759.731057978172
16.4,761.2486998444951
16.6,762.7271439317352
16.8,764.1666834679709
17.0,765.5676057249127
17.2,766.930191917211
17.4,768.2547171085113
17.6,769.5414501238755
17.8,770.790653468213
18.0,772.0025832503825
18.2,773.1774891126443
18.4,774.3156141651621
18.6,775.4171949252662
18.8,776.4824612612053
19.0,777.5116363401278
19.2,778.504936580045
19.4,779.4625716055426
19.6,780.3847442070146
19.8,781.2716503032027
20.0,782.1234789068417
20.2,782.9404120932091
20.4,783.7226249713957
20.6,784.4702856581148
20.8,785.1835552538815
21.0,785.8625878213962
21.2,786.5075303659779
21.4,787.1185228178977
21.6,787.6956980164697
21.8,788.2391816957677
22.0,788.7490924718368
22.2,789.2255418312815
22.4,789.6686341211149
22.6,790.0784665397632
22.8,790.4551291291256
23.0,790.7987047675939
23.2,791.109269163949
23.4,791.3868908520525
23.6,791.6316311862604
23.8,791.8435443374941
24.0,792.0226772899093
24.2,792.1690698381113
24.4,792.2827545848697
24.6,792.3637569392965
24.8,792.4120951154554
25.0,792.4277801313766
25.2,792.4108158084625
25.4,792.3611987712702
25.6,792.2789184476715
25.8,792.163957069389
26.0,792.0162896729234
26.2,791.8358841008853
26.4,791.6227010037594
26.6,791.3766938421289
26.8,791.0978088894011
27.0,790.7859852350766
27.2,790.4411547886175
27.4,790.0632422839699
27.6,789.6521652848081
27.8,789.2078341905744
28.0,788.730152243391
28.2,788.2190155359326
28.4,787.6743130203529
28.6,787.0959265183626
28.8,786.4837307325699
29.0,785.8375932591923
29.2,785.1573746022641
29.4,784.4429281894656
29.6,783.6941003897093
29.8,782.9107305326224
30.0,782.0926509300776
30.2,781.2396868999265
30.4,780.3516567920979
30.6,779.4283720172358
30.8,778.4696370780523
31.0,777.4752496035853
31.2,776.4450003865556
31.4,775.3786734240296
31.6,774.2760459616007
31.8,773.1368885413156
32.0,771.9609650535793
32.2,770.7480327932873
32.4,769.4978425204418
32.6,768.2101385255288
32.8,766.884658699938
33.0,765.521134611732
33.2,764.1192915870836
33.4,762.6788487977169
33.6,761.1995193547135
33.8,759.6810104090612
34.0,758.1230232593474
34.2,756.525253467027
34.4,754.8873909797188
34.6,753.209120263015
34.8,751.4901204413205
35.0,749.7300654482707
35.2,747.9286241873128
35.4,746.0854607030755
35.6,744.2002343641866
35.8,742.2726000582489
36.0,740.3022083997171
36.2,738.2887059514742
36.4,736.2317354609477
36.6,734.1309361116515
36.8,731.9859437910943
37.0,729.796391376037
37.2,727.5619090361338
37.4,725.282124557036
37.6,722.9566636840876
37.8,720.585150487775
38.0,718.1672077521415
38.2,715.7024573874086
38.4,713.190520868069
38.6,710.6310196977515
38.8,708.0235759021563
39.0,705.3678125513786
39.2,702.6633543129245
39.4,699.9098280367081
39.6,697.1068633732904
39.8,694.2540934265738
40.0,691.3511554421068
40.2,688.397691532075
40.4,685.3933494379587
40.6,682.337783331726
40.8,679.2306546562852
41.0,676.0716330057772
41.2,672.8603970460973
41.4,669.5966354758419
41.6,666.2800480276509
41.8,662.9103465096687
42.0,659.4872558865804
42.2,656.0105153993887
42.4,652.4798797227871
42.6,648.8951201586535
42.8,645.2560258638445
43.0,641.562405110101
43.2,637.8140865735066
43.4,634.0109206505462
43.6,630.15278079742
43.8,626.2395648888721
44.0,622.2711965923858
44.2,618.2476267532104
44.4,614.1688347852897
44.6,610.0348300627905
44.8,605.8456533065679
45.0,601.6013779595686
45.2,597.302111544864
45.4,592.9479969997187
45.6,588.5392139788647
45.8,584.0759801199423
46.0,579.5585522639104
46.2,574.9872276231188
46.4,570.3623448896778
46.6,565.6842852767543
46.8,560.9534734854813
47.0,556.1703785902802
47.2,551.3355148355746
47.4,546.4494423371091
47.6,541.5127676813923
47.8,536.5261444171455
48.0,531.4902734330603
48.2,526.4059032166558
48.4,521.2738299895616
48.6,516.0948977151444
48.8,510.86999797503813
49.0,505.60006971181554
49.2,500.28609883576365
49.4,494.9291176944749
49.6,489.530204404743
49.8,484.0904820470495
50.0,478.6111177237298
