0.0,854.4324343532046
0.2,855.0487383384741
0.4,855.650090000809
0.6,856.2367141769932
0.8,856.8088354655904
1.0,857.3666781907633
1.2,857.9104663645114
1.4,858.440423647315
1.6,858.9567733071895
1.8,859.4597381771569
2.0,859.9495406111537
2.2,860.426402438399
2.4,860.8905449162567
2.6,861.3421886816337
2.8,861.7815537009643
3.0,862.2088592188339
3.2,862.6243237053102
3.4,863.0281648020501
3.6,863.420599267261
3.8,863.8018429196004
4.0,864.1721105811035
4.2,864.5316160192342
4.4,864.8805718881617
4.6,865.2191896693665
4.8,865.5476796116868
5.0,865.8662506709188
5.2,866.1751104490888
5.4,866.4744651335164
5.6,866.7645194357917
5.8,867.0454765307912
6.0,867.3175379958593
6.2,867.58090375028
6.4,867.8357719951695
6.6,868.0823391539138
6.8,868.3207998132805
7.0,868.5513466653293
7.2,868.7741704502467
7.4,868.9894599002242
7.6,869.1974016845044
7.8,869.3981803557076
8.0,869.5919782975556
8.2,869.7789756741009
8.4,869.9593503805675
8.6,870.1332779959051
8.8,870.3009317371539
9.0,870.4624824157088
9.2,870.6180983955737
9.4,870.767945553682
9.6,870.9121872423596
9.8,871.050984254
10.0,871.1844947880124
10.2,871.3128744200978
10.4,871.4362760739044
10.6,871.554849995103
10.8,871.6687437279189
11.0,871.7781020941486
11.2,871.883067174685
11.4,871.9837782935639
11.6,872.0803720045417
11.8,872.172982080207
12.0,872.2617395036189
12.2,872.3467724624617
12.4,872.4282063456997
12.6,872.5061637427037
12.8,872.5807644448237
13.0,872.6521254493676
13.2,872.7203609659476
13.4,872.7855824251425
13.6,872.8478984894266
13.8,872.907415066306
14.0,872.9642353236002
14.2,873.0184597067994
14.4,873.0701859584296
14.6,873.1195091393483
14.8,873.1665216518908
15.0,873.2113132647859
15.2,873.2539711397553
15.4,873.2945798597074
15.6,873.3332214584345
15.8,873.3699754517226
16.0,873.4049188697733
16.2,873.4381262908481
16.4,873.4696698760313
16.6,873.4996194050141
16.8,873.528042312802
17.0,873.5550037272412
17.2,873.5805665072659
17.4,873.6047912817656
17.6,873.627736488971
17.8,873.6494584162577
18.0,873.670011240271
18.2,873.6894470672707
18.4,873.707815973599
18.6,873.7251660461768
18.8,873.7415434229329
19.0,873.7569923330723
19.2,873.7715551370939
19.4,873.7852723664679
19.6,873.7981827628854
19.8,873.8103233169956
20.0,873.8217293065485
20.2,873.8324343338618
20.4,873.8424703625359
20.6,873.851867753341
20.8,873.8606552992035
21.0,873.8688602592235
21.2,873.8765083916567
21.4,873.8836239857941
21.6,873.8902298926819
21.8,873.8963475546219
22.0,873.9019970333967
22.2,873.9071970371688
22.4,873.9119649460032
22.6,873.916316835969
22.8,873.9202675017744
23.0,873.9238304778976
23.2,873.9270180581746
23.4,873.9298413138108
23.6,873.9323101097846
23.8,873.934433119616
24.0,873.9362178384732
24.2,873.937670594599
24.4,873.9387965590321
24.6,873.9395997536133
24.8,873.9400830572594
25.0,873.9402482104967
25.2,873.9400958182466
25.4,873.9396253508581
25.6,873.9388351433879
25.8,873.9377223931285
26.0,873.9362831553905
26.2,873.9345123375438
26.4,873.9324036913333
26.6,873.9299498034782
26.8,873.927142084574
27.0,873.9239707563171
27.2,873.9204248370726
27.4,873.9164921258138
27.6,873.9121591844602
27.8,873.9074113186457
28.0,873.902232556953
28.2,873.8966056286503
28.4,873.8905119399727
28.6,873.8839315489907
28.8,873.8768431391132
29.0,873.8692239912749
29.2,873.8610499548596
29.4,873.852295417418
29.6,873.842933273234
29.8,873.8329348908069
30.0,873.8222700793074
30.2,873.8109070540811
30.4,873.7988124012643
30.6,873.7859510415881
30.8,873.7722861934448
31.0,873.7577793352954
31.2,873.742390167497
31.4,873.7260765736361
31.6,873.7087945814495
31.8,873.6904983234233
32.0,873.6711399971565
32.2,873.6506698255835
32.4,873.6290360171462
32.6,873.6061847260121
32.8,873.5820600124335
33.0,873.5566038033463
33.2,873.5297558533056
33.4,873.5014537058587
33.6,873.4716326554553
33.8,873.4402257099943
34.0,873.4071635541088
34.2,873.372374513291
34.4,873.3357845189543
34.6,873.2973170745342
34.8,873.2568932227284
35.0,873.2144315139689
35.2,873.1698479762285
35.4,873.1230560862521
35.6,873.0739667423057
35.8,873.0224882385369
36.0,872.9685262410297
36.2,872.9119837656428
36.4,872.8527611577107
36.6,872.7907560736859
36.8,872.7258634647993
37.0,872.6579755628054
37.2,872.5869818678811
37.4,872.5127691387398
37.6,872.4352213850151
37.8,872.3542198619687
38.0,872.2696430675664
38.2,872.1813667419646
38.4,872.0892638694396
38.6,871.9932046827925
38.8,871.8930566702486
39.0,871.7886845848694
39.2,871.679950456487
39.4,871.5667136061626
39.6,871.4488306631697
39.8,871.326155584486
40.0,871.1985396767811
40.2,871.0658316208744
40.4,870.9278774986333
40.6,870.7845208222726
40.8,870.6356025660117
41.0,870.4809612000385
41.2,870.3204327267209
41.4,870.1538507190036
41.6,869.981046360918
41.8,869.8018484901289
42.0,869.6160836424361
42.2,869.423576098142
42.4,869.2241479301899
42.6,869.017619053979
42.8,868.8038072787468
43.0,868.5825283604142
43.2,868.3535960557812
43.4,868.1168221779562
43.6,867.8720166529013
43.8,867.6189875769686
44.0,867.3575412753095
44.2,867.0874823610221
44.4,866.8086137949181
44.6,866.5207369457723
44.8,866.2236516509327
45.0,865.9171562771554
45.2,865.6010477815413
45.4,865.2751217724428
45.6,864.939172570217
45.8,864.5929932676993
46.0,864.236375790277
46.2,863.8691109554444
46.4,863.4909885317235
46.6,863.1017972968384
46.8,862.7013250950403
47.0,862.2893588934762
47.2,861.8656848375098
47.4,861.4300883048996
47.6,860.9823539587533
47.8,860.5222657991759
48.0,860.0496072135463
48.2,859.5641610253517
48.4,859.0657095415262
48.6,858.5540345982452
48.8,858.0289176051322
49.0,857.490139587845
49.2,856.9374812290172
49.4,856.3707229075372
49.6,855.7896447361569
49.8,855.194026597428
50.0,854.5836481779784
