0.0,837.7660488673391
0.2,839.7432915548181
0.4,841.5956395247927
0.6,843.3220029383023
0.8,844.9234110539779
1.0,846.4028795679209
1.2,847.7651927080313
1.4,849.0166187010989
1.6,850.1645808487239
1.8,851.21730785009
2.0,852.1834862336482
2.2,853.0719350901206
2.4,853.8913192069604
2.6,854.6499117675339
2.8,855.3554125960053
3.0,856.0148230434816
3.2,856.6343744488138
3.4,857.2195039446757
3.6,857.7748693340964
3.8,858.304393808959
4.0,858.8113312823376
4.2,859.2983438508321
4.4,859.7675841498084
4.6,860.2207768765675
4.8,860.6592953280583
5.0,861.084230272133
5.2,861.4964497389188
5.4,861.8966493266099
5.6,862.285393351196
5.8,862.6631476509077
6.0,863.0303051216196
6.2,863.3872051563952
6.4,863.7341481389756
6.6,864.071406040846
6.8,864.3992300302992
7.0,864.7178558465002
7.2,865.0275075402504
7.4,865.328400046992
7.6,865.6207409419059
7.8,865.9047316330849
8.0,866.1805681754597
8.2,866.4484418328279
8.4,866.7085394748007
8.6,866.9610438666127
8.8,867.206133889689
9.0,867.4439847172832
9.2,867.6747679605069
9.4,867.8986517942487
9.6,868.1158010687966
9.8,868.3263774106905
10.0,868.5305393149499
10.2,868.728442229999
10.4,868.9202386361359
10.6,869.1060781181283
10.8,869.2861074323661
11.0,869.4604705689297
11.2,869.6293088088884
11.4,869.7927607771237
11.6,869.9509624909679
11.8,870.104047404934
12.0,870.2521464518162
12.2,870.395388080429
12.4,870.5338982902528
12.6,870.6678006632412
12.8,870.797216393042
13.0,870.9222643118704
13.2,871.0430609152646
13.4,871.159720384943
13.6,871.2723546099683
13.8,871.381073206415
14.0,871.4859835357192
14.2,871.5871907218835
14.4,871.6847976676894
14.6,871.7789050700646
14.8,871.8696114347346
15.0,871.9570130902782
15.2,872.041204201694
15.4,872.1222767835757
15.6,872.2003207129783
15.8,872.2754237420543
16.0,872.3476715105207
16.2,872.4171475580157
16.4,872.4839333363896
16.6,872.5481082219717
16.8,872.6097495278425
17.0,872.668932516135
17.2,872.7257304103855
17.4,872.7802144079435
17.6,872.832453692448
17.8,872.8825154463726
18.0,872.9304648636365
18.2,872.9763651622725
18.4,873.0202775971446
18.6,873.0622614727016
18.8,873.1023741557472
19.0,873.1406710882133
19.2,873.1772057999111
19.4,873.2120299212405
19.6,873.2451931958335
19.8,873.2767434931058
20.0,873.3067268206919
20.2,873.335187336737
20.4,873.3621673620171
20.6,873.3877073918623
20.8,873.4118461078547
21.0,873.4346203892735
21.2,873.4560653242607
21.4,873.4762142206799
21.6,873.4950986166436
21.8,873.5127482906822
22.0,873.5291912715288
22.2,873.5444538474993
22.4,873.5585605754411
22.6,873.5715342892304
22.8,873.5833961077963
23.0,873.5941654426531
23.2,873.6038600049205
23.4,873.6124958118169
23.6,873.6200871926064
23.8,873.6266467939893
24.0,873.6321855849191
24.2,873.6367128608372
24.4,873.6402362473135
24.6,873.6427617030856
24.8,873.6442935224877
25.0,873.6448343372672
25.2,873.6443851177804
25.4,873.6429451735689
25.6,873.6405121533151
25.8,873.6370820441759
26.0,873.6326491705003
26.2,873.6272061919315
26.4,873.6207441009021
26.6,873.6132522195279
26.8,873.60471819591
27.0,873.5951279998551
27.2,873.5844659180265
27.4,873.5727145485371
27.6,873.5598547950024
27.8,873.5458658600663
28.0,873.5307252384197
28.2,873.5144087093278
28.4,873.4968903286898
28.6,873.4781424206486
28.8,873.4581355687744
29.0,873.4368386068448
29.2,873.4142186092464
29.4,873.3902408810213
29.6,873.3648689475854
29.8,873.3380645441447
30.0,873.3097876048356
30.2,873.2799962516164
30.4,873.2486467829387
30.6,873.2156936622243
30.8,873.1810895061752
31.0,873.1447850729459
31.2,873.1067292502001
31.4,873.0668690430837
31.6,873.0251495621313
31.8,872.9815140111386
32.0,872.935903675014
32.2,872.888257907637
32.4,872.8385141197388
32.6,872.7866077668194
32.8,872.7324723371181
33.0,872.6760393396452
33.2,872.61723829228
33.4,872.5559967099424
33.6,872.492240092831
33.8,872.4258919147228
34.0,872.3568736113247
34.2,872.2851045686538
34.4,872.2105021114261
34.6,872.13298149142
34.8,872.052455875775
35.0,871.9688363351795
35.2,871.8820318318906
35.4,871.7919492075214
35.6,871.698493170519
35.8,871.60156628325
36.0,871.5010689485941
36.2,871.3968993959412
36.4,871.2889536664691
36.6,871.177125597573
36.8,871.0613068063001
37.0,870.9413866716349
37.2,870.8172523154636
37.4,870.688788582037
37.6,870.5558780157362
37.8,870.4184008369336
38.0,870.276234915733
38.2,870.1292557433538
38.4,869.9773364009252
38.6,869.8203475254332
38.8,869.6581572725695
39.0,869.4906312762098
39.2,869.3176326042566
39.4,869.1390217105644
39.6,868.9546563826719
39.8,868.764391685049
40.0,868.5680798975654
40.2,868.3655704488633
40.4,868.1567098442749
40.6,867.9413415878529
40.8,867.7193060979281
41.0,867.4904406153431
41.2,867.2545791030326
41.4,867.0115521347933
41.6,866.7611867696943
41.8,866.5033064062836
42.0,866.237730607035
42.2,865.9642748776278
42.4,865.6827503766071
42.6,865.3929635173134
42.8,865.0947154038075
43.0,864.7878010134797
43.2,864.4720079982773
43.4,864.1471149208303
43.6,863.8128886680504
43.8,863.4690806903656
44.0,863.1154215984216
44.2,862.7516135121423
44.4,862.3773194048882
44.6,861.9921485291503
44.8,861.5956368681998
45.0,861.1872214573673
45.2,860.7662073951042
45.4,860.3317264614384
45.6,859.8826865283768
45.8,859.4177114307532
46.0,858.9350717053417
46.2,858.4326076194327
46.4,857.907647184758
46.6,857.3569233333055
46.8,856.7764960120077
47.0,856.1616864739393
47.2,855.5070322974719
47.4,854.806272413405
47.6,854.052371420577
47.8,853.2375915115908
48.0,852.3536182735238
48.2,851.3917434481341
48.4,850.3431035506883
48.6,849.198968333816
48.8,847.951067871461
49.0,846.5919420734028
49.2,845.1152923254564
49.4,843.5163122655907
49.6,841.7919739255825
49.8,839.9412468772268
50.0,837.9652316597384
