0.0,768.4203564470077
0.2,770.5747289899006
0.4,772.6904980881449
0.6,774.7685485303793
0.8,776.8097406829756
1.0,778.8149097815376
1.2,780.7848653354843
1.4,782.7203906470231
1.6,784.6222424450292
1.8,786.4911506335537
2.0,788.3278181539158
2.2,790.1329209585728
2.4,791.907108094243
2.6,793.6510018910535
2.8,795.3651982538374
3.0,797.0502670510923
3.2,798.7067525965515
3.4,800.335174217814
3.6,801.9360269060281
3.8,803.5097820402367
4.0,805.0568881796637
4.2,806.5777719169593
4.4,808.0728387852231
4.6,809.5424742114886
4.8,810.9870445092846
5.0,812.406897902879
5.2,813.8023655758662
5.4,815.1737627368667
5.6,816.521389695275
5.8,817.8455329402093
6.0,819.1464662160788
6.2,820.4244515884943
6.4,821.6797404945911
6.6,822.9125747722147
6.8,824.1231876628254
7.0,825.3118047834121
7.2,826.4786450631514
7.4,827.6239216410166
7.6,828.7478427210069
7.8,829.8506123821436
8.0,830.9324313408559
8.2,831.9934976638446
8.4,833.034007429969
8.6,834.0541553401497
8.8,835.0541352747044
9.0,836.034140797947
9.2,836.994365610256
9.4,837.9350039481888
9.6,838.8562509335414
9.8,839.758302872567
10.0,840.6413575068318
10.2,841.5056142174427
10.4,842.3512741845851
10.6,843.1785405045001
10.8,843.9876182661811
11.0,844.7787145901942
11.2,845.5520386321209
11.4,846.3078015531918
11.6,847.04621646072
11.8,847.7674983209589
12.0,848.4718638470056
12.2,849.1595313643406
12.4,849.8307206565499
12.6,850.4856527937129
12.8,851.1245499458554
13.0,851.7476351837819
13.2,852.3551322694885
13.4,852.9472654382522
13.6,853.5242591743672
13.8,854.0863379823712
14.0,854.633726155477
14.2,855.1666475427891
14.4,855.6853253167496
14.6,856.1899817421272
14.8,856.6808379477262
15.0,857.1581137018649
15.2,857.6220271925476
15.4,858.0727948131297
15.6,858.5106309541617
15.8,858.9357478019853
16.0,859.3483551445521
16.2,859.7486601848359
16.4,860.1368673621206
16.6,860.5131781813596
16.8,860.8777910507289
17.0,861.2309011274224
17.2,861.5727001716809
17.4,861.9033764089846
17.6,862.2231144002933
17.8,862.5320949201747
18.0,862.830494842626
18.2,863.1184870343593
18.4,863.3962402553001
18.6,863.6639190660245
18.8,863.9216837418458
19.0,864.1696901932504
19.2,864.4080898923736
19.4,864.6370298052013
19.6,864.8566523291852
19.8,865.0670952359561
20.0,865.2684916188283
20.2,865.4609698447906
20.4,865.6446535106896
20.6,865.8196614033175
20.8,865.9861074631298
21.0,866.1441007513296
21.2,866.2937454200636
21.4,866.4351406854917
21.6,866.5683808035038
21.8,866.6935550478714
22.0,866.8107476906307
22.2,866.9200379845156
22.4,867.0215001472627
22.6,867.1152033476315
22.8,867.2012116929886
23.0,867.2795842183257
23.2,867.3503748765811
23.4,867.4136325301608
23.6,867.4694009435541
23.8,867.5177187769543
24.0,867.5586195808094
24.2,867.5921317912296
24.4,867.6182787261968
24.6,867.6370785825242
24.8,867.6485444335271
25.0,867.652684227375
25.2,867.6495007860999
25.4,867.6389918052531
25.6,867.6211498542003
25.8,867.5959623770632
26.0,867.5634116943187
26.2,867.5234750050795
26.4,867.4761243900836
26.6,867.4213268154355
26.8,867.359044137147
27.0,867.2892331065364
27.2,867.2118453765548
27.4,867.1268275091176
27.6,867.0341209835321
27.8,866.9336622061195
28.0,866.8253825211444
28.2,866.7092082231746
28.4,866.5850605710061
28.6,866.4528558033019
28.8,866.3125051561038
29.0,866.1639148823932
29.2,866.0069862738842
29.4,865.8416156852518
29.6,865.6676945610092
29.8,865.4851094652573
30.0,865.2937421145508
30.2,865.0934694141305
30.4,864.8841634977879
30.6,864.665691771638
30.8,864.437916962087
31.0,864.2006971682903
31.2,863.9538859194051
31.4,863.6973322369474
31.6,863.4308807025645
31.8,863.1543715315414
32.0,862.8676406523502
32.2,862.5705197925577
32.4,862.2628365713852
32.6,861.9444145992162
32.8,861.6150735843208
33.0,861.2746294470518
33.2,860.9228944417387
33.4,860.559677286475
33.6,860.1847833009579
33.8,859.7980145524962
34.0,859.399170010251
34.2,858.9880457077234
34.4,858.5644349134299
34.6,858.1281283096508
34.8,857.6789141790443
35.0,857.2165785988471
35.2,856.740905642284
35.4,856.2516775867133
35.6,855.7486751279291
35.8,855.231677599932
36.0,854.7004631993599
36.2,854.1548092136507
36.4,853.5944922518804
36.6,853.0192884770927
36.8,852.4289738387961
37.0,851.8233243041793
37.2,851.2021160864534
37.4,850.5651258685967
37.6,849.912131020651
37.8,849.2429098085828
38.0,848.5572415926109
38.2,847.8549070127794
38.4,847.1356881594559
38.6,846.3993687263406
38.8,845.6457341434932
39.0,844.8745716878183
39.2,844.0856705684058
39.4,843.2788219840959
39.6,842.4538191506299
39.8,841.6104572947695
40.0,840.7485336128033
40.2,839.8678471909361
40.4,838.9681988851445
40.6,838.0493911582117
40.8,837.1112278718108
41.0,836.1535140316852
41.2,835.1760554841985
41.4,834.1786585627647
41.6,833.1611296829536
41.8,832.1232748853686
42.0,831.0648993257311
42.2,829.9858067119669
42.4,828.8857986884797
42.6,827.7646741682015
42.8,826.6222286134498
43.0,825.4582532670562
43.2,824.2725343357033
43.4,823.0648521278714
43.6,821.8349801492727
43.8,820.5826841591318
44.0,819.3077211911407
44.2,818.0098385433863
44.4,816.6887727419979
44.6,815.3442484836962
44.8,813.9759775628368
45.0,812.58365778892
45.2,811.1669719008914
45.4,809.7255864848564
45.6,808.2591509021106
45.8,806.7672962345945
46.0,805.2496342550527
46.2,803.7057564292875
46.4,802.1352329579493
46.6,800.5376118652961
46.8,798.9124181422882
47.0,797.2591529512406
47.2,795.5772928990637
47.4,793.8662893858511
47.6,792.1255680352483
47.8,790.354528212641
48.0,788.5525426367514
48.2,786.7189570897173
48.4,784.8530902301696
48.6,782.9542335132035
48.8,781.0216512204835
49.0,779.0545806030246
49.2,777.0522321384544
49.4,775.0137899038067
49.6,772.9384120641159
49.8,770.8252314762888
50.0,768.6733564069292
