0.0,785.7236453827624
0.2,787.8720157565228
0.4,789.9777823083421
0.6,792.0421377992128
0.8,794.0660891579279
1.0,796.0504824069263
1.2,797.9960342550864
1.4,799.9033647488664
1.6,801.7730266203114
1.8,803.6055288719746
2.0,805.4013539710252
2.2,807.1609693187069
2.4,808.8848342877204
2.6,810.573404204962
2.8,812.2271324297405
3.0,813.8464713468238
3.2,815.4318727901577
3.4,816.9837881896232
3.6,818.5026685916887
3.8,819.9889646253707
4.0,821.443126444689
4.2,822.8656036602639
4.4,824.2568452648457
4.6,825.61729955452
4.8,826.9474140462274
5.0,828.2476353918788
5.2,829.5184092892378
5.4,830.7601803897259
5.6,831.9733922032982
5.8,833.1584870005486
6.0,834.315905712212
6.2,835.4460878262387
6.4,836.5494712826206
6.6,837.6264923661613
6.8,838.6775855973824
7.0,839.7031836217682
7.2,840.7037170975528
7.4,841.67961458226
7.6,842.6313024182065
7.8,843.5592046171852
8.0,844.4637427445437
8.2,845.3453358028759
8.4,846.2044001155463
8.6,847.0413492102609
8.8,847.8565937029044
9.0,848.6505411818556
9.2,849.423596092994
9.4,850.176159625606
9.6,850.9086295993951
9.8,851.6214003527949
10.0,852.3148626327824
10.2,852.9894034863784
10.4,853.6454061540192
10.6,854.2832499649741
10.8,854.9033102349799
11.0,855.5059581662513
11.2,856.09156075002
11.4,856.6604806717484
11.6,857.2130762191517
11.8,857.7497011931553
12.0,858.2707048219029
12.2,858.7764316779234
12.4,859.2672215985524
12.6,859.743409609696
12.8,860.2053258530115
13.0,860.6532955165733
13.2,861.0876387690772
13.4,861.5086706976301
13.6,861.9167012491595
13.8,862.3120351754649
14.0,862.6949719819294
14.2,863.065805879891
14.4,863.4248257426705
14.6,863.7723150652383
14.8,864.1085519274944
15.0,864.4338089611282
15.2,864.7483533200113
15.4,865.0524466540737
15.6,865.3463450865959
15.8,865.630299194855
16.0,865.9045539940389
16.2,866.1693489243497
16.4,866.4249178411991
16.6,866.6714890084003
16.8,866.9092850942485
17.0,867.1385231703794
17.2,867.3594147132885
17.4,867.5721656083908
17.6,867.7769761564919
17.8,867.9740410825414
18.0,868.1635495465348
18.2,868.3456851564258
18.4,868.5206259829075
18.6,868.6885445759224
18.8,868.8496079827556
19.0,869.0039777675651
19.2,869.1518100322023
19.4,869.2932554381782
19.6,869.4284592296242
19.8,869.5575612571031
20.0,869.6806960021243
20.2,869.7979926022174
20.4,869.9095748764221
20.6,870.0155613510514
20.8,870.1160652855917
21.0,870.211194698603
21.2,870.3010523934839
21.4,870.3857359839769
21.6,870.4653379192833
21.8,870.5399455086691
22.0,870.6096409454442
22.2,870.6745013302018
22.4,870.7345986932119
22.6,870.7900000158644
22.8,870.8407672510679
23.0,870.8869573425102
23.2,870.9286222426973
23.4,870.9658089296918
23.6,870.9985594224756
23.8,871.0269107948741
24.0,871.0508951879787
24.2,871.0705398210172
24.4,871.0858670006239
24.6,871.0968941284717
24.8,871.1036337072327
25.0,871.1060933448431
25.2,871.1042757570543
25.4,871.098178768259
25.6,871.0877953105888
25.8,871.0731134212875
26.0,871.0541162383711
26.2,871.030781994591
26.4,871.003084009729
26.6,870.9709906812521
26.8,870.934465473371
27.0,870.8934669045445
27.2,870.8479485334869
27.4,870.7978589437355
27.6,870.7431417268456
27.8,870.683735464287
28.0,870.6195737081198
28.2,870.5505849605355
28.4,870.476692652356
28.6,870.3978151205837
28.8,870.3138655851108
29.0,870.2247521246896
29.2,870.1303776522819
29.4,870.0306398898999
29.6,869.925431343064
29.8,869.8146392750023
30.0,869.6981456807199
30.2,869.5758272610748
30.4,869.4475553969913
30.6,869.3131961239565
30.8,869.1726101069344
31.0,869.0256526158471
31.2,868.8721735017635
31.4,868.7120171739454
31.6,868.5450225778944
31.8,868.3710231745515
32.0,868.1898469207918
32.2,868.0013162513646
32.4,867.8052480624247
32.6,867.6014536967971
32.8,867.3897389311205
33.0,867.1699039650083
33.2,866.9417434123653
33.4,866.7050462949941
33.6,866.4595960386233
33.8,866.2051704714817
34.0,865.9415418255422
34.2,865.6684767405529
34.4,865.3857362709646
34.6,865.093075895861
34.8,864.7902455319933
35.0,864.4769895500062
35.2,864.1530467939473
35.4,863.8181506041307
35.6,863.4720288434298
35.8,863.1144039270584
36.0,862.7449928558923
36.2,862.3635072533773
36.4,861.9696534060577
36.6,861.5631323077486
36.8,861.1436397073719
37.0,860.7108661604562
37.2,860.2644970843018
37.4,859.8042128167913
37.6,859.3296886788249
37.8,858.8405950403426
38.0,858.336597389887
38.2,857.8173564076536
38.4,857.2825280419587
38.6,856.7317635890482
38.8,856.1647097761611
39.0,855.5810088477494
39.2,854.9802986547462
39.4,854.362212746765
39.6,853.7263804671028
39.8,853.0724270504121
40.0,852.3999737228932
40.2,851.7086378048568
40.4,850.9980328154925
40.6,850.2677685796735
40.8,849.5174513366212
41.0,848.7466838502445
41.2,847.9550655209645
41.4,847.142192498828
41.6,846.3076577977087
41.8,845.4510514103898
42.0,844.5719604243202
42.2,843.6699691378278
42.4,842.7446591765785
42.6,841.7956096100608
42.8,840.8223970678778
43.0,839.8245958556292
43.2,838.8017780701624
43.4,837.7535137139761
43.6,836.679370808561
43.8,835.5789155064641
44.0,834.451712201865
44.2,833.2973236394605
44.4,832.115311021455
44.6,830.9052341124602
44.8,829.6666513421158
45.0,828.3991199052479
45.2,827.1021958593901
45.4,825.7754342194993
45.6,824.4183890497083
45.8,823.0306135519623
46.0,821.6116601513901
46.2,820.1610805782304
46.4,818.6784259460369
46.6,817.1632468255059
46.8,815.6150933121673
47.0,814.0335150830659
47.2,812.4180614295948
47.4,810.768281234802
47.6,809.0837228226361
47.8,807.3639335259063
48.0,805.6084586759919
48.2,803.8168394903513
48.4,801.9886090255958
48.6,800.1232850279212
48.8,798.2203582818199
49.0,796.2792751442055
49.2,794.2994135873938
49.4,792.2800533886963
49.6,790.2203429655395
49.8,788.1192672865576
50.0,785.9756225559092
