0.0,795.9554358467843
0.2,797.984633484833
0.4,799.973390236105
0.6,801.9221535673921
0.8,803.8313724230269
1.0,805.701497266297
1.2,807.5329801123785
1.4,809.3262745524905
1.6,811.081835769006
1.8,812.8001205412912
2.0,814.4815872420832
2.2,816.1266958242517
2.4,817.7359077978322
2.6,819.3096861972526
2.8,820.8484955387182
3.0,822.352801767756
3.2,823.8230721969588
3.4,825.2597754340081
3.6,826.6633813000926
3.8,828.0343607388743
4.0,829.3731857161938
4.2,830.6803291107369
4.4,831.9562645959226
4.6,833.201466513301
4.8,834.4164097377852
5.0,835.6015695350654
5.2,836.7574214115855
5.4,837.8844409574851
5.6,838.9831036829358
5.8,840.0538848483204
6.0,841.0972592887247
6.2,842.1137012332301
6.4,843.1036841195066
6.6,844.0676804042248
6.8,845.0061613698089
7.0,845.9195969280693
7.2,846.8084554212537
7.4,847.6732034210611
7.6,848.514305526166
7.8,849.3322241587996
8.0,850.127419360929
8.2,850.9003485905761
8.4,851.6514665188038
8.6,852.3812248278955
8.8,853.0900720112392
9.0,853.7784531754129
9.2,854.4468098449588
9.4,855.0955797703136
9.6,855.7251967393463
9.8,856.3360903929357
10.0,856.9286860449982
10.2,857.5034045073573
10.4,858.060661919822
10.6,858.6008695858169
10.8,859.1244338138853
11.0,859.6317557653588
11.2,860.1232313084603
11.4,860.599250879087
11.6,861.0601993484862
11.8,861.5064558980146
12.0,861.9383939011424
12.2,862.356380812842
12.4,862.7607780664638
12.6,863.151940978191
12.8,863.5302186591208
13.0,863.8959539350112
13.2,864.2494832736951
13.4,864.5911367201452
13.6,864.9212378391481
13.8,865.2401036655228
14.0,865.5480446617946
14.2,865.8453646832209
14.4,866.1323609500363
14.6,866.4093240267716
14.8,866.6765378084813
15.0,866.9342795136957
15.2,867.1828196839008
15.4,867.4224221893302
15.6,867.6533442408444
15.8,867.8758364076559
16.0,868.0901426406512
16.2,868.2965003010457
16.4,868.4951401941051
16.6,868.6862866076527
16.8,868.8701573550786
17.0,869.0469638225612
17.2,869.2169110202059
17.4,869.380197636802
17.6,869.5370160978989
17.8,869.6875526268982
18.0,869.8319873088581
18.2,869.9704941567104
18.4,870.1032411795883
18.6,870.2303904529643
18.8,870.3520981903046
19.0,870.4685148159467
19.2,870.5797850389124
19.4,870.6860479273728
19.6,870.7874369834879
19.8,870.8840802183494
20.0,870.9761002267628
20.2,871.0636142616087
20.4,871.1467343075349
20.6,871.225567153737
20.8,871.3002144655907
21.0,871.3707728549142
21.2,871.4373339486386
21.4,871.4999844556822
21.6,871.5588062318276
21.8,871.6138763424127
22.0,871.6652671226551
22.2,871.7130462354389
22.4,871.7572767264037
22.6,871.798017076183
22.8,871.8353212496531
23.0,871.8692387420573
23.2,871.8998146218858
23.4,871.9270895703983
23.6,871.9510999176872
23.8,871.9718776751894
24.0,871.9894505645614
24.2,872.0038420428486
24.4,872.0150713238831
24.6,872.0231533958568
24.8,872.0280990350258
25.0,872.0299148155138
25.2,872.0286031151886
25.4,872.0241621175967
25.6,872.0165858099522
25.8,872.0058639771846
26.0,871.9919821920588
26.2,871.9749218013926
26.4,871.9546599084047
26.6,871.931169351237
26.8,871.9044186777052
27.0,871.874372116338
27.2,871.8409895437818
27.4,871.8042264486498
27.6,871.7640338919105
27.8,871.7203584639145
28.0,871.6731422381779
28.2,871.6223227220357
28.4,871.5678328043055
28.6,871.5096007000963
28.8,871.4475498929181
29.0,871.3815990742526
29.2,871.3116620807532
29.4,871.2376478292596
29.6,871.1594602498116
29.8,871.0769982168662
30.0,870.990155478923
30.2,870.8988205867779
30.4,870.8028768206281
30.6,870.702202116268
30.8,870.5966689906145
31.0,870.4861444668151
31.2,870.3704899991964
31.4,870.2495613983192
31.6,870.1232087564111
31.8,869.9912763734562
32.0,869.8536026842243
32.2,869.7100201865305
32.4,869.5603553710173
32.6,869.4044286527533
32.8,869.2420543049541
33.0,869.073040395122
33.2,868.8971887239096
33.4,868.7142947670119
33.6,868.5241476203867
33.8,868.3265299491089
34.0,868.1212179401558
34.2,867.907981259417
34.4,867.6865830132253
34.6,867.456779714688
34.8,867.2183212551026
35.0,866.9709508807241
35.2,866.7144051751471
35.4,866.4484140475548
35.6,866.1727007270745
35.8,865.8869817634663
36.0,865.5909670343617
36.2,865.2843597592475
36.4,864.9668565203817
36.6,864.6381472908041
36.8,864.2979154695906
37.0,863.9458379244815
37.2,863.5815850419867
37.4,863.2048207850606
37.6,862.8152027584059
37.8,862.4123822814513
38.0,861.9960044690192
38.2,861.5657083196768
38.4,861.121126811738
38.6,860.6618870068598
38.8,860.1876101611472
39.0,859.6979118436576
39.2,859.192402062168
39.4,858.6706853960384
39.6,858.132361135984
39.8,857.577023430535
40.0,857.0042614389429
40.2,856.4136594902599
40.4,855.8047972482968
40.6,855.1772498821366
40.8,854.5305882418587
41.0,853.8643790391031
41.2,853.1781850320825
41.4,852.4715652146275
41.6,851.7440750088309
41.8,850.995266460837
42.0,850.224688439304
42.2,849.4318868360539
42.4,848.6164047684045
42.6,847.7777827826719
42.8,846.915559058316
43.0,846.0292696121958
43.2,845.1184485023911
43.4,844.1826280310462
43.6,843.2213389456863
43.8,842.2341106384558
44.0,841.2204713427318
44.2,840.1799483265692
44.4,839.11206808244
44.6,838.0163565127368
44.8,836.892339110525
45.0,835.7395411350356
45.2,834.5574877814136
45.4,833.3457043442462
45.6,832.1037163744222
45.8,830.8310498288907
46.0,829.5272312129149
46.2,828.191787714439
46.4,826.8242473302189
46.6,825.4241389833915
46.8,823.9909926321913
47.0,822.5243393695573
47.2,821.0237115134039
47.4,819.4886426873647
47.6,817.9186678918601
47.8,816.3133235653664
48.0,814.6721476358143
48.2,812.9946795620724
48.4,811.2804603655175
48.6,809.5290326517273
48.8,807.7399406223759
49.0,805.9127300774459
49.2,804.0469484079127
49.4,802.1421445790945
49.6,800.1978691048974
49.8,798.2136740132232
50.0,796.189112802841
