0.0,829.684456705834
0.2,831.5115297312541
0.4,833.27853351485
0.6,834.9850973236382
0.8,836.6310417634371
1.0,838.2163827099347
1.2,839.7413325751769
1.4,841.2062989458816
1.6,842.6118806802632
1.8,843.9588615971371
2.0,845.2482019338189
2.2,846.4810277867551
2.4,847.658618780084
2.6,848.7823942318645
2.8,849.8538981051186
3.0,850.8747830409739
3.2,851.8467937741295
3.4,852.7717502268785
3.6,853.6515305674704
3.8,854.4880545023216
4.0,855.2832670502377
4.2,856.0391230212844
4.4,856.7575723941417
4.6,857.4405467546995
4.8,858.0899469262354
5.0,858.7076318887121
5.2,859.2954090524094
5.4,859.8550259200413
5.6,860.3881631424119
5.8,860.8964289460707
6.0,861.3813548878197
6.2,861.8443928705886
6.4,862.28691333834
6.6,862.7102045543625
6.8,863.1154728575198
7.0,863.5038437846122
7.2,863.8763639437667
7.4,864.2340035234095
7.6,864.5776593235717
7.8,864.9081582006643
8.0,865.2262608230529
8.2,865.5326656423786
8.4,865.8280129942375
8.6,866.112889251192
8.8,866.3878309608087
9.0,866.6533289112111
9.2,866.9098320762603
9.4,867.1577514016935
9.6,867.3974634022223
9.8,867.6293135475632
10.0,867.8536194225737
10.2,868.0706736530367
10.4,868.280746594142
10.6,868.4840887833867
10.8,868.6809331634546
11.0,868.8714970837103
11.2,869.0559840912968
11.4,869.2345855245355
11.6,869.4074819224676
11.8,869.574844265013
12.0,869.7368350584547
12.2,869.8936092808265
12.4,870.0453152013868
12.6,870.1920950877471
12.8,870.3340858134535
13.0,870.471419377943
13.2,870.6042233498516
13.4,870.7326212436833
13.6,870.8567328388727
13.8,870.9766744493315
14.0,871.0925591506525
14.2,871.2044969712989
14.4,871.3125950533035
14.6,871.4169577872811
14.8,871.5176869258958
15.0,871.6148816793326
15.2,871.7086387958003
15.4,871.799052629629
15.6,871.8862151991216
15.8,871.9702162359711
16.0,872.0511432277536
16.2,872.1290814547499
16.4,872.2041140221327
16.6,872.276321888371
16.8,872.3457838905491
17.0,872.4125767671709
17.2,872.4767751789117
17.4,872.5384517276917
17.6,872.5976769743761
17.8,872.654519455341
18.0,872.7090456981022
18.2,872.7613202361609
18.4,872.8114056231896
18.6,872.8593624466525
18.8,872.9052493409403
19.0,872.9491230000731
19.2,872.9910381900199
19.4,873.0310477606652
19.6,873.0692026574486
19.8,873.1055519326952
20.0,873.1401427566443
20.2,873.1730204281868
20.4,873.2042283853103
20.6,873.2338082152525
20.8,873.261799664358
21.0,873.2882406476348
21.2,873.3131672579997
21.4,873.3366137752078
21.6,873.358612674454
21.8,873.3791946346361
22.0,873.3983885462694
22.2,873.4162215190419
22.4,873.4327188889963
22.6,873.4479042253312
22.8,873.4617993368064
23.0,873.4744242777442
23.2,873.4857973536153
23.4,873.4959351261987
23.6,873.5048524183065
23.8,873.5125623180662
24.0,873.5190761827494
24.2,873.5244036421436
24.4,873.5285526014577
24.6,873.5315292437567
24.8,873.5333380319223
25.0,873.5339817101335
25.2,873.5334613048677
25.4,873.5317761254182
25.6,873.5289237639288
25.8,873.5249000949469
26.0,873.5196992744945
26.2,873.5133137386622
26.4,873.5057342017286
26.6,873.4969496538093
26.8,873.4869473580427
27.0,873.4757128473167
27.2,873.4632299205466
27.4,873.4494806385096
27.6,873.4344453192466
27.8,873.4181025330392
28.0,873.400429096975
28.2,873.3814000691073
28.4,873.3609887422247
28.6,873.3391666372399
28.8,873.315903496208
29.0,873.2911672749877
29.2,873.2649241355568
29.4,873.2371384379916
29.6,873.2077727321199
29.8,873.1767877488626
30.0,873.144142391264
30.2,873.1097937252273
30.4,873.0736969699534
30.6,873.0358054880923
30.8,872.9960707756047
31.0,872.9544424513326
31.2,872.9108682462727
31.4,872.8652939925425
31.6,872.8176636120194
31.8,872.7679191046315
32.0,872.7160005362637
32.2,872.6618460262365
32.4,872.6053917342962
32.6,872.5465718470431
32.8,872.4853185636974
33.0,872.4215620810837
33.2,872.3552305776725
33.4,872.286250196489
33.6,872.2145450266416
33.8,872.1400370831658
34.0,872.0626462848094
34.2,871.9822904292901
34.4,871.8988851654556
34.6,871.8123439616431
34.8,871.7225780693801
35.0,871.6294964813876
35.2,871.5330058826228
35.4,871.4330105928448
35.6,871.3294124988796
35.8,871.2221109744152
36.0,871.111002784746
36.2,870.9959819734268
36.4,870.8769397272623
36.6,870.7537642154708
36.8,870.6263403981903
37.0,870.4945497987696
37.2,870.358270233485
37.4,870.217375491462
37.6,870.0717349566733
37.8,869.9212131629218
38.0,869.7656692717477
38.2,869.6049564622164
38.4,869.4389212205997
38.6,869.2674025170775
38.8,869.0902308558123
39.0,868.9072271841351
39.2,868.718201646176
39.4,868.5229521661499
39.6,868.3212628467355
39.8,868.1129021686255
40.0,867.8976209784769
40.2,867.6751502542027
40.4,867.4451986389194
40.6,867.2074497379505
40.8,866.9615591771513
41.0,866.7071514255142
41.2,866.4438163905535
41.4,866.1711058013748
41.6,865.8885294015695
41.8,865.5955509820969
42.0,865.2915842930316
42.2,864.9759888823255
42.4,864.6480659194146
42.6,864.307054071342
42.8,863.9521255088542
43.0,863.5823821293387
43.2,863.1968520921815
43.4,862.7944867697904
43.6,862.3741582237554
43.8,861.9346573200324
44.0,861.4746925992405
44.2,860.9928900178095
44.4,860.4877936724505
44.6,859.9578676139782
44.8,859.4014988466745
45.0,858.8170015959973
45.2,858.2026229105007
45.4,857.5565496433775
45.6,856.8769168352974
45.8,856.1618174934737
46.0,855.40931373263
46.2,854.6174492123031
46.4,853.7842627724102
46.6,852.9078031360227
46.8,851.9861445156935
47.0,851.0174029284192
47.2,849.9997529953721
47.4,848.9314449768451
47.6,847.8108217714008
47.8,846.6363355918395
48.0,845.4065640200896
48.2,844.1202251391112
48.4,842.7761914428505
48.6,841.3735022354779
48.8,839.9113742486479
49.0,838.3892102301867
49.2,836.8066052890532
49.4,835.1633508190475
49.6,833.4594358667212
49.8,831.6950458562973
50.0,829.8705586349613
