0.0,775.5928380547415
0.2,777.5416591924849
0.4,779.4606028173795
0.6,781.3508073192078
0.8,783.2133259031511
1.0,785.0491253630357
1.2,786.8590856314758
1.4,788.6440000959544
1.6,790.404576659283
1.8,792.141439512832
2.0,793.8551315816422
2.2,795.5461175921309
2.4,797.2147877057806
2.6,798.8614616560253
2.8,800.4863933206329
3.0,802.0897756582723
3.2,803.6717459356643
3.4,805.2323911707666
3.6,806.771753717764
3.8,808.2898369212015
4.0,809.7866107692946
4.2,811.2620174801834
4.4,812.7159769595474
4.6,814.1483920734073
4.8,815.5591536859828
5.0,816.9481454189879
5.2,818.3152480955657
5.4,819.6603438390645
5.6,820.9833198038608
5.8,822.2840715223348
6.0,823.5625058587509
6.2,824.8185435671055
6.4,826.0521214558493
6.6,827.2631941677357
6.8,828.4517355877915
7.0,829.61773989653
7.2,830.7612222890091
7.4,831.882219383148
7.6,832.9807893428843
7.8,834.0570117432812
8.0,835.1109872056315
8.2,836.1428368309696
8.4,837.1527014602668
8.6,838.1407407889936
8.8,839.107132362738
9.0,840.0520704792532
9.2,840.9757650207126
9.4,841.8784402381413
9.6,842.7603335080452
9.8,843.6216940792027
10.0,844.4627818254856
10.2,845.2838660184764
10.4,846.0852241315922
10.6,846.8671406854367
10.8,847.6299061422158
11.0,848.373815855294
11.2,849.0991690783434
11.4,849.8062680370709
11.6,850.495417065196
11.8,851.1669218051999
12.0,851.8210884733799
12.2,852.4582231878983
12.4,853.0786313578351
12.6,853.6826171306941
12.8,854.2704828953947
13.0,854.8425288374691
13.2,855.399052542985
13.4,855.9403486475927
13.6,856.466708527066
13.8,856.9784200257324
14.0,857.4757672192738
14.2,857.9590302085059
14.4,858.4284849409037
14.6,858.8844030568359
14.8,859.3270517576626
15.0,859.7566936930716
15.2,860.1735868652494
15.4,860.5779845476916
15.6,860.9701352166796
15.8,861.3502824936521
16.0,861.7186650968949
16.2,862.0755168011578
16.4,862.4210664039788
16.6,862.75553769765
16.8,863.079149445907
17.0,863.3921153645474
17.2,863.6946441053084
17.4,863.9869392424245
17.6,864.2691992613895
17.8,864.5416175495185
18.0,864.8043823879744
18.2,865.0576769449884
18.4,865.3016792700469
18.6,865.5365622888675
18.8,865.7624937990158
19.0,865.9796364660497
19.2,866.1881478200985
19.4,866.3881802528084
19.6,866.5798810145966
19.8,866.7633922121755
20.0,866.9388508063109
20.2,867.1063886097928
20.4,867.2661322855986
20.6,867.4182033452336
20.8,867.5627181472389
21.0,867.6997878958548
21.2,867.8295186398319
21.4,867.9520112713823
21.6,868.0673615252628
21.8,868.175659977981
22.0,868.2769920471186
22.2,868.3714379907613
22.4,868.459072907027
22.6,868.5399667336839
22.8,868.6141842478482
23.0,868.6817850657534
23.2,868.7428236425791
23.4,868.7973492723315
23.6,868.8454060877683
23.8,868.8870330603546
24.0,868.922264000246
24.2,868.9511275562886
24.4,868.9736472160307
24.6,868.9898413057385
24.8,868.9997229904128
25.0,869.0033002738002
25.2,869.0005759983992
25.4,868.9915478454568
25.6,868.9762083349548
25.8,868.9545448255886
26.0,868.9265395147393
26.2,868.8921694384405
26.4,868.8514064713453
26.6,868.8042173266987
26.8,868.75056355632
27.0,868.6904015506027
27.2,868.6236825385398
27.4,868.5503525877816
27.6,868.4703526047358
27.8,868.383618334718
28.0,868.2900803621619
28.2,868.1896641108997
28.4,868.08228984452
28.6,867.9678726668135
28.8,867.8463225223157
29.0,867.7175441969538
29.2,867.5814373188067
29.4,867.4378963589857
29.6,867.2868106326426
29.8,867.1280643001146
30.0,866.9615363682094
30.2,866.7871006916437
30.4,866.6046259746396
30.6,866.4139757726927
30.8,866.2150084945243
31.0,866.0075774042376
31.2,865.7915306236988
31.4,865.5667111351765
31.6,865.3329567842802
31.8,865.0901002832503
32.0,864.8379692146733
32.2,864.5763860357071
32.4,864.3051680829348
32.6,864.0241275779907
32.8,863.7330716341377
33.0,863.43180226402
33.2,863.120116388867
33.4,862.7978058494786
33.6,862.4646574193961
33.8,862.1204528207433
34.0,861.764968743305
34.2,861.3979768675274
34.4,861.0192438922268
34.6,860.6285315679336
34.8,860.2255967369383
35.0,859.810191381264
35.2,859.3820626799595
35.4,858.9409530773016
35.6,858.486600363676
35.8,858.0187377711266
36.0,857.5370940857716
36.2,857.0413937795032
36.4,856.5313571636076
36.6,856.0067005671602
36.8,855.4671365432492
37.0,854.9123741062751
37.2,854.3421190037309
37.4,853.7560740259989
37.6,853.1539393577841
37.8,852.5354129748334
38.0,851.9001910895543
38.2,851.2479686490309
38.4,850.5784398887307
38.6,849.8912989448837
38.8,849.18624052809
39.0,848.4629606601616
39.2,847.721157475504
39.4,846.9605320875074
39.6,846.18078951942
39.8,845.3816396980143
40.0,844.5627985070472
40.2,843.7239888960273
40.4,842.8649420381819
40.6,841.9853985297381
40.8,841.0851096207414
41.0,840.1638384656392
41.2,839.2213613797798
41.4,838.2574690858754
41.6,837.2719679323637
41.8,836.2646810635417
42.0,835.2354495193798
42.2,834.184133241111
42.4,833.1106119570917
42.6,832.0147859220978
42.8,830.8965764822319
43.0,829.7559264370211
43.2,828.5928001701427
43.4,827.4071835205984
43.6,826.1990833670882
43.8,824.9685268998784
44.0,823.7155605566436
44.2,822.4402486015881
44.4,821.1426713306548
44.6,819.8229228897795
44.8,818.4811086979281
45.0,817.1173424720168
45.2,815.7317428567073
45.4,814.3244296684071
45.6,812.895519769497
45.8,811.4451225957386
46.0,809.9733353668673
46.2,808.4802380174114
46.4,806.9658878916313
46.6,805.4303142530354
46.8,803.8735126649875
47.0,802.2954393043739
47.2,800.6960052749629
47.4,799.075070990847
47.6,797.4324407030653
47.8,795.7678572440731
48.0,794.080997065054
48.2,792.3714656401003
48.4,790.6387933089918
48.6,788.8824316266656
48.8,787.101750282517
49.0,785.2960346464691
49.2,783.4644839913668
49.4,781.606210432813
49.6,779.7202386182182
49.8,777.8055061867294
50.0,775.8608650110414
