0.0,817.1347935383078
0.2,818.9633392143894
0.4,820.748080987056
0.6,822.4893156496363
0.8,824.1873604368994
1.0,825.8425537961318
1.2,827.4552560270416
1.4,829.0258497870558
1.6,830.5547404596143
1.8,832.0423563841263
2.0,833.4891489472916
2.2,834.8955925365426
2.4,836.2621843573721
2.6,837.5894441173051
2.8,838.8779135802222
3.0,840.1281559956398
3.2,841.3407554084037
3.4,842.5163158550305
3.6,843.6554604536441
3.8,844.758830395101
4.0,845.8270838434504
4.2,846.8608947543572
4.4,847.8609516205089
4.6,848.827956153332
4.8,849.7626219105674
5.0,850.6656728793818
5.2,851.537842024744
5.4,852.3798698127579
5.6,853.1925027185288
5.8,853.9764917279465
6.0,854.7325908425058
6.2,855.461555595954
6.4,856.1641415911613
6.6,856.8411030651652
6.8,857.4931914898393
7.0,858.1211542151051
7.2,858.7257331610206
7.4,859.3076635644904
7.6,859.8676727857073
7.8,860.4064791788007
8.0,860.9247910305224
8.2,861.4233055701485
8.4,861.9027080531356
8.6,862.3636709204354
8.8,862.806853034756
9.0,863.2328989944588
9.2,863.6424385252136
9.4,864.0360859489923
9.6,864.4144397294692
9.8,864.7780820924272
10.0,865.1275787193352
10.2,865.463478511863
10.4,865.7863134247498
10.6,866.0965983641314
10.8,866.3948311481593
11.0,866.6814925265202
11.2,866.9570462552791
11.4,867.2219392233224
11.6,867.4766016265737
11.8,867.7214471860875
12.0,867.9568734060908
12.2,868.1832618680461
12.4,868.4009785568419
12.6,868.6103742152753
12.8,868.8117847230778
13.0,869.0055314968483
13.2,869.1919219073847
13.4,869.3712497110522
13.6,869.543795491995
13.8,869.709827112163
14.0,869.8696001663241
14.2,870.0233584394081
14.4,870.1713343637422
14.6,870.3137494739227
14.8,870.4508148572803
15.0,870.5827315980854
15.2,870.7096912138454
15.4,870.83187608223
15.6,870.949459857352
15.8,871.0626078743094
16.0,871.1714775410642
16.2,871.2762187168972
16.4,871.3769740768342
16.6,871.4738794615771
16.8,871.5670642126119
17.0,871.6566514922877
17.2,871.7427585887702
17.4,871.8254972058802
17.6,871.9049737379154
17.8,871.9812895296396
18.0,872.0545411216914
18.2,872.1248204817301
18.4,872.19221522169
18.6,872.2568088015573
18.8,872.318680720124
19.0,872.3779066932007
19.2,872.434558819794
19.4,872.4887057367715
19.6,872.540412762545
19.8,872.5897420303115
20.0,872.636752611391
20.2,872.6815006291939
20.4,872.7240393643483
20.6,872.7644193515035
20.8,872.8026884683128
21.0,872.8388920170858
21.2,872.8730727995793
21.4,872.9052711853798
21.6,872.9355251743075
21.8,872.9638704532522
22.0,872.9903404478287
22.2,873.0149663692156
22.4,873.0377772565218
22.6,873.0588000149963
22.8,873.0780594503807
23.0,873.0955782996748
23.2,873.1113772585687
23.4,873.1254750057674
23.6,873.1378882244164
23.8,873.1486316208125
24.0,873.1577179405642
24.2,873.1651579823466
24.4,873.1709606093725
24.6,873.1751327586846
24.8,873.177679448354
25.0,873.1786037826469
25.2,873.1779069552113
25.4,873.1755882503044
25.6,873.1716450420759
25.8,873.1660727918929
26.0,873.1588650436804
26.2,873.1500134172283
26.4,873.139507599401
26.6,873.1273353331617
26.8,873.1134824043085
27.0,873.0979326257963
27.2,873.0806678194998
27.4,873.0616677952526
27.6,873.0409103269748
27.8,873.0183711256822
28.0,872.9940238091456
28.2,872.9678398679495
28.4,872.9397886276732
28.6,872.9098372068981
28.8,872.8779504707201
29.0,872.8440909794214
29.2,872.8082189319365
29.4,872.7702921037218
29.6,872.7302657786164
29.8,872.6880926742604
30.0,872.6437228606164
30.2,872.5971036711222
30.4,872.5481796059795
30.6,872.4968922270768
30.8,872.4431800440215
31.0,872.3869783907521
31.2,872.3282192921939
31.4,872.2668313204127
31.6,872.2027394397281
31.8,872.1358648402492
32.0,872.0661247593076
32.2,871.9934322902802
32.4,871.9176961783135
32.6,871.8388206024955
32.8,871.7567049440574
33.0,871.6712435402284
33.2,871.582325423429
33.4,871.489834045544
33.6,871.3936469870919
33.8,871.293635651191
34.0,871.1896649423113
34.2,871.0815929299075
34.4,870.96927049714
34.6,870.8525409750139
34.8,870.7312397624038
35.0,870.6051939325708
35.2,870.4742218269377
35.4,870.3381326370488
35.6,870.1967259758167
35.8,870.0497914393326
36.0,869.8971081607117
36.2,869.7384443576327
36.4,869.5735568754283
36.6,869.402190727788
36.8,869.2240786373316
37.0,869.0389405785136
37.2,868.8464833255202
37.4,868.6464000080077
37.6,868.4383696777232
37.8,868.2220568892196
38.0,867.9971112980437
38.2,867.7631672799248
38.4,867.5198435746186
38.6,867.2667429581758
38.8,867.0034519474907
39.0,866.7295405410429
39.2,866.4445619997833
39.4,866.1480526721118
39.6,865.8395318668615
39.8,865.5185017781414
40.0,865.1844474657769
40.2,864.8368368949443
40.4,864.4751210384123
40.6,864.0987340445679
40.8,863.7070934741419
41.0,863.2996006082307
41.2,862.8756408298564
41.4,862.4345840809121
41.6,861.9757853959005
41.8,861.4985855133999
42.0,861.0023115656792
42.2,860.48627784634
42.4,859.9497866552902
42.6,859.3921292197525
42.8,858.8125866893939
43.0,858.2104312030232
43.2,857.5849270236562
43.4,856.9353317381017
43.6,856.2608975165626
43.8,855.5608724271125
44.0,854.8345017992763
44.2,854.0810296303378
44.4,853.2997000274232
44.6,852.4897586778621
44.8,851.6504543398345
45.0,850.7810403448578
45.2,849.8807761032771
45.4,848.9489286035845
45.6,847.984773896134
45.8,846.9875985516182
46.0,845.9567010845633
46.2,844.8913933320592
46.4,843.7910017779907
46.6,842.6548688131702
46.8,841.4823539219921
47.0,840.2728347865386
47.2,839.0257082994617
47.4,837.7403914774443
47.6,836.4163222676151
47.8,835.0529602399222
48.0,833.6497871592
48.2,832.2063074314441
48.4,830.722048419663
48.6,829.1965606255776
48.8,827.6294177343989
49.0,826.0202165209063
49.2,824.3685766160725
49.4,822.6741401345291
49.6,820.9365711642231
49.8,819.1555551206695
50.0,817.33079796926
