0.0,751.1591031646764
0.2,753.8181069828819
0.4,756.4173447013089
0.6,758.9584365922731
0.8,761.4429674648275
1.0,763.8724854797474
1.2,766.2485011128474
1.4,768.5724862683302
1.6,770.8458735427427
1.8,773.0700556390047
2.0,775.246384928903
2.2,777.3761731614071
2.4,779.4606913131997
2.6,781.5011695768914
2.8,783.4987974815629
3.0,785.4547241395188
3.2,787.3700586124698
3.4,789.2458703897831
3.6,791.0831899709609
3.8,792.8830095441205
4.0,794.6462837519589
4.2,796.3739305364945
4.4,798.0668320537721
4.6,799.7258356497102
4.8,801.3517548883391
5.0,802.945370623828
5.2,804.507432107923
5.4,806.0386581247066
5.6,807.5397381449297
5.8,809.0113334925683
6.0,810.454078516685
6.2,811.8685817621512
6.4,813.2554271332741
6.6,814.6151750448903
6.8,815.9483635560025
7.0,817.2555094815675
7.2,818.5371094785588
7.4,819.7936411029432
7.6,821.0255638347061
7.8,822.2333200685404
8.0,823.4173360682665
8.2,824.5780228834816
8.4,825.7157772273389
8.6,826.8309823147226
8.8,827.924008660429
9.0,828.995214837263
9.2,830.0449481942393
9.4,831.0735455353137
9.6,832.0813337592837
9.8,833.0686304616743
10.0,834.035744499579
10.2,834.9829765205469
10.4,835.91061945671
10.6,836.8189589854163
10.8,837.7082739576935
11.0,838.5788367959012
11.2,839.4309138619523
11.4,840.2647657974857
11.6,841.0806478373694
11.8,841.8788100978912
12.0,842.6594978409703
12.2,843.4229517156873
12.4,844.1694079783925
12.6,844.8990986926076
12.8,845.6122519098894
13.0,846.3090918327777
13.2,846.9898389608967
13.4,847.6547102212343
13.6,848.3039190835693
13.8,848.9376756619768
14.0,849.556186803284
14.2,850.1596561633178
14.4,850.7482842717291
14.6,851.3222685861509
14.8,851.8818035363989
15.0,852.4270805593923
15.2,852.9582881254395
15.4,853.475611756497
15.6,853.9792340369847
15.8,854.4693346177105
16.0,854.9460902134302
16.2,855.4096745945485
16.4,855.860258573437
16.6,856.2980099858308
16.8,856.723093667738
17.0,857.1356714282831
17.2,857.5359020188818
17.4,857.9239410991293
17.6,858.2999411997677
17.8,858.6640516830802
18.0,859.0164187010453
18.2,859.3571851515666
18.4,859.6864906330835
18.6,860.0044713978484
18.8,860.3112603041441
19.0,860.6069867677029
19.2,860.8917767125728
19.4,861.1657525216646
19.6,861.4290329871997
19.8,861.6817332612676
20.0,861.9239648066886
20.2,862.155835348365
20.4,862.3774488252944
20.6,862.5889053434051
20.8,862.7903011293656
21.0,862.9817284855063
21.2,863.1632757459863
21.4,863.3350272343224
21.6,863.4970632223938
21.8,863.6494598910244
22.0,863.7922892922369
22.2,863.9256193132626
22.4,864.0495136423896
22.6,864.1640317367156
22.8,864.2692287918745
23.0,864.3651557137918
23.2,864.4518590925212
23.4,864.5293811782113
23.6,864.5977598592406
23.8,864.657028642559
24.0,864.7072166362667
24.2,864.7483485344571
24.4,864.7804446043482
24.6,864.8035206757198
24.8,864.8175881326732
25.0,864.8226539077239
25.2,864.8187204782363
25.4,864.805785865205
25.6,864.7838436343841
25.8,864.752882899762
26.0,864.7128883293774
26.2,864.6638401534681
26.4,864.6057141749375
26.6,864.5384817821277
26.8,864.4621099638757
27.0,864.3765613268305
27.2,864.281794115005
27.4,864.1777622315266
27.6,864.0644152625542
27.8,863.9416985033172
28.0,863.8095529862285
28.2,863.6679155110214
28.4,863.5167186768493
28.6,863.3558909162847
28.8,863.1853565311417
29.0,863.0050357300488
29.2,862.8148446676795
29.4,862.6146954855482
29.6,862.4044963542673
29.8,862.1841515171546
30.0,861.9535613350678
30.2,861.7126223323347
30.4,861.4612272436394
30.6,861.1992650617104
30.8,860.9266210856495
31.0,860.6431769697274
31.2,860.3488107724583
31.4,860.0433970057576
31.6,859.7268066839727
31.8,859.3989073725621
32.0,859.0595632361901
32.2,858.7086350859834
32.4,858.3459804256912
32.6,857.9714534964693
32.8,857.5849053199947
33.0,857.186183739609
33.2,856.7751334591621
33.4,856.3515960792244
33.6,855.915410130308
33.8,855.4664111027283
34.0,855.0044314727152
34.2,854.5293007243636
34.4,854.040845367
34.6,853.5388889475098
34.8,853.0232520571597
35.0,852.4937523324164
35.2,851.9502044492457
35.4,851.3924201103433
35.6,850.8202080247227
35.8,850.2333738790564
36.0,849.6317203001311
36.2,849.0150468077434
36.4,848.3831497573269
36.6,847.7358222715588
36.8,847.0728541601536
37.0,846.3940318270056
37.2,845.6991381637952
37.4,844.9879524291239
37.6,844.2602501121908
37.8,843.5158027799712
38.0,842.7543779068016
38.2,841.9757386852228
38.4,841.1796438168743
38.6,840.3658472821816
38.8,839.5340980875252
39.0,838.6841399885308
39.2,837.8157111880749
39.4,836.9285440075636
39.6,836.0223645300083
39.8,835.0968922134058
40.0,834.1518394729137
40.2,833.1869112303234
40.4,832.2018044293471
40.6,831.1962075152752
40.8,830.1697998776204
41.0,829.1222512544424
41.2,828.0532210971579
41.4,826.962357894772
41.6,825.8492984566287
41.8,824.713667152977
42.0,823.5550751128736
42.2,822.3731193792045
42.4,821.1673820209061
42.6,819.937429202798
42.8,818.6828102138068
43.0,817.403056454761
43.2,816.0976803873755
43.4,814.7661744465079
43.6,813.4080099182642
43.8,812.0226357870546
44.0,810.6094775552363
44.2,809.1679360395409
44.4,807.6973861490495
44.6,806.1971756500488
44.8,804.6666239236696
45.0,803.1050207227654
45.2,801.5116249350262
45.4,799.8856633598324
45.6,798.2263295068265
45.8,796.5327824246114
46.0,794.8041455683561
46.2,793.0395057154049
46.4,791.2379119382209
46.6,789.398374644171
46.8,787.5198646917202
47.0,785.6013125926029
47.2,783.64160780942
47.4,781.6395981579004
47.6,779.5940893227515
47.8,777.5038444956007
48.0,775.3675841430038
48.2,773.1839859118716
48.4,770.9516846789342
48.6,768.6692727500398
48.8,766.3353002141772
49.0,763.9482754561141
49.2,761.5066658304856
49.4,759.0088984990447
49.6,756.4533614316088
49.8,753.8384045700407
50.0,751.1623411533657
