0.0,636.6669204218571
0.2,641.6166474179741
0.4,646.4496739010276
0.6,651.1698450557986
0.8,655.7808637198491
1.0,660.2862873240523
1.2,664.6895258250731
1.4,668.9938406249289
1.6,673.2023444606968
1.8,677.318002235821
2.0,681.343632753528
2.2,685.2819113027622
2.4,689.1353730379474
2.6,692.9064170859227
2.8,696.5973113066809
3.0,700.2101976291486
3.2,703.7470978792394
3.4,707.2099200147968
3.6,710.6004646808373
3.8,713.9204319986469
4.0,717.1714285037392
4.2,720.3549741503529
4.4,723.4725093039542
4.6,726.5254016479923
4.8,729.5149529367949
5.0,732.4424055328553
5.2,735.3089486736764
5.4,738.115724420673
5.6,740.8638332502219
5.8,743.5543392546367
6.0,746.1882749285153
6.2,748.7666455233888
6.4,751.290432960817
6.6,753.7605993008833
6.8,756.178089769372
7.0,758.5438353526893
7.2,760.8587549747407
7.4,763.1237572744852
7.6,765.3397420067029
7.8,767.5076010916476
8.0,769.6282193417003
8.2,771.7024748949176
8.4,773.7312393865128
8.6,775.71537788985
8.8,777.6557486585244
9.0,779.5532027006014
9.2,781.4085832151414
9.4,783.2227249198215
9.6,784.9964532968282
9.8,786.7305837823097
10.0,788.4259209225917
10.2,790.0832575181483
10.4,791.7033737740172
10.6,793.287036473018
10.8,794.834998185816
11.0,796.347996529601
11.2,797.8267534849722
11.4,799.2719747785419
11.6,800.6843493368408
11.8,802.0645488153159
12.0,803.4132272045916
12.2,804.7310205147105
12.4,806.0185465367925
12.6,807.2764046804436
12.8,808.5051758843063
13.0,809.7054225963698
13.2,810.877688820035
13.4,812.0225002214489
13.6,813.140364293277
13.8,814.2317705698521
14.0,815.2971908885144
14.2,816.3370796919291
14.4,817.3518743662172
14.6,818.3419956098531
14.8,819.3078478284579
15.0,820.2498195508349
15.2,821.1682838618511
15.4,822.0635988480459
15.6,822.9361080521464
15.8,823.7861409329805
16.0,824.6140133275856
16.2,825.4200279126259
16.4,826.2044746625392
16.6,826.9676313021209
16.8,827.7097637515509
17.0,828.4311265621258
17.2,829.1319633412228
17.4,829.8125071652541
17.6,830.4729809795907
17.8,831.1135979846384
18.0,831.7345620074306
18.2,832.3360678582729
18.4,832.9183016721224
18.6,833.4814412345169
18.8,834.0256562919956
19.0,834.5511088470495
19.2,835.0579534377367
19.4,835.5463374021747
19.6,836.0164011281887
19.8,836.4682782884554
20.0,836.9020960615246
20.2,837.3179753391437
20.4,837.7160309203374
20.6,838.0963716927234
20.8,838.4591008015557
21.0,838.8043158070026
21.2,839.1321088301723
21.4,839.4425666883985
21.6,839.7357710202963
21.8,840.0117984010913
22.0,840.270720448717
22.2,840.51260392116
22.4,840.7375108055164
22.6,840.9454983992088
22.8,841.1366193837858
23.0,841.3109218917136
23.2,841.4684495665343
23.4,841.6092416167498
23.6,841.7333328637584
23.8,841.8407537841431
24.0,841.9315305465874
24.2,842.0056850436563
24.4,842.0632349186582
24.6,842.1041935877657
24.8,842.1285702575475
25.0,842.1363699380252
25.2,842.1275934513448
25.4,842.1022374361105
25.6,842.0602943474037
25.8,842.0017524524734
26.0,841.9265958220515
26.2,841.8348043172151
26.4,841.7263535716838
26.6,841.6012149694097
26.8,841.4593556172827
27.0,841.3007383127459
27.2,841.1253215060834
27.4,840.9330592571102
27.6,840.7239011859695
27.8,840.4977924177078
28.0,840.2546735202803
28.2,839.9944804355988
28.4,839.7171444032243
28.6,839.4225918762754
28.8,839.1107444290992
29.0,838.7815186562435
29.2,838.4348260622392
29.4,838.0705729416968
29.6,837.6886602492056
29.8,837.2889834585162
30.0,836.8714324104841
30.2,836.4358911492508
30.4,835.9822377461463
30.6,835.5103441108013
30.8,835.0200757889792
31.0,834.5112917466566
31.2,833.9838441399129
31.4,833.4375780702225
31.6,832.8723313247981
31.8,832.2879341016793
32.0,831.6842087193348
32.2,831.0609693106223
32.4,830.4180215010391
32.6,829.7551620713023
32.8,829.0721786044177
33.0,828.3688491175253
33.2,827.644941678963
33.4,826.9002140111567
33.6,826.1344130801259
33.8,825.3472746726022
34.0,824.5385229619684
34.2,823.7078700644726
34.4,822.8550155874201
34.6,821.9796461713205
34.8,821.0814350282467
35.0,820.1600414789666
35.2,819.2151104917106
35.4,818.2462722257485
35.6,817.2531415832702
35.8,816.2353177733667
36.0,815.1923838922106
36.2,814.123906523821
36.4,813.0294353660455
36.6,811.9085028866217
36.8,810.7606240143557
37.0,809.5852958705702
37.2,808.3819975460373
37.4,807.1501899285745
37.6,805.8893155863706
37.8,804.5987987118785
38.0,803.2780451307664
38.2,801.9264423799485
38.4,800.5433598580921
38.6,799.1281490512314
38.8,797.6801438351805
39.0,796.1986608553401
39.2,794.6829999832136
39.4,793.1324448475032
39.6,791.5462634360385
39.8,789.9237087630072
40.0,788.2640195940255
40.2,786.5664212195226
40.4,784.8301262647282
40.6,783.054335522295
40.8,781.2382387912701
41.0,779.3810157038025
41.2,777.4818365186809
41.4,775.5398628585815
41.6,773.5542483658287
41.8,771.524139249584
42.0,769.4486746957483
42.2,767.3269871095445
42.4,765.1582021598018
42.6,762.9414385934679
42.8,760.675807788857
43.0,758.3604130166912
43.2,755.9943483791266
43.4,753.576697398731
43.6,751.1065312318212
43.8,748.5829064836904
44.0,746.004862607071
44.2,743.3714188696699
44.4,740.6815708817619
44.6,737.9342866805891
44.8,735.128502374632
45.0,732.2631173576194
45.2,729.3369891093384
45.4,726.3489276077847
45.6,723.297689384836
45.8,720.1819712653208
46.0,717.0004038369199
46.2,713.7515447056587
46.4,710.4338715986642
46.6,707.0457753821946
46.8,703.5855530685947
47.0,700.0514008905916
47.2,696.4414075251359
47.4,692.7535475516487
47.6,688.9856752309895
47.8,685.1355186916053
48.0,681.2006746081036
48.2,677.1786034548936
48.4,673.0666254135236
48.6,668.8619170069686
48.8,664.5615085274059
49.0,660.1622823160671
49.2,655.6609719446689
49.4,651.0541623378308
49.6,646.3382908649634
49.8,641.5096494185162
50.0,636.564387483416
