0.0,851.2705704572661
0.2,851.9347660322921
0.4,852.5832262050621
0.6,853.2164055553851
0.8,853.8346947828377
1.0,854.4384307544731
1.2,855.0279081627361
1.4,855.6033909198298
1.6,856.1651219486425
1.8,856.7133307301455
2.0,857.248238580721
2.2,857.7700620204328
2.4,858.2790147408745
2.6,858.7753086559577
2.8,859.2591544094801
3.0,859.7307615891413
3.2,860.190338794963
3.4,860.6380936411109
3.6,861.0742327294902
3.8,861.4989616121982
4.0,861.9124847498384
4.2,862.3150054683689
4.4,862.7067259154497
4.6,863.0878470166322
4.8,863.4585684315296
5.0,863.8190885100463
5.2,864.1696042487232
5.4,864.5103112472553
5.6,864.8414036652385
5.8,865.1630741792011
6.0,865.4755139399775
6.2,865.7789125304836
6.4,866.0734579239498
6.6,866.3593364426749
6.8,866.6367327173544
7.0,866.9058296470471
7.2,867.1668083598348
7.4,867.4198481742359
7.6,867.6651265614269
7.8,867.9028191083315
8.0,868.1330994816292
8.2,868.3561393927389
8.4,868.5721085638294
8.6,868.7811746949067
8.8,868.9835034320266
9.0,869.1792583366799
9.2,869.3686008563942
9.4,869.5516902965927
9.6,869.7286837937529
9.8,869.8997362898976
10.0,870.0650005084569
10.2,870.2246269315277
10.4,870.378763778564
10.6,870.5275569865186
10.8,870.6711501914618
11.0,870.8096847116949
11.2,870.9432995323731
11.4,871.0721312916527
11.6,871.1963142683693
11.8,871.3159803712551
12.0,871.4312591296961
12.2,871.5422776860288
12.4,871.6491607893732
12.6,871.7520307909933
12.8,871.851007641175
13.0,871.9462088876066
13.2,872.0377496752471
13.4,872.1257427476577
13.6,872.2102984497773
13.8,872.291524732113
14.0,872.3695271563168
14.2,872.4444089021165
14.4,872.5162707755655
14.6,872.5852112185751
14.8,872.6513263196861
15.0,872.7147098260417
15.2,872.7754531565132
15.4,872.8336454159322
15.6,872.8893734103818
15.8,872.9427216634945
16.0,872.9937724337042
16.2,873.042605732399
16.4,873.089299342917
16.6,873.1339288403304
16.8,873.1765676119569
17.0,873.217286878541
17.2,873.2561557160445
17.4,873.2932410779837
17.6,873.3286078182529
17.8,873.362318714372
18.0,873.3944344910944
18.2,873.4250138443132
18.4,873.4541134652035
18.6,873.4817880645367
18.8,873.5080903971049
19.0,873.5330712861935
19.2,873.5567796480397
19.4,873.5792625162155
19.6,873.6005650658763
19.8,873.6207306378128
20.0,873.6398007622513
20.2,873.6578151823406
20.4,873.6748118772734
20.6,873.6908270849837
20.8,873.7058953243675
21.0,873.7200494169766
21.2,873.7333205081316
21.4,873.745738087407
21.6,873.7573300084416
21.8,873.7681225080281
22.0,873.7781402244365
22.2,873.7874062149333
22.4,873.7959419724564
22.6,873.803767441404
22.8,873.8109010325084
23.0,873.8173596367574
23.2,873.8231586383346
23.4,873.8283119265487
23.6,873.8328319067278
23.8,873.8367295100517
24.0,873.8400142023055
24.2,873.8426939915314
24.4,873.8447754345646
24.6,873.8462636424395
24.8,873.8471622846535
25.0,873.8474735922821
25.2,873.8471983599363
25.4,873.8463359465611
25.6,873.8448842750719
25.8,873.8428398308323
26.0,873.8401976589772
26.2,873.8369513605853
26.4,873.8330930877141
26.6,873.8286135373061
26.8,873.8235019439818
27.0,873.8177460717366
27.2,873.8113322045593
27.4,873.8042451359967
27.6,873.7964681576848
27.8,873.7879830468761
28.0,873.7787700529909
28.2,873.7688078832236
28.4,873.7580736872369
28.6,873.7465430409808
28.8,873.7341899296734
29.0,873.7209867299837
29.2,873.7069041914567
29.4,873.6919114172281
29.6,873.6759758440705
29.8,873.6590632218209
30.0,873.6411375922381
30.2,873.6221612673419
30.4,873.6020948072832
30.6,873.5808969978038
30.8,873.5585248273381
31.0,873.534933463812
31.2,873.5100762312006
31.4,873.4839045859006
31.6,873.4563680929771
31.8,873.4274144023462
32.0,873.3969892249553
32.2,873.3650363090194
32.4,873.3314974163804
32.6,873.296312299048
32.8,873.2594186759866
33.0,873.2207522102098
33.2,873.1802464862477
33.4,873.1378329880456
33.6,873.0934410773593
33.8,873.0469979727061
34.0,872.9984287289343
34.2,872.9476562174697
34.4,872.8946011072991
34.6,872.8391818467483
34.8,872.7813146461107
35.0,872.7209134611835
35.2,872.6578899777633
35.4,872.5921535971545
35.6,872.5236114227408
35.8,872.4521682476666
36.0,872.3777265436769
36.2,872.3001864511576
36.4,872.2194457704203
36.6,872.1353999542675
36.8,872.0479421018781
37.0,871.9569629540464
37.2,871.8623508898038
37.4,871.7639919244554
37.6,871.6617697090531
37.8,871.5555655313301
38.0,871.4452583181146
38.2,871.3307246392404
38.4,871.2118387129657
38.6,871.0884724129103
38.8,870.9604952765172
39.0,870.8277745150428
39.2,870.6901750250729
39.4,870.547559401563
39.6,870.3997879523939
39.8,870.246718714434
40.0,870.0882074710918
40.2,869.9241077713443
40.4,869.7542709502189
40.6,869.5785461507057
40.8,869.3967803470744
41.0,869.208818369564
41.2,869.0145029304155
41.4,868.813674651209
41.6,868.606172091469
41.8,868.3918317784969
42.0,868.1704882383857
42.2,867.9419740281727
42.4,867.706119769082
42.6,867.4627541808068
42.8,867.2117041167791
43.0,866.9527946003736
43.2,866.6858488619921
43.4,866.4106883769689
43.6,866.1271329042437
43.8,865.8350005257394
44.0,865.5341076863897
44.2,865.2242692347537
44.4,864.9052984641586
44.6,864.5770071543106
44.8,864.2392056133142
45.0,863.8917027200388
45.2,863.5343059667748
45.4,863.1668215021213
45.6,862.7890541740448
45.8,862.4008075730565
46.0,862.0018840754475
46.2,861.592084886525
46.4,861.171210083771
46.6,860.7390586597866
46.8,860.2954285646725
47.0,859.8401167468909
47.2,859.3729191899358
47.4,858.8936309378263
47.6,858.4020460923814
47.8,857.8979577439966
48.0,857.3811577571197
48.2,856.8514362628353
48.4,856.3085806095099
48.6,855.7523733985938
48.8,855.1825891234369
49.0,854.5989889037801
49.2,854.0013129558625
49.4,853.3892708246674
49.6,852.7625300168455
49.8,852.1207043708442
50.0,851.4633440332302
