0.0,725.839820106257
0.2,728.830172301855
0.4,731.7627729566713
0.6,734.6387251635055
0.8,737.4591173211687
1.0,740.2250226033744
1.2,742.9374984659871
1.4,745.5975861934107
1.6,748.2063104847166
1.8,750.7646790799354
2.0,753.2736824267553
2.2,755.7342933876981
2.4,758.1474669876682
2.6,760.5141402015997
2.8,762.8352317817679
3.0,765.1116421241662
3.2,767.3442531732044
3.4,769.5339283638383
3.6,771.6815126001044
3.8,773.7878322689076
4.0,775.8536952877946
4.2,777.8798911853386
4.4,779.8671912126608
4.6,781.8163484845373
4.8,783.7280981484555
5.0,785.6031575799293
5.2,787.4422266023272
5.4,789.2459877294251
5.6,791.0151064288701
5.8,792.7502314047193
6.0,794.4519948972116
6.2,796.121012997934
6.4,797.757885978552
6.6,799.3631986313022
6.8,800.9375206194676
7.0,802.4814068361043
7.2,803.9953977693278
7.4,805.4800198725267
7.6,806.9357859379274
7.8,808.3631954720051
8.0,809.7627350713025
8.2,811.1348787972997
8.4,812.4800885490531
8.6,813.7988144324042
8.8,815.0914951246514
9.0,816.3585582336531
9.2,817.6004206504257
9.4,818.8174888943894
9.6,820.0101594504927
9.8,821.178819097544
10.0,822.3238452271592
10.2,823.4456061528139
10.4,824.5444614085795
10.6,825.6207620371905
10.8,826.6748508671733
11.0,827.7070627788332
11.2,828.7177249589693
11.4,829.7071571442475
11.6,830.6756718532226
11.8,831.6235746070583
12.0,832.5511641390436
12.2,833.4587325930512
12.4,834.3465657111273
12.6,835.2149430104407
12.8,836.0641379498504
13.0,836.8944180863841
13.2,837.706045221944
13.4,838.4992755405775
13.6,839.2743597366672
13.8,840.0315431344127
14.0,840.771065798982
14.2,841.4931626397203
14.4,842.1980635058082
14.6,842.885993274763
14.8,843.557171934172
15.0,844.2118146570493
15.2,844.8501318711963
15.4,845.4723293229398
15.6,846.0786081356159
15.8,846.66916486315
16.0,847.2441915390796
16.2,847.8038757213458
16.4,848.3484005331709
16.6,848.8779447003225
16.8,849.3926825850492
17.0,849.8927842169603
17.2,850.378415321103
17.4,850.8497373434767
17.6,851.3069074742108
17.8,851.7500786686119
18.0,852.1793996662769
18.2,852.5950150084509
18.4,852.9970650537954
18.6,853.3856859927197
18.8,853.7610098604147
19.0,854.123164548715
19.2,854.4722738169056
19.4,854.8084573015794
19.6,855.131830525635
19.8,855.4425049065047
20.0,855.740587763684
20.2,856.0261823256317
20.4,856.2993877361013
20.6,856.5602990599521
20.8,856.8090072884929
21.0,857.0455993443913
21.2,857.2701580861893
21.4,857.4827623124522
21.6,857.683486765579
21.8,857.8724021352944
22.0,858.0495750618433
22.2,858.2150681389016
22.4,858.368939916219
22.6,858.5112449020004
22.8,858.6420335650396
23.0,858.7613523366084
23.2,858.8692436121082
23.4,858.9657457524876
23.6,859.0508930854285
23.8,859.1247159063033
24.0,859.1872404789035
24.2,859.2384890359389
24.4,859.2784797793096
24.6,859.307226880146
24.8,859.3247404786182
25.0,859.3310266835107
25.2,859.3260875715607
25.4,859.3099211865563
25.6,859.282521538193
25.8,859.2438786006813
26.0,859.1939783111056
26.2,859.1328025675256
26.4,859.0603292268186
26.6,858.9765321022546
26.8,858.8813809608006
27.0,858.774841520144
27.2,858.6568754454339
27.4,858.5274403457238
27.6,858.386489770115
27.8,858.2339732035849
28.0,858.0698360624924
28.2,857.8940196897464
28.4,857.7064613496235
28.6,857.5070942222202
28.8,857.2958473975198
29.0,857.072645869056
29.2,856.8374105271495
29.4,856.5900581516916
29.6,856.3305014044462
29.8,856.0586488208388
30.0,855.774404801193
30.2,855.4776696013748
30.4,855.1683393228001
30.6,854.8463059017471
30.8,854.5114570979238
31.0,854.163676482217
31.2,853.8028434235576
31.4,853.4288330748169
31.6,853.0415163576458
31.8,852.6407599461616
32.0,852.2264262493698
32.2,851.7983733922068
32.4,851.3564551950695
32.6,850.9005211516929
32.8,850.4304164052215
33.0,849.945981722308
33.2,849.4470534650577
33.4,848.9334635606267
33.6,848.405039468267
33.8,847.8616041435923
34.0,847.3029759998326
34.2,846.728968865824
34.4,846.1393919404668
34.6,845.5340497433767
34.8,844.9127420614292
35.0,844.2752638908939
35.2,843.6214053748392
35.4,842.950951735472
35.6,842.2636832010736
35.8,841.5593749271778
36.0,840.8377969116332
36.2,840.0987139031798
36.4,839.3418853031746
36.6,838.5670650600891
36.8,837.7740015564082
37.0,836.9624374875618
37.2,836.1321097325242
37.4,835.282749215726
37.6,834.4140807599372
37.8,833.5258229297935
38.0,832.6176878656577
38.2,831.6893811075319
38.4,830.7406014087621
38.6,829.771040539312
38.8,828.7803830784095
39.0,827.7683061964206
39.2,826.7344794258411
39.4,825.6785644213494
39.6,824.6002147089124
39.8,823.4990754240009
40.0,822.3747830390237
40.2,821.2269650801614
40.4,820.0552398338478
40.6,818.859216043218
40.8,817.638492594922
41.0,816.3926581967789
41.2,815.1212910468306
41.4,813.8239584944337
41.6,812.500216694121
41.8,811.1496102530451
42.0,809.7716718729046
42.2,808.3659219873451
42.4,806.931868395912
42.6,805.4690058957151
42.8,803.9768159120565
43.0,802.4547661293492
43.2,800.902310123734
43.4,799.3188869988787
43.6,797.7039210265133
43.8,796.0568212933161
44.0,794.3769813558329
44.2,792.6637789051522
44.4,790.916575443116
44.6,789.134715971873
44.8,787.3175286986152
45.0,785.4643247573551
45.2,783.5743979496116
45.4,781.6470245058699
45.6,779.6814628696727
45.8,777.6769535061741
46.0,775.6327187369577
46.2,773.5479626028736
46.4,771.4218707565943
46.6,769.2536103865218
46.8,767.0423301736002
47.0,764.7871602824966
47.2,762.4872123885159
47.4,760.1415797414985
47.6,757.7493372678358
47.8,755.3095417115981
48.0,752.8212318156386
48.2,750.2834285433826
48.4,747.695135341856
48.6,745.0553384463477
48.8,742.3630072269245
49.0,739.6170945768524
49.2,736.8165373427926
49.4,733.9602567964624
49.6,731.0471591472723
49.8,728.0761360952598
50.0,725.0460654234652
