0.0,587.9516901880846
0.2,588.3964483945689
0.4,589.2393664268693
0.6,590.4738524837638
0.8,592.0887865489542
1.0,594.0688389595325
1.2,596.3948974466354
1.4,599.0445835789494
1.6,601.99283618452
1.8,605.2125373207543
2.0,608.6751557713096
2.2,612.3513838321328
2.4,616.2117451722285
2.6,620.2271546040164
2.8,624.3694144034956
3.0,628.611636081657
3.2,632.9285809213927
3.4,637.2969168744498
3.6,641.6953933168041
3.8,646.104938498784
4.0,650.5086871714733
4.2,654.8919477606628
4.4,659.2421195913694
4.6,663.5485710887791
4.8,667.8024896844533
5.0,671.9967134556886
5.2,676.1255534505565
5.4,680.1846143324484
5.6,684.17061953849
5.8,688.0812456926211
6.0,691.91496963246
6.2,695.670930162616
6.4,699.3488055767161
6.6,702.9487071164134
6.8,706.4710878610839
7.0,709.9166660563674
7.2,713.2863615732578
7.4,716.5812440165043
7.6,719.8024909436134
7.8,722.9513546859029
8.0,726.0291363551133
8.2,729.0371657505966
8.4,731.9767860346115
8.6,734.8493422023786
8.8,737.6561725287734
9.0,740.3986023177947
9.2,743.0779394100421
9.4,745.6954710153875
9.6,748.2524615325589
9.8,750.7501510952958
10.0,753.1897546476508
10.2,755.5724614008021
10.4,757.8994345624404
10.6,760.1718112593562
10.8,762.3907025960758
11.0,764.5571938088485
11.2,766.67234448628
11.4,768.7371888365419
11.6,770.7527359872054
11.8,772.7199703080383
12.0,774.6398517500718
12.2,776.5133161962697
12.4,778.3412758205144
12.6,780.1246194525394
12.8,781.8642129470576
13.0,783.5608995557451
13.2,785.2155003010082
13.4,786.8288143506497
13.6,788.401619392674
13.8,789.9346720095573
14.0,791.4287080513802
14.2,792.884443007263
14.4,794.302572374592
14.6,795.6837720255568
14.8,797.0286985705517
15.0,798.3379897180245
15.2,799.6122646303811
15.4,800.8521242755844
15.6,802.0581517741061
15.8,803.2309127409229
16.0,804.3709556222605
16.2,805.4788120268207
16.4,806.5549970512484
16.6,807.6000095996061
16.8,808.614332696658
17.0,809.5984337947732
17.2,810.5527650742813
17.4,811.4777637371317
17.6,812.3738522937177
17.8,813.2414388427532
18.0,814.0809173440908
18.2,814.892667884397
18.4,815.6770569356029
18.6,816.4344376060668
18.8,817.1651498843923
19.0,817.8695208758604
19.2,818.547865031437
19.4,819.2004843693334
19.6,819.8276686890986
19.8,820.4296957782341
20.0,821.0068316113261
20.2,821.5593305416957
20.4,822.0874354855736
20.6,822.5913780988113
20.8,823.071378946142
21.0,823.527647663009
21.2,823.9603831099838
21.4,824.3697735197961
21.6,824.7559966370009
21.8,825.1192198503081
22.0,825.4596003176035
22.2,825.7772850836858
22.4,826.0724111907518
22.6,826.3451057816532
22.8,826.5954861959539
23.0,826.8236600588153
23.2,827.029725362733
23.4,827.2137705421483
23.6,827.3758745409597
23.8,827.5161068729528
24.0,827.6345276751675
24.2,827.7311877542198
24.4,827.806128625593
24.6,827.8593825459088
24.8,827.89097253819
25.0,827.9009124101204
25.2,827.8892067653084
25.4,827.8558510075533
25.6,827.8008313381176
25.8,827.7241247459991
26.0,827.6256989911976
26.2,827.50551258097
26.4,827.3635147390593
26.6,827.199645367886
26.8,827.0138350036875
27.0,826.8060047645848
27.2,826.576066291557
27.4,826.3239216823031
27.6,826.0494634179641
27.8,825.7525742826824
28.0,825.4331272759697
28.2,825.0909855178551
28.4,824.7260021467845
28.6,824.3380202102411
28.8,823.9268725480551
29.0,823.4923816683748
29.2,823.0343596162655
29.4,822.5526078349088
29.6,822.0469170193732
29.8,821.5170669629274
30.0,820.9628263958735
30.2,820.3839528168747
30.4,819.7801923167593
30.6,819.1512793947843
30.8,818.4969367673459
31.0,817.8168751691294
31.2,817.1107931466958
31.4,816.3783768445091
31.6,815.6192997834146
31.8,814.8332226315848
32.0,814.0197929679597
32.2,813.178645038215
32.4,812.3093995033032
32.6,811.4116631806208
32.8,810.4850287778697
33.0,809.5290746196885
33.2,808.5433643671461
33.4,807.5274467302015
33.6,806.4808551732513
33.8,805.4031076138975
34.0,804.2937061150901
34.2,803.152136570812
34.4,801.9778683854951
34.6,800.770354147374
34.8,799.5290292960054
35.0,798.2533117842004
35.2,796.9426017346397
35.4,795.596281091466
35.6,794.2137132671703
35.8,792.7942427851101
36.0,791.3371949180304
36.2,789.8418753229777
36.4,788.307569673029
36.6,786.7335432862857
36.8,785.1190407526155
37.0,783.4632855586603
37.2,781.7654797116688
37.4,780.024803362765
37.6,778.2404144303277
37.8,776.4114482242463
38.0,774.5370170719416
38.2,772.6162099472261
38.4,770.6480921033502
38.6,768.6317047119882
38.8,766.5660645105364
39.0,764.4501634610165
39.2,762.2829684252504
39.4,760.0634208630039
39.6,757.790436562762
39.8,755.4629054190844
40.0,753.0796912766131
40.2,750.6396318694236
40.4,748.1415388964134
40.6,745.584198289857
40.8,742.9663707564766
41.0,740.2867926999289
41.2,737.5441776722876
41.4,734.737218551877
41.6,731.8645907077022
41.8,728.9249564886263
42.0,725.9169714699519
42.2,722.8392930019651
42.4,719.6905917340495
42.6,716.469566932179
42.8,713.1749665627711
43.0,709.8056132749396
43.2,706.3604375656386
43.4,702.8385195436613
43.6,699.2391408004744
43.8,695.5618479260226
44.0,691.8065291502005
44.2,687.9735054178094
44.4,684.0636368885063
44.6,680.0784453678887
44.8,676.0202525015779
45.0,671.8923326905059
45.2,667.6990786156425
45.4,663.4461760144321
45.6,659.1407829700806
45.8,654.7917075218273
46.0,650.4095759654404
46.2,646.0069828949768
46.4,641.5986129618987
46.6,637.2013236269383
46.8,632.83417798315
47.0,628.5184171512274
47.2,624.2773628794388
47.4,620.1362428695054
47.6,616.1219339938632
47.8,612.2626219063665
48.0,608.58737945075
48.2,605.1256705497492
48.4,601.9067906688356
48.6,598.9592592080439
48.8,596.3101829792265
49.0,593.9846129741471
49.2,592.0049186513505
49.4,590.3902047530279
49.6,589.1557950721566
49.8,588.312805585449
50.0,587.8678260138012
