0.0,798.0132959166995
0.2,800.0201465871633
0.4,801.9864739989811
0.6,803.9127226277457
0.8,805.799338881202
1.0,807.6467711593405
1.2,809.4554699040676
1.4,811.2258876380884
1.6,812.9584789926731
1.8,814.6537007240361
2.0,816.3120117180932
2.2,817.9338729834184
2.4,819.5197476322685
2.6,821.0701008495918
2.8,822.5853998499888
3.0,824.0661138226405
3.2,825.512713864271
3.4,826.9256729002556
3.6,828.305465594039
3.8,829.6525682450684
4.0,830.9674586754961
4.2,832.2506161059467
4.4,833.5025210206894
4.6,834.7236550225929
4.8,835.914500678279
5.0,837.0755413539291
5.2,838.2072610422292
5.4,839.3101441809702
5.6,840.3846754638489
5.8,841.4313396440429
6.0,842.4506213311508
6.2,843.4430047821161
6.4,844.4089736867617
6.6,845.3490109485851
6.8,846.2635984614707
7.0,847.1532168829812
7.2,848.0183454049047
7.4,848.8594615217263
7.6,849.6770407976999
7.8,850.4715566331888
8.0,851.2434800309385
8.2,851.9932793629381
8.4,852.7214201385119
8.6,853.4283647742741
8.8,854.1145723665577
9.0,854.7804984669148
9.2,855.4265948612622
9.4,856.0533093532266
9.6,856.6610855522174
9.8,857.2503626667271
10.0,857.8215753033398
10.2,858.3751532718893
10.4,858.9115213971867
10.6,859.4310993377023
10.8,859.9343014115566
11.0,860.4215364301405
11.2,860.893207539657
11.4,861.3497120708378
11.6,861.7914413970565
11.8,862.2187808010311
12.0,862.6321093502679
12.2,863.0317997813712
12.4,863.4182183933094
12.6,863.7917249496951
12.8,864.1526725901052
13.0,864.5014077504387
13.2,864.8382700922775
13.4,865.1635924411878
13.6,865.4777007338733
13.8,865.7809139740613
14.0,866.0735441969824
14.2,866.3558964422773
14.4,866.6282687351412
14.6,866.8909520754972
14.8,867.1442304349698
15.0,867.3883807614093
15.2,867.6236729907041
15.4,867.8503700656004
15.6,868.0687279612355
15.8,868.2789957170789
16.0,868.4814154749647
16.2,868.676222522888
16.4,868.8636453442323
16.6,869.0439056720868
16.8,869.2172185483078
17.0,869.3837923869738
17.2,869.5438290418828
17.4,869.6975238777378
17.6,869.8450658446676
17.8,869.9866375557286
18.0,870.122415367039
18.2,870.2525694601941
18.4,870.3772639266246
18.6,870.496656853553
18.8,870.6109004112195
19.0,870.7201409410486
19.2,870.8245190444349
19.4,870.9241696718409
19.6,871.019222211898
19.8,871.1098005802182
20.0,871.1960233076301
20.2,871.2780036275623
20.4,871.3558495623079
20.6,871.4296640079139
20.8,871.4995448174479
21.0,871.5655848824088
21.2,871.6278722120537
21.4,871.6864900104285
21.6,871.7415167508973
21.8,871.7930262479786
22.0,871.8410877263051
22.2,871.8857658865362
22.4,871.9271209680626
22.6,871.965208808351
22.8,872.0000808987916
23.0,872.0317844369163
23.2,872.0603623748698
23.4,872.085853464024
23.6,872.1082922956366
23.8,872.127709337464
24.0,872.1441309662498
24.2,872.1575794960178
24.4,872.1680732021101
24.6,872.1756263409193
24.8,872.1802491652713
25.0,872.1819479354291
25.2,872.1807249256925
25.4,872.1765784265798
25.6,872.1695027425885
25.8,872.1594881855366
26.0,872.1465210635002
26.2,872.1305836653697
26.4,872.1116542410549
26.6,872.0897069773832
26.8,872.0647119697383
27.0,872.0366351895027
27.2,872.0054384473711
27.4,871.9710793526141
27.6,871.9335112683839
27.8,871.8926832631574
28.0,871.8485400584293
28.2,871.80102197277
28.4,871.7500648623825
28.6,871.6956000582954
28.8,871.6375543003419
29.0,871.5758496680875
29.2,871.5104035088771
29.4,871.4411283631836
29.6,871.3679318874521
29.8,871.2907167746431
30.0,871.2093806726893
30.2,871.1238161010916
30.4,871.0339103658912
30.6,870.9395454732634
30.8,870.8405980419915
31.0,870.736939215087
31.2,870.6284345708335
31.4,870.514944033541
31.6,870.3963217843077
31.8,870.2724161720918
32.0,870.1430696254079
32.2,870.008118564969
32.4,869.8673933176003
32.6,869.7207180317608
32.8,869.567910595011
33.0,869.4087825537733
33.2,869.2431390357332
33.4,869.0707786752318
33.6,868.8914935420064
33.8,868.7050690736313
34.0,868.5112840120161
34.2,868.3099103443126
34.4,868.1007132485827
34.6,867.8834510445754
34.8,867.6578751499511
35.0,867.423730042293
35.2,867.1807532272296
35.4,866.9286752129876
35.6,866.6672194916832
35.8,866.3961025276427
36.0,866.1150337530383
36.2,865.8237155711003
36.4,865.5218433671557
36.6,865.2091055277235
36.8,864.8851834678757
37.0,864.549751667053
37.2,864.202477713504
37.4,863.8430223574836
37.6,863.471039573335
37.8,863.0861766305383
38.0,862.6880741737922
38.2,862.2763663121606
38.4,861.8506807172863
38.6,861.4106387306468
38.8,860.9558554797916
39.0,860.4859400034674
39.2,860.0004953855145
39.4,859.4991188973682
39.6,858.9814021489813
39.8,858.4469312479396
40.0,857.8952869665148
40.2,857.3260449163636
40.4,856.7387757305469
40.6,856.1330452525149
40.8,855.5084147316682
41.0,854.8644410250761
41.2,854.2006768049026
41.4,853.5166707710608
41.6,852.8119678685916
41.8,852.086109509235
42.0,851.3386337966352
42.2,850.5690757546046
42.4,849.7769675578453
42.6,848.9618387645125
42.8,848.1232165499837
43.0,847.2606259411883
43.2,846.3735900508381
43.4,845.4616303108921
43.6,844.5242667045812
43.8,843.5610179963154
44.0,842.5714019587984
44.2,841.5549355966746
44.4,840.5111353660371
44.6,839.4395173891396
44.8,838.3395976636598
45.0,837.210892265881
45.2,836.052917547174
45.4,834.8651903231827
45.6,833.6472280551362
45.8,832.3985490227443
46.0,831.1186724881519
46.2,829.8071188504668
46.4,828.4634097904056
46.6,827.0870684046378
46.8,825.6776193294509
47.0,824.2345888533941
47.2,822.7575050186048
47.4,821.2458977105625
47.6,819.6992987360647
47.8,818.1172418892605
48.0,816.4992630056321
48.2,814.8449000038548
48.4,813.1536929155255
48.6,811.4251839027891
48.8,809.658917263949
49.0,807.8544394271959
49.2,806.0112989326382
49.4,804.1290464028632
49.6,802.2072345023126
49.8,800.2454178857964
50.0,798.243153136518
