0.0,792.5317399680598
0.2,794.6551740727193
0.4,796.7390243762991
0.6,798.7836915018082
0.8,800.7895773760379
1.0,802.7570852845254
1.2,804.6866199195855
1.4,806.5785874211493
1.6,808.4333954101675
1.8,810.2514530143701
2.0,812.0331708861952
2.2,813.7789612127268
2.4,815.4892377175171
2.6,817.1644156541868
2.8,818.8049117917343
3.0,820.4111443915082
3.2,821.983533175829
3.4,823.5224992882737
3.6,825.0284652456643
3.8,826.5018548818334
4.0,827.943093283261
4.2,829.3526067167114
4.4,830.7308225490191
4.6,832.0781691592016
4.8,833.3950758431012
5.0,834.6819727107816
5.2,835.939290576927
5.4,837.1674608445138
5.6,838.3669153820456
5.8,839.5380863946602
6.0,840.681406289437
6.2,841.7973075352452
6.4,842.886222517496
6.6,843.9485833881647
6.8,844.9848219114702
7.0,845.9953693056049
7.2,846.9806560809157
7.4,847.9411118749488
7.6,848.8771652847704
7.8,849.7892436969843
8.0,850.6777731158671
8.2,851.5431779900451
8.4,852.3858810381311
8.6,853.206303073744
8.8,854.0048628303257
9.0,854.781976786165
9.2,855.5380589900333
9.4,856.2735208878291
9.6,856.9887711506177
9.8,857.6842155044422
10.0,858.3602565622722
10.2,859.0172936584429
10.4,859.655722685922
10.6,860.2759359367324
10.8,860.8783219458345
11.0,861.4632653387678
11.2,862.0311466833213
11.4,862.582342345496
11.6,863.1172243499984
11.8,863.6361602454854
12.0,864.1395129747666
12.2,864.627640750146
12.4,865.1008969340683
12.6,865.5596299252132
12.8,866.0041830501668
13.0,866.4348944607704
13.2,866.8520970372379
13.4,867.256118297105
13.6,867.6472803100609
13.8,868.0258996186881
14.0,868.3922871651231
14.2,868.7467482236289
14.4,869.0895823390545
14.6,869.4210832711387
14.8,869.7415389445983
15.0,870.0512314049271
15.2,870.3504367798129
15.4,870.6394252460706
15.6,870.9184610019695
15.8,871.1878022448237
16.0,871.4477011537014
16.2,871.6984038770954
16.4,871.9401505253898
16.6,872.1731751679425
16.8,872.3977058346007
17.0,872.6139645214505
17.2,872.8221672006016
17.4,873.0225238337954
17.6,873.2152383896231
17.8,873.4005088641314
18.0,873.5785273045936
18.2,873.7494798362145
18.4,873.9135466915418
18.6,874.0709022423489
18.8,874.2217150337545
19.0,874.366147820346
19.2,874.5043576040702
19.4,874.6364956736588
19.6,874.7627076453563
19.8,874.8831335047191
20.0,874.9979076492609
20.2,875.1071589317169
20.4,875.2110107037101
20.6,875.3095808596015
20.8,875.4029818803148
21.0,875.4913208769296
21.2,875.5746996338437
21.4,875.6532146513094
21.6,875.7269571871625
21.8,875.7960132975556
22.0,875.8604638765322
22.2,875.9203846942709
22.4,875.9758464338458
22.6,876.026914726354
22.8,876.07365018427
23.0,876.1161084328962
23.2,876.1543401397878
23.4,876.1883910420365
23.6,876.2183019713134
23.8,876.244108876573
24.0,876.2658428443351
24.2,876.2835301164698
24.4,876.2971921054198
24.6,876.3068454068053
24.8,876.3125018093663
25.0,876.3141683022052
25.2,876.3118470793082
25.4,876.3055355413267
25.6,876.2952262946155
25.8,876.2809071475345
26.0,876.2625611040257
26.2,876.240166354495
26.4,876.2136962640308
26.6,876.1831193580081
26.8,876.1483993051315
27.0,876.1094948979841
27.2,876.0663600311553
27.4,876.0189436770362
27.6,875.9671898593725
27.8,875.9110376246834
28.0,875.8504210116565
28.2,875.7852690186413
28.4,875.7155055693755
28.6,875.6410494770794
28.8,875.56181440707
29.0,875.477708838051
29.2,875.3886360222422
29.4,875.2944939445197
29.6,875.1951752807487
29.8,875.0905673554931
30.0,874.9805520992961
30.2,874.8650060057295
30.4,874.7438000884176
30.6,874.6167998382464
30.8,874.4838651809713
31.0,874.3448504354445
31.2,874.1996042726837
31.4,874.0479696760103
31.6,873.8897839024842
31.8,873.7248784458684
32.0,873.5530790013541
32.2,873.3742054322815
32.4,873.1880717390887
32.6,872.9944860307222
32.8,872.7932504987407
33.0,872.5841613943411
33.2,872.3670090085349
33.4,872.1415776556968
33.6,871.9076456607055
33.8,871.66498534989
34.0,871.4133630459886
34.2,871.1525390673226
34.4,870.882267731378
34.6,870.6022973629783
34.8,870.3123703072274
35.0,870.0122229473844
35.2,869.7015857278286
35.4,869.3801831822552
35.6,869.0477339672334
35.8,868.7039509012451
36.0,868.3485410093059
36.2,867.9812055732606
36.4,867.6016401878215
36.6,867.2095348224143
36.8,866.804573888866
37.0,866.3864363149645
37.2,865.954795623892
37.4,865.5093200195246
37.6,865.049672477565
37.8,864.5755108424615
38.0,864.0864879300464
38.2,863.5822516358024
38.4,863.0624450486571
38.6,862.526706570173
38.8,861.9746700389934
39.0,861.4059648603738
39.2,860.8202161406193
39.4,860.2170448262214
39.6,859.5960678474723
39.8,858.9568982663197
40.0,858.2991454281968
40.2,857.6224151175591
40.4,856.9263097168295
40.6,856.2104283684458
40.8,855.4743671396863
41.0,854.7177191899325
41.2,853.9400749400216
41.4,853.1410222433192
41.6,852.3201465581395
41.8,851.4770311211257
42.0,850.6112571211959
42.2,849.7224038736505
42.4,848.8100489940332
42.6,847.8737685713303
42.8,846.9131373400896
43.0,845.9277288510401
43.2,844.9171156397914
43.4,843.880869393191
43.6,842.8185611129251
43.8,841.7297612759451
44.0,840.6140399913181
44.2,839.4709671530937
44.4,838.3001125887995
44.6,837.101046203183
44.8,835.8733381168295
45.0,834.616558799298
45.2,833.3302791964384
45.4,832.0140708515579
45.6,830.6675060201355
45.8,829.2901577777917
46.0,827.8816001212477
46.2,826.4414080620264
46.4,824.9691577126714
46.6,823.4644263652843
46.8,821.9267925622045
47.0,820.3558361586803
47.2,818.7511383774113
47.4,817.1122818548606
47.6,815.4388506792726
47.8,813.730430420352
48.0,811.9866081505936
48.2,810.2069724582778
48.4,808.3911134521779
48.6,806.5386227580511
48.8,804.6490935070176
49.0,802.7221203159564
49.2,800.7572992600778
49.4,798.7542278378579
49.6,796.7125049285482
49.8,794.6317307425013
50.0,792.5115067645736
