0.0,850.7464661485366
0.2,851.539575849526
0.4,852.3135200811957
0.6,853.068731768593
0.8,853.8056345309848
1.0,854.5246425257507
1.2,855.2261603344717
1.4,855.9105828906277
1.6,856.5782954479411
1.8,857.2296735880623
2.0,857.8650832659532
2.2,858.4848808910385
2.4,859.0894134419173
2.6,859.6790186122028
2.8,860.2540249848598
3.0,860.8147522322568
3.2,861.3615113390314
3.4,861.8946048448001
3.6,862.4143271037005
3.8,862.9209645577643
4.0,863.4147960211551
4.2,863.8960929723838
4.4,864.3651198517142
4.6,864.82213436111
4.8,865.2673877642279
5.0,865.7011251841409
5.2,866.1235858966667
5.4,866.5350036173869
5.6,866.9356067806518
5.8,867.3256188090864
6.0,867.7052583723338
6.2,868.0747396339866
6.4,868.4342724858709
6.6,868.784062769049
6.8,869.1243124811009
7.0,869.455219969424
7.2,869.7769801104596
7.4,870.0897844749013
7.6,870.3938214790822
7.8,870.6892765228515
8.0,870.9763321143591
8.2,871.2551679822499
8.4,871.5259611758423
8.6,871.788886153925
8.8,872.0441148628411
9.0,872.2918168045672
9.2,872.5321590955049
9.4,872.7653065167118
9.6,872.9914215562991
9.8,873.2106644447059
10.0,873.4231931835477
10.2,873.629163568709
10.4,873.8287292083235
10.6,874.0220415362511
10.8,874.2092498216297
11.0,874.3905011750346
11.2,874.565940551753
11.4,874.735710752628
11.6,874.8999524229026
11.8,875.0588040494441
12.0,875.2124019567035
12.2,875.3608803017214
12.4,875.5043710684648
12.6,875.6430040617416
12.8,875.7769069009174
13.0,875.9062050136249
13.2,876.0310216296348
13.4,876.1514777750328
13.6,876.2676922668261
13.8,876.3797817080813
14.0,876.487860483682
14.2,876.5920407567742
14.4,876.6924324659561
14.6,876.7891433232545
14.8,876.8822788129197
15.0,876.9719421910592
15.2,877.0582344861223
15.4,877.1412545002415
15.6,877.2210988114227
15.8,877.2978617765802
16.0,877.3716355353977
16.2,877.4425100149969
16.4,877.5105729353884
16.6,877.5759098156788
16.8,877.6386039810004
17.0,877.6987365701315
17.2,877.7563865437686
17.4,877.8116306934138
17.6,877.8645436508361
17.8,877.915197898063
18.0,877.9636637778622
18.2,878.0100095046653
18.4,878.0543011758908
18.6,878.0966027836187
18.8,878.1369762265708
19.0,878.17548132235
19.2,878.2121758198906
19.4,878.2471154120738
19.6,878.2803537484591
19.8,878.311942448088
20.0,878.3419311123102
20.2,878.3703673375898
20.4,878.397296728242
20.6,878.4227629090602
20.8,878.4468075377858
21.0,878.4694703173815
21.2,878.4907890080623
21.4,878.5107994390474
21.6,878.5295355199911
21.8,878.5470292520553
22.0,878.5633107385866
22.2,878.5784081953647
22.4,878.5923479603845
22.6,878.605154503145
22.8,878.6168504334095
23.0,878.6274565094132
23.2,878.6369916454878
23.4,878.645472919082
23.6,878.6529155771507
23.8,878.6593330418972
24.0,878.6647369158446
24.2,878.669136986224
24.4,878.6725412286612
24.6,878.6749558101534
24.8,878.676385091322
25.0,878.6768316279365
25.2,878.6762961717009
25.4,878.6747776703015
25.6,878.6722732667139
25.8,878.6687782977687
26.0,878.6642862919821
26.2,878.6587889666533
26.4,878.6522762242395
26.6,878.6447361480148
26.8,878.6361549970292
27.0,878.626517200379
27.2,878.6158053508042
27.4,878.6040001976344
27.6,878.5910806391005
27.8,878.5770237140372
28.0,878.5618045929981
28.2,878.5453965688125
28.4,878.52777104661
28.6,878.5088975333438
28.8,878.4887436268434
29.0,878.467275004433
29.2,878.4444554111456
29.4,878.4202466475748
29.6,878.3946085573978
29.8,878.3674990146108
30.0,878.338873910518
30.2,878.3086871405143
30.4,878.2768905907049
30.6,878.2434341244059
30.8,878.208265568571
31.0,878.1713307001878
31.2,878.1325732326911
31.4,878.0919348024399
31.6,878.0493549553042
31.8,878.0047711334087
32.0,877.9581186620806
32.2,877.9093307370513
32.4,877.8583384119555
32.6,877.8050705861758
32.8,877.7494539930818
33.0,877.6914131887055
33.2,877.6308705409012
33.4,877.5677462190321
33.6,877.5019581842273
33.8,877.43342218025
34.0,877.3620517250162
34.2,877.2877581028032
34.4,877.2104503571803
34.6,877.1300352846964
34.8,877.0464174293535
35.0,876.9594990778909
35.2,876.869180255904
35.4,876.7753587248129
35.6,876.6779299796933
35.8,876.5767872479772
36.0,876.4718214890213
36.2,876.3629213945352
36.4,876.2499733898536
36.6,876.1328616360248
36.8,876.0114680326802
37.0,875.8856722216345
37.2,875.7553515911546
37.4,875.6203812808195
37.6,875.480634186879
37.8,875.3359809679966
38.0,875.1862900512479
38.2,875.031427638217
38.4,874.8712577110184
38.6,874.7056420380371
38.8,874.5344401791601
39.0,874.3575094902377
39.2,874.1747051264854
39.4,873.9858800445037
39.6,873.7908850025591
39.8,873.5895685587341
40.0,873.3817770665206
40.2,873.1673546673949
40.4,872.9461432798741
40.6,872.7179825845255
40.8,872.4827100043611
41.0,872.2401606800255
41.2,871.990167439155
41.4,871.7325607592633
41.6,871.4671687234961
41.8,871.193816968582
42.0,870.912328624307
42.2,870.6225242438446
42.4,870.324221724294
42.6,870.0172362167955
42.8,869.7013800256434
43.0,869.3764624958624
43.2,869.0422898887772
43.4,868.698665245193
43.6,868.345388235889
43.8,867.9822549992502
44.0,867.6090579659759
44.2,867.2255856709494
44.4,866.8316225525081
44.6,866.4269487395153
44.8,866.0113398268177
45.0,865.5845666398558
45.2,865.1463949893948
45.4,864.6965854175407
45.6,864.2348929364077
45.8,863.7610667610102
46.0,863.2748500381454
46.2,862.7759795732252
46.4,862.2641855571949
46.6,861.7391912958378
46.8,861.2007129439141
47.0,860.648459246703
47.2,860.0821312916122
47.4,859.5014222725953
47.6,858.9060172701427
47.8,858.2955930496297
48.0,857.6698178807605
48.2,857.0283513807867
48.4,856.3708443840704
48.6,855.6969388404171
48.8,855.0062677444282
49.0,854.2984550979064
49.2,853.5731159071017
49.4,852.8298562163106
49.6,852.0682731790358
49.8,851.2879551675954
50.0,850.4884819217231
