0.0,868.3890853047121
0.2,868.9176653376189
0.4,869.4279686920039
0.6,869.9201982136883
0.8,870.3945719069557
1.0,870.8513229460415
1.2,871.2906995861707
1.4,871.712964975297
1.6,872.118396868549
1.8,872.5072872482017
2.0,872.8799418527776
2.2,873.2366796196144
2.4,873.5778320459216
2.6,873.903742473972
2.8,874.2147653066299
3.0,874.5112651599042
3.2,874.7936159596231
3.4,875.0621999896659
3.6,875.3174068994272
3.8,875.5596326783691
4.0,875.7892786055999
4.2,876.0067501824251
4.4,876.2124560557492
4.6,876.4068069400589
4.8,876.5902145455009
5.0,876.7630905192856
5.2,876.9258454073037
5.4,877.0788876424378
5.6,877.2226225656107
5.8,877.3574514851125
6.0,877.4837707792307
6.2,877.6019710466477
6.4,877.7124363085042
6.6,877.8155432654324
6.8,877.9116606122785
7.0,878.0011484126383
7.2,878.0843575347453
7.4,878.1616291496867
7.6,878.2332942923624
7.8,878.2996734850842
8.0,878.3610764232106
8.2,878.4178017217454
8.4,878.4701367214054
8.6,878.5183573522656
8.8,878.5627280527467
9.0,878.6035017413953
9.2,878.6409198386513
9.4,878.6752123355658
9.6,878.7065979062621
9.8,878.7352840607908
10.0,878.7614673349334
10.2,878.7853335134554
10.4,878.8070578832829
10.6,878.8268055130959
10.8,878.8447315558708
11.0,878.8609815709855
11.2,878.875691862593
11.4,878.8889898310977
11.6,878.9009943347066
11.8,878.9118160581925
12.0,878.9215578861698
12.2,878.9303152783762
12.4,878.9381766446371
12.6,878.9452237173904
12.8,878.9515319198429
13.0,878.957170728034
13.2,878.962204025273
13.4,878.9666904476126
13.6,878.9706837192078
13.8,878.9742329765908
14.0,878.9773830810584
14.2,878.9801749185408
14.4,878.9826456864656
14.6,878.9848291672741
14.8,878.9867559883814
15.0,878.9884538684865
15.2,878.9899478502493
15.4,878.9912605194487
15.6,878.9924122108185
15.8,878.9934212008349
16.0,878.9943038877917
16.2,878.9950749595569
16.4,878.9957475494449
16.6,878.9963333806751
16.8,878.99684289992
17.0,878.9972854004582
17.2,878.9976691354691
17.4,878.9980014220075
17.6,878.9982887361994
17.8,878.9985368001993
18.0,878.9987506614368
18.2,878.9989347646759
18.4,878.9990930173891
18.6,878.9992288489357
18.8,878.9993452640149
19.0,878.9994448908419
19.2,878.9995300244743
19.4,878.9996026656946
19.6,878.9996645558301
19.8,878.9997172078693
20.0,878.9997619342116
20.2,878.9997998713619
20.4,878.9998320018614
20.6,878.999859173726
20.8,878.9998821176372
21.0,878.9999014621155
21.2,878.9999177468874
21.4,878.9999314346335
21.6,878.9999429212945
21.8,878.9999525450929
22.0,878.9999605944116
22.2,878.9999673146607
22.4,878.9999729142476
22.6,878.9999775697529
22.8,878.9999814304077
23.0,878.9999846219524
23.2,878.9999872499513
23.4,878.9999894026273
23.6,878.9999911532715
23.8,878.9999925622809
24.0,878.9999936788612
24.2,878.9999945424346
24.4,878.9999951837824
24.6,878.9999956259462
24.8,878.9999958849083
25.0,878.9999959700679
25.2,878.9999958845209
25.4,878.9999956251538
25.6,878.9999951825495
25.8,878.9999945407058
26.0,878.9999936765595
26.2,878.9999925593049
26.4,878.9999911494909
26.6,878.9999893978784
26.8,878.9999872440309
27.0,878.9999846146095
27.2,878.9999814213354
27.4,878.9999775585768
27.6,878.9999729005123
27.8,878.9999672978139
28.0,878.9999605737848
28.2,878.9999525198793
28.4,878.9999428905214
28.6,878.99993139713
28.8,878.999917701247
29.0,878.9999014066508
29.2,878.9998820503267
29.4,878.9998590921522
29.6,878.9998319031366
29.8,878.9997997520426
30.0,878.999761790197
30.2,878.999717034283
30.4,878.9996643468817
30.6,878.9996024145184
30.8,878.9995297229412
31.0,878.9994445293405
31.2,878.9993448311978
31.4,878.9992283314247
31.6,878.9990923994344
31.8,878.9989340277624
32.0,878.9987497838289
32.2,878.9985357564176
32.4,878.9982874964178
32.6,878.9979999513608
32.8,878.9976673932601
33.0,878.9972833392485
33.2,878.9968404644918
33.4,878.9963305068455
33.6,878.9957441627154
33.8,878.9950709735771
34.0,878.9942992026138
34.2,878.9934157009346
34.4,878.9924057628537
34.6,878.991252969726
34.8,878.9899390218651
35.0,878.9884435581049
35.2,878.9867439626084
35.4,878.9848151585857
35.6,878.9826293886406
35.8,878.9801559815477
36.0,878.9773611053381
36.2,878.9742075066762
36.4,878.9706542366126
36.6,878.9666563629204
36.8,878.9621646693498
37.0,878.9571253422814
37.2,878.9514796454076
37.4,878.9451635832343
37.6,878.9381075543704
37.8,878.9302359957486
38.0,878.9214670191085
38.2,878.9117120412699
38.4,878.9008754099136
38.6,878.8888540267941
38.8,878.8755369704986
39.0,878.8608051210696
39.2,878.8445307889948
39.4,878.8265773512541
39.6,878.8067988972844
39.8,878.7850398878837
40.0,878.7611348302183
40.2,878.7349079722176
40.4,878.7061730197481
40.6,878.6747328800246
40.8,878.6403794347677
41.0,878.6028933466288
41.2,878.5620439023864
41.4,878.5175888963568
41.6,878.4692745573687
41.8,878.4168355225182
42.0,878.3599948607377
42.2,878.2984641489955
42.4,878.2319436036788
42.6,878.1601222694063
42.8,878.0826782671687
43.0,877.9992791033045
43.2,877.9095820403966
43.4,877.8132345307031
43.6,877.7098747122479
43.8,877.5991319671652
44.0,877.4806275413466
44.2,877.3539752238672
44.4,877.2187820840894
44.6,877.0746492637483
44.8,876.9211728207337
45.0,876.7579446207012
45.2,876.5845532720673
45.4,876.4005850993949
45.6,876.2056251496509
45.8,875.9992582253258
46.0,875.7810699379561
46.2,875.5506477751967
46.4,875.3075821742354
46.6,875.0514675940674
46.8,874.7819035789271
47.0,874.4984958050254
47.2,874.2008571026748
47.4,873.8886084458878
47.6,873.5613799016224
47.8,873.2188115310172
48.0,872.8605542352077
48.2,872.4862705386469
48.4,872.0956353032587
48.6,871.6883363672424
48.8,871.2640751028939
49.0,870.8225668884376
49.2,870.363541489539
49.4,869.886743346904
49.6,869.3919317671492
49.8,868.8788810149426
50.0,868.3473803052606
