0.0,808.9443318414577
0.2,810.9172937265446
0.4,812.8492126380656
0.6,814.7404165110127
0.8,816.5912414750813
1.0,818.4020322054241
1.2,820.1731422336343
1.4,821.9049342175833
1.6,823.5977801689555
1.8,825.2520616375496
2.0,826.8681698516443
2.2,828.4465058139584
2.4,829.9874803529633
2.6,831.491514129541
2.8,832.9590375992045
3.0,834.3904909303251
3.2,835.7863238790255
3.4,837.1469956216154
3.6,838.4729745456438
3.8,839.7647380008437
4.0,841.0227720114246
4.2,842.2475709513434
4.4,843.4396371843451
4.6,844.599480670717
4.8,845.7276185428243
5.0,846.8245746516277
5.2,847.8908790864787
5.4,848.9270676705829
5.6,849.9336814345974
5.8,850.9112660708819
6.0,851.8603713709729
6.2,852.7815506488726
6.4,853.6753601527606
6.6,854.5423584677326
6.8,855.3831059121494
7.0,856.1981639301578
7.2,856.9880944828868
7.4,857.7534594407775
7.6,858.4948199794272
7.8,859.2127359812495
8.0,859.9077654451609
8.2,860.5804639064039
8.4,861.2313838685039
8.6,861.8610742492434
8.8,862.4700798424095
9.0,863.0589407969452
9.2,863.6281921149945
9.4,864.1783631702009
9.6,864.7099772474721
9.8,865.2235511052849
10.0,865.7195945614598
10.2,866.1986101031948
10.4,866.6610925220031
10.6,867.107528574061
10.8,867.5383966663409
11.0,867.9541665687593
11.2,868.3552991524554
11.4,868.7422461541793
11.6,869.1154499666576
11.8,869.47534345469
12.0,869.82234979662
12.2,870.1568823507289
12.4,870.4793445460059
12.6,870.790129796661
12.8,871.0896214396727
13.0,871.3781926945877
13.2,871.6562066447299
13.4,871.924016238919
13.6,872.1819643127519
13.8,872.4303836284586
14.0,872.6695969323126
14.2,872.8999170285492
14.4,873.1216468687245
14.6,873.3350796554383
14.8,873.5404989593357
15.0,873.7381788483019
15.2,873.9283840277719
15.4,874.1113699910858
15.6,874.2873831788373
15.8,874.4566611461814
16.0,874.6194327370938
16.2,874.7759182646009
16.4,874.9263296960299
16.6,875.070870842366
16.8,875.2097375508354
17.0,875.343117899875
17.2,875.4711923956896
17.4,875.5941341696383
17.6,875.7121091757333
17.8,875.8252763875829
18.0,875.933787994147
18.2,876.0377895937221
18.4,876.1374203856167
18.6,876.2328133590147
18.8,876.3240954785769
19.0,876.4113878663607
19.2,876.4948059796884
19.4,876.5744597846241
19.6,876.6504539247641
19.8,876.7228878850759
20.0,876.7918561505577
20.2,876.8574483595205
20.4,876.9197494513255
20.6,876.978839808439
20.8,877.03479539269
21.0,877.087687875641
21.2,877.1375847630076
21.4,877.1845495130747
21.6,877.2286416490834
21.8,877.2699168655732
22.0,877.3084271286779
22.2,877.3442207703891
22.4,877.3773425768077
22.6,877.4078338704134
22.8,877.4357325863884
23.0,877.461073343038
23.2,877.4838875063506
23.4,877.5042032487462
23.6,877.5220456020595
23.8,877.5374365048038
24.0,877.5503948437631
24.2,877.5609364899512
24.4,877.569074328981
24.6,877.5748182858731
24.8,877.5781753443388
25.0,877.5791495605553
25.2,877.5777420714561
25.4,877.573951097544
25.6,877.5677719402328
25.8,877.559196973718
26.0,877.5482156313649
26.2,877.534814386601
26.4,877.5189767282927
26.6,877.5006831305798
26.8,877.4799110171344
27.0,877.4566347198127
27.2,877.4308254316547
27.4,877.4024511541959
27.6,877.3714766390407
27.8,877.337863323658
28.0,877.3015692613525
28.2,877.2625490453697
28.4,877.2207537270964
28.6,877.1761307283225
28.8,877.1286237475357
29.0,877.0781726602321
29.2,877.0247134132295
29.4,876.9681779129893
29.6,876.9084939079609
29.8,876.8455848649791
30.0,876.7793698397676
30.2,876.7097633416122
30.4,876.6366751922975
30.6,876.5600103794211
30.8,876.4796689042223
31.0,876.3955456240966
31.2,876.3075300899923
31.4,876.215506378915
31.6,876.119352921809
31.8,876.0189423271064
32.0,875.9141412002847
32.2,875.8048099598013
32.4,875.6908026498218
32.6,875.5719667501919
32.8,875.4481429841524
33.0,875.3191651243324
33.2,875.1848597976043
33.4,875.0450462894237
33.6,874.899536348324
33.8,874.7481339912754
34.0,874.5906353106633
34.2,874.426828283679
34.4,874.2564925849606
34.6,874.0793994033535
34.8,873.8953112637045
35.0,873.7039818546293
35.2,873.5051558632299
35.4,873.2985688177616
35.6,873.0839469392788
35.8,872.8610070033014
36.0,872.6294562125664
36.2,872.3889920819332
36.4,872.1393023365231
36.6,871.8800648241653
36.8,871.610947443224
37.0,871.3316080868605
37.2,871.0416946047716
37.4,870.7408447834149
37.6,870.4286863457013
37.8,870.1048369710937
38.0,869.7689043370032
38.2,869.4204861823179
38.4,869.0591703938394
38.6,868.6845351163288
38.8,868.2961488867868
39.0,867.8935707935091
39.2,867.4763506603634
39.4,867.0440292566379
39.6,866.5961385327012
39.8,866.1322018816045
40.0,865.6517344266401
40.2,865.1542433347407
40.4,864.6392281554819
40.6,864.1061811853164
40.8,863.5545878565301
41.0,862.9839271502744
41.2,862.393672032886
41.4,861.7832899145678
41.6,861.1522431293573
41.8,860.4999894351704
42.0,859.825982532571
42.2,859.129672600774
42.4,858.4105068492626
42.6,857.6679300832635
42.8,856.9013852812126
43.0,856.1103141822118
43.2,855.2941578813824
43.4,854.4523574309115
43.6,853.5843544444992
43.8,852.6895917028362
44.0,851.7675137576674
44.2,850.8175675319451
44.4,849.8392029135259
44.6,848.831873339839
44.8,847.795036370934
45.0,846.7281542483138
45.2,845.6306944369726
45.4,844.5021301480857
45.6,843.3419408398407
45.8,842.1496126939594
46.0,840.9246390655337
46.2,839.6665209038881
46.4,838.3747671422873
46.6,837.0488950544253
46.8,835.6884305757687
47.0,834.2929085879716
47.2,832.8618731647423
47.4,831.3948777777143
47.6,829.8914854610567
47.8,828.3512689337539
48.0,826.7738106786899
48.2,825.1587029778785
48.4,823.5055479034047
48.6,821.8139572638595
48.8,820.0835525062831
49.0,818.313964573856
49.2,816.5048337198087
49.4,814.6558092782558
49.6,812.7665493928787
49.8,810.8367207046148
50.0,808.8659979997224
