0.0,726.805143666718
0.2,729.8290812739967
0.4,732.7948951849389
0.6,735.703724670292
0.8,738.5566926529364
1.0,741.3549051542782
1.2,744.0994507835459
1.4,746.7914002708162
1.6,749.4318060443919
1.8,752.0217018529527
2.0,754.5621024326963
2.2,757.0540032194923
2.4,759.4983801058703
2.6,761.896189242477
2.8,764.2483668834521
3.0,766.5558292749914
3.2,768.8194725861989
3.4,771.0401728811694
3.6,773.2187861310863
3.8,775.3561482649854
4.0,777.4530752577002
4.2,779.5103632533884
4.4,781.5287887229329
4.6,783.5091086534179
4.8,785.4520607677957
5.0,787.3583637727985
5.2,789.2287176330881
5.4,791.0638038695972
5.6,792.8642858799865
5.8,794.6308092791231
6.0,796.3640022574841
6.2,798.06447595539
6.4,799.7328248510001
6.6,801.3696271600212
6.8,802.9754452451267
7.0,804.5508260331311
7.2,806.0963014380172
7.4,807.6123887879883
7.6,809.099591254779
7.8,810.5583982835494
8.0,811.989286021761
8.2,813.3927177455322
8.4,814.7691442820585
8.6,816.1190044267827
8.8,817.4427253540989
9.0,818.7407230204751
9.2,820.0134025589804
9.4,821.2611586643075
9.6,822.4843759674786
9.8,823.6834293995262
10.0,824.858684543536
10.2,826.0104979745404
10.4,827.1392175868343
10.6,828.2451829083867
10.8,829.3287254020968
11.0,830.3901687537325
11.2,831.4298291464617
11.4,832.4480155219624
11.6,833.4450298281647
11.8,834.4211672537382
12.0,835.376716449499
12.2,836.3119597369616
12.4,837.2271733043063
12.6,838.1226273900787
12.8,838.9985864549692
13.0,839.855309342059
13.2,840.6930494259389
13.4,841.5120547511349
13.6,842.3125681602911
13.8,843.0948274125717
14.0,843.8590652927555
14.2,844.605509711504
14.4,845.3343837972798
14.6,846.045905980399
14.8,846.7402900696927
15.0,847.4177453222447
15.2,848.0784765066682
15.4,848.7226839603682
15.6,849.3505636412277
15.8,849.9623071741369
16.0,850.5581018927686
16.2,851.1381308769937
16.4,851.7025729862984
16.6,852.2516028895602
16.8,852.785391091512
17.0,853.304103956206
17.2,853.8079037277722
17.4,854.2969485487439
17.6,854.771392476203
17.8,855.2313854959835
18.0,855.6770735351475
18.2,856.1085984729336
18.4,856.5260981503601
18.6,856.9297063786482
18.8,857.3195529466133
19.0,857.6957636271616
19.2,858.0584601830112
19.4,858.4077603717443
19.6,858.7437779502872
19.8,859.0666226789004
20.0,859.376400324752
20.2,859.6732126651369
20.4,859.9571574903973
20.6,860.228328606588
20.8,860.4868158379267
21.0,860.7327050290609
21.2,860.9660780471763
21.4,861.1870127839675
21.6,861.3955831574866
21.8,861.5918591138817
22.0,861.775906629032
22.2,861.9477877100857
22.4,862.1075603969014
22.6,862.2552787633937
22.8,862.39099291878
23.0,862.5147490087259
23.2,862.6265892163822
23.4,862.72655176331
23.6,862.8146709102843
23.8,862.8909769579705
24.0,862.9554962474642
24.2,863.0082511606885
24.4,863.0492601206371
24.6,863.0785375914575
24.8,863.0960940783636
25.0,863.1019361273721
25.2,863.0960663248504
25.4,863.0784832968722
25.6,863.0491817083692
25.8,863.0081522620745
26.0,862.9553816972466
26.2,862.8908527881697
26.4,862.8145443424208
26.6,862.7264311988976
26.8,862.6264842255995
27.0,862.5146703171538
27.2,862.3909523920798
27.4,862.2552893897839
27.6,862.1076362672748
27.8,861.9479439955918
28.0,861.7761595559351
28.2,861.5922259354884
28.4,861.3960821229183
28.6,861.1876631035398
28.8,860.9668998541305
29.0,860.7337193373743
29.2,860.488044495916
29.4,860.229794245999
29.6,859.9588834706635
29.8,859.6752230124691
30.0,859.3787196657078
30.2,859.0692761680655
30.4,858.7467911916854
30.6,858.4111593335781
30.8,858.0622711053204
31.0,857.7000129219717
31.2,857.3242670901328
31.4,856.9349117950602
31.6,856.5318210867392
31.8,856.1148648648102
32.0,855.6839088622269
32.2,855.2388146275179
32.4,854.7794395055051
32.6,854.3056366163221
32.8,853.817254832559
33.0,853.3141387543457
33.2,852.7961286821686
33.4,852.2630605872021
33.6,851.714766078915
33.8,851.1510723696995
34.0,850.5718022362495
34.2,849.9767739773972
34.4,849.3658013681038
34.6,848.7386936092782
34.8,848.09525527308
35.0,847.4352862433536
35.2,846.7585816508154
35.4,846.064931802609
35.6,845.3541221058255
35.8,844.6259329845757
36.0,843.8801397901902
36.2,843.1165127041164
36.4,842.3348166330721
36.6,841.534811096018
36.8,840.7162501025022
37.0,839.8788820219409
37.2,839.0224494433972
37.4,838.1466890254364
37.6,837.2513313356416
37.8,836.3361006793991
38.0,835.4007149175757
38.2,834.4448852727429
38.4,833.4683161236292
38.6,832.4707047875195
38.8,831.4517412903607
39.0,830.411108124375
39.2,829.348479993039
39.4,828.2635235433359
39.6,827.1558970852533
39.8,826.0252502985624
40.0,824.8712239269873
40.2,823.6934494599468
40.4,822.4915488021308
40.6,821.2651339312597
40.8,820.0138065444627
41.0,818.7371576938002
41.2,817.4347674115551
41.4,816.1062043260089
41.6,814.7510252685262
41.8,813.3687748728654
42.0,811.9589851677376
42.2,810.5211751637415
42.4,809.0548504358969
42.6,807.5595027031088
42.8,806.0346094059839
43.0,804.479633284524
43.2,802.8940219573086
43.4,801.2772075038718
43.6,799.6286060520519
43.8,797.9476173721819
44.0,796.2336244800454
44.2,794.4859932505931
44.4,792.7040720444647
44.6,790.8871913494053
44.8,789.0346634386996
45.0,787.1457820487723
45.2,785.2198220781132
45.4,783.2560393096859
45.6,781.2536701589694
45.8,779.2119314497564
46.0,777.1300202197945
46.2,775.0071135583063
46.4,772.8423684773625
46.6,770.6349218190018
46.8,768.3838901999068
47.0,766.0883699953355
47.2,763.7474373638977
47.4,761.3601483146351
47.6,758.9255388177245
47.8,756.4426249599709
48.0,753.9104031460986
48.2,751.3278503466739
48.4,748.6939243933122
48.6,746.0075643216384
48.8,743.2676907622663
49.0,740.4732063798697
49.2,737.6229963602046
49.4,734.7159289447374
49.6,731.75085601232
49.8,728.726613707141
50.0,725.6420231119681
