0.0,566.9061852308099
0.2,573.5697580439703
0.4,580.0879175692024
0.6,586.4634216586148
0.8,592.699005711109
1.0,598.7973811797348
1.2,604.7612341461049
1.4,610.593223963046
1.6,616.2959819664513
1.8,621.8721102570901
2.0,627.3241805529175
2.2,632.6547331122326
2.4,637.8662757278287
2.6,642.9612827920907
2.8,647.9421944328066
3.0,652.811415719279
3.2,657.5713159381495
3.4,662.2242279381793
3.6,666.7724475430706
3.8,671.2182330312611
4.0,675.5638046814762
4.2,679.8113443826915
4.4,683.962995307026
4.6,688.0208616439681
4.8,691.9870083942292
5.0,695.8634612214119
5.2,699.6522063595959
5.4,703.3551905748539
5.6,706.9743211786431
5.8,710.5114660909495
6.0,713.9684539510105
6.2,717.347074273394
6.4,720.6490776471788
6.6,723.8761759759514
6.8,727.0300427563176
7.0,730.1123133926197
7.2,733.1245855455455
7.4,736.0684195123264
7.6,738.9453386362337
7.8,741.7568297431078
8.0,744.5043436026805
8.2,747.1892954124935
8.4,749.8130653022496
8.6,752.3769988564912
8.8,754.8824076535468
9.0,757.3305698187498
9.2,759.7227305899943
9.4,762.0601028937614
9.6,764.3438679298193
9.8,766.5751757628751
10.0,768.7551459195298
10.2,770.8848679889718
10.4,772.9654022259176
10.6,774.9977801543941
10.8,776.9830051710376
11.0,778.9220531466655
11.2,780.8158730249614
11.4,782.665387417193
11.6,784.4714931919651
11.8,786.2350620590895
12.0,787.9569411467303
12.2,789.6379535710619
12.4,791.2788989977485
12.6,792.8805541946283
12.8,794.443673575054
13.0,795.9689897314088
13.2,797.4572139583798
13.4,798.9090367656331
13.6,800.3251283795925
13.8,801.7061392340761
14.0,803.0527004496024
14.2,804.3654243012162
14.4,805.6449046747392
14.6,806.8917175113846
14.8,808.1064212407172
15.0,809.2895572019708
15.2,810.4416500537719
15.4,811.5632081723435
15.6,812.6547240382857
15.8,813.7166746120606
16.0,814.749521698317
16.2,815.7537122992181
16.4,816.7296789569409
16.6,817.6778400855321
16.8,818.5986002923152
17.0,819.492350689045
17.2,820.3594691930191
17.4,821.2003208183497
17.6,822.0152579576092
17.8,822.8046206540552
18.0,823.5687368646453
18.2,824.3079227140429
18.4,825.0224827398166
18.6,825.7127101290271
18.8,826.3788869463892
19.0,827.0212843541937
19.2,827.6401628241601
19.4,828.2357723413903
19.6,828.8083526005781
19.8,829.3581331946267
20.0,829.8853337958134
20.2,830.3901643296339
20.4,830.8728251414485
20.6,831.3335071560457
20.8,831.7723920302261
21.0,832.1896522985057
21.2,832.585451512026
21.4,832.9599443707507
21.6,833.3132768490234
21.8,833.6455863145502
22.0,833.9570016408667
22.2,834.2476433133415
22.4,834.5176235287611
22.6,834.7670462885376
22.8,834.996007485574
23.0,835.204594984817
23.2,835.3928886975231
23.4,835.5609606492599
23.6,835.7088750416615
23.8,835.8366883079514
24.0,835.9444491622459
24.2,836.0321986426488
24.4,836.0999701481403
24.6,836.14778946927
24.8,836.1756748126539
25.0,836.1836368192777
25.2,836.1716785766068
25.4,836.1397956245004
25.6,836.0879759549273
25.8,836.0162000054795
26.0,835.9244406466759
26.2,835.8126631630508
26.4,835.6808252280186
26.6,835.5288768725003
26.8,835.3567604473044
27.0,835.1644105792443
27.2,834.9517541209754
27.4,834.7187100945331
27.6,834.4651896285496
27.8,834.1910958891206
28.0,833.8963240042958
28.2,833.5807609821568
28.4,833.244285622446
28.6,832.886768421702
28.8,832.5080714718537
29.0,832.1080483522186
29.2,831.6865440148465
29.4,831.2433946631394
29.6,830.7784276236761
29.8,830.2914612111585
30.0,829.7823045863931
30.2,829.2507576072078
30.4,828.6966106722027
30.6,828.1196445572191
30.8,827.5196302444041
31.0,826.8963287437417
31.2,826.2494909069101
31.4,825.5788572333153
31.6,824.8841576681455
31.8,824.1651113922807
32.0,823.4214266038819
32.2,822.6528002914803
32.4,821.8589179983771
32.6,821.0394535781595
32.8,820.1940689411297
33.0,819.3224137914435
33.2,818.4241253547491
33.4,817.4988280961107
33.6,816.5461334280072
33.8,815.5656394081902
34.0,814.5569304271909
34.2,813.5195768852675
34.4,812.4531348585913
34.6,811.3571457544762
34.8,810.2311359554666
35.0,809.0746164521121
35.2,807.8870824642693
35.4,806.6680130507914
35.6,805.4168707074848
35.8,804.1331009532349
36.0,802.8161319042305
36.2,801.4653738362429
36.4,800.0802187349515
36.6,798.6600398343403
36.8,797.2041911432295
37.0,795.7120069600496
37.2,794.1828013760088
37.4,792.6158677668553
37.6,791.0104782734866
37.8,789.3658832717153
38.0,787.6813108315571
38.2,785.9559661664697
38.4,784.1890310730377
38.6,782.3796633616615
38.8,780.5269962788839
39.0,778.6301379220564
39.2,776.6881706471252
39.4,774.7001504703911
39.6,772.6651064651804
39.8,770.5820401544375
40.0,768.4499249003392
40.2,766.2677052921056
40.4,764.0342965332693
40.6,761.7485838297471
40.8,759.409421780136
41.0,757.0156337697434
41.2,754.5660113699378
41.4,752.059313744482
41.6,749.494267064595
41.8,746.8695639345532
42.0,744.1838628297213
42.2,741.4357875489621
42.4,738.6239266834425
42.6,735.7468331039114
42.8,732.8030234685758
43.0,729.7909777537521
43.2,726.7091388095114
43.4,723.5559119425724
43.6,720.3296645287245
43.8,717.0287256570896
44.0,713.6513858085384
44.2,710.1958965705909
44.4,706.6604703911249
44.6,703.0432803732067
44.8,699.3424601133418
45.0,695.556103585413
45.2,691.6822650725387
45.4,687.7189591490361
45.6,683.6641607146204
45.8,679.5158050829053
46.0,675.2717881261962
46.2,670.9299664784837
46.4,666.4881577984529
46.6,661.9441410942184
46.8,657.2956571113884
47.0,652.5404087859372
47.2,647.6760617632368
47.4,642.7002449844629
47.6,637.6105513414411
47.8,632.4045384008488
48.0,627.0797291985251
48.2,621.633613104473
48.4,616.0636467589626
48.6,610.3672550799613
48.8,604.5418323419336
49.0,598.5847433258512
49.2,592.4933245400641
49.4,586.2648855114766
49.6,579.8967101462596
49.8,573.3860581591284
50.0,566.7301665699905
