0.0,527.0007083209268
0.2,532.9242170928836
0.4,538.766445955107
0.6,544.5270966794681
0.8,550.2059421700526
1.0,555.8028275203449
1.2,561.3176706861371
1.4,566.7504627737501
1.6,572.1012679460832
1.8,577.3702229518902
2.0,582.5575362864829
2.2,587.6634869947687
2.4,592.6884231300987
2.6,597.6327598848227
2.8,602.4969774106961
3.0,607.2816183493297
3.2,611.9872850947148
3.4,616.6146368114665
3.6,621.1643862337999
3.8,625.6372962713776
4.0,630.0341764490419
4.2,634.3558792080495
4.4,638.6032960967881
4.6,642.7773538790506
4.8,646.8790105877925
5.0,650.9092515519013
5.2,654.8690854228856
5.4,658.7595402275442
5.6,662.581659471623
5.8,666.3364983182345
6.0,670.0251198634008
6.2,673.6485915295244
6.4,677.2079815959006
6.6,680.7043558835846
6.8,684.1387746100432
7.0,687.5122894270636
7.2,690.8259406534012
7.4,694.0807547116244
7.6,697.2777417765978
7.8,700.4178936410426
8.0,703.5021818016484
8.2,706.5315557673041
8.4,709.5069415891776
8.6,712.4292406106259
8.8,715.2993284332682
9.0,718.1180540940194
9.2,720.8862394464635
9.4,723.6046787386663
9.6,726.2741383783771
9.8,728.8953568755591
10.0,731.4690449513299
10.2,733.9958858016723
10.4,736.4765355036975
10.6,738.9116235518155
10.8,741.3017535108685
11.0,743.6475037731208
11.2,745.9494284059687
11.4,748.2080580773132
11.6,750.4239010457426
11.8,752.5974442029661
12.0,754.7291541563405
12.2,756.8194783398093
12.4,758.8688461421228
12.6,760.8776700418333
12.8,762.846346739221
13.0,764.7752582760269
13.2,766.6647731346152
13.4,768.515247308955
13.6,770.327025340603
13.8,772.1004413136541
14.0,773.8358198034225
14.2,775.5334767743867
14.4,777.1937204236993
14.6,778.8168519673
14.8,780.403166366375
15.0,781.9529529925894
15.2,783.4664962311475
15.4,784.9440760213421
15.6,786.385968334799
15.8,787.7924455921358
16.0,789.1637770192087
16.2,790.50022894454
16.4,791.8020650398748
16.6,793.069546506141
16.8,794.3029322073502
17.0,795.5024787552052
17.2,796.6684405473605
17.4,797.8010697624219
17.6,798.9006163148694
17.8,799.9673277731556
18.0,801.0014492442574
18.2,802.0032232279567
18.4,802.9728894440993
18.6,803.9106846360214
18.8,804.8168423532569
19.0,805.691592716541
19.2,806.5351621680102
19.4,807.3477732093728
19.6,808.129644130682
19.8,808.880988732197
20.0,809.6020160416647
20.2,810.2929300291925
20.4,810.9539293217277
20.6,811.5852069189954
20.8,812.1869499125872
21.0,812.759339209745
21.2,813.302549263222
21.4,813.8167478084706
21.6,814.3020956092588
21.8,814.7587462126911
22.0,815.1868457144872
22.2,815.5865325352543
22.4,815.9579372083886
22.6,816.3011821801423
22.8,816.6163816223063
23.0,816.9036412578827
23.2,817.1630582000502
23.4,817.3947208046682
23.6,817.5987085365122
23.8,817.7750918493867
24.0,817.9239320802326
24.2,818.0452813573065
24.4,818.1391825224945
24.6,818.2056690677967
24.8,818.2447650860116
25.0,818.2564852356336
25.2,818.2408347199739
25.4,818.1978092805074
25.6,818.1273952044448
25.8,818.0295693465285
26.0,817.9042991650412
26.2,817.7515427720185
26.4,817.5712489976447
26.6,817.3633574687993
26.8,817.1277987017163
27.0,816.8644942086877
27.2,816.5733566187315
27.4,816.2542898121028
27.6,815.9071890685008
27.8,815.5319412287723
28.0,815.1284248698657
28.2,814.6965104927283
28.4,814.236060722771
28.6,813.7469305224466
28.8,813.2289674154034
29.0,812.6820117215767
29.2,812.1058968024807
29.4,811.500449315845
29.6,810.8654894786198
29.8,810.200831337244
30.0,809.5062830439314
30.2,808.7816471375851
30.4,808.026720827801
30.6,807.2412962802672
30.8,806.4251609017043
31.0,805.5780976223364
31.2,804.6998851737202
31.4,803.7902983596019
31.6,802.8491083173187
31.8,801.8760827671126
32.0,800.870986246587
32.2,799.833580327407
32.4,798.7636238112307
32.6,797.6608729017627
32.8,796.525081349741
33.0,795.3560005676151
33.2,794.1533797106401
33.4,792.9169657211144
33.6,791.6465033325128
33.8,790.341735030336
34.0,789.0024009665914
34.2,787.6282388249657
34.4,786.2189836339303
34.6,784.7743675252389
34.8,783.2941194355558
35.0,781.7779647492639
35.2,780.225624880869
35.4,778.6368167958251
35.6,777.0112524690713
35.8,775.3486382810701
36.0,773.6486743516969
36.2,771.9110538129212
36.4,770.1354620218588
36.6,768.3215757164531
36.8,766.4690621167462
37.0,764.5775779754426
37.2,762.6467685822286
37.4,760.6762667270863
37.6,758.665691628633
37.8,756.6146478343034
38.0,754.5227240999811
38.2,752.3894922574533
38.4,750.2145060788104
38.6,747.9973001476271
38.8,745.7373887474299
39.0,743.4342647785727
39.2,741.0873987151962
39.4,738.6962376144238
39.6,736.2602041903431
39.8,733.77869596562
40.0,731.251084513793
40.2,728.6767148053773
40.4,726.0549046708782
40.6,723.3849443936439
40.8,720.6660964452033
41.0,717.8975953752907
41.2,715.0786478681929
41.4,712.2084329763301
41.6,709.2861025411236
41.8,706.3107818101922
42.0,703.2815702587762
42.2,700.1975426220004
42.4,697.0577501431785
42.6,693.8612220418219
42.8,690.60696720337
43.0,687.2939760909126
43.2,683.9212228773357
43.4,680.4876677944228
43.6,676.9922596934728
43.8,673.4339388100021
44.0,669.8116397230763
44.2,666.1242944978013
44.4,662.3708359975105
44.6,658.5502013502282
44.8,654.661335552111
45.0,650.7031951887683
45.2,646.6747522536718
45.4,642.5749980413112
45.6,638.4029470913403
45.8,634.1576411587232
46.0,629.8381531838436
46.2,625.4435912356868
46.4,620.9731024005915
46.6,616.4258765886636
46.8,611.8011502298004
47.0,607.0982098313713
47.2,602.3163953699518
47.4,597.4551034901273
47.6,592.5137904842436
47.8,587.4919750281125
48.0,582.3892406490478
48.2,577.2052379042193
48.4,571.9396862491473
48.6,566.5923755782114
48.8,561.1631674212889
49.0,555.6519957830565
49.2,550.0588676140619
49.4,544.3838629053691
49.6,538.6271344013854
49.8,532.7889069283569
50.0,526.8694763389454
