0.0,786.4926259131452
0.2,788.6842919726164
0.4,790.8338260510101
0.6,792.9424807803363
0.8,795.0112977888955
1.0,797.0411358693443
1.2,799.0327067870109
1.4,800.9866123703373
1.6,802.9033779214155
1.8,804.7834791287344
2.0,806.6273617400403
2.2,808.4354547273997
2.4,810.2081783979291
2.6,811.9459490100678
2.8,813.6491812040298
3.0,815.318289182501
3.2,816.9536872331769
3.4,818.5557899297129
3.6,820.1250121854184
3.8,821.6617692425272
4.0,823.1664766333585
4.2,824.639550128134
4.4,826.0814056750593
4.6,827.4924593346994
4.8,828.8731272093848
5.0,830.223825367954
5.2,831.5449697660204
5.4,832.8369761619196
5.6,834.1002600284928
5.8,835.3352364608761
6.0,836.5423200804701
6.2,837.7219249352801
6.4,838.8744643968221
6.6,840.000351053801
6.8,841.0999966027766
7.0,842.1738117360363
7.2,843.2222060269061
7.4,844.2455878127306
7.6,845.2443640757634
7.8,846.2189403222094
8.0,847.1697204596665
8.2,848.0971066732126
8.4,849.0014993003929
8.6,849.8832967053527
8.8,850.7428951523707
9.0,851.5806886790411
9.2,852.3970689693524
9.4,853.1924252269093
9.6,853.9671440485386
9.8,854.7216092985198
10.0,855.4562019836716
10.2,856.1713001295242
10.4,856.8672786577979
10.6,857.5445092654052
10.8,858.2033603051833
11.0,858.844196668558
11.2,859.4673796703299
11.4,860.0732669357681
11.6,860.6622122901811
11.8,861.2345656511353
12.0,861.790672923469
12.2,862.3308758972483
12.4,862.8555121488004
12.6,863.3649149449398
12.8,863.859413150507
13.0,864.3393311393116
13.2,864.8049887085749
13.4,865.2567009969436
13.6,865.6947784061449
13.8,866.1195265263337
14.0,866.5312460651776
14.2,866.9302327807078
14.4,867.3167774179608
14.6,867.6911656494156
14.8,868.0536780192277
15.0,868.4045898912472
15.2,868.7441714007973
15.4,869.0726874101821
15.6,869.3903974678803
15.8,869.6975557713731
16.0,869.9944111335448
16.2,870.2812069525876
16.4,870.5581811853311
16.6,870.8255663239113
16.8,871.0835893756848
17.0,871.3324718462889
17.2,871.5724297257399
17.4,871.8036734774554
17.6,872.0264080300831
17.8,872.2408327720115
18.0,872.4471415484347
18.2,872.6455226608368
18.4,872.8361588687602
18.6,873.01922739372
18.8,873.1948999251194
19.0,873.3633426280237
19.2,873.524716152646
19.4,873.679175645398
19.6,873.8268707613581
19.8,873.9679456780076
20.0,874.102539110089
20.2,874.2307843254381
20.4,874.3528091616453
20.6,874.4687360433998
20.8,874.5786820003773
21.0,874.6827586855301
21.2,874.7810723936424
21.4,874.8737240800187
21.6,874.9608093791738
21.8,875.0424186234012
22.0,875.1186368610951
22.2,875.1895438747111
22.4,875.2552141982557
22.6,875.3157171341923
22.8,875.3711167696699
23.0,875.4214719919739
23.2,875.4668365031126
23.4,875.5072588334554
23.6,875.5427823543479
23.8,875.573445289632
24.0,875.5992807260113
24.2,875.620316622203
24.4,875.6365758168289
24.6,875.6480760350069
24.8,875.6548298936027
25.0,875.6568449051223
25.2,875.6541234802222
25.4,875.646662928826
25.6,875.6344554598448
25.8,875.6174881795049
26.0,875.5957430882937
26.2,875.5691970765434
26.4,875.5378219186773
26.6,875.5015842661544
26.8,875.4604456391521
27.0,875.414362417037
27.2,875.363285827677
27.4,875.3071619356596
27.6,875.2459316294842
27.8,875.1795306078056
28.0,875.1078893648105
28.2,875.0309331748153
28.4,874.9485820761827
28.6,874.8607508546531
28.8,874.7673490262024
29.0,874.6682808195333
29.2,874.5634451583182
29.4,874.452735643316
29.6,874.3360405344846
29.8,874.2132427332225
30.0,874.08421976487
30.2,873.9488437616066
30.4,873.8069814458839
30.6,873.6584941145352
30.8,873.5032376237059
31.0,873.3410623747493
31.2,873.1718133012337
31.4,872.9953298572087
31.6,872.8114460068776
31.8,872.6199902158227
32.0,872.4207854439296
32.2,872.2136491401568
32.4,871.9983932392929
32.6,871.7748241608429
32.8,871.5427428101825
33.0,871.3019445821174
33.2,871.0522193669744
33.4,870.7933515593601
33.6,870.5251200697014
33.8,870.2472983386929
34.0,869.9596543547584
34.2,869.6619506746364
34.4,869.3539444471859
34.6,869.035387440507
34.8,868.7060260724618
35.0,868.3656014446702
35.2,868.0138493800528
35.4,867.6505004639766
35.6,867.2752800890607
35.8,866.8879085036765
36.0,866.4881008641796
36.2,866.0755672908928
36.4,865.6500129278514
36.6,865.2111380063128
36.8,864.7586379120183
37.0,864.2922032561895
37.2,863.8115199502221
37.4,863.3162692840393
37.6,862.8061280080453
37.8,862.2807684186145
38.0,861.7398584470396
38.2,861.183061751849
38.4,860.6100378143914
38.6,860.0204420375796
38.8,859.4139258476682
39.0,858.7901367989332
39.2,858.1487186811092
39.4,857.4893116294301
39.6,856.8115522371094
39.8,856.115073670086
40.0,855.3995057838521
40.2,854.6644752421726
40.4,853.9096056374942
40.6,853.1345176128385
40.8,852.338828984961
41.0,851.522154868557
41.2,850.6841078012865
41.4,849.8242978693817
41.6,848.9423328336042
41.8,848.0378182553054
42.0,847.1103576223499
42.2,846.1595524746488
42.4,845.1850025290598
42.6,844.1863058034
42.8,843.1630587393219
43.0,842.1148563238052
43.2,841.0412922090145
43.4,839.9419588302802
43.6,838.8164475219567
43.8,837.6643486309239
44.0,836.4852516274975
44.2,835.2787452135204
44.4,834.0444174274154
44.6,832.7818557459858
44.8,831.4906471827593
45.0,830.1703783826789
45.2,828.8206357129545
45.4,827.4410053498988
45.6,826.0310733615818
45.8,824.5904257861488
46.0,823.1186487056448
46.2,821.615328315165
46.4,820.080050987032
46.6,818.5124033292876
46.8,816.9119722365501
47.0,815.278344927844
47.2,813.6111089572111
47.4,811.9098521622112
47.6,810.1741624707125
47.8,808.4036273984536
48.0,806.5978329139531
48.2,804.7563611022758
48.4,802.8787857281391
48.6,800.9646644407894
48.8,799.013526121596
49.0,797.0248519774499
49.2,794.9980496761032
49.4,792.9324212359863
49.6,790.8271273775467
49.8,788.6811531034056
50.0,786.4932806161742
