0.0,760.3369519835763
0.2,762.7914413099514
0.4,765.1925414807473
0.6,767.5422245935806
0.8,769.8423668797955
1.0,772.0947475711764
1.2,774.3010487941687
1.4,776.4628564388984
1.6,778.5816619285107
1.8,780.658864796099
2.0,782.6957759623772
2.2,784.693621597584
2.4,786.6535474460076
2.6,788.5766234908567
2.8,790.4638488406364
3.0,792.3161567252137
3.2,794.1344194997458
3.4,795.9194535668582
3.6,797.6720241411849
3.8,799.3928497948461
4.0,801.0826067369901
4.2,802.7419327945389
4.4,804.3714310742944
4.6,805.971673298162
4.8,807.543202813242
5.0,809.0865372867256
5.2,810.6021711019507
5.4,812.0905774766211
5.6,813.5522103272621
5.8,814.9875059056128
6.0,816.3968842330893
6.2,817.7807503588966
6.4,819.1394954660722
6.6,820.4734978479028
6.8,821.7831237749772
7.0,823.068728270776
7.2,824.3306558113037
7.4,825.569240961921
7.6,826.7848089623457
7.8,827.9776762687796
8.0,829.1481510603392
8.2,830.2965337154124
8.4,831.4231172622597
8.6,832.5281878070721
8.8,833.6120249418165
9.0,834.6749021334894
9.2,835.7170870958489
9.4,836.7388421442831
9.6,837.7404245341669
9.8,838.7220867828528
10.0,839.6840769753004
10.2,840.6266390532704
10.4,841.5500130879756
10.6,842.4544355360758
10.8,843.3401394789296
11.0,844.2073548450502
11.2,845.056308615771
11.4,845.8872250141743
11.6,846.7003256774087
11.8,847.4958298125725
12.0,848.2739543364125
12.2,849.0349139991389
12.4,849.7789214927182
12.6,850.5061875440553
12.8,851.2169209935267
13.0,851.9113288593674
13.2,852.5896163884526
13.4,853.2519870940515
13.6,853.8986427811536
13.8,854.529783559996
14.0,855.1456078484355
14.2,855.7463123638246
14.4,856.3320921050605
14.6,856.9031403254775
14.8,857.459648497261
15.0,858.0018062680513
15.2,858.5298014104035
15.4,859.0438197647612
15.6,859.5440451765844
15.8,860.0306594282627
16.0,860.5038421664228
16.2,860.9637708252226
16.4,861.4106205462016
16.6,861.8445640952336
16.8,862.2657717771054
17.0,862.6744113482171
17.2,863.0706479278754
17.4,863.4546439086248
17.6,863.8265588660313
17.8,864.1865494683097
18.0,864.5347693861571
18.2,864.8713692031249
18.4,865.1964963268413
18.6,865.5102949013636
18.8,865.8129057209189
19.0,866.1044661452628
19.2,866.3851100168663
19.4,866.6549675801157
19.6,866.9141654026874
19.8,867.1628262992416
20.0,867.4010692575563
20.2,867.6290093672093
20.4,867.8467577508923
20.6,868.0544214984305
20.8,868.2521036035654
21.0,868.4399029035422
21.2,868.6179140215369
21.4,868.7862273119408
21.6,868.9449288085161
21.8,869.0941001754229
22.0,869.233818661114
22.2,869.3641570550893
22.4,869.4851836474888
22.6,869.5969621915083
22.8,869.699551868612
23.0,869.7930072565192
23.2,869.8773782999331
23.4,869.9527102839905
23.6,870.0190438103991
23.8,870.0764147762391
24.0,870.1248543554004
24.2,870.1643889826371
24.4,870.1950403402103
24.6,870.2168253471079
24.8,870.2297561508215
25.0,870.2338401216705
25.2,870.2290798496639
25.4,870.2154731438965
25.6,870.1930130344776
25.8,870.1616877769964
26.0,870.1214808595307
26.2,870.0723710122099
26.4,870.0143322193484
26.6,869.9473337341642
26.8,869.8713400961082
27.0,869.7863111508234
27.2,869.6922020727656
27.4,869.588963390508
27.6,869.4765410147648
27.8,869.35487626916
28.0,869.2239059237734
28.2,869.0835622314937
28.4,868.9337729672066
28.6,868.7744614698423
28.8,868.6055466873094
29.0,868.4269432243273
29.2,868.2385613931765
29.4,868.0403072673699
29.6,867.8320827382468
29.8,867.6137855744794
30.0,867.3853094844754
30.2,867.1465441816442
30.4,866.8973754524878
30.6,866.6376852274601
30.8,866.3673516545248
31.0,866.0862491753268
31.2,865.7942486038738
31.4,865.4912172076071
31.6,865.1770187907192
31.8,864.8515137795582
32.0,864.514559309933
32.2,864.1660093161141
32.4,863.8057146212969
32.6,863.4335230292733
32.8,863.0492794170268
33.0,862.6528258279477
33.2,862.2440015653269
33.4,861.8226432857707
33.6,861.3885850921428
33.8,860.9416586256184
34.0,860.4816931564023
34.2,860.0085156726398
34.4,859.521950967021
34.6,859.0218217205529
34.8,858.5079485829506
35.0,857.9801502490716
35.2,857.4382435308024
35.4,856.8820434237773
35.6,856.3113631683008
35.8,855.7260143038206
36.0,855.1258067162927
36.2,854.5105486777657
36.4,853.8800468775062
36.6,853.2341064439836
36.8,852.572530957034
37.0,851.8951224495261
37.2,851.2016813978616
37.4,850.4920067006585
37.6,849.765895644976
37.8,849.0231438594725
38.0,848.2635452539091
38.2,847.4868919444439
38.4,846.6929741642051
38.6,845.8815801586669
38.8,845.0524960654047
39.0,844.2055057778524
39.2,843.3403907927466
39.4,842.4569300409929
39.6,841.5548997017556
39.8,840.634072999628
40.0,839.6942199847998
40.2,838.7351072961928
40.4,837.7564979075752
40.6,836.7581508566984
40.8,835.73982095751
41.0,834.7012584954699
41.2,833.6422089059467
41.4,832.56241243555
41.6,831.4616037860784
41.8,830.3395117404983
42.0,829.1958587699866
42.2,828.0303606205703
42.4,826.8427258772281
42.6,825.6326555024662
42.8,824.3998423453176
43.0,823.1439706154109
43.2,821.8647153151865
43.4,820.5617416215032
43.6,819.2347042057671
43.8,817.8832464793387
44.0,816.5069997483834
44.2,815.1055822595703
44.4,813.6785981151978
44.6,812.2256360335512
44.8,810.7462679277415
45.0,809.2400472741284
45.2,807.7065072399233
45.4,806.1451585389564
45.6,804.5554869851354
45.8,802.9369507151081
46.0,801.2889770552963
46.2,799.6109590140431
46.4,797.9022513872311
46.6,796.1621664754839
46.8,794.3899694229123
47.0,792.5848732011498
47.2,790.7460332778434
47.4,788.872542025386
47.6,786.9634229429079
47.8,785.0176247816813
48.0,783.0340156803237
48.2,781.0113774306441
48.4,778.9484000067794
48.6,776.8436764985564
48.8,774.6956985940542
49.0,772.5028527555115
49.2,770.263417226656
49.4,767.9755599980374
49.6,765.6373378401938
49.8,763.2466964928329
50.0,760.8014720723818
