0.0,794.5491690341115
0.2,796.6525620003833
0.4,798.7162999673874
0.6,800.7407800285357
0.8,802.7264009480967
1.0,804.6735632321439
1.2,806.5826691911919
1.4,808.454122994201
1.6,810.2883307136677
1.8,812.085700361546
2.0,813.8466419157825
2.2,815.5715673372817
2.4,817.26089057715
2.6,818.9150275741064
2.8,820.5343962419806
3.0,822.1194164472561
3.2,823.6705099766517
3.4,825.1881004947707
3.6,826.6726134918781
3.8,828.1244762219092
4.0,829.5441176308367
4.2,830.9319682755661
4.4,832.2884602335521
4.6,833.6140270033693
4.8,834.9091033964929
5.0,836.174125420578
5.2,837.4095301545507
5.4,838.6157556158535
5.6,839.7932406202069
5.8,840.9424246342769
6.0,842.0637476216533
6.2,843.1576498825683
6.4,844.2245718877964
6.6,845.264954107197
6.8,846.2792368333696
7.0,847.2678600009059
7.2,848.2312630017313
7.4,849.1698844970352
7.6,850.0841622262944
7.8,850.9745328138993
8.0,851.8414315738901
8.2,852.6852923133135
8.4,853.5065471347054
8.6,854.3056262382006
8.8,855.0829577237655
9.0,855.838967394042
9.2,856.5740785582789
9.4,857.2887118378186
9.6,857.9832849735923
9.8,858.6582126360635
10.0,859.3139062380449
10.2,859.9507737507936
10.4,860.5692195237768
10.6,861.1696441084773
10.8,861.7524440865878
11.0,862.3180119029269
11.2,862.8667357033808
11.4,863.3989991781613
11.6,863.915181410639
11.8,864.4156567319949
12.0,864.9007945819046
12.2,865.37095937545
12.4,865.8265103764261
12.6,866.2678015771882
12.8,866.6951815851622
13.0,867.1089935161145
13.2,867.5095748942541
13.4,867.897257559222
13.6,868.2723675799942
13.8,868.6352251757041
14.0,868.9861446433697
14.2,869.3254342924903
14.4,869.6533963864545
14.6,869.9703270906836
14.8,870.2765164274172
15.0,870.5722482370246
15.2,870.8578001457154
15.4,871.1334435395005
15.6,871.3994435442429
15.8,871.656059011623
16.0,871.9035425108277
16.2,872.1421403257632
16.4,872.3720924575775
16.6,872.5936326322707
16.8,872.8069883131589
17.0,873.0123807179526
17.2,873.2100248402011
17.4,873.4001294748465
17.6,873.582897247631
17.8,873.7585246480908
18.0,873.9272020658692
18.2,874.0891138300809
18.4,874.2444382514517
18.6,874.3933476669653
18.8,874.536008486742
19.0,874.6725812428786
19.2,874.8032206399774
19.4,874.9280756071006
19.6,875.0472893508793
19.8,875.1609994095223
20.0,875.2693377074625
20.2,875.3724306103915
20.4,875.4703989804361
20.6,875.5633582312345
20.8,875.6514183826777
21.0,875.7346841150923
21.2,875.8132548226391
21.4,875.8872246657209
21.6,875.9566826221887
21.8,876.0217125371587
22.0,876.0823931712431
22.2,876.1387982470251
22.4,876.1909964936019
22.6,876.2390516890415
22.8,876.2830227005982
23.0,876.3229635225496
23.2,876.3589233115232
23.4,876.3909464191918
23.6,876.4190724222274
23.8,876.4433361494152
24.0,876.463767705834
24.2,876.4803924940277
24.4,876.4932312320974
24.6,876.5022999686552
24.8,876.5076100945926
25.0,876.509168351627
25.2,876.5069768375992
25.4,876.5010330085058
25.6,876.4913296772628
25.8,876.4778550092051
26.0,876.4605925143373
26.2,876.4395210363659
26.4,876.4146147385461
26.6,876.3858430863963
26.8,876.3531708273345
27.0,876.3165579673091
27.2,876.2759597445034
27.4,876.2313266002025
27.6,876.1826041469247
27.8,876.1297331339279
28.0,876.0726494102103
28.2,876.0112838851392
28.4,875.9455624868456
28.6,875.8754061185373
28.8,875.8007306128886
29.0,875.7214466846774
29.2,875.6374598818463
29.4,875.5486705351768
29.6,875.4549737067716
29.8,875.3562591375468
30.0,875.2524111939506
30.2,875.1433088141242
30.4,875.0288254537325
30.6,874.9088290316994
30.8,874.7831818760869
31.0,874.6517406703634
31.2,874.514356400313
31.4,874.3708743018407
31.6,874.2211338099361
31.8,874.0649685090559
32.0,873.902206085195
32.2,873.7326682799124
32.4,873.556170846585
32.6,873.3725235091582
32.8,873.1815299236655
33.0,872.9829876427874
33.2,872.7766880837181
33.4,872.5624164996053
33.6,872.3399519548259
33.8,872.1090673043566
34.0,871.8695291774906
34.2,871.6210979661464
34.4,871.3635278180107
34.6,871.0965666347413
34.8,870.8199560754551
35.0,870.5334315657111
35.2,870.2367223121869
35.4,869.9295513232381
35.6,869.6116354355119
35.8,869.2826853467776
36.0,868.9424056551168
36.2,868.5904949046004
36.4,868.226645637568
36.6,867.8505444535967
36.8,867.4618720752402
37.0,867.0603034205891
37.2,866.6455076826879
37.4,866.2171484158243
37.6,865.7748836286809
37.8,865.3183658843207
38.0,864.8472424069537
38.2,864.3611551954094
38.4,863.8597411432164
38.6,863.3426321651658
38.8,862.8094553302157
39.0,862.2598330005625
39.2,861.69338297669
39.4,861.109718648177
39.6,860.5084491500228
39.8,859.8891795242283
40.0,859.2515108863474
40.2,858.5950405966984
40.4,857.9193624359076
40.6,857.2240667844358
40.8,856.5087408057143
41.0,855.7729686325073
41.2,855.016331556088
41.4,854.238408217809
41.6,853.4387748026287
41.8,852.6170052341371
42.0,851.7726713706203
42.2,850.9053432016844
42.4,850.0145890449536
42.6,849.0999757423481
42.8,848.1610688554433
43.0,847.1974328594042
43.2,846.2086313349887
43.4,845.1942271581131
43.6,844.1537826864727
43.8,843.0868599427155
44.0,841.9930207936703
44.2,840.8718271251405
44.4,839.7228410117806
44.6,838.5456248815871
44.8,837.3397416745466
45.0,836.1047549949999
45.2,834.8402292572958
45.4,833.5457298243332
45.6,832.2208231386014
45.8,830.8650768453608
46.0,829.4780599076234
46.2,828.059342712621
46.4,826.6084971694754
46.6,825.1250967978165
46.8,823.6087168071173
47.0,822.0589341665537
47.2,820.4753276652242
47.4,818.8574779625984
47.6,817.2049676290995
47.8,815.5173811767563
48.0,813.7943050799004
48.2,812.0353277859123
48.4,810.240039716067
48.6,808.4080332565516
48.8,806.5389027397733
49.0,804.6322444161092
49.2,802.6876564162783
49.4,800.7047387045614
49.6,798.683093023115
49.8,796.6223228276717
50.0,794.5220332149374
