0.0,711.8183975169273
0.2,715.110486073569
0.4,718.341456785645
0.6,721.5123316294963
0.8,724.6241226360393
1.0,727.6778315253551
1.2,730.6744493575335
1.4,733.6149562002773
1.6,736.5003208137186
1.8,739.3315003528409
2.0,742.1094400878408
2.2,744.8350731427145
2.4,747.5093202522836
2.6,750.13308953783
2.8,752.7072763014443
3.0,755.2327628391412
3.2,757.7104182727363
3.4,760.1410984004265
3.6,762.5256455659629
3.8,764.8648885462549
4.0,767.1596424571903
4.2,769.4107086774152
4.4,771.6188747897645
4.6,773.7849145399967
4.8,775.9095878124391
5.0,777.9936406221165
5.2,780.0378051228961
5.4,782.0427996311502
5.6,784.0093286644037
5.8,785.9380829944121
6.0,787.8297397140806
6.2,789.684962317622
6.4,791.5044007933244
6.6,793.2886917282874
6.8,795.0384584244682
7.0,796.7543110253699
7.2,798.4368466526963
7.4,800.086649552289
7.6,801.7042912486644
7.8,803.2903307074615
8.0,804.845314505122
8.2,806.3697770051177
8.4,807.8642405400594
8.6,809.3292155990208
8.8,810.7652010194255
9.0,812.1726841828618
9.2,813.5521412141966
9.4,814.9040371833868
9.6,816.2288263093936
9.8,817.5269521656362
10.0,818.7988478864297
10.2,820.0449363738874
10.4,821.2656305047769
10.6,822.4613333368569
10.8,823.6324383142319
11.0,824.7793294713005
11.2,825.9023816348877
11.4,827.0019606241847
11.6,828.0784234481389
11.8,829.1321184999716
12.0,830.1633857485153
12.2,831.1725569260998
12.4,832.1599557127325
12.6,833.1258979163484
12.8,834.0706916489286
13.0,834.9946374983078
13.2,835.8980286955202
13.4,836.7811512775472
13.6,837.6442842453607
13.8,838.4876997171722
14.0,839.3116630768169
14.2,840.1164331172265
14.4,840.9022621789551
14.6,841.6693962837479
14.8,842.4180752631509
15.0,843.1485328821826
15.2,843.8609969580956
15.4,844.5556894742745
15.6,845.2328266893264
15.8,845.8926192414324
16.0,846.535272248036
16.2,847.1609854009583
16.4,847.7699530570328
16.6,848.3623643243633
16.8,848.9384031443144
17.0,849.4982483693473
17.2,850.0420738368204
17.4,850.5700484388777
17.6,851.0823361885508
17.8,851.5790962822002
18.0,852.0604831584285
18.2,852.5266465535926
18.4,852.9777315540496
18.6,853.4138786452618
18.8,853.8352237578948
19.0,854.2418983110342
19.2,854.634029252648
19.4,855.0117390974206
19.6,855.3751459620776
19.8,855.7243635983226
20.0,856.0595014235015
20.2,856.3806645491042
20.4,856.6879538072161
20.6,856.9814657750222
20.8,857.261292797464
21.0,857.5275230081473
21.2,857.7802403485931
21.4,858.0195245859173
21.6,858.2454513290271
21.8,858.4580920434072
22.0,858.6575140645762
22.2,858.8437806102772
22.4,859.0169507914735
22.6,859.1770796222054
22.8,859.3242180283659
23.0,859.4584128554477
23.2,859.5797068753074
23.4,859.6881387919885
23.6,859.7837432466443
23.8,859.8665508215905
24.0,859.93658804352
24.2,859.993877385903
24.4,860.038437270594
24.6,860.0702820686622
24.8,860.0894221004565
25.0,860.0958636349151
25.2,860.089608888121
25.4,860.070656021108
25.6,860.0389991369067
25.8,859.9946282768278
26.0,859.9375294159673
26.2,859.8676844579187
26.4,859.7850712286701
26.6,859.6896634696654
26.8,859.5814308299965
27.0,859.4603388576968
27.2,859.3263489901
27.4,859.1794185432216
27.6,859.0195007001188
27.8,858.8465444981812
28.0,858.6604948152986
28.2,858.4612923548491
28.4,858.2488736294442
28.6,858.0231709433704
28.8,857.7841123736529
29.0,857.5316217496717
29.2,857.2656186312497
29.4,856.9860182851342
29.6,856.6927316597837
29.8,856.3856653583731
30.0,856.0647216099218
30.2,855.7297982384512
30.4,855.3807886300674
30.6,855.0175816978702
30.8,854.6400618445771
31.0,854.2481089227553
31.2,853.8415981925502
31.4,853.4204002767922
31.6,852.9843811133671
31.8,852.5334019047325
32.0,852.0673190644573
32.2,851.5859841606642
32.4,851.0892438562553
32.6,850.576939845796
32.8,850.0489087889383
33.0,849.5049822402628
33.2,848.9449865754191
33.4,848.3687429134518
33.6,847.7760670351952
33.8,847.1667692976301
34.0,846.5406545440957
34.2,845.8975220102574
34.4,845.2371652257378
34.6,844.5593719113236
34.8,843.8639238716686
35.0,843.1505968834256
35.2,842.4191605787439
35.4,841.669378324086
35.6,840.9010070943231
35.8,840.1137973420874
36.0,839.3074928623679
36.2,838.4818306523529
36.4,837.6365407665421
36.6,836.7713461671592
36.8,835.8859625699241
37.0,834.9800982852536
37.2,834.0534540549847
37.4,833.1057228847337
37.6,832.1365898720227
37.8,831.145732030335
38.0,830.1328181092734
38.2,829.09750841103
38.4,828.0394546033907
38.6,826.9582995295308
38.8,825.8536770148775
39.0,824.7252116713437
39.2,823.5725186992635
39.4,822.3952036873856
39.6,821.1928624113061
39.8,819.9650806307511
40.0,818.7114338861428
40.2,817.4314872949104
40.4,816.1247953480317
40.6,814.790901707317
40.8,813.4293390039692
41.0,812.0396286389804
41.2,810.6212805859433
41.4,809.1737931968808
41.6,807.6966530117156
41.8,806.1893345720192
42.0,804.6513002396969
42.2,803.0820000212822
42.4,801.4808713985253
42.6,799.8473391659716
42.8,798.1808152762371
43.0,796.4806986936937
43.2,794.7463752572792
43.4,792.9772175531548
43.6,791.1725847979255
43.8,789.3318227331413
44.0,787.4542635317865
44.2,785.5392257174601
44.4,783.5860140969335
44.6,781.5939197067621
44.8,779.5622197746063
45.0,777.4901776958976
45.2,775.3770430264618
45.4,773.2220514916858
45.6,771.0244250127839
45.8,768.7833717506861
46.0,766.4980861680363
46.2,764.1677491097519
46.4,761.7915279025511
46.6,759.3685764738159
46.8,756.898035490105
47.0,754.3790325155948
47.2,751.8106821906603
47.4,749.1920864307693
47.6,746.5223346457991
47.8,743.8005039798326
48.0,741.025659571434
48.2,738.1968548343402
48.4,735.3131317584507
48.6,732.37352123093
48.8,729.3770433771847
49.0,726.3227079214025
49.2,723.2095145662928
49.4,720.036453391594
49.6,716.8025052708601
49.8,713.506642305972
50.0,710.1478282787647
