0.0,827.4897019645701
0.2,829.4191610706605
0.4,831.294150397392
0.6,833.1143810239645
0.8,834.8796792254238
1.0,836.5899898906562
1.2,838.2453787156279
1.4,839.846033166451
1.6,841.3922622244675
1.8,842.88449494262
2.0,844.3232778585979
2.2,845.709271325327
2.4,847.0432448330467
2.6,848.3260714092675
2.8,849.5587211931525
3.0,850.7422542891666
3.2,851.8778130111056
3.4,852.9666136318153
3.6,854.0099377560279
3.8,855.0091234338297
4.0,855.9655561304347
4.2,856.880659664266
4.4,857.7558872200357
4.6,858.5927125367211
4.8,859.3926213622859
5.0,860.1571032578995
5.2,860.8876438245121
5.4,861.5857174141671
5.6,862.2527803776202
5.8,862.8902648889078
6.0,863.4995733766783
6.2,864.0820735815576
6.4,864.6390942487617
6.6,865.1719214557102
6.8,865.6817955657041
7.0,866.1699087908797
7.2,866.6374033407277
7.4,867.0853701265216
7.6,867.5148479870534
7.8,867.926823397134
8.0,868.3222306173557
8.2,868.7019522416035
8.4,869.0668200976803
8.6,869.4176164561155
8.8,869.7550755026763
9.0,870.0798850312102
9.2,870.3926883151319
9.4,870.694086118024
9.6,870.9846388063702
9.8,871.2648685302792
10.0,871.5352614411091
10.2,871.7962699180887
10.4,872.0483147792655
10.6,872.2917874553445
10.8,872.5270521081429
11.0,872.7544476784365
11.2,872.9742898508628
11.4,873.1868729262574
11.6,873.3924715942853
11.8,873.5913426015038
12.0,873.7837263120186
12.2,873.9698481596834
12.4,874.1499199923467
12.6,874.3241413099664
12.8,874.492700399509
13.0,874.6557753704433
13.2,874.8135350953328
13.4,874.9661400605519
13.6,875.1137431325138
13.8,875.2564902450266
14.0,875.3945210134904
14.2,875.5279692816536
14.4,875.656963606557
14.6,875.7816276871366
14.8,875.902080741743
15.0,876.0184378395824
15.2,876.1308101907885
15.4,876.2393053995378
15.6,876.3440276842922
15.8,876.4450780689342
16.0,876.5425545482392
16.2,876.6365522308131
16.4,876.7271634623253
16.6,876.8144779315753
16.8,876.8985827616655
17.0,876.9795625882953
17.2,877.0574996269623
17.4,877.1324737306404
17.6,877.2045624393078
17.8,877.2738410225265
18.0,877.3403825161112
18.2,877.4042577537846
18.4,877.4655353945969
18.6,877.5242819467651
18.8,877.5805617884988
19.0,877.6344371862945
19.2,877.6859683110957
19.4,877.7352132526664
19.6,877.7822280324586
19.8,877.8270666152126
20.0,877.8697809194878
20.2,877.9104208272836
20.4,877.949034192887
20.6,877.9856668510527
20.8,878.0203626246021
21.0,878.0531633315152
21.2,878.0841087915663
21.4,878.113236832551
21.6,878.1405832961343
21.8,878.1661820433484
22.0,878.1900649597568
22.2,878.2122619602989
22.4,878.2328009938241
22.6,878.2517080473201
22.8,878.2690071498391
23.0,878.2847203761227
23.2,878.2988678499238
23.4,878.3114677470248
23.6,878.3225362979475
23.8,878.3320877903551
24.0,878.340134571138
24.2,878.3466870481849
24.4,878.3517536918321
24.6,878.3553410359913
24.8,878.3574536789508
25.0,878.3580942838499
25.2,878.3572635788239
25.4,878.3549603568189
25.6,878.3511814750782
25.8,878.3459218542966
26.0,878.3391744774485
26.2,878.3309303882869
26.4,878.3211786895199
26.6,878.3099065406627
26.8,878.2970991555732
27.0,878.2827397996704
27.2,878.2668097868424
27.4,878.2492884760451
27.6,878.2301532675984
27.8,878.2093795991794
28.0,878.1869409415176
28.2,878.1628087937928
28.4,878.1369526787356
28.6,878.109340137428
28.8,878.0799367238009
29.0,878.048705998818
29.2,878.015609524337
29.4,877.980606856628
29.6,877.9436555395264
29.8,877.9047110971889
30.0,877.863727026409
30.2,877.8206547884405
30.4,877.7754438002594
30.6,877.72804142518
30.8,877.6783929627211
31.0,877.6264416375881
31.2,877.5721285876172
31.4,877.5153928504845
31.6,877.4561713489499
31.8,877.39439887435
32.0,877.3300080680136
32.2,877.2629294001899
32.4,877.193091146026
32.6,877.1204193580304
32.8,877.0448378343731
33.0,876.9662680822524
33.2,876.884629275445
33.4,876.7998382050065
33.6,876.7118092219346
33.8,876.6204541704361
34.0,876.5256823102364
34.2,876.4274002261678
34.4,876.3255117230307
34.6,876.219917703479
34.8,876.1105160264091
35.0,875.9972013430413
35.2,875.8798649075927
35.4,875.7583943591179
35.6,875.6326734707828
35.8,875.502581862511
36.0,875.3679946726253
36.2,875.2287821838027
36.4,875.0848093983718
36.6,874.9359355577309
36.8,874.7820136004477
37.0,874.6228895534489
37.2,874.458401850618
37.4,874.2883805731207
37.6,874.1126466058776
37.8,873.9310107048287
38.0,873.7432724699916
38.2,873.5492192198344
38.4,873.3486247631778
38.6,873.1412480657209
38.8,872.9268318093796
39.0,872.7051008439313
39.2,872.4757605320095
39.4,872.2384949902585
39.6,871.9929652314844
39.8,871.7388072148887
40.0,871.475629813944
40.2,871.2030127141715
40.4,870.920504255942
40.6,870.6276192404648
40.8,870.3238367202633
41.0,870.0085977986538
41.2,869.6813034659584
41.4,869.3413125033525
41.6,868.9879394882742
41.8,868.6204529381529
42.0,868.2380736317454
42.2,867.8399731495081
42.4,867.4252726761166
42.6,866.9930421093349
42.8,866.5422995198948
43.0,866.0720110067442
43.2,865.5810909909097
43.4,865.0684029892212
43.6,864.5327609061992
43.8,863.9729308784927
44.0,863.3876337013314
44.2,862.7755478605511
44.4,862.1353131868635
44.6,861.465535141239
44.8,860.764789731626
45.0,860.0316290518326
45.2,859.264587423388
45.4,858.4621881107262
45.6,857.6229505692659
45.8,856.7453981750974
46.0,855.8280663742353
46.2,854.8695111789868
46.4,853.8683179291439
46.6,852.823110226664
46.8,851.7325589445069
47.0,850.5953912035426
47.2,849.4103992061605
47.4,848.1764488115692
47.6,846.8924877359441
47.8,845.5575532606669
48.0,844.1707793340161
48.2,842.7314029558378
48.4,841.2387697409589
48.6,839.6923385653694
48.8,838.091685209386
49.0,836.436504923996
49.2,834.7266138601769
49.4,832.961949315988
49.6,831.1425687723528
49.8,829.2686477054369
50.0,827.3404761810326
