0.0,815.4047266062031
0.2,817.3350921027633
0.4,819.2226280648727
0.6,821.0675740776186
0.8,822.8701874251049
1.0,824.6307438201113
1.2,826.3495380329693
1.4,828.0268844166327
1.6,829.6631173256395
1.8,831.2585914273782
2.0,832.8136819047958
2.2,834.3287845504108
2.4,835.8043157522033
2.6,837.2407123726607
2.8,838.6384315229345
3.0,839.997950234717
3.2,841.3197650330766
3.4,842.6043914140735
3.6,843.8523632315306
3.8,845.0642319978424
4.0,846.2405661041593
4.2,847.3819499656964
4.4,848.4889830982761
4.6,849.5622791325127
4.8,850.6024647723003
5.0,851.610178704453
5.2,852.5860704664901
5.4,853.5307992796324
5.6,854.4450328541093
5.8,855.3294461738445
6.0,856.184720267516
6.2,857.0115409728508
6.4,857.8105977008497
6.6,858.5825822064165
6.8,859.3281873716081
7.0,860.0481060074308
7.2,860.743029679781
7.4,861.4136475647739
7.6,862.0606453383215
7.8,862.6847041044284
8.0,863.2864993662461
8.2,863.8667000435089
8.4,864.4259675395315
8.6,864.964954860507
8.8,865.4843057894075
9.0,865.984654116347
9.2,866.4666229268371
9.4,866.9308239489454
9.6,867.3778569599591
9.8,867.8083092527619
10.0,868.2227551617626
10.2,868.6217556478556
10.4,869.0058579415671
10.6,869.3755952432298
10.8,869.7314864787485
11.0,870.0740361092624
11.2,870.403733992777
11.4,870.7210552956412
11.6,871.0264604515629
11.8,871.3203951657111
12.0,871.6032904613269
12.2,871.8755627661712
12.4,872.1376140360632
12.6,872.389831912713
12.8,872.6325899130322
13.0,872.8662476470947
13.2,873.091151061943
13.4,873.3076327084635
13.6,873.5160120286109
13.8,873.7165956603246
14.0,873.9096777575658
14.2,874.0955403229899
14.4,874.2744535508798
14.6,874.4466761780715
14.8,874.6124558407278
15.0,874.7720294349385
15.2,874.9256234792563
15.4,875.0734544774097
15.6,875.2157292795706
15.8,875.3526454406867
16.0,875.4843915745238
16.2,875.6111477021974
16.4,875.7330855941011
16.6,875.8503691042655
16.8,875.9631544963062
17.0,876.0715907602353
17.2,876.1758199195234
17.4,876.2759773279059
17.6,876.3721919555286
17.8,876.4645866641226
18.0,876.5532784709831
18.2,876.6383788016124
18.4,876.7199937309583
18.6,876.7982242132507
18.8,876.8731663004957
19.0,876.9449113497465
19.2,877.0135462193175
19.4,877.0791534541495
19.6,877.1418114605721
19.8,877.201594670741
20.0,877.258573697055
20.2,877.3128154768752
20.4,877.3643834078921
20.6,877.4133374744898
20.8,877.459734365476
21.0,877.5036275835404
21.2,877.5450675468124
21.4,877.5841016828863
21.6,877.6207745156744
21.8,877.6551277454463
22.0,877.6872003224006
22.2,877.717028514105
22.4,877.7446459671261
22.6,877.7700837631614
22.8,877.7933704699639
23.0,877.8145321873362
23.2,877.8335925884551
23.4,877.8505729567631
23.6,877.8654922186535
23.8,877.8783669721455
24.0,877.8892115117354
24.2,877.8980378495803
24.4,877.9048557331597
24.6,877.9096726595291
24.8,877.9124938862667
25.0,877.9133224391902
25.2,877.9121591168963
25.4,877.9090024921584
25.6,877.9038489101952
25.8,877.8966924838
26.0,877.8875250852998
26.2,877.8763363352916
26.4,877.863113588085
26.6,877.8478419137515
26.8,877.8305040766685
27.0,877.8110805104187
27.2,877.7895492888875
27.4,877.7658860933805
27.6,877.7400641755626
27.8,877.7120543159999
28.0,877.6818247780692
28.2,877.6493412569766
28.4,877.6145668236165
28.6,877.5774618629766
28.8,877.5379840067876
29.0,877.4960880600962
29.2,877.4517259214299
29.4,877.4048464962107
29.6,877.3553956030647
29.8,877.303315872671
30.0,877.2485466387825
30.2,877.1910238210584
30.4,877.130679799341
30.6,877.0674432790205
30.8,877.0012391471354
31.0,876.9319883188714
31.2,876.8596075741384
31.4,876.7840093839229
31.6,876.7051017261429
31.8,876.6227878907622
32.0,876.5369662739595
32.2,876.4475301611851
32.4,876.3543674989943
32.6,876.2573606555933
32.8,876.1563861701012
33.0,876.0513144905952
33.2,875.9420097010808
33.4,875.8283292376093
33.6,875.710123593857
33.8,875.5872360165636
34.0,875.4595021913398
34.2,875.3267499194495
34.4,875.188798786292
34.6,875.0454598224183
34.8,874.896535158046
35.0,874.7418176721561
35.2,874.5810906373855
35.4,874.4141273620655
35.6,874.240690830882
35.8,874.0605333457743
36.0,873.8733961688173
36.2,873.6790091689682
36.4,873.4770904746844
36.6,873.2673461345452
36.8,873.0494697881278
37.0,872.8231423495025
37.2,872.5880317058078
37.4,872.3437924334673
37.6,872.0900655346824
37.8,871.8264781969044
38.0,871.5526435780436
38.2,871.2681606201991
38.4,870.9726138947183
38.6,870.6655734813825
38.8,870.3465948844943
39.0,870.0152189885921
39.2,869.6709720564454
39.4,869.3133657718877
39.6,868.9418973299211
39.8,868.556049576379
40.0,868.155291199255
40.2,867.7390769736083
40.4,867.3068480617246
40.6,866.8580323699537
40.8,866.3920449633713
41.0,865.9082885390987
41.2,865.4061539587906
41.4,864.8850208404451
41.6,864.3442582093246
41.8,863.7832252073783
42.0,863.2012718601595
42.2,862.597739899807
42.4,861.971963642234
42.6,861.3232709162307
42.8,860.6509840417532
43.0,859.9544208542223
43.2,859.2328957712364
43.4,858.4857208976617
43.6,857.7122071646614
43.8,856.9116654978177
44.0,856.0834080091321
44.2,855.2267492073292
44.4,854.341007220572
44.6,853.4255050253968
44.8,852.4795716754314
45.0,851.5025435232355
45.2,850.4937654284338
45.4,849.4525919451867
45.6,848.3783884819677
45.8,847.2705324265862
46.0,846.1284142294247
46.2,844.951438437941
46.4,843.739024675619
46.6,842.4906085587502
46.8,841.2056425446658
47.0,839.8835967053537
47.2,838.5239594207394
47.4,837.1262379863242
47.6,835.6899591303318
47.8,834.2146694360111
48.0,832.6999356652991
48.2,831.1453449806274
48.4,829.55050506228
48.6,827.9150441193613
48.8,826.2386107931105
49.0,824.5208739519934
49.2,822.7615223787163
49.4,820.9602643500224
49.6,819.1168271108539
49.8,817.2309562451804
50.0,815.3024149464972
