0.0,771.1024820178784
0.2,773.2592771258704
0.4,775.3783014418653
0.6,777.4605123821457
0.8,779.5068352052658
1.0,781.5181621371514
1.2,783.4953516653414
1.4,785.4392280038019
1.6,787.3505807283991
1.8,789.2301645817927
2.0,791.0786994452197
2.2,792.8968704733924
2.4,794.6853283875361
2.6,796.4446899204794
2.8,798.1755384066604
3.0,799.878424508963
3.2,801.5538670734406
3.4,803.2023541022352
3.6,804.824343834356
3.8,806.42026592346
4.0,807.9905227013595
4.2,809.5354905156962
4.4,811.0555211300368
4.6,812.5509431745933
4.8,814.0220636358116
5.0,815.4691693732409
5.2,816.892528652346
5.4,818.2923926822874
5.6,819.6689971481328
5.8,821.0225637274829
6.0,822.3533015820925
6.2,823.6614088157148
6.4,824.947073890102
6.6,826.2104769918407
6.8,827.4517913434753
7.0,828.6711844531695
7.2,829.8688192979652
7.4,831.0448554365065
7.6,832.1994500479046
7.8,833.3327588942035
8.0,834.4449372046774
8.2,835.536140480926
8.4,836.6065252224347
8.6,837.6562495729312
8.8,838.6854738884784
9.0,839.6943612288177
9.2,840.6830777739834
9.4,841.651793168673
9.6,842.6006807972605
9.8,843.5299179926895
10.0,844.4396861827729
10.2,845.330170977667
10.4,846.2015622024711
10.6,847.0540538790358
10.8,847.8878441611486
11.0,848.7031352273038
11.2,849.5001331352604
11.4,850.2790476425446
11.6,851.0400919969801
11.8,851.783482701214
12.0,852.5094392550692
12.2,853.2181838793936
12.4,853.9099412248909
12.6,854.5849380692208
12.8,855.2434030054461
13.0,855.8855661246789
13.2,856.5116586955587
13.4,857.1219128429567
13.6,857.7165612280794
13.8,858.2958367319101
14.0,858.8599721437075
14.2,859.409199856063
14.4,859.9437515678076
14.6,860.463857995867
14.8,860.9697485969649
15.0,861.4616512999081
15.2,861.9397922490155
15.4,862.4043955591051
15.6,862.8556830823151
15.8,863.2938741869042
16.0,863.7191855480717
16.2,864.1318309507313
16.4,864.5320211040886
16.6,864.9199634677924
16.8,865.2958620893735
17.0,865.659917452619
17.2,866.012326336497
17.4,866.3532816842047
17.6,866.6829724818888
17.8,867.0015836465695
18.0,867.3092959227849
18.2,867.606285787468
18.4,867.8927253625695
18.6,868.1687823349421
18.8,868.4346198830094
19.0,868.69039660976
19.2,868.9362664816136
19.4,869.1723787727304
19.6,869.3988780143491
19.8,869.6159039487616
20.0,869.8235914875522
20.2,870.022070673751
20.4,870.2114666475715
20.6,870.3918996154289
20.8,870.5634848219516
21.0,870.7263325247225
21.2,870.880547971506
21.4,871.0262313797396
21.6,871.163477918082
21.8,871.2923776898332
22.0,871.4130157180562
22.2,871.5254719322465
22.4,871.629821156412
22.6,871.7261330984375
22.8,871.8144723406228
23.0,871.8948983312964
23.2,871.9674653774147
23.4,872.0322226380711
23.6,872.089214118845
23.8,872.1384786669347
24.0,872.1800499670181
24.2,872.2139565378031
24.4,872.2402217292274
24.6,872.258863720279
24.8,872.2698955174138
25.0,872.2733249535513
25.2,872.2691546876365
25.4,872.2573822047599
25.6,872.2379998168354
25.8,872.2109946638363
26.0,872.176348715601
26.2,872.1340387742198
26.4,872.0840364770241
26.6,872.0263083002014
26.8,871.9608155630685
27.0,871.8875144330407
27.2,871.8063559313424
27.4,871.7172859395098
27.6,871.6202452067495
27.8,871.51516935822
28.0,871.401988904317
28.2,871.2806292510529
28.4,871.1510107116288
28.6,871.0130485193172
28.8,870.8666528417775
29.0,870.711728796949
29.2,870.5481764706757
29.4,870.375890936235
29.6,870.1947622759615
29.8,870.0046756051726
30.0,869.8055110986245
30.2,869.5971440197433
30.4,869.3794447529003
30.6,869.1522788390215
30.8,868.9155070148398
31.0,868.6689852561254
31.2,868.4125648252467
31.4,868.1460923234412
31.6,867.8694097481912
31.8,867.5823545561267
32.0,867.2847597318886
32.2,866.9764538634083
32.4,866.6572612240745
32.6,866.3270018622646
32.8,865.9854916987343
33.0,865.632542632358
33.2,865.2679626547122
33.4,864.8915559739943
33.6,864.5031231487492
33.8,864.102461231864
34.0,863.6893639252601
34.2,863.2636217456792
34.4,862.825022201917
34.6,862.3733499837981
34.8,861.908387163129
35.0,861.4299134067836
35.2,860.9377062019911
35.4,860.4315410937917
35.6,859.9111919345195
35.8,859.376431145038
36.0,858.827029987319
36.2,858.2627588478018
36.4,857.6833875308063
36.6,857.0886855610911
36.8,856.478422494467
37.0,855.8523682351661
37.2,855.2102933584644
37.4,854.5519694368382
37.6,853.8771693677015
37.8,853.1856677005544
38.0,852.4772409611315
38.2,851.7516679699137
38.4,851.0087301521361
38.6,850.2482118362028
38.8,849.4699005372062
39.0,848.673587222048
39.2,847.8590665524763
39.4,847.0261371021851
39.6,846.1746015439874
39.8,845.3042668029567
40.0,844.4149441713544
40.2,843.5064493811105
40.4,842.5786026296267
40.6,841.6312285546992
40.8,840.6641561544486
41.0,839.6772186482734
41.2,838.6702532750243
41.4,837.6431010248385
41.6,836.5956063013608
41.8,835.5276165114275
42.0,834.438981579691
42.2,833.3295533861269
42.4,832.1991851248707
42.6,831.0477305834082
42.8,829.8750433417459
43.0,828.6809758918612
43.2,827.4653786784253
43.4,826.2280990625354
43.6,824.9689802109558
43.8,823.6878599141628
44.0,822.3845693372899
44.2,821.0589317088821
44.4,819.7107609531829
44.6,818.3398602724674
44.8,816.9460206867241
45.0,815.5290195387227
45.2,814.0886189732216
45.4,812.624564399716
45.6,811.1365829487249
45.8,809.6243819321425
46.0,808.0876473186156
46.2,806.5260422352783
46.4,804.9392055074253
46.6,803.3267502478767
46.8,801.6882625078331
47.0,800.0233000009646
47.2,798.3313909123046
47.4,796.6120328032251
47.6,794.8646916233654
47.8,793.0888008398625
48.0,791.2837606935876
48.2,789.4489375913496
48.4,787.5836636421724
48.6,785.6872363448
48.8,783.758918432544
49.0,781.7979378804683
49.2,779.8034880787169
49.4,777.7747281745405
49.6,775.7107835842925
49.8,773.6107466753336
50.0,771.4736776164531
