0.0,779.151864339973
0.2,781.5300833294351
0.4,783.8580686334382
0.6,786.1369007076586
0.8,788.3676380182412
1.0,790.551316100919
1.2,792.6889467612027
1.4,794.78151741787
1.6,796.8299905903823
1.8,798.8353035292845
2.0,800.7983679871325
2.2,802.7200701260613
2.4,804.6012705567716
2.6,806.4428045025041
2.8,808.245482080494
3.0,810.0100886924685
3.2,811.7373855149802
3.4,813.4281100797607
3.6,815.0829769338277
3.8,816.7026783688096
4.0,818.2878852088159
4.2,819.8392476462175
4.4,821.3573961148772
4.6,822.8429421906628
4.8,824.2964795095032
5.0,825.718584693768
5.2,827.109818278355
5.4,828.470725628554
5.6,829.8018378424814
5.8,831.1036726316548
6.0,832.3767351740609
6.2,833.6215189348754
6.4,834.8385064507776
6.6,836.0281700745786
6.8,837.1909726776299
7.0,838.3273683081699
7.2,839.4378028044421
7.4,840.5227143620095
7.6,841.5825340552512
7.8,842.6176863135089
8.0,843.6285893527904
8.2,844.6156555643001
8.4,845.579291861381
8.6,846.5198999867049
8.8,847.4378767817473
9.0,848.3336144207303
9.2,849.2075006113192
9.4,850.0599187644189
9.6,850.8912481354333
9.8,851.7018639393467
10.0,852.4921374419378
10.2,853.2624360293811
10.4,854.0131232584034
10.6,854.7445588890662
10.8,855.4570989021353
11.0,856.1510955028814
11.2,856.8268971130332
11.4,857.4848483524778
11.6,858.12529001218
11.8,858.7485590196665
12.0,859.3549883983026
12.2,859.9449072214728
12.4,860.518640562666
12.6,861.0765094423617
12.8,861.6188307725196
13.0,862.1459172993783
13.2,862.6580775451939
13.4,863.1556157494631
13.6,863.6388318101139
13.8,864.1080212250789
14.0,864.5634750346106
14.2,865.0054797646443
14.4,865.4343173714736
14.6,865.850265187955
14.8,866.2535958714253
15.0,866.6445773534856
15.2,867.0234727917666
15.4,867.3905405237791
15.6,867.7460340229151
15.8,868.0902018566574
16.0,868.4232876470289
16.2,868.7455300333038
16.4,869.0571626369825
16.6,869.3584140290252
16.8,869.649507699324
17.0,869.9306620283865
17.2,870.202090261194
17.4,870.4640004831874
17.6,870.7165955983315
17.8,870.9600733092004
18.0,871.1946260990184
18.2,871.4204412155915
18.4,871.6377006570543
18.6,871.8465811593612
18.8,872.0472541854375
19.0,872.2398859159143
19.2,872.424637241359
19.4,872.6016637559197
19.6,872.7711157522931
19.8,872.9331382179313
20.0,873.0878708323946
20.2,873.2354479657661
20.4,873.3759986780351
20.6,873.5096467193632
20.8,873.6365105311435
21.0,873.7567032477664
21.2,873.8703326990084
21.4,873.9775014129558
21.6,874.0783066193844
21.8,874.1728402535147
22.0,874.261188960063
22.2,874.3434340975169
22.4,874.4196517425598
22.6,874.4899126945774
22.8,874.5542824801803
23.0,874.6128213576816
23.2,874.6655843214701
23.4,874.7126211062252
23.6,874.753976190925
23.8,874.7896888025981
24.0,874.819792919784
24.2,874.8443172756583
24.4,874.8632853607951
24.6,874.8767154255382
24.8,874.884620481958
25.0,874.8870083053768
25.2,874.883881435449
25.4,874.8752371767911
25.6,874.8610675991545
25.8,874.8413595371482
26.0,874.8160945895148
26.2,874.7852491179754
26.4,874.7487942456569
26.6,874.7066958551286
26.8,874.6589145860712
27.0,874.6054058326121
27.2,874.5461197403621
27.4,874.4810012031957
27.6,874.4099898598201
27.8,874.3330200901823
28.0,874.250021011767
28.2,874.1609164758452
28.4,874.0656250637338
28.6,873.9640600831306
28.8,873.856129564594
29.0,873.7417362582399
29.2,873.6207776307268
29.4,873.4931458626102
29.6,873.3587278461431
29.8,873.2174051836064
30.0,873.0690541862493
30.2,872.9135458739298
30.4,872.7507459755366
30.6,872.5805149302836
30.8,872.402707889963
31.0,872.2171747222457
31.2,872.0237600151186
31.4,871.8223030825451
31.6,871.6126379714377
31.8,871.3945934700286
32.0,871.1679931177217
32.2,870.9326552165139
32.4,870.6883928440587
32.6,870.4350138684591
32.8,870.1723209648575
33.0,869.900111633899
33.2,869.6181782221332
33.4,869.3263079444172
33.6,869.0242829083776
33.8,868.7118801409823
34.0,868.3888716172686
34.2,868.0550242912597
34.4,867.7101001291046
34.6,867.353856144454
34.8,866.9860444360842
35.0,866.6064122277637
35.2,866.2147019103435
35.4,865.81065108604
35.6,865.393992614858
35.8,864.9644546630841
36.0,864.5217607537585
36.2,864.0656298190075
36.4,863.5957762540904
36.6,863.1119099729847
36.8,862.6137364652956
37.0,862.1009568542378
37.2,861.5732679553912
37.4,861.0303623358848
37.6,860.471928373603
37.8,859.8976503159541
38.0,859.3072083376678
38.2,858.7002785970161
38.4,858.0765332897738
38.6,857.4356407001442
38.8,856.7772652477842
39.0,856.101067529962
39.2,855.4067043577745
39.4,854.6938287852391
39.6,853.9620901299621
39.8,853.2111339839613
40.0,852.440602213105
40.2,851.6501329435063
40.4,850.8393605330936
40.6,850.0079155264635
40.8,849.1554245910216
41.0,848.2815104323131
41.2,847.3857916863747
41.4,846.4678827868719
41.6,845.5273938047478
41.8,844.5639302581002
42.0,843.5770928900205
42.2,842.5664774121896
42.4,841.5316742121125
42.6,840.47226802203
42.8,839.387837547721
43.0,838.277955055663
43.2,837.1421859173103
43.4,835.980088109606
43.6,834.7912116712578
43.8,833.5750981147761
44.0,832.3312797948046
44.2,831.0592792338508
44.4,829.7586084071615
44.6,828.4287679891594
44.8,827.0692465645728
45.0,825.6795198081363
45.2,824.2590496374921
45.4,822.807283344695
45.6,821.3236527124828
45.8,819.8075731222093
46.0,818.2584426610441
46.2,816.6756412366955
46.4,815.058529708493
46.6,813.4064490441765
46.8,811.7187195121331
47.0,809.9946399191246
47.2,808.2334869037057
47.4,806.4345142955749
47.6,804.5969525509693
47.8,802.7200082739605
48.0,800.8028638330751
48.2,798.8446770820824
48.4,796.8445811930549
48.6,794.8016846089154
48.8,792.715071121657
49.0,790.5838000812569
49.2,788.4069067390312
49.4,786.1834027278076
49.6,783.9122766798329
49.8,781.5924949818401
50.0,779.2230026651516
