0.0,751.4846556631901
0.2,753.7933085760192
0.4,756.0934900658697
0.6,758.3861622876232
0.8,760.6711744659711
1.0,762.947384773692
1.2,765.2128282070288
1.4,767.4649149716982
1.6,769.7006423719954
1.8,771.9168036165069
2.0,774.1101790829124
2.2,776.2776989720088
2.4,778.416570357126
2.6,780.5243658118867
2.8,782.5990745644044
3.0,784.6391201082863
3.2,786.6433502012374
3.4,788.6110061708295
3.6,790.5416785330491
3.8,792.4352553138649
4.0,794.2918683900756
4.2,796.1118418723264
4.4,797.8956452430535
4.6,799.6438527828243
4.8,801.3571098580691
5.0,803.0361059356879
5.2,804.6815537281012
5.4,806.2941736215976
5.6,807.8746824536998
5.8,809.4237857317642
6.0,810.9421724802962
6.2,812.4305120326518
6.4,813.8894522182086
6.6,815.3196185224788
6.8,816.7216139063914
7.0,818.0960190590629
7.2,819.4433929263179
7.4,820.7642734075171
7.6,822.0591781491565
7.8,823.3286053885369
8.0,824.5730348174886
8.2,825.79292844709
8.4,826.9887314613289
8.6,828.1608730521011
8.8,829.3097672307068
9.0,830.4358136127425
9.2,831.5393981743855
9.4,832.6208939787788
9.6,833.680661871716
9.8,834.7190511461752
10.0,835.7364001755172
10.2,836.7330370153803
10.4,837.7092799744815
10.6,838.665438154686
10.8,839.6018119608362
11.0,840.5186935809459
11.2,841.4163674374536
11.4,842.2951106103185
11.6,843.1551932327964
11.8,843.9968788607972
12.0,844.8204248167581
12.2,845.6260825090001
12.4,846.4140977275575
12.6,847.184710917478
12.8,847.9381574305974
13.0,848.6746677567905
13.2,849.3944677356906
13.4,850.0977787498539
13.6,850.7848179003319
13.8,851.4557981655894
14.0,852.1109285446844
14.2,852.7504141855965
14.4,853.3744564995661
14.6,853.9832532622743
14.8,854.5769987026644
15.0,855.1558835801771
15.2,855.7200952511383
15.4,856.2698177250091
15.6,856.8052317111785
15.8,857.3265146569487
16.0,857.833840777336
16.2,858.3273810772802
16.4,858.8073033668295
16.6,859.2737722698429
16.8,859.7269492267263
17.0,860.1669924916928
17.2,860.5940571250172
17.4,861.0082949807332
17.6,861.409854690195
17.8,861.7988816419116
18.0,862.1755179580404
18.2,862.5399024679031
18.4,862.8921706788781
18.6,863.2324547449988
18.8,863.5608834335736
19.0,863.877582090129
19.2,864.1826726019589
19.4,864.4762733605521
19.6,864.7584992231516
19.8,865.0294614736912
20.0,865.2892677833357
20.2,865.5380221708457
20.4,865.7758249629665
20.6,866.0027727550399
20.8,866.2189583720166
21.0,866.4244708300412
21.2,866.6193952987721
21.4,866.8038130645842
21.6,866.9778014947965
21.8,867.1414340030551
22.0,867.2947800159952
22.2,867.4379049412938
22.4,867.5708701372192
22.6,867.6937328837753
22.8,867.8065463555282
23.0,867.9093595961984
23.2,868.0022174950933
23.4,868.0851607654462
23.6,868.1582259247258
23.8,868.2214452769681
24.0,868.2748468971803
24.2,868.3184546178599
24.4,868.3522880176635
24.6,868.3763624122585
24.8,868.3906888473806
25.0,868.3952740941189
25.2,868.3901206464409
25.4,868.3752267209685
25.6,868.3505862590061
25.8,868.3161889308216
26.0,868.272020142172
26.2,868.2180610430617
26.4,868.1542885387145
26.6,868.0806753027376
26.8,867.9971897924487
27.0,867.9037962663289
27.2,867.8004548035644
27.4,867.6871213256276
27.6,867.5637476198448
27.8,867.430281364892
28.0,867.2866661581517
28.2,867.1328415448558
28.4,866.968743048937
28.6,866.7943022054968
28.8,866.609446594795
29.0,866.4140998776573
29.2,866.2081818321856
29.4,865.9916083916487
29.6,865.7642916834244
29.8,865.5261400688476
30.0,865.2770581838163
30.2,865.0169469799911
30.4,864.745703766416
30.6,864.4632222513754
30.8,864.1693925842909
31.0,863.8641013974485
31.2,863.5472318473347
31.4,863.2186636553449
31.6,862.8782731476158
31.8,862.5259332937147
32.0,862.1615137439094
32.2,861.7848808647179
32.4,861.3958977724303
32.6,860.9944243642668
32.8,860.5803173468256
33.0,860.1534302614525
33.2,859.7136135061401
33.4,859.2607143535478
33.6,858.7945769647105
33.8,858.3150423979743
34.0,857.8219486126833
34.2,857.3151304671055
34.4,856.7944197100617
34.6,856.259644965696
34.8,855.7106317107911
35.0,855.1472022440029
35.2,854.5691756463564
35.4,853.9763677323083
35.6,853.3685909906521
35.8,852.7456545144977
36.0,852.1073639195263
36.2,851.453521249683
36.4,850.7839248694281
36.6,850.0983693416334
36.8,849.3966452901703
37.0,848.678539246199
37.2,847.9438334771331
37.4,847.1923057972207
37.6,846.423729358647
37.8,845.6378724220418
38.0,844.8344981052442
38.2,844.0133641091629
38.4,843.1742224195526
38.6,842.3168189835233
38.8,841.4408933595979
39.0,840.5461783401493
39.2,839.6323995450601
39.4,838.699274985489
39.6,837.7465145966685
39.8,836.7738197387191
40.0,835.7808826645377
40.2,834.767385953914
40.4,833.7330019131297
40.6,832.6773919394335
40.8,831.6002058499267
41.0,830.5010811745768
41.2,829.3796424132759
41.4,828.2355002571114
41.6,827.0682507743168
41.8,825.8774745617541
42.0,824.6627358633174
42.2,823.4235816573972
42.4,822.159540716699
42.6,820.8701226454906
42.8,819.554816902185
43.0,818.2130918196611
43.2,816.8443936428115
43.4,815.4481456138224
43.6,814.0237471524662
43.8,812.5705732036063
44.0,811.0879738601316
44.2,809.575274419949
44.4,808.0317761037502
44.6,806.4567577485144
44.8,804.8494789006435
45.0,803.2091848591944
45.2,801.535114355269
45.4,799.826510681939
45.6,798.0826371844153
45.8,796.3027980465985
46.0,794.4863652227415
46.2,792.6328121117177
46.4,790.7417541086154
46.6,788.812995459671
46.8,786.846580884526
47.0,784.8428492486996
47.2,782.8024852571282
47.4,780.7265638444965
47.6,778.6165808628168
47.8,776.4744630508955
48.0,774.3025503571339
48.2,772.103544678096
48.4,769.8804210795089
48.6,767.6363005539051
48.8,765.3742871406133
49.0,763.0972764173741
49.2,760.8077464552673
49.4,758.5075457213006
49.6,756.1976945447212
49.8,753.8782171839667
50.0,751.5480200066559
