0.0,858.6845638926324
0.2,859.3360950707336
0.4,859.9719086356589
0.6,860.5922204664463
0.8,861.1972470983735
1.0,861.7872056999875
1.2,862.3623140461585
1.4,862.9227904871362
1.6,863.4688539135999
1.8,864.0007237177142
2.0,864.5186197502172
2.2,865.022762273585
2.4,865.5133719113315
2.6,865.9906695935211
2.8,866.4548764985838
3.0,866.906213991541
3.2,867.3449035587629
3.4,867.7711667393916
3.6,868.18522505358
3.8,868.5872999277068
4.0,868.9776126167422
4.2,869.3563841239475
4.4,869.723835118102
4.6,870.0801858484666
4.8,870.4256560576908
5.0,870.7604648928872
5.2,871.0848308150985
5.4,871.3989715073918
5.6,871.7031037818161
5.8,871.997443485464
6.0,872.282205405882
6.2,872.5576031760745
6.4,872.8238491793479
6.6,873.0811544542408
6.8,873.3297285997841
7.0,873.569779681333
7.2,873.801514137213
7.4,874.0251366864103
7.6,874.2408502375414
7.8,874.4488557993237
8.0,874.6493523927652
8.2,874.8425369652857
8.4,875.0286043069692
8.6,875.2077469691451
8.8,875.380155185479
9.0,875.546016795752
9.2,875.7055171724894
9.4,875.8588391505942
9.6,876.0061629601287
9.8,876.1476661623735
10.0,876.2835235892846
10.2,876.4139072864538
10.4,876.5389864596693
10.6,876.6589274251584
10.8,876.7738935635805
11.0,876.8840452778312
11.2,876.9895399546999
11.4,877.0905319304156
11.6,877.187172460101
11.8,877.2796096911427
12.0,877.3679886404759
12.2,877.452451175768
12.4,877.5331360004758
12.6,877.610178642739
12.8,877.683711448063
13.0,877.7538635757343
13.2,877.8207609989009
13.4,877.8845265082418
13.6,877.9452797191401
13.8,878.003137082268
14.0,878.0582118974819
14.2,878.1106143309196
14.4,878.1604514351857
14.6,878.2078271725038
14.8,878.2528424407101
15.0,878.2955951019565
15.2,878.3361800139877
15.4,878.3746890638535
15.6,878.4112112039129
15.8,878.445832489984
16.0,878.4786361214926
16.2,878.5097024834699
16.4,878.5391091902463
16.6,878.5669311306932
16.8,878.5932405148563
17.0,878.6181069218331
17.2,878.6415973487383
17.4,878.6637762606105
17.6,878.6847056411088
17.8,878.7044450438525
18.0,878.7230516442576
18.2,878.7405802917284
18.4,878.7570835620618
18.6,878.7726118099278
18.8,878.7872132212899
19.0,878.8009338656374
19.2,878.8138177478967
19.4,878.8259068599031
19.6,878.8372412313076
19.8,878.8478589798069
20.0,878.8577963605801
20.2,878.8670878148282
20.4,878.8757660173083
20.6,878.8838619227668
20.8,878.8914048111737
21.0,878.8984223316681
21.2,878.9049405451271
21.4,878.9109839652781
21.6,878.9165755982747
21.8,878.9217369806628
22.0,878.926488215668
22.2,878.9308480077382
22.4,878.9348336952816
22.6,878.9384612815423
22.8,878.9417454635606
23.0,878.944699659168
23.2,878.9473360319755
23.4,878.9496655143092
23.6,878.951697828059
23.8,878.953441503406
24.0,878.954903895398
24.2,878.9560911983477
24.4,878.9570084580297
24.6,878.9576595816567
24.8,878.9580473456224
25.0,878.9581734009935
25.2,878.9580382767463
25.4,878.9576413807391
25.6,878.956980998422
25.8,878.9560542892807
26.0,878.9548572810229
26.2,878.9533848615137
26.4,878.9516307684707
26.6,878.9495875769354
26.8,878.9472466845384
27.0,878.9445982945801
27.2,878.9416313969534
27.4,878.9383337469359
27.6,878.9346918418863
27.8,878.9306908958802
28.0,878.9263148123259
28.2,878.9215461546044
28.4,878.9163661147818
28.6,878.9107544804468
28.8,878.9046895997274
29.0,878.8981483445491
29.2,878.8911060721991
29.4,878.8835365852624
29.6,878.8754120900056
29.8,878.8667031532851
30.0,878.8573786580594
30.2,878.8474057575925
30.4,878.8367498284399
30.6,878.8253744223093
30.8,878.8132412168965
31.0,878.8003099657992
31.2,878.7865384476165
31.4,878.7718824143451
31.6,878.7562955391882
31.8,878.7397293638974
32.0,878.7221332457706
32.2,878.7034543044329
32.4,878.6836373685323
32.6,878.6626249224845
32.8,878.6403570534018
33.0,878.6167713983507
33.2,878.5918030920775
33.4,878.5653847153485
33.6,878.5374462440525
33.8,878.5079149992148
34.0,878.476715598072
34.2,878.4437699063608
34.4,878.4089969919715
34.6,878.3723130801201
34.8,878.3336315101878
35.0,878.2928626943841
35.2,878.2499140783783
35.4,878.2046901040522
35.6,878.1570921745176
35.8,878.1070186215422
36.0,878.0543646755257
36.2,877.9990224381605
36.4,877.9408808579117
36.6,877.8798257084399
36.8,877.8157395700921
37.0,877.7485018145746
37.2,877.6779885929175
37.4,877.604072826833
37.6,877.5266242035622
37.8,877.4455091742967
38.0,877.360590956253
38.2,877.2717295384676
38.4,877.1787816913743
38.6,877.0816009802091
38.8,876.9800377822861
39.0,876.8739393081679
39.2,876.7631496267512
39.4,876.6475096942705
39.6,876.5268573872146
39.8,876.4010275391387
40.0,876.26985198134
40.2,876.133159587356
40.4,875.9907763212289
40.6,875.842525289472
40.8,875.6882267966545
41.0,875.5276984045164
41.2,875.3607549945075
41.4,875.1872088336348
41.6,875.0068696434919
41.8,874.819544672328
42.0,874.6250387700105
42.2,874.4231544657152
42.4,874.2136920481763
42.6,873.9964496483133
42.8,873.7712233240428
43.0,873.5378071470803
43.2,873.295993291519
43.4,873.0455721239756
43.6,872.786332295079
43.8,872.5180608320777
44.0,872.2405432323312
44.2,871.9535635574512
44.4,871.6569045278527
44.6,871.3503476174749
44.8,871.033673148426
45.0,870.706660385313
45.2,870.3690876290095
45.4,870.0207323096248
45.6,869.6613710784319
45.8,869.2907798985225
46.0,868.9087341339574
46.2,868.5150086371882
46.4,868.1093778345311
46.6,867.6916158094829
46.8,867.2614963836776
47.0,866.8187931952889
47.2,866.3632797746965
47.4,865.8947296172448
47.6,865.4129162529334
47.8,864.9176133128922
48.0,864.4085945925051
48.2,863.8856341110657
48.4,863.3485061678539
48.6,862.7969853945458
48.8,862.2308468038807
49.0,861.6498658345222
49.2,861.0538183920751
49.4,860.4424808862248
49.6,859.8156302639914
49.8,859.1730440391036
50.0,858.5145003175145
