0.0,779.1138540573265
0.2,780.8574000218825
0.4,782.6191980866641
0.6,784.4002963537567
0.8,786.2004243624743
1.0,788.0181003037227
1.2,789.8507885274666
1.4,791.6950945198979
1.6,793.5469825726327
1.8,795.4020008850109
2.0,797.2554997634224
2.2,799.1028306798077
2.4,800.9395168817081
2.6,802.7613896079781
2.8,804.564687358943
3.0,806.3461187519907
3.2,808.1028920073803
3.4,809.8327159059495
3.6,811.5337780992957
3.8,813.2047069850371
4.0,814.8445231034834
4.2,816.4525853244536
4.4,818.0285361416401
4.6,819.5722493321416
4.8,821.0837821979962
5.0,822.5633336762911
5.2,824.0112088393023
5.4,825.4277897277565
5.6,826.8135120645468
5.8,828.1688471614244
6.0,829.4942882261662
6.2,830.7903402684618
6.4,832.0575128571761
6.6,833.2963150724839
6.8,834.5072521025751
7.0,835.690823041373
7.2,836.8475195417097
7.4,837.977825062792
7.6,839.0822145199649
7.8,840.1611541991714
8.0,841.2151018398105
8.2,842.2445068200902
8.4,843.2498104007159
8.6,844.2314459979227
8.8,845.1898394671944
9.0,846.1254093859038
9.2,847.0385673276274
9.4,847.9297181237931
9.6,848.7992601101785
9.8,849.6475853569409
10.0,850.47507988161
10.2,851.2821238449318
10.4,852.0690917297682
10.6,852.836352503447
10.8,853.5842697640974
11.0,854.3132018715978
11.2,855.0235020638323
11.4,855.7155185589954
11.6,856.3895946447174
11.8,857.0460687548075
12.0,857.6852745344161
12.2,858.3075408944243
12.4,858.9131920558624
12.6,859.5025475851479
12.8,860.0759224209175
13.0,860.6336268932056
13.2,861.1759667356978
13.4,861.7032430917575
13.6,862.2157525148957
13.8,862.7137869643183
14.0,863.1976337961511
14.2,863.6675757509101
14.4,864.1238909377449
14.6,864.5668528159484
14.8,864.9967301741929
15.0,865.413787107909
15.2,865.8182829952029
15.4,866.2104724716577
15.6,866.5906054043442
15.8,866.9589268653322
16.0,867.3156771049582
16.2,867.6610915250866
16.4,867.9954006525647
16.6,868.318830113056
16.8,868.631600605404
17.0,868.9339278766644
17.2,869.226022697918
17.4,869.5080908409593
17.6,869.7803330559387
17.8,870.0429450500195
18.0,870.2961174670978
18.2,870.5400358686184
18.4,870.7748807155059
18.6,871.0008273512271
18.8,871.2180459859796
19.0,871.4267016820025
19.2,871.626954339993
19.4,871.8189586866051
19.6,872.0028642630048
19.8,872.1788154144444
20.0,872.3469512808234
20.2,872.5074057881887
20.4,872.6603076411334
20.6,872.8057803160466
20.8,872.9439420551637
21.0,873.0749058613687
21.2,873.1987794936963
21.4,873.3156654634824
21.6,873.4256610311127
21.8,873.5288582033146
22.0,873.6253437309468
22.2,873.7151991072333
22.4,873.7985005663941
22.6,873.8753190826277
22.8,873.9457203694001
23.0,874.0097648789956
23.2,874.0675078022929
23.4,874.1189990687245
23.6,874.1642833463884
23.8,874.2034000422764
24.0,874.2363833025923
24.2,874.2632620131325
24.4,874.2840597997052
24.6,874.2987950285725
24.8,874.3074808068943
25.0,874.3101249831649
25.2,874.3067301476311
25.4,874.2972936326883
25.6,874.2818075132493
25.8,874.2602586070918
26.0,874.2326284751858
26.2,874.1988934220118
26.4,874.1590244958813
26.6,874.1129874892762
26.8,874.060742939224
27.0,874.0022461277357
27.2,873.9374470823263
27.4,873.8662905766515
27.6,873.7887161312905
27.8,873.7046580147096
28.0,873.6140452444434
28.2,873.5168015885363
28.4,873.4128455672818
28.6,873.3020904553086
28.8,873.1844442840573
29.0,873.0598098446955
29.2,872.9280846915208
29.4,872.7891611459032
29.6,872.6429263008158
29.8,872.4892620260063
30.0,872.3280449738604
30.2,872.159146586009
30.4,871.9824331007269
30.6,871.797765561176
30.8,871.6049998245346
31.0,871.4039865720625
31.2,871.1945713201418
31.4,870.9765944323291
31.6,870.749891132458
31.8,870.5142915188167
32.0,870.2696205794255
32.2,870.0156982084309
32.4,869.752339223625
32.6,869.4793533850913
32.8,869.1965454149664
33.0,868.9037150183018
33.2,868.600656904989
33.4,868.2871608127107
33.6,867.9630115308532
33.8,867.6279889253119
34.0,867.2818679640948
34.2,866.9244187436178
34.4,866.5554065155618
34.6,866.1745917141413
34.8,865.7817299836137
35.0,865.376572205827
35.2,864.9588645275892
35.4,864.528348387603
35.6,864.0847605426903
35.8,863.6278330929932
36.0,863.1572935058143
36.2,862.6728646377195
36.4,862.1742647544966
36.6,861.6612075485293
36.8,861.1334021531097
37.0,860.590553153176
37.2,860.0323605919328
37.4,859.4585199727709
37.6,858.8687222558717
37.8,858.2626538488541
38.0,857.6399965907832
38.2,857.0004277288407
38.4,856.3436198869259
38.6,855.6692410254408
38.8,854.9769543914921
39.0,854.266418458735
39.2,853.5372868560769
39.4,852.7892082844609
39.6,852.0218264209616
39.8,851.2347798094399
40.0,850.4277017370405
40.2,849.600220095855
40.4,848.751957229142
40.6,847.8825297615856
40.8,846.9915484132049
41.0,846.078617796726
41.2,845.1433361985263
41.4,844.1852953437274
41.6,843.2040801467481
41.8,842.199268449801
42.0,841.1704307536621
42.2,840.1171299479581
42.4,839.0389210527337
42.6,837.9353509899638
42.8,836.80595841403
43.0,835.650273645378
43.2,834.467818773363
43.4,833.2581080247581
43.6,832.0206485357968
43.8,830.7549417201536
44.0,829.4604854946048
44.2,828.1367777087208
44.4,826.7833212231974
44.6,825.399631188453
44.8,823.9852451816153
45.0,822.5397369511165
45.2,821.0627345727054
45.4,819.5539438114502
45.6,818.0131773790885
45.8,816.4403905407374
46.0,814.8357231283006
46.2,813.1995474381597
46.4,811.5325207237532
46.6,809.8356400610993
46.8,808.1102963219165
47.0,806.3583229265378
47.2,804.5820340949962
47.4,802.7842466252009
47.6,800.9682789699973
47.8,799.1379217174946
48.0,797.2973746202239
48.2,795.4511471197357
48.4,793.6039218329698
48.6,791.7603835563133
48.8,789.9250197461333
49.0,788.1019018045184
49.2,786.2944594364167
49.4,784.5052624478647
49.6,782.7358252803334
49.8,780.9864490940613
50.0,779.2561142545275
