0.0,813.2177285300419
0.2,815.1606075228359
0.4,817.0614130139601
0.6,818.9204217895247
0.8,820.7379241233405
1.0,822.5142243426824
1.2,824.2496413220905
1.4,825.9445089029158
1.6,827.5991762367842
1.8,829.2140080516217
2.0,830.7893848393625
2.2,832.3257029649365
2.4,833.8233746966122
2.6,835.2828281582362
2.8,836.7045072043677
3.0,838.0888712197589
3.2,839.4363948450484
3.4,840.7475676309605
3.6,842.0228936236726
3.8,843.2628908843902
4.0,844.468090946492
4.2,845.6390382139218
4.4,846.7762893047725
4.6,847.8804123442516
4.8,848.9519862114277
5.0,849.9915997443294
5.2,850.9998509081058
5.4,851.9773459310682
5.6,852.9246984134921
5.8,853.842528414105
6.0,854.7314615191726
6.2,855.5921278990772
6.4,856.4251613572084
6.6,857.2311983758963
6.8,858.0108771639951
7.0,858.7648367105728
7.2,859.4937158489907
7.4,860.1981523354598
7.6,860.8787819459399
7.8,861.5362375950209
8.0,862.1711484801635
8.2,862.7841392544237
8.4,863.3758292305046
8.6,863.9468316186985
8.8,864.4977528009974
9.0,865.0291916433514
9.2,865.541738847773
9.4,866.0359763456833
9.6,866.5124767336188
9.8,866.971802752128
10.0,867.4145068084176
10.2,867.8411305430373
10.4,868.2522044406444
10.6,868.6482474846384
10.8,869.0297668552307
11.0,869.3972576702973
11.2,869.7512027681626
11.4,870.0920725312737
11.6,870.4203247495637
11.8,870.7364045221411
12.0,871.0407441958143
12.2,871.3337633388406
12.4,871.6158687481856
12.6,871.8874544884959
12.8,872.1489019609235
13.0,872.4005799998781
13.2,872.6428449957585
13.4,872.876041041682
13.6,873.1005001022278
13.8,873.316542202213
14.0,873.5244756335352
14.2,873.7245971781456
14.4,873.9171923452549
14.6,874.1025356209186
14.8,874.2808907282106
15.0,874.4525108962496
15.2,874.6176391364197
15.4,874.776508524198
15.6,874.9293424850836
15.8,875.0763550832042
16.0,875.217751311267
16.2,875.3537273806011
16.4,875.4844710101387
16.6,875.6101617132621
16.8,875.73097108154
17.0,875.8470630644609
17.2,875.9585942443625
17.4,876.065714105837
17.6,876.1685652989786
17.8,876.2672838959193
18.0,876.36199964017
18.2,876.4528361883672
18.4,876.539911344085
18.6,876.6233372834444
18.8,876.7032207723107
19.0,876.7796633749281
19.2,876.8527616538893
19.4,876.9226073613958
19.6,876.9892876217991
19.8,877.0528851054594
20.0,877.1134781939921
20.2,877.1711411370055
20.4,877.2259442004597
20.6,877.2779538068031
20.8,877.3272326670605
21.0,877.3738399050678
21.2,877.417831174058
21.4,877.4592587658159
21.6,877.4981717126261
21.8,877.5346158822457
22.0,877.56863406613
22.2,877.6002660611456
22.4,877.6295487449978
22.6,877.6565161455981
22.8,877.681199504589
23.0,877.7036273352365
23.2,877.7238254748905
23.4,877.7418171322006
23.6,877.7576229292662
23.8,877.7712609388824
24.0,877.7827467170318
24.2,877.792093330753
24.4,877.7993113815058
24.6,877.8044090241317
24.8,877.807391981493
25.0,877.8082635548573
25.2,877.8070246300726
25.4,877.8036736795655
25.6,877.7982067601675
25.8,877.7906175067706
26.0,877.7808971217769
26.2,877.7690343603049
26.4,877.7550155110866
26.6,877.7388243729774
26.8,877.7204422269795
27.0,877.6998478036681
27.2,877.6770172458878
27.4,877.6519240665745
27.6,877.6245391015441
27.8,877.5948304570728
28.0,877.5627634520861
28.2,877.528300554756
28.4,877.4914013133043
28.6,877.4520222807932
28.8,877.410116933685
29.0,877.3656355839443
29.2,877.3185252844547
29.4,877.268729727521
29.6,877.2161891362313
29.8,877.1608401484581
30.0,877.102615693283
30.2,877.0414448596426
30.4,876.9772527570047
30.6,876.909960367903
30.8,876.8394843921768
31.0,876.7657370827874
31.2,876.6886260731113
31.4,876.6080541956393
31.6,876.523919292051
31.8,876.4361140146693
32.0,876.3445256193476
32.2,876.2490357498871
32.4,876.1495202141388
32.6,876.0458487519962
32.8,875.9378847955508
33.0,875.8254852217427
33.2,875.708500097914
33.4,875.5867724207374
33.6,875.4601378490751
33.8,875.3284244314001
34.0,875.1914523284923
34.2,875.0490335322106
34.4,874.900971581224
34.6,874.7470612746775
34.8,874.5870883848536
35.0,874.4208293699811
35.2,874.2480510884316
35.4,874.0685105156325
35.6,873.8819544651087
35.8,873.6881193151505
36.0,873.4867307426832
36.2,873.2775034659896
36.4,873.0601409980032
36.6,872.8343354119592
36.8,872.5997671212364
37.0,872.3561046752808
37.2,872.1030045735295
37.4,871.8401110992902
37.6,871.5670561755406
37.8,871.283459244621
38.0,870.9889271737811
38.2,870.6830541885237
38.4,870.3654218356461
38.6,870.0355989778315
38.8,869.6931418215722
39.0,869.3375939801239
39.2,868.9684865730878
39.4,868.5853383641031
39.6,868.1876559379926
39.8,867.7749339185585
40.0,867.3466552280541
40.2,866.9022913891746
40.4,866.4413028702102
40.6,865.9631394737895
40.8,865.4672407694144
41.0,864.9530365697424
41.2,864.4199474503216
41.4,863.8673853122194
41.6,863.2947539867095
41.8,862.7014498809061
42.0,862.0868626629458
42.2,861.450375985027
42.4,860.7913682423327
42.6,860.1092133655649
42.8,859.4032816445381
43.0,858.6729405799988
43.2,857.9175557605612
43.4,857.1364917613927
43.6,856.3291130610297
43.8,855.494784972473
44.0,854.6328745844945
44.2,853.7427517088945
44.4,852.8237898292716
44.6,851.875367046723
44.8,850.8968670177669
45.0,849.8876798796915
45.2,848.8472031584646
45.4,847.7748426543101
45.6,846.6700133000609
45.8,845.5321399874258
46.0,844.3606583563841
46.2,843.1550155430203
46.4,841.9146708812546
46.6,840.6390965540917
46.8,839.3277781902271
47.0,837.9802154020833
47.2,836.5959222616233
47.4,835.1744277105987
47.6,833.7152759022135
47.8,832.2180264715527
48.0,830.6822547325056
48.2,829.1075517993233
48.4,827.493524631375
48.6,825.8397960001108
48.8,824.1460043776977
49.0,822.4118037472571
49.2,820.6368633351088
49.4,818.8208672659006
49.6,816.9635141419737
49.8,815.0645165487912
50.0,813.1236004887086
