0.0,772.9870149682948
0.2,775.0930999577241
0.4,777.1631914681182
0.6,779.1983043118288
0.8,781.199410871613
1.0,783.1674400736445
1.2,785.1032766195744
1.4,787.0077604785764
1.6,788.8816866379233
1.8,790.7258051083184
2.0,792.5408211779459
2.2,794.327395907061
2.4,796.086146852924
2.6,797.817649013021
2.8,799.5224359728309
3.0,801.2010012428997
3.2,802.8537997686932
3.4,804.4812495956335
3.6,806.0837336708652
3.8,807.6616017626882
4.0,809.2151724781922
4.2,810.7447353594666
4.4,812.2505530388129
4.6,813.7328634336504
4.8,815.1918819622707
5.0,816.6278037622474
5.2,818.0408058941291
5.4,819.4310495140137
5.6,820.7986819997099
5.8,822.1438390164087
6.0,823.4666465091008
6.2,824.7672226103508
6.4,826.0456794534791
6.6,827.3021248826551
6.8,828.5366640528767
7.0,829.7494009142733
7.2,830.9404395765954
7.4,832.1098855511473
7.6,833.2578468687439
7.8,834.3844350735324
8.0,835.48976609369
8.2,836.5739609910962
8.4,837.6371465930557
8.6,838.6794560100295
8.8,839.7010290440985
9.0,840.7020124935452
9.2,841.6825603594907
9.4,842.6428339609579
9.6,843.5830019650796
9.8,844.5032403393923
10.0,845.4037322333045
10.2,846.2846677958717
10.4,847.1462439369789
10.6,847.9886640389238
10.8,848.8121376252157
11.0,849.6168799931717
11.2,850.4031118166092
11.4,851.1710587246021
11.6,851.9209508619109
11.8,852.6530224363082
12.0,853.3675112576138
12.2,854.0646582728386
12.4,854.7447071014093
12.6,855.4079035740272
12.8,856.0544952782956
13.0,856.6847311138422
13.2,857.2988608592749
13.4,857.8971347529312
13.6,858.4798030890299
13.8,859.0471158305038
14.0,859.5993222394807
14.2,860.1366705261063
14.4,860.6594075161381
14.6,861.167778337518
14.8,861.6620261259238
15.0,862.1423917491198
15.2,862.6091135497785
15.4,863.0624271063082
15.6,863.5025650111174
15.8,863.9297566656567
16.0,864.3442280915078
16.2,864.7462017567441
16.4,865.135896416741
16.6,865.5135269686028
16.8,865.8793043183535
17.0,866.2334352600489
17.2,866.5761223659705
17.4,866.9075638870853
17.6,867.2279536629774
17.8,867.5374810404868
18.0,867.8363308003296
18.2,868.1246830910064
18.4,868.4027133693455
18.6,868.6705923470704
18.8,868.9284859428221
19.0,869.1765552391063
19.2,869.4149564436749
19.4,869.6438408548979
19.6,869.8633548307112
19.8,870.0736397607682
20.0,870.2748320414561
20.2,870.4670630534722
20.4,870.6504591416839
20.6,870.8251415970259
20.8,870.9912266402171
21.0,871.1488254070991
21.2,871.2980439354257
21.4,871.4389831529484
21.6,871.5717388666684
21.8,871.6964017531322
22.0,871.8130573496717
22.2,871.9217860464993
22.4,872.0226630795815
22.6,872.115758524222
22.8,872.2011372892988
23.0,872.278859112108
23.2,872.348978553768
23.4,872.4115449951528
23.6,872.4666026333214
23.8,872.5141904784209
24.0,872.5543423510397
24.2,872.587086879994
24.4,872.6124475005354
24.6,872.6304424529661
24.8,872.6410847816535
25.0,872.6443823344379
25.2,872.6403377624293
25.4,872.6289485201909
25.6,872.610206866306
25.8,872.5840998643348
26.0,872.5506093841592
26.2,872.5097121037238
26.4,872.4613795111786
26.6,872.4055779074346
26.8,872.3422684091433
27.0,872.2714069521152
27.2,872.1929442951954
27.4,872.1068260246199
27.6,872.0129925588772
27.8,871.9113791541064
28.0,871.8019159100701
28.2,871.6845277767441
28.4,871.5591345615749
28.6,871.4256509374645
28.8,871.2839864515491
29.0,871.1340455348537
29.2,870.9757275129103
29.4,870.8089266174478
29.6,870.633531999272
29.8,870.4494277424708
30.0,870.2564928801033
30.2,870.0546014115471
30.4,869.8436223217013
30.6,869.6234196022715
30.8,869.3938522753836
31.0,869.1547744198084
31.2,868.9060352001062
31.4,868.6474788990339
31.6,868.3789449535955
31.8,868.1002679951489
32.0,867.8112778940263
32.2,867.5117998091597
32.4,867.20165424325
32.6,866.8806571040534
32.8,866.5486197724056
33.0,866.2053491776427
33.2,865.850647881118
33.4,865.4843141685504
33.6,865.1061421519778
33.8,864.7159218821134
34.0,864.3134394719351
34.2,863.8984772323487
34.4,863.4708138207847
34.6,863.0302244035823
34.8,862.5764808330083
35.0,862.1093518397367
35.2,861.6286032415768
35.4,861.1339981691867
35.6,860.6252973094399
35.8,860.1022591670226
36.0,859.5646403447314
36.2,859.0121958428124
36.4,858.44467937752
36.6,857.8618437189048
36.8,857.2634410476294
37.0,856.6492233303799
37.2,856.0189427131886
37.4,855.3723519316981
37.6,854.7092047370866
37.8,854.0292563360482
38.0,853.3322638428599
38.2,852.6179867411935
38.4,851.8861873529397
38.6,851.1366313108966
38.8,850.3690880317636
39.0,849.5833311854484
39.2,848.7791391562771
39.4,847.9562954912711
39.6,847.1145893302485
39.8,846.2538158121187
40.0,845.3737764513726
40.2,844.4742794784426
40.4,843.55514013732
40.6,842.6161809335789
40.8,841.6572318257776
41.0,840.6781303530998
41.2,839.6787216920583
41.4,838.6588586351348
41.6,837.6184014843639
41.8,836.5572178531011
42.0,835.4751823695536
42.2,834.3721762760873
42.4,833.248086918874
42.6,832.1028071231058
42.8,830.9362344497655
43.0,829.7482703308274
43.2,828.5388190807389
43.4,827.3077867831221
43.6,826.0550800528065
43.8,824.7806046745616
44.0,823.4842641212321
44.2,822.1659579553647
44.4,820.8255801198508
44.6,819.4630171245726
44.8,818.0781461375099
45.0,816.6708329902294
45.2,815.2409301091159
45.4,813.7882743850822
45.6,812.312684995818
45.8,810.8139611958525
46.0,809.2918800908195
46.2,807.7461944132915
46.4,806.1766303183681
46.6,804.5828852178644
46.8,802.9646256724104
47.0,801.3214853610447
47.2,799.6530631479357
47.4,797.958921265712
47.6,796.238583634482
47.8,794.4915343350162
48.0,792.7172162537133
48.2,790.9150299159012
48.4,789.0843325227426
48.6,787.2244372055137
48.8,785.3346125093485
49.0,783.4140821166732
49.2,781.4620248185474
49.4,779.4775747399826
49.6,777.4598218230501
49.8,775.4078125692693
50.0,773.3205510403759
