0.0,856.1719552031367
0.2,856.8572807116354
0.4,857.5269560915499
0.6,858.1811936200784
0.8,858.8202057756678
1.0,859.4442052100806
1.2,860.0534047184067
1.4,860.6480172070068
1.6,861.2282556593779
1.8,861.794333099944
2.0,862.3464625557824
2.2,862.8848570163042
2.4,863.4097293909156
2.6,863.9212924646991
2.8,864.4197588521538
3.0,864.9053409490496
3.2,865.3782508824559
3.4,865.838700459008
3.6,866.2869011114905
3.8,866.7230638438155
4.0,867.1473991744849
4.2,867.5601170786315
4.4,867.9614269287372
4.6,868.3515374341371
4.8,868.7306565794152
5.0,869.0989915618126
5.2,869.4567487277632
5.4,869.8041335086818
5.6,870.1413503561315
5.8,870.4686026764977
6.0,870.7860927653023
6.2,871.0940217412901
6.4,871.3925894804216
6.6,871.6819945499086
6.8,871.9624341424277
7.0,872.2341040106465
7.2,872.4971984021993
7.4,872.7519099952439
7.6,872.9984298347323
7.8,873.2369472695271
8.0,873.4676498904886
8.2,873.6907234696587
8.4,873.9063519006635
8.6,874.1147171404525
8.8,874.315999152486
9.0,874.5103758514826
9.2,874.6980230498311
9.4,874.879114405764
9.6,875.05382137339
9.8,875.2223131546718
10.0,875.3847566534347
10.2,875.5413164314778
10.4,875.6921546668644
10.6,875.8374311144528
10.8,875.9773030687243
11.0,876.1119253289618
11.2,876.2414501668218
11.4,876.3660272963378
11.6,876.4858038463868
11.8,876.6009243356408
12.0,876.7115306500236
12.2,876.8177620226808
12.4,876.919755016467
12.6,877.0176435089493
12.8,877.1115586799159
13.0,877.2016290013754
13.2,877.2879802300221
13.4,877.3707354021436
13.6,877.4500148309332
13.8,877.5259361061684
14.0,877.5986140962106
14.2,877.6681609522756
14.4,877.7346861149183
14.6,877.7982963226731
14.8,877.859095622782
15.0,877.9171853839439
15.2,877.9726643110108
15.4,878.0256284615531
15.6,878.076171264214
15.8,878.1243835387694
16.0,878.170353517804
16.2,878.2141668699195
16.4,878.2559067243774
16.6,878.2956536970838
16.8,878.333485917824
17.0,878.3694790586449
17.2,878.4037063632891
17.4,878.4362386775807
17.6,878.4671444806631
17.8,878.496489916986
18.0,878.5243388289433
18.2,878.5507527900592
18.4,878.5757911386223
18.6,878.599511011668
18.8,878.6219673792086
19.0,878.6432130786136
19.2,878.6632988490437
19.4,878.6822733658389
19.6,878.7001832747713
19.8,878.7170732260653
20.0,878.7329859080966
20.2,878.7479620806808
20.4,878.762040607865
20.6,878.7752584901353
20.8,878.7876508959647
21.0,878.7992511926134
21.2,878.8100909761118
21.4,878.8202001003496
21.6,878.8296067051982
21.8,878.8383372436024
22.0,878.846416507572
22.2,878.853867653015
22.4,878.8607122233511
22.6,878.8669701718526
22.8,878.8726598826572
23.0,878.8777981904074
23.2,878.8824003984697
23.4,878.886480295691
23.6,878.8900501716546
23.8,878.8931208304025
24.0,878.8957016025895
24.2,878.8978003560435
24.4,878.8994235047081
24.6,878.9005760159465
24.8,878.9012614161886
25.0,878.9014817949108
25.2,878.9012378069361
25.4,878.9005286730511
25.6,878.8993521789359
25.8,878.8977046724086
26.0,878.8955810589911
26.2,878.8929747958022
26.4,878.8898778837927
26.6,878.8862808583382
26.8,878.8821727782081
27.0,878.8775412129353
27.2,878.8723722286132
27.4,878.8666503721502
27.6,878.8603586540163
27.8,878.8534785295194
28.0,878.8459898786516
28.2,878.8378709845512
28.4,878.8290985106277
28.6,878.8196474764015
28.8,878.8094912321136
29.0,878.7986014321608
29.2,878.7869480074226
29.4,878.7744991365381
29.6,878.7612212162065
29.8,878.7470788305759
30.0,878.7320347197985
30.2,878.7160497478262
30.4,878.6990828695248
30.6,878.6810910971906
30.8,878.6620294665515
31.0,878.6418510023404
31.2,878.6205066835272
31.4,878.5979454083023
31.6,878.5741139589039
31.8,878.5489569663819
32.0,878.5224168753953
32.2,878.4944339091396
32.4,878.4649460345047
32.6,878.4338889275585
32.8,878.4011959394612
33.0,878.3667980629069
33.2,878.3306238991964
33.4,878.2925996260404
33.6,878.2526489661951
33.8,878.21069315703
34.0,878.166650921129
34.2,878.1204384380213
34.4,878.0719693171435
34.6,878.0211545721243
34.8,877.9679025964913
35.0,877.9121191408892
35.2,877.8537072918998
35.4,877.7925674525525
35.6,877.7285973246096
35.8,877.6616918927072
36.0,877.5917434104306
36.2,877.5186413883979
36.4,877.4422725844231
36.6,877.3625209958234
36.8,877.2792678539339
37.0,877.1923916208855
37.2,877.1017679886979
37.4,877.0072698807355
37.6,876.9087674555644
37.8,876.8061281132509
38.0,876.6992165041254
38.2,876.5878945400407
38.4,876.4720214081377
38.6,876.3514535871328
38.8,876.2260448661301
39.0,876.0956463659566
39.2,875.9601065630123
39.4,875.8192713156204
39.6,875.6729838928537
39.8,875.5210850058113
40.0,875.3634128413072
40.2,875.1998030979311
40.4,875.0300890244306
40.6,874.8541014603611
40.8,874.6716688789398
41.0,874.4826174320362
41.2,874.2867709972257
41.4,874.0839512268243
41.6,873.8739775988174
41.8,873.6566674695949
42.0,873.4318361283903
42.2,873.1992968533245
42.4,872.9588609689483
42.6,872.7103379051681
42.8,872.4535352574453
43.0,872.1882588481443
43.2,871.914312788911
43.4,871.6314995439549
43.6,871.3396199941064
43.8,871.0384735015207
44.0,870.727857974895
44.2,870.4075699350694
44.4,870.0774045808743
44.6,869.7371558550931
44.8,869.3866165104074
45.0,869.0255781751891
45.2,868.6538314190125
45.4,868.2711658177517
45.6,867.8773700181408
45.8,867.4722318016686
46.0,867.0555381476877
46.2,866.6270752956191
46.4,866.1866288061409
46.6,865.7339836212484
46.8,865.2689241230831
47.0,864.7912341914318
47.2,864.3006972598008
47.4,863.7970963699804
47.6,863.2802142250166
47.8,862.7498332405188
48.0,862.2057355942337
48.2,861.6477032738283
48.4,861.0755181228297
48.6,860.488961884678
48.8,859.8878162448547
49.0,859.2718628710626
49.2,858.6408834514342
49.4,857.9946597307602
49.6,857.3329735447344
49.8,856.6556068522216
50.0,855.9623417655631
