0.0,830.4671139566144
0.2,832.4267544019772
0.4,834.3240845984725
0.6,836.1585071591496
0.8,837.9296377774457
1.0,839.637309919282
1.2,841.2815765995975
1.4,842.8627092787875
1.6,844.381193968929
1.8,845.8377246907523
2.0,847.2331944688274
2.2,848.5686840932844
2.4,849.8454489107285
2.6,851.0649039341577
2.8,852.228607581249
3.0,853.3382443621481
3.2,854.3956068419295
3.4,855.4025771994748
3.6,856.3611086941105
3.8,857.2732073346151
4.0,858.1409140229446
4.2,858.966287418154
4.4,859.7513877354932
4.6,860.4982616625529
4.8,861.2089285396722
5.0,861.8853679165746
5.2,862.5295085623287
5.4,863.1432189720791
5.6,863.7282993823115
5.8,864.2864752773256
6.0,864.8193923435965
6.2,865.3286128061587
6.4,865.8156130622851
6.6,866.2817825126499
6.8,866.7284234788508
7.0,867.1567520884927
7.2,867.5679000047934
7.4,867.9629168765794
7.6,868.3427733862528
7.8,868.7083647774501
8.0,869.0605147502757
8.2,869.3999796197783
8.4,869.7274526423304
8.6,870.0435684244037
8.8,870.3489073385329
9.0,870.6439998817302
9.2,870.9293309219494
9.4,871.2053437881838
9.6,871.4724441692199
9.8,871.7310037948041
10.0,871.9813638809203
10.2,872.2238383279398
10.4,872.4587166665752
10.6,872.686266751826
10.8,872.9067372094839
11.0,873.1203596433086
11.2,873.3273506137382
11.4,873.5279134010564
11.6,873.7222395673468
11.8,873.9105103324339
12.0,874.0928977793952
12.2,874.2695659052373
12.4,874.4406715319917
12.6,874.6063650929299
12.8,874.7667913078276
13.0,874.9220897603202
13.2,875.0723953894154
13.4,875.2178389062035
13.6,875.3585471457767
13.8,875.4946433633503
14.0,875.6262474825935
14.2,875.7534763032522
14.4,875.8764436742721
14.6,875.9952606378322
14.8,876.1100355489696
15.0,876.2208741748178
15.2,876.3278797768979
15.4,876.431153179381
15.6,876.530792825788
15.8,876.6268948261996
16.0,876.7195529967048
16.2,876.8088588925292
16.4,876.8949018360335
16.6,876.9777689405594
16.8,877.0575451309317
17.0,877.1343131612682
17.2,877.2081536306325
17.4,877.2791449969604
17.6,877.347363589606
17.8,877.4128836207886
18.0,877.475777196161
18.2,877.5361143246743
18.4,877.5939629278824
18.6,877.6493888487909
18.8,877.7024558603375
19.0,877.7532256735702
19.2,877.8017579455683
19.4,877.8481102871464
19.6,877.892338270366
19.8,877.9344954358719
20.0,877.9746333000653
20.2,878.0128013621184
20.4,878.0490471108324
20.6,878.0834160313366
20.8,878.1159516116229
21.0,878.1466953489087
21.2,878.1756867558204
21.4,878.2029633663855
21.6,878.2285607418222
21.8,878.2525124761157
22.0,878.2748502013667
22.2,878.295603592901
22.4,878.3148003741263
22.6,878.3324663211235
22.8,878.3486252669594
23.0,878.3632991057095
23.2,878.3765077961795
23.4,878.3882693653105
23.6,878.3985999112638
23.8,878.4075136061695
24.0,878.4150226985327
24.2,878.4211375152897
24.4,878.4258664635054
24.6,878.4292160317069
24.8,878.4311907908487
25.0,878.4317933949035
25.2,878.4310245810778
25.4,878.4288831696501
25.6,878.4253660634301
25.8,878.4204682468413
26.0,878.4141827846257
26.2,878.406500820177
26.4,878.3974115735041
26.6,878.3869023388299
26.8,878.3749584818328
27.0,878.3615634365361
27.2,878.3466987018563
27.4,878.3303438378158
27.6,878.312476461433
27.8,878.2930722422989
28.0,878.2721048978519
28.2,878.2495461883633
28.4,878.2253659116457
28.6,878.1995318974971
28.8,878.1720100018948
29.0,878.1427641009523
29.2,878.111756084651
29.4,878.0789458503641
29.6,878.0442912961805
29.8,878.0077483140444
30.0,877.9692707827215
30.2,877.9288105606006
30.4,877.8863174783409
30.6,877.8417393313695
30.8,877.7950218722355
31.0,877.7461088028185
31.2,877.6949417663899
31.4,877.641460339517
31.6,877.585602023796
31.8,877.5273022373879
32.0,877.4664943063277
32.2,877.4031094555573
32.4,877.337076799623
32.6,877.2683233329554
32.8,877.1967739196284
33.0,877.1223512824608
33.2,877.0449759912909
33.4,876.9645664502063
33.6,876.8810388834578
33.8,876.7943073197159
34.0,876.7042835742477
34.2,876.6108772284887
34.4,876.5139956063631
34.6,876.4135437465617
34.8,876.3094243698059
35.0,876.2015378399228
35.2,876.0897821173065
35.4,875.9740527030517
35.6,875.8542425717073
35.8,875.7302420902062
36.0,875.6019389200727
36.2,875.4692178995012
36.4,875.331960901309
36.6,875.1900466621191
36.8,875.0433505774006
37.0,874.8917444561995
37.2,874.7350962285268
37.4,874.5732695974452
37.6,874.4061236269204
37.8,874.2335122554881
38.0,874.0552837247624
38.2,873.8712799107925
38.4,873.6813355453041
38.6,873.4852773129719
38.8,873.2829228101178
39.0,873.0740793496528
39.2,872.8585425967664
39.4,872.6360950198601
39.6,872.4065041416101
39.8,872.1695205758976
40.0,871.9248758377607
40.2,871.672279915545
40.4,871.4114185971844
40.6,871.1419505460561
40.8,870.8635041262053
41.0,870.5756739819664
41.2,870.2780173831376
41.4,869.9700503538868
41.6,869.6512436114618
41.8,869.3210183494651
42.0,868.9787419098315
42.2,868.6237233975775
42.4,868.2552093026701
42.6,867.8723792037677
42.8,867.4743416388301
43.0,867.0601302373705
43.2,866.6287002180637
43.4,866.1789253631624
43.6,865.7095955873049
43.8,865.2194152224116
44.0,864.707002142073
44.2,864.1708878477413
44.4,863.6095186348269
44.6,863.021257949168
44.8,862.404390033092
45.0,861.7571249452923
45.2,861.0776050199888
45.4,860.3639128084228
45.6,859.61408051989
45.8,858.8261009505952
46.0,857.9979398571078
46.2,857.127549697739
46.4,856.2128846304912
46.6,855.2519166211893
46.8,854.2426524809316
47.0,853.1831516190937
47.2,852.0715442677882
47.4,850.9060499069737
47.6,849.6849955972699
47.8,848.4068339109077
48.0,847.0701601408999
48.2,845.67372846512
48.4,844.2164667459928
48.6,842.697489658212
48.8,841.1161098563437
49.0,839.4718469211829
49.2,837.7644338578756
49.4,835.9938209594442
49.6,834.1601768956058
49.8,832.2638869375602
50.0,830.3055482835377
