0.0,819.9330987645595
0.2,821.8465449697995
0.4,823.7147864953672
0.6,825.5379482221696
0.8,827.3161877383739
1.0,829.0496966099828
1.2,830.7387014295324
1.4,832.3834646375144
1.6,833.9842851130704
1.8,835.5414985324542
2.0,837.0554774956953
2.2,838.5266314238055
2.4,839.9554062307185
2.6,841.3422837759387
2.8,842.6877811055604
3.0,843.9924494909072
3.2,845.2568732755001
3.4,846.4816685423924
3.6,847.6674816150942
3.8,848.8149874063288
4.0,849.9248876297391
4.2,850.9979088903495
4.4,852.0348006701247
4.6,853.0363332253233
4.8,854.0032954125326
5.0,854.9364924602953
5.2,855.8367437031046
5.4,856.7048802942556
5.6,857.5417429136064
5.8,858.3481794857383
6.0,859.1250429233145
6.2,859.8731889096338
6.4,860.5934737334868
6.6,861.2867521884317
6.8,861.9538755475671
7.0,862.5956896237683
7.2,863.2130329242113
7.4,863.8067349068391
7.6,864.3776143452376
7.8,864.9264778072096
8.0,865.4541182511622
8.2,865.9613137432784
8.4,866.4488262973376
8.6,866.9174008379814
8.8,867.367764287213
9.0,867.8006247729708
9.2,868.2166709577349
9.4,868.6165714843185
9.6,869.0009745352623
9.8,869.3705075016055
10.0,869.7257767562265
10.2,870.0673675264701
10.4,870.3958438603589
10.6,870.7117486803719
10.8,871.0156039185118
11.0,871.307910726219
11.2,871.5891497525791
11.4,871.8597814842391
11.6,872.1202466404691
11.8,872.3709666168953
12.0,872.6123439715568
12.2,872.8447629471266
12.4,873.0685900233555
12.6,873.2841744940553
12.8,873.4918490632217
13.0,873.6919304552117
13.2,873.8847200342137
13.4,874.0705044285951
13.6,874.249556156063
13.8,874.4221342459264
14.0,874.5884848551082
14.2,874.7488418749087
14.4,874.9034275258643
14.6,875.0524529383874
14.8,875.1961187171969
15.0,875.334615487857
15.2,875.468124424042
15.4,875.5968177544166
15.6,875.7208592482862
15.8,875.8404046794059
16.0,875.9556022675637
16.2,876.066593097748
16.4,876.173511516893
16.6,876.2764855083598
16.8,876.3756370444466
17.0,876.471082417355
17.2,876.5629325491353
17.4,876.6512932812349
17.6,876.7362656443383
17.8,876.8179461092568
18.0,876.896426819662
18.2,876.9717958075008
18.4,877.0441371919472
18.6,877.1135313627589
18.8,877.1800551489127
19.0,877.243781973388
19.2,877.3047819949534
19.4,877.3631222377988
19.6,877.4188667098309
19.8,877.4720765104211
20.0,877.5228099283729
20.2,877.5711225308338
20.4,877.6170672438483
20.6,877.6606944252126
20.8,877.7020519302527
21.0,877.7411851711112
21.2,877.7781371700934
21.4,877.8129486075817
21.6,877.8456578649983
21.8,877.8763010632521
22.0,877.9049120970808
22.2,877.9315226656602
22.4,877.9561622998218
22.6,877.9788583861939
22.8,877.9996361885474
23.0,878.0185188666022
23.2,878.0355274925296
23.4,878.0506810653494
23.6,878.0639965234132
23.8,878.0754887551294
24.0,878.0851706080764
24.2,878.0930528966219
24.4,878.0991444081557
24.6,878.1034519080199
24.8,878.1059801432091
25.0,878.1067318448908
25.2,878.1057077297882
25.4,878.1029065004454
25.6,878.0983248443866
25.8,878.0919574321583
26.0,878.0837969142374
26.2,878.0738339167657
26.4,878.0620570360608
26.6,878.0484528318324
26.8,878.0330058190228
27.0,878.0156984581678
27.2,877.9965111441568
27.4,877.975422193256
27.6,877.9524078282324
27.8,877.9274421613977
28.0,877.9004971753702
28.2,877.8715427013249
28.4,877.8405463944786
28.6,877.8074737065311
28.8,877.7722878547513
29.0,877.734949787371
29.2,877.6954181449161
29.4,877.6536492170732
29.6,877.609596894653
29.8,877.5632126161815
30.0,877.514445308611
30.2,877.4632413216069
30.4,877.4095443548299
30.6,877.3532953775975
30.8,877.2944325402703
31.0,877.2328910766737
31.2,877.1686031968334
31.4,877.1014979692673
31.6,877.0315011920507
31.8,876.9585352518425
32.0,876.8825189700397
32.2,876.8033674352102
32.4,876.7209918209428
32.6,876.6352991882484
32.8,876.5461922716509
33.0,876.4535692481188
33.2,876.3573234880109
33.4,876.2573432872425
33.6,876.1535115799272
33.8,876.0457056308055
34.0,875.9337967068482
34.2,875.8176497275102
34.4,875.6971228932181
34.6,875.5720672917957
34.8,875.442326482677
35.0,875.3077360589117
35.2,875.1681231871537
35.4,875.0233061260165
35.6,874.8730937234029
35.8,874.7172848936526
36.0,874.5556680756089
36.2,874.3880206729818
36.4,874.214108478679
36.6,874.0336850850812
36.8,873.8464912825668
37.0,873.6522544489214
37.2,873.4506879326124
37.4,873.2414904332616
37.6,873.0243453830032
37.8,872.7989203327625
38.0,872.5648663478485
38.2,872.3218174175852
38.4,872.0693898840384
38.6,871.807181895202
38.8,871.5347728882875
39.0,871.2517231090219
39.2,870.9575731730732
39.4,870.6518436759071
39.6,870.334034857507
39.8,870.003626328477
40.0,869.6600768640678
40.2,869.3028242726319
40.4,868.9312853449117
40.6,868.5448558903861
40.8,868.1429108666613
41.0,867.7248046075542
41.2,867.2898711551265
41.4,866.8374247004272
41.6,866.3667601371452
41.8,865.8771537317218
42.0,865.3678639127438
42.2,864.8381321816389
42.4,864.2871841458156
42.6,863.7142306744505
42.8,863.1184691761196
43.0,862.4990849964089
43.2,861.8552529325461
43.4,861.1861388609461
43.6,860.4909014724074
43.8,859.7686941085177
44.0,859.0186666916511
44.2,858.2399677397735
44.4,857.4317464561381
44.6,856.5931548828526
44.8,855.723350106259
45.0,854.8214965010892
45.2,853.886767999474
45.4,852.9183503700834
45.6,851.9154434919932
45.8,850.8772636073122
46.0,849.8030455361722
46.2,848.6920448373967
46.4,847.5435398980318
46.6,846.3568339349492
46.8,845.131256891913
47.0,843.8661672158696
47.2,842.5609534967375
47.4,841.2150359556737
47.6,839.8278677676514
47.8,838.3989362052081
48.0,836.9277635913976
48.2,835.4139080512996
48.4,833.8569640528991
48.6,832.2565627297184
48.8,830.6123719792696
49.0,828.9240963331641
49.2,827.1914765965631
49.4,825.4142892565394
49.6,823.592345660858
49.8,821.7254909706164
50.0,819.8136028921193
