0.0,714.9798505700687
0.2,716.6790055817149
0.4,718.493481612414
0.6,720.4132604730542
0.8,722.4249248790893
1.0,724.51324704234
1.2,726.6628160461598
1.4,728.8593452843527
1.6,731.0904669553827
1.8,733.3460047477121
2.0,735.6178483224028
2.2,737.899604921448
2.4,740.1861860313858
2.6,742.4734334310854
2.8,744.7578315213726
3.0,747.036310811974
3.2,749.306125623184
3.4,751.5647831400016
3.6,753.810003844346
3.8,756.0396991976463
4.0,758.251957935202
4.2,760.4450362734999
4.4,762.617349726106
4.6,764.7674655066253
4.8,766.8940951156004
5.0,768.9960869793417
5.2,771.072419117181
5.4,773.1221918528652
5.6,775.1446205978766
5.8,777.1390287366611
6.0,779.1048406425462
6.2,781.0415748508018
6.4,782.9488374125968
6.6,784.8263154507786
6.8,786.6737709355479
7.0,788.4910346952719
7.2,790.2780006748985
7.4,792.0346204517484
7.6,793.7608980158775
7.8,795.4568848197606
8.0,797.1226750997486
8.2,798.7584014696182
8.4,800.3642307845857
8.6,801.940360272377
8.8,803.4870139263688
9.0,805.0044391544202
9.2,806.4929036758073
9.4,807.9526926576561
9.6,809.3841060814191
9.8,810.7874563292745
10.0,812.1630659798113
10.2,813.5112658020024
10.4,814.832392936244
10.6,816.1267892511444
10.8,817.3947998647596
11.0,818.6367718190936
11.2,819.8530528968838
11.4,821.0439905699774
11.6,822.2099310689462
11.8,823.3512185639871
12.0,824.4681944475943
12.2,825.5611967099574
12.4,826.6305593985358
12.6,827.6766121537621
12.8,828.6996798133443
13.0,829.7000820781442
13.2,830.6781332331213
13.4,831.6341419173266
13.6,832.5684109374082
13.8,833.4812371195616
14.0,834.3729111952938
14.2,835.2437177167977
14.4,836.0939349981223
14.6,836.9238350787057
14.8,837.7336837061785
15.0,838.5237403356685
15.2,839.2942581431405
15.4,840.0454840505671
15.6,840.777658760992
15.8,841.491016801759
16.0,842.185786574399
16.2,842.8621904098475
16.4,843.5204446278327
16.6,844.1607595994299
16.8,844.7833398119059
17.0,845.3883839351018
17.2,845.976084888706
17.4,846.5466299098623
17.6,847.1002006206443
17.8,847.6369730949954
18.0,848.1571179248006
18.2,848.6608002848083
18.4,849.1481799961729
18.6,849.6194115884261
18.8,850.0746443597241
19.0,850.5140224352468
19.2,850.9376848236551
19.4,851.3457654715295
19.6,851.7383933157384
19.8,852.1156923336982
20.0,852.4777815915003
20.2,852.8247752898934
20.4,853.1567828081195
20.6,853.4739087456079
20.8,853.776252961539
21.0,854.0639106122951
21.2,854.336972186822
21.4,854.5955235399206
21.6,854.8396459235009
21.8,855.0694160158229
22.0,855.2849059487546
22.2,855.4861833330792
22.4,855.6733112818772
22.6,855.8463484320162
22.8,856.005348963776
23.0,856.1503626186354
23.2,856.2814347152489
23.4,856.398606163636
23.6,856.5019134776068
23.8,856.591388785445
24.0,856.6670598388671
24.2,856.7289500202726
24.4,856.7770783483029
24.6,856.8114594817175
24.8,856.8321037215977
25.0,856.8390170118869
25.2,856.8322009382675
25.4,856.8116527253811
25.6,856.7773652323865
25.8,856.7293269468553
26.0,856.6675219769978
26.2,856.5919300422108
26.4,856.5025264619368
26.6,856.3992821428199
26.8,856.2821635641446
27.0,856.1511327615398
27.2,856.0061473089235
27.4,855.8471602986746
27.6,855.6741203199989
27.8,855.4869714354716
28.0,855.2856531557243
28.2,855.0701004122513
28.4,854.8402435283058
28.6,854.596008187855
28.8,854.3373154025678
29.0,854.0640814768009
29.2,853.7762179705572
29.4,853.4736316603883
29.6,853.1562244982117
29.8,852.8238935680226
30.0,852.4765310404756
30.2,852.11402412532
30.4,851.7362550216767
30.6,851.3431008661487
30.8,850.9344336787683
31.0,850.5101203067866
31.2,850.0700223663296
31.4,849.6139961819508
31.6,849.1418927241277
31.8,848.6535575447679
32.0,848.1488307108107
32.2,847.6275467360306
32.4,847.0895345111832
32.6,846.5346172326597
32.8,845.962612329859
33.0,845.3733313915259
33.2,844.7665800913549
33.4,844.1421581132166
33.6,843.4998590764299
33.8,842.8394704615708
34.0,842.160773537406
34.2,841.4635432896213
34.4,840.7475483521334
34.6,840.0125509418925
34.8,839.2583067982176
35.0,838.484565127864
35.2,837.6910685571935
35.4,836.8775530930044
35.6,836.0437480937921
35.8,835.1893762534429
36.0,834.3141535996165
36.2,833.4177895093538
36.4,832.4999867447486
36.6,831.560441511846
36.8,830.5988435462947
37.0,829.6148762296468
37.2,828.6082167406136
37.4,827.5785362460077
37.6,826.5255001365608
37.8,825.4487683132714
38.0,824.3479955304355
38.2,823.2228318020174
38.4,822.0729228785345
38.6,820.8979108021564
38.8,819.6974345482425
39.0,818.4711307620656
39.2,817.2186345999651
39.4,815.9395806846701
39.6,814.6336041849754
39.8,813.3003420303708
40.0,811.9394342715815
40.2,810.5505255982746
40.4,809.133267025407
40.6,807.6873177598227
40.8,806.2123472587368
41.0,804.7080374916624
41.2,803.174085417126
41.4,801.6102056851662
41.6,800.0161335761135
41.8,798.3916281854832
42.0,796.7364758639827
42.2,795.0504939206199
42.4,793.3335345957026
42.6,791.5854893091297
42.8,789.8062931877963
43.0,787.9959298741688
43.2,786.154436616129
43.4,784.2819096360575
43.6,782.3785097748289
43.8,780.4444684039385
44.0,778.4800935963987
44.2,776.4857765443446
44.4,774.4619982085062
44.6,772.4093361818618
44.8,770.328471746926
45.0,768.2201971032881
45.2,766.0854227393069
45.4,763.9251849195168
45.6,761.7406532580735
45.8,759.5331383506522
46.0,757.3040994490148
46.2,755.0551522008858
46.4,752.7880765841671
46.6,750.5048254304428
46.8,748.2075345392683
47.0,745.8985366430946
47.2,743.5803838313689
47.4,741.2558869068481
47.6,738.9281855313219
47.8,736.6008687526813
48.0,734.278168337376
48.2,731.9652415244975
48.4,729.6685384142363
48.6,727.3962079805185
48.8,725.1584403587754
49.0,722.9675904779023
49.2,720.8379110353088
49.4,718.7847735493036
49.6,716.8233861719933
49.8,714.9671975918724
50.0,713.2263389289295
