0.0,800.6467618686341
0.2,802.6914321674444
0.4,804.696098964931
0.6,806.6611420410215
0.8,808.5869444898424
1.0,810.4738928624129
1.2,812.3223772942132
1.4,814.1327916170609
1.6,815.9055334547924
1.8,817.64100430232
2.0,819.3396095876994
2.2,821.0017587169187
2.4,822.6278651011855
2.6,824.2183461665704
2.8,825.7736233459273
3.0,827.2941220530898
3.2,828.7802716394152
3.4,830.2325053328121
3.6,831.6512601594635
3.8,833.0369768485224
4.0,834.3900997201234
4.2,835.7110765571143
4.4,837.0003584609789
4.6,838.2583996924731
4.8,839.4856574975595
5.0,840.6825919192692
5.2,841.849665596174
5.4,842.9873435481948
5.6,844.0960929505118
5.8,845.176382896381
6.0,846.2286841496917
6.2,847.2534688881302
6.4,848.2512104378372
6.6,849.22238300047
6.8,850.1674613735896
7.0,851.0869206653119
7.2,851.9812360041618
7.4,852.8508822450767
7.6,853.6963336725041
7.8,854.518063701527
8.0,855.3165445779503
8.2,856.0922470782597
8.4,856.8456402103527
8.6,857.5771909159195
8.8,858.2873637753261
9.0,858.9766207158285
9.2,859.6454207239141
9.4,860.2942195625347
9.6,860.9234694939618
9.8,861.5336190089549
10.0,862.1251125629004
10.2,862.698390319527
10.4,863.2538879027745
10.6,863.7920361573377
10.8,864.3132609183701
11.0,864.8179827907824
11.2,865.3066169385252
11.4,865.7795728842045
11.6,866.2372543193219
11.8,866.6800589253961
12.0,867.1083782061696
12.2,867.5225973310615
12.4,867.9230949899837
12.6,868.3102432595916
12.8,868.6844074810023
13.0,869.0459461489673
13.2,869.3952108124514
13.4,869.7325459865269
13.6,870.0582890754606
13.8,870.372770306833
14.0,870.6763126764961
14.2,870.9692319041475
14.4,871.2518363992685
14.6,871.5244272371458
14.8,871.787298144673
15.0,872.040735495605
15.2,872.2850183149184
15.4,872.5204182919114
15.6,872.7471998016595
15.8,872.9656199344332
16.0,873.1759285326655
16.2,873.3783682350526
16.4,873.5731745273588
16.6,873.7605757994912
16.8,873.9407934084077
17.0,874.1140417464142
17.2,874.2805283144107
17.4,874.4404537996438
17.6,874.5940121575234
17.8,874.7413906970695
18.0,874.8827701695565
18.2,875.0183248599262
18.4,875.1482226805547
18.6,875.2726252669576
18.8,875.3916880750357
19.0,875.5055604794655
19.2,875.614385872855
19.4,875.7183017652942
19.6,875.8174398839417
19.8,875.9119262723005
20.0,876.0018813888518
20.2,876.0874202047237
20.4,876.1686523000905
20.6,876.2456819590062
20.8,876.318608262396
21.0,876.3875251789343
21.2,876.4525216535621
21.4,876.5136816934
21.6,876.571084450834
21.8,876.6248043035591
22.0,876.6749109313853
22.2,876.7214693896142
22.4,876.7645401788175
22.6,876.804179310853
22.8,876.8404383709699
23.0,876.8733645758674
23.2,876.9030008275776
23.4,876.9293857630624
23.6,876.9525537994191
23.8,876.972535174601
24.0,876.9893559835754
24.2,877.0030382098415
24.4,877.0135997522535
24.6,877.0210544470904
24.8,877.0254120853364
25.0,877.0266784251376
25.2,877.0248551994106
25.4,877.0199401185929
25.6,877.0119268685296
25.8,877.0008051035014
26.0,876.9865604344095
26.2,876.9691744121416
26.4,876.9486245061522
26.6,876.9248840783016
26.8,876.897922352004
27.0,876.8677043767511
27.2,876.8341909880811
27.4,876.7973387630781
27.6,876.7570999714944
27.8,876.7134225226013
28.0,876.6662499078814
28.2,876.6155211396925
28.4,876.5611706860387
28.6,876.5031284015987
28.8,876.4413194551748
29.0,876.3756642537355
29.2,876.3060783632392
29.4,876.2324724264382
29.6,876.1547520778774
29.8,876.0728178563104
30.0,875.9865651147744
30.2,875.8958839285771
30.4,875.8006590014586
30.6,875.7007695702118
30.8,875.5960893080501
31.0,875.4864862270314
31.2,875.3718225798582
31.4,875.2519547613833
31.6,875.126733210168
31.8,874.9960023104503
32.0,874.8596002948893
32.2,874.7173591484692
32.4,874.5691045139499
32.6,874.4146555992656
32.8,874.2538250872819
33.0,874.0864190483252
33.2,873.9122368559101
33.4,873.7310711060951
33.6,873.5427075408976
33.8,873.3469249762104
34.0,873.1434952346541
34.2,872.9321830838076
34.4,872.7127461802556
34.6,872.4849350198868
34.8,872.2484928948736
35.0,872.0031558577596
35.2,871.7486526930693
35.4,871.4847048968453
35.6,871.2110266645074
35.8,870.9273248874129
36.0,870.6332991584786
36.2,870.3286417872127
36.4,870.0130378244748
36.6,869.6861650972703
36.8,869.3476942538521
37.0,868.9972888193794
37.2,868.6346052623556
37.4,868.2592930720338
37.6,867.8709948469452
37.8,867.469346394677
38.0,867.0539768429817
38.2,866.6245087622672
38.4,866.1805582994768
38.6,865.7217353233261
38.8,865.2476435808211
39.0,864.7578808649412
39.2,864.2520391933245
39.4,863.7297049977469
39.6,863.1904593241438
39.8,862.6338780428757
40.0,862.0595320688917
40.2,861.4669875914019
40.4,860.8558063126219
40.6,860.2255456951061
40.8,859.5757592171483
41.0,858.9059966356748
41.2,858.2158042560231
41.4,857.5047252079523
41.6,856.7722997271937
41.8,856.018065441816
42.0,855.2415576626399
42.2,854.4423096769099
42.4,853.619853044396
42.6,852.7737178950782
42.8,851.9034332275365
43.0,851.008527207151
43.2,850.088527463203
43.4,849.1429613839514
43.6,848.171356408749
43.8,847.1732403162616
44.0,846.148141507846
44.2,845.0955892851526
44.4,844.0151141210181
44.6,842.9062479227306
44.8,841.7685242867627
45.0,840.6014787440872
45.2,839.4046489952161
45.4,838.1775751341316
45.6,836.9197998603094
45.8,835.6308686780712
46.0,834.3103300825476
46.2,832.9577357315695
46.4,831.5726406028648
46.6,830.1546031359767
46.8,828.7031853583883
47.0,827.2179529953827
47.2,825.6984755632399
47.4,824.1443264454281
47.6,822.5550829515151
47.8,820.9303263585941
48.0,819.269641935084
48.2,817.5726189468402
48.4,815.8388506455759
48.6,814.0679342396736
48.8,812.2594708475328
49.0,810.4130654336763
49.2,808.528326727905
49.4,806.6048671278668
49.6,804.6423025854691
49.8,802.6402524776385
50.0,800.5983394619915
