0.0,865.5807973183028
0.2,866.1413070466398
0.4,866.6850721181416
0.6,867.2123070821752
0.8,867.7232324208218
1.0,868.2180745591422
1.2,868.6970658437044
1.4,869.160444489453
1.6,869.6084544951996
1.8,870.0413455282028
2.0,870.4593727784903
2.2,870.8627967837576
2.4,871.2518832258495
2.6,871.626902699994
2.8,871.9881304581147
3.0,872.3358461276862
3.2,872.6703334077337
3.4,872.9918797436924
3.6,873.3007759829495
3.8,873.5973160129806
4.0,873.8817963840715
4.2,874.1545159186751
4.4,874.415775309501
4.6,874.6658767084659
4.8,874.9051233086504
5.0,875.1338189214075
5.2,875.3522675507548
5.4,875.5607729671575
5.6,875.759638282764
5.8,875.9491655301075
6.0,876.1296552462146
6.2,876.3014060639888
6.4,876.4647143126504
6.6,876.6198736289094
6.8,876.767174580452
7.0,876.9069043031994
7.2,877.039346153686
7.4,877.1647793777704
7.6,877.2834787967756
7.8,877.3957145120108
8.0,877.5017516285035
8.2,877.6018499986312
8.4,877.6962639862098
8.6,877.7852422514636
8.8,877.8690275571709
9.0,877.9478565961505
9.2,878.0219598401362
9.4,878.0915614099613
9.6,878.1568789668664
9.8,878.2181236246361
10.0,878.2754998821688
10.2,878.3292055759921
10.4,878.3794318521461
10.6,878.4263631567848
10.8,878.4701772447689
11.0,878.5110452054678
11.2,878.5491315049256
11.4,878.5845940435086
11.6,878.6175842281067
11.8,878.6482470579343
12.0,878.6767212229535
12.2,878.7031392139231
12.4,878.7276274430772
12.6,878.7503063744227
12.8,878.7712906626658
13.0,878.7906892997739
13.2,878.8086057682057
13.4,878.8251381998577
13.6,878.8403795398076
13.8,878.8544177139572
14.0,878.867335799721
14.2,878.8792121989336
14.4,878.8901208121989
14.6,878.900131213938
14.8,878.9093088274421
15.0,878.9177150992766
15.2,878.9254076724355
15.4,878.932440557685
15.6,878.9388643025873
15.8,878.9447261577368
16.0,878.9500702397943
16.2,878.9549376909412
16.4,878.9593668344281
16.6,878.9633933259292
16.8,878.9670503004585
17.0,878.9703685146407
17.2,878.9733764841727
17.4,878.97610061634
17.6,878.9785653374913
17.8,878.9807932154063
18.0,878.9828050765171
18.2,878.9846201179761
18.4,878.9862560145824
18.6,878.9877290206081
18.8,878.9890540665787
19.0,878.9902448510883
19.2,878.9913139277401
19.4,878.9922727873196
19.6,878.993131935321
19.8,878.993900964955
20.0,878.994588625778
20.2,878.9952028880867
20.4,878.9957510032286
20.6,878.9962395599828
20.8,878.9966745371678
21.0,878.9970613526334
21.2,878.9974049087948
21.4,878.9977096348629
21.6,878.9979795259275
21.8,878.9982181790427
22.0,878.99842882646
22.2,878.9986143661515
22.4,878.9987773897622
22.6,878.9989202081165
22.8,878.999044874408
23.0,878.9991532051853
23.2,878.9992467992458
23.4,878.9993270545385
23.6,878.9993951831674
23.8,878.9994522245843
24.0,878.9994990570447
24.2,878.999536407397
24.4,878.999564859263
24.6,878.99958485966
24.8,878.9995967241066
25.0,878.9996006402436
25.2,878.9995966699942
25.4,878.9995847502744
25.6,878.9995646922616
25.8,878.9995361792148
26.0,878.9994987628312
26.2,878.999451858119
26.4,878.9993947367514
26.6,878.9993265188616
26.8,878.9992461632274
27.0,878.9991524557861
27.2,878.9990439964114
27.4,878.9989191838755
27.6,878.9987761989095
27.8,878.9986129852696
28.0,878.9984272287055
28.2,878.9982163337229
28.4,878.9979773980214
28.6,878.9977071844836
28.8,878.9974020905858
29.0,878.997058115091
29.2,878.9966708218853
29.4,878.9962353008059
29.6,878.995746125312
29.8,878.9951973068462
30.0,878.9945822457234
30.2,878.9938936783944
30.4,878.9931236209239
30.6,878.9922633085235
30.8,878.9913031309878
31.0,878.9902325638794
31.2,878.989040095317
31.4,878.9877131482282
31.6,878.986237997933
31.8,878.9845996849408
32.0,878.9827819228494
32.2,878.9807670012517
32.4,878.9785356835731
32.6,878.9760670997788
32.8,878.9733386339095
33.0,878.9703258064317
33.2,878.9670021514083
33.4,878.9633390885242
33.6,878.9593057900328
33.8,878.9548690427172
34.0,878.9499931049979
34.2,878.9446395593503
34.4,878.9387671602352
34.6,878.932331677787
34.8,878.9252857375403
35.0,878.9175786565247
35.2,878.9091562760963
35.4,878.8999607919237
35.6,878.8899305815903
35.8,878.8790000303198
36.0,878.8670993553841
36.2,878.8541544297929
36.4,878.8400866059137
36.6,878.8248125397175
36.8,878.8082440163867
37.0,878.790287778063
37.2,878.77084535456
37.4,878.7498128978922
37.6,878.7270810215139
37.8,878.7025346451906
38.0,878.6760528464482
38.2,878.6475087195729
38.4,878.6167692431452
38.6,878.5836951571077
38.8,878.548140850369
39.0,878.5099542599462
39.2,878.4689767826378
39.4,878.4250432002093
39.6,878.377981619044
39.8,878.3276134251906
40.0,878.2737532556914
40.2,878.2162089870372
40.4,878.1547817415376
40.6,878.0892659123325
40.8,878.0194492077028
41.0,877.9451127152598
41.2,877.8660309865069
41.4,877.7819721421729
41.6,877.6926979986202
41.8,877.5979642155205
42.0,877.4975204648795
42.2,877.391110621376
42.4,877.278472973855
42.6,877.1593404576898
42.8,877.0334409075986
43.0,876.9004973303646
43.2,876.7602281967849
43.4,876.6123477520256
43.6,876.4565663434432
43.8,876.2925907647876
44.0,876.1201246155814
44.2,875.9388686743458
44.4,875.7485212842191
44.6,875.5487787494058
44.8,875.3393357407878
45.0,875.1198857089281
45.2,874.890121302617
45.4,874.6497347910239
45.6,874.3984184874612
45.8,874.1358651727058
46.0,873.8617685157848
46.2,873.5758234901059
46.4,873.2777267827977
46.6,872.9671771951254
46.8,872.6438760318663
47.0,872.3075274775551
47.2,871.9578389575622
47.4,871.5945214820202
47.6,871.2172899706987
47.8,870.8258635570103
48.0,870.4199658694396
48.2,869.9993252888029
48.4,869.5636751798766
48.6,869.1127540960757
48.8,868.6463059560158
49.0,868.164080190955
49.2,867.6658318622858
49.4,867.1513217484226
49.6,866.6203164006182
49.8,866.0725881674322
50.0,865.5079151877638
