0.0,834.0144708479252
0.2,836.0341085226262
0.4,837.9749164706793
0.6,839.8357734962232
0.8,841.6160601752151
1.0,843.3156615810377
1.2,844.934960007829
1.4,846.4748181843299
1.6,847.9365537399761
1.8,849.3219059176306
2.0,850.6329957155909
2.2,851.8722807794896
2.4,853.0425064492009
2.6,854.1466543962925
2.8,855.1878902658032
3.0,856.1695116663957
3.2,857.0948977413514
3.4,857.9674614070187
3.6,858.790605173792
3.8,859.5676812765172
4.0,860.3019566454219
4.2,860.9965830537617
4.4,861.6545725920446
4.6,862.2787784474058
4.8,862.8718808155883
5.0,863.4363776456662
5.2,863.9745798162694
5.4,864.4886102673543
5.6,864.9804065629545
5.8,865.4517263362096
6.0,865.9041550657853
6.2,866.339115649484
6.4,866.7578792728982
6.6,867.1615771147569
6.8,867.5512124825982
7.0,867.9276730292052
7.2,868.291742758881
7.4,868.6441135905411
7.6,868.9853962996895
7.8,869.3161307120408
8.0,869.6367950667518
8.2,869.9478145062812
8.4,870.2495686825552
8.6,870.5423984954202
8.8,870.8266119996673
9.0,871.1024895316895
9.2,871.3702881167596
9.4,871.6302452236542
9.6,871.8825819356593
9.8,872.1275056065523
10.0,872.3652120676294
10.2,872.5958874478379
10.4,872.8197096640561
10.6,873.0368496330126
10.8,873.247472250551
11.0,873.451737178221
11.2,873.6497994716915
11.4,873.841810080383
11.6,874.0279162430732
11.8,874.2082618000923
12.0,874.3829874391073
12.2,874.5522308883664
12.4,874.7161270686222
12.6,874.8748082127323
12.8,875.0284039600831
13.0,875.1770414314839
13.2,875.3208452889497
13.4,875.4599377838139
13.6,875.5944387958349
13.8,875.7244658653493
14.0,875.8501342200452
14.2,875.9715567975632
14.4,876.0888442648483
14.6,876.2021050349587
14.8,876.3114452818738
15.0,876.4169689537214
15.2,876.5187777847466
15.4,876.6169713062803
15.6,876.7116468569054
15.8,876.8028995919834
16.0,876.8908224926715
16.2,876.9755063745353
16.4,877.0570398958447
16.6,877.1355095656282
16.8,877.2109997515403
17.0,877.2835926875966
17.2,877.3533684818176
17.4,877.4204051238106
17.6,877.4847784923224
17.8,877.5465623627808
18.0,877.605828414841
18.2,877.6626462399489
18.4,877.7170833489283
18.6,877.7692051795938
18.8,877.8190751043894
19.0,877.8667544380495
19.2,877.9123024452746
19.4,877.9557763484128
19.6,877.9972313351352
19.8,878.0367205660935
20.0,878.0742951825414
20.2,878.1100043139052
20.4,878.1438950852853
20.6,878.1760126248698
20.8,878.2064000712389
21.0,878.2350985805417
21.2,878.2621473335236
21.4,878.2875835423836
21.6,878.3114424574399
21.8,878.3337573735836
22.0,878.3545596365004
22.2,878.3738786486377
22.4,878.3917418748996
22.6,878.4081748480502
22.8,878.4232011738062
23.0,878.436842535602
23.2,878.44911869901
23.4,878.4600475158011
23.6,878.4696449276311
23.8,878.4779249693388
24.0,878.484899771845
24.2,878.49057956464
24.4,878.4949726778528
24.6,878.4980855438902
24.8,878.4999226986422
25.0,878.500486782248
25.2,878.499778539417
25.4,878.4977968193047
25.6,878.4945385749404
25.8,878.4899988622107
26.0,878.4841708383964
26.2,878.4770457602702
26.4,878.4686129817593
26.6,878.4588599511779
26.8,878.4477722080393
27.0,878.4353333794556
27.2,878.4215251761376
27.4,878.4063273880034
27.6,878.3897178794134
27.8,878.3716725840416
28.0,878.3521654994026
28.2,878.3311686810478
28.4,878.3086522364503
28.6,878.2845843185964
28.8,878.2589311193027
29.0,878.2316568622784
29.2,878.2027237959552
29.4,878.1720921861024
29.6,878.139720308253
29.8,878.1055644399568
30.0,878.0695788528877
30.2,878.0317158048227
30.4,877.9919255315148
30.6,877.9501562384801
30.8,877.906354092722
31.0,877.8604632144062
31.2,877.8124256685087
31.4,877.762181456453
31.6,877.70966850775
31.8,877.6548226716545
32.0,877.5975777088519
32.2,877.5378652831797
32.4,877.4756149533949
32.6,877.410754164986
32.8,877.3432082420339
33.0,877.2729003791152
33.2,877.1997516332415
33.4,877.1236809158224
33.6,877.044604984636
33.8,876.9624384357834
34.0,876.8770936955984
34.2,876.7884810124789
34.4,876.6965084485913
34.6,876.6010818713999
34.8,876.5021049449514
35.0,876.3994791208352
35.2,876.2931036287234
35.4,876.1828754663663
35.6,876.068689388893
35.8,875.9504378972244
36.0,875.8280112253572
36.2,875.7012973262007
36.4,875.5701818555654
36.6,875.4345481537694
36.8,875.294277224174
37.0,875.1492477077404
37.2,874.9993358524182
37.4,874.844415475813
37.6,874.6843579191028
37.8,874.519031989566
38.0,874.3483038883124
38.2,874.1720371188326
38.4,873.9900923707633
38.6,873.8023273717747
38.8,873.6085966986388
39.0,873.4087515363385
39.2,873.2026393714244
39.4,872.9901036027313
39.6,872.7709830489549
39.8,872.5451113284771
40.0,872.3123160822138
40.2,872.0724180051797
40.4,871.8252296470123
40.6,871.570553935997
40.8,871.3081823753877
41.0,871.0378928552793
41.2,870.7594470183117
41.4,870.4725871134822
41.6,870.1770322698331
41.8,869.8724741213385
42.0,869.5585717166033
42.2,869.2349456526941
42.4,868.9011713822849
42.6,868.556771657991
42.8,868.201208097952
43.0,867.833871882879
43.2,867.4540736272512
43.4,867.061032506185
43.6,866.6538647644467
43.8,866.2315717844892
44.0,865.7930279451764
44.2,865.3369685604366
44.4,864.8619782453981
44.6,864.3664801140525
44.8,863.848726264184
45.0,863.3067900488544
45.2,862.7385606656222
45.4,862.141740611255
45.6,861.5138465475364
45.8,860.852214099765
46.0,860.1540070612047
46.2,859.4162314024543
46.4,858.6357543838923
46.6,857.8093289427474
46.8,856.9336233760736
47.0,856.0052561705816
47.2,855.0208356449873
47.4,853.9770038767318
47.6,852.8704841902241
47.8,851.6981312966391
48.0,850.4569830047352
48.2,849.144312277137
48.4,847.7576782955715
48.6,846.2949751292326
48.8,844.7544765788346
49.0,843.13487579918
49.2,841.4353183871245
49.4,839.6554277590498
49.6,837.795321829165
49.8,835.8556202313404
50.0,833.8374415946241
