0.0,872.9812255955671
0.2,873.4786646505098
0.4,873.948624492256
0.6,874.3912930744342
0.8,874.8069750132114
1.0,875.1960891400897
1.2,875.5591643023776
1.4,875.8968335277144
1.6,876.209826705511
1.8,876.4989619694726
2.0,876.7651359906113
2.2,877.0093134086788
2.4,877.2325156414022
2.6,877.4358093151701
2.8,877.6202945580947
3.0,877.787093387054
3.2,877.937338405078
3.4,878.0721620050783
3.6,878.1926862514201
3.8,878.3000135832365
4.0,878.3952184537952
4.2,878.4793399897391
4.4,878.5533757236616
4.6,878.6182764242161
4.8,878.6749420206206
5.0,878.7242185936859
5.2,878.7668963839207
5.4,878.803708749195
5.6,878.8353319900991
5.8,878.8623859505536
6.0,878.8854352943306
6.2,878.904991354721
6.4,878.9215144543145
6.6,878.9354165943873
6.8,878.9470644182483
7.0,878.9567823596602
7.2,878.9648558956321
7.4,878.9715348320345
7.6,878.9770365602106
7.8,878.9815492326377
8.0,878.9852348154421
8.2,878.9882319848784
8.4,878.9906588435666
8.6,878.9926154401558
8.8,878.9941860830622
9.0,878.9954414449519
9.2,878.996440459678
9.4,878.997232017491
9.6,878.9978564675306
9.8,878.9983469389858
10.0,878.9987304939353
10.2,878.9990291258677
10.4,878.9992606183132
10.6,878.9994392780097
10.8,878.9995765566428
11.0,878.9996815745612
11.2,878.9997615590197
11.4,878.9998222085314
11.6,878.9998679938635
11.8,878.9999024051372
12.0,878.9999281534347
12.2,878.9999473342839
12.4,878.999961559437
12.6,878.999972062457
12.8,878.9999797828249
13.0,878.9999854325438
13.2,878.9999895485814
13.4,878.9999925339234
13.6,878.9999946895318
13.8,878.9999962390814
14.0,878.9999973479999
14.2,878.9999981380442
14.4,878.9999986983947
14.6,878.9999990940561
14.8,878.9999993721825
15.0,878.9999995668146
15.2,878.9999997024084
15.4,878.9999997964495
15.6,878.9999998613797
15.8,878.9999999060096
16.0,878.9999999365488
16.2,878.9999999573523
16.4,878.9999999714604
16.6,878.999999980985
16.8,878.9999999873862
17.0,878.9999999916691
17.2,878.9999999945218
17.4,878.9999999964133
17.6,878.999999997662
17.8,878.9999999984826
18.0,878.9999999990195
18.2,878.9999999993689
18.4,878.9999999995956
18.6,878.9999999997419
18.8,878.999999999836
19.0,878.9999999998961
19.2,878.9999999999342
19.4,878.9999999999584
19.6,878.9999999999737
19.8,878.9999999999834
20.0,878.9999999999895
20.2,878.9999999999934
20.4,878.9999999999958
20.6,878.9999999999974
20.8,878.9999999999985
21.0,878.9999999999994
21.2,878.9999999999999
21.4,879.0
21.6,879.0
21.8,879.0
22.0,879.0
22.2,879.0
22.4,879.0
22.6,879.0
22.8,879.0
23.0,879.0
23.2,879.0
23.4,879.0
23.6,879.0
23.8,879.0
24.0,879.0
24.2,879.0
24.4,879.0
24.6,879.0
24.8,879.0
25.0,879.0
25.2,879.0
25.4,879.0
25.6,879.0
25.8,879.0
26.0,879.0
26.2,879.0
26.4,879.0
26.6,879.0
26.8,879.0
27.0,879.0
27.2,879.0
27.4,879.0
27.6,879.0
27.8,879.0
28.0,879.0
28.2,879.0
28.4,879.0
28.6,879.0
28.8,878.9999999999999
29.0,878.9999999999994
29.2,878.9999999999985
29.4,878.9999999999974
29.6,878.9999999999958
29.8,878.9999999999934
30.0,878.9999999999895
30.2,878.9999999999834
30.4,878.9999999999737
30.6,878.9999999999584
30.8,878.9999999999342
31.0,878.9999999998961
31.2,878.999999999836
31.4,878.9999999997419
31.6,878.9999999995956
31.8,878.9999999993689
32.0,878.9999999990195
32.2,878.9999999984826
32.4,878.999999997662
32.6,878.9999999964131
32.8,878.9999999945213
33.0,878.9999999916681
33.2,878.9999999873846
33.4,878.9999999809826
33.6,878.9999999714569
33.8,878.9999999573472
34.0,878.9999999365409
34.2,878.9999999059978
34.4,878.999999861362
34.6,878.999999796423
34.8,878.9999997023688
35.0,878.9999995667557
35.2,878.9999993720952
35.4,878.9999990939274
35.6,878.9999986982057
35.8,878.9999981377678
36.0,878.9999973475972
36.2,878.9999962384969
36.4,878.9999946886873
36.6,878.9999925327079
36.8,878.9999895468392
37.0,878.9999854300569
37.2,878.9999797792894
37.4,878.9999720574518
37.6,878.9999615523797
37.8,878.999947324373
38.0,878.9999281395727
38.2,878.9999023858271
38.4,878.9998679670722
38.6,878.9998221715093
38.8,878.9997615080641
39.0,878.9996815047075
39.2,878.9995764612624
39.4,878.9994391482895
39.6,878.9992604425856
39.8,878.9990288887508
40.0,878.9987301752365
40.2,878.9983465123073
40.4,878.9978558985089
40.6,878.9972312615785
40.8,878.9964394593661
41.0,878.9954401263084
41.2,878.9941843514349
41.4,878.992613174866
41.6,878.9906558913873
41.8,878.9882281520528
42.0,878.9852298579674
42.2,878.9815428444878
42.4,878.9770283591295
42.6,878.9715243424818
42.8,878.9648425284026
43.0,878.9567653876493
43.2,878.9470429477644
43.4,878.9353895313603
43.6,878.9214804646763
43.8,878.9049488181762
44.0,878.8853822506702
44.2,878.8623200376053
44.4,878.8352503723564
44.6,878.803608036114
44.8,878.7667725368385
45.0,878.7240668202858
45.2,878.6747566558521
45.4,878.6180507965809
45.6,878.5531020057923
45.8,878.4790090322366
46.0,878.394819601347
46.2,878.2995344721218
46.4,878.1921125876091
46.6,878.0714773222644
46.8,877.9365238021327
47.0,877.7861272445705
47.2,877.619152233885
47.4,877.4344628187984
47.6,877.2309332880727
47.8,877.0074594530483
48.0,876.7629702413545
48.2,876.4964393857002
48.4,876.206896976403
48.6,875.8934406369996
48.8,875.5552460795444
49.0,875.1915768004537
49.2,874.8017926891846
49.4,874.3853573405398
49.6,873.9418438865945
49.8,873.4709391955159
50.0,872.9724463209931
