0.0,781.6919660923836
0.2,784.0134043334494
0.4,786.2858617123266
0.6,788.5104806162766
0.8,790.6883717917796
1.0,792.8206131900797
1.2,794.9082490877361
1.4,796.9522894822546
1.6,798.9537097586516
1.8,800.9134506188024
2.0,802.8324182617264
2.2,804.711484799649
2.4,806.5514888918115
2.6,808.3532365756213
2.8,810.1175022728909
3.0,811.8450299475923
3.2,813.5365343907906
3.4,815.1927026081663
3.6,816.8141952857827
3.8,818.4016483104516
4.0,819.9556743221541
4.2,821.4768642774112
4.4,822.9657890042328
4.6,824.4230007312098
4.8,825.8490345754094
5.0,827.2444099759131
5.2,828.6096320620463
5.4,829.9451929475273
5.6,831.2515729438724
5.8,832.5292416883849
6.0,833.7786591839011
6.2,835.0002767491354
6.4,836.1945378799537
6.6,837.3618790231812
6.8,838.5027302656385
7.0,839.617515941973
7.2,840.706655165548
7.4,841.7705622871605
7.6,842.8096472867014
7.8,843.8243161030722
8.0,844.8149709077396
8.2,845.7820103272704
8.4,846.725829620055
8.6,847.646820812225
8.8,848.5453727975106
9.0,849.4218714054844
9.2,850.2766994423098
9.4,851.110236707777
9.6,851.9228599920611
9.8,852.7149430553028
10.0,853.4868565927809
10.2,854.2389681881372
10.4,854.9716422568204
10.6,855.6852399816494
10.8,856.3801192421471
11.0,857.0566345390764
11.2,857.7151369154109
11.4,858.3559738747946
11.6,858.9794892983937
11.8,859.586023360905
12.0,860.17591244637
12.2,860.7494890643437
12.4,861.3070817668765
12.6,861.8490150666995
12.8,862.3756093569348
13.0,862.8871808326029
13.2,863.3840414141532
13.4,863.866498673202
13.6,864.3348557606342
13.8,864.7894113371937
14.0,865.2304595066646
14.2,865.6582897517247
14.4,866.0731868725344
14.6,866.4754309281077
14.8,866.8652971805002
15.0,867.2430560418327
15.2,867.6089730241614
15.4,867.9633086921932
15.6,868.3063186188348
15.8,868.6382533435574
16.0,868.9593583335478
16.2,869.2698739476132
16.4,869.5700354027928
16.6,869.8600727436316
16.8,870.140210814057
17.0,870.4106692317989
17.2,870.6716623652844
17.4,870.9233993129352
17.6,871.1660838847903
17.8,871.3999145863727
18.0,871.625084604713
18.2,871.8417817964413
18.4,872.050188677853
18.6,872.2504824168551
18.8,872.4428348266906
19.0,872.6274123613437
19.2,872.8043761125218
19.4,872.9738818081084
19.6,873.1360798119848
19.8,873.2911151251125
20.0,873.4391273877696
20.2,873.580250882838
20.4,873.7146145400307
20.6,873.8423419409578
20.8,873.9635513249264
21.0,874.078355595369
21.2,874.1868623268035
21.4,874.2891737722224
21.6,874.385386870817
21.8,874.4755932559407
22.0,874.5598792632223
22.2,874.6383259387418
22.4,874.7110090471814
22.6,874.7779990798758
22.8,874.8393612626824
23.0,874.8951555636004
23.2,874.9454367000712
23.4,874.990254145897
23.6,875.0296521377185
23.8,875.0636696810008
24.0,875.0923405554776
24.2,875.1156933200111
24.4,875.1337513168323
24.6,875.146532675127
24.8,875.1540503139437
25.0,875.1563119444024
25.2,875.1533200711899
25.4,875.1450719933306
25.6,875.1315598042336
25.8,875.1127703910155
26.0,875.08868543311
26.2,875.059281400175
26.4,875.0245295493229
26.6,874.9843959216943
26.8,874.9388413384103
27.0,874.8878213959385
27.2,874.8312864609157
27.4,874.7691816644752
27.6,874.7014468961305
27.8,874.6280167972743
28.0,874.5488207543549
28.2,874.463782891797
28.4,874.3728220647392
28.6,874.275851851664
28.8,874.1727805469997
29.0,874.0635111537782
29.2,873.9479413764362
29.4,873.82596361385
29.6,873.6974649526969
29.8,873.5623271612394
30.0,873.4204266836315
30.2,873.2716346348461
30.4,873.1158167963267
30.6,872.9528336124664
30.8,872.7825401880186
31.0,872.604786286547
31.2,872.4194163300158
31.4,872.2262693996316
31.6,872.025179238038
31.8,871.8159742529685
32.0,871.5984775224629
32.2,871.3725068017465
32.4,871.1378745318751
32.6,870.8943878502406
32.8,870.6418486030351
33.0,870.3800533597641
33.2,870.1087934298987
33.4,869.827854881752
33.6,869.537018563659
33.8,869.2360601275399
34.0,868.9247500549153
34.2,868.6028536854419
34.4,868.2701312480298
34.6,867.9263378945931
34.8,867.5712237364886
35.0,867.2045338836782
35.2,866.8260084866538
35.4,866.4353827811503
35.6,866.032387135666
35.8,865.6167471018
36.0,865.1881834674077
36.2,864.7464123125665
36.4,864.291145068326
36.6,863.8220885782167
36.8,863.338945162463
37.0,862.8414126848446
37.2,862.329184622121
37.4,861.8019501359222
37.6,861.25939414698
37.8,860.7011974115505
38.0,860.1270365998439
38.2,859.5365843762422
38.4,858.9295094810414
38.6,858.305476813402
38.8,857.6641475151318
39.0,857.0051790548522
39.2,856.32822531202
39.4,855.632936660172
39.6,854.9189600486537
39.8,854.1859390819609
40.0,853.4335140956707
40.2,852.6613222277756
40.4,851.8689974840362
40.6,851.0561707957595
40.8,850.2224700681703
41.0,849.367520217285
41.2,848.4909431929174
41.4,847.5923579851456
41.6,846.6713806112541
41.8,845.7276240798394
42.0,844.7606983284364
42.2,843.770210130699
42.4,842.7557629688467
42.6,841.7169568668138
42.8,840.6533881792702
43.0,839.5646493315043
43.2,838.4503285050141
43.4,837.3100092636255
43.6,836.143270115013
43.8,834.9496840026931
44.0,833.7288177238855
44.2,832.4802312691326
44.4,831.2034770802204
44.6,829.8980992237987
44.8,828.5636324791266
45.0,827.1996013396065
45.2,825.8055189291908
45.4,824.3808858363506
45.6,822.9251888700654
45.8,821.4378997442095
46.0,819.9184736987294
46.2,818.3663480681055
46.4,816.7809408097116
46.6,815.161649006779
46.8,813.5078473626841
47.0,811.8188867051464
47.2,810.0940925205805
47.4,808.3327635402367
47.6,806.5341704008221
47.8,804.6975544029716
48.0,802.8221263911686
48.2,800.9070657784869
48.4,798.9515197387826
48.6,796.9546025877105
48.8,794.9153953721631
49.0,792.832945685457
49.2,790.706267722835
49.4,788.5343425886763
49.6,786.3161188632606
49.8,784.0505134330909
50.0,781.7364125847298
