0.0,867.4245852788114
0.2,867.9634334632552
0.4,868.4846834651776
0.6,868.9885433249591
0.8,869.4752319029561
1.0,869.944978897718
1.2,870.3980247987922
1.4,870.8346207746251
1.6,871.2550284965438
1.8,871.6595199002829
2.0,872.0483768869776
2.2,872.4218909659725
2.4,872.780362842215
2.6,873.1241019513748
2.8,873.4534259461822
3.0,873.7686601377922
3.2,874.070136896253
3.4,874.3581950143956
3.6,874.633179039653
3.8,874.8954385784685
4.0,875.1453275780652
4.2,875.3832035904044
4.4,875.6094270231931
4.6,875.8243603827759
4.8,876.0283675136848
5.0,876.2218128395245
5.2,876.4050606097359
5.4,876.5784741566008
5.6,876.7424151666637
5.8,876.8972429704993
6.0,877.0433138545097
6.2,877.1809803981506
6.4,877.3105908396897
6.6,877.4324884732873
6.8,877.5470110798668
7.0,877.6544903939081
7.2,877.7552516079604
7.4,877.8496129163373
7.6,877.937885099114
7.8,878.0203711472242
8.0,878.0973659291271
8.2,878.169155899208
8.4,878.2360188477725
8.6,878.2982236922202
8.8,878.3560303087148
9.0,878.4096894034205
9.2,878.4594424221547
9.4,878.5055214970989
9.6,878.5481494290331
9.8,878.587539703394
10.0,878.6238965383286
10.2,878.6574149627958
10.4,878.6882809226825
10.6,878.7166714128296
10.8,878.7427546328161
11.0,878.7666901643232
11.2,878.788629167894
11.4,878.8087145969109
11.6,878.8270814266431
11.8,878.8438568962572
12.0,878.859160761743
12.2,878.873105557771
12.4,878.8857968665807
12.6,878.897333592087
12.8,878.9078082374892
13.0,878.917307184768
13.2,878.9259109745659
13.4,878.9336945850586
13.6,878.9407277085339
13.8,878.9470750245163
14.0,878.9527964683824
14.2,878.9579474945332
14.4,878.9625793332916
14.6,878.966739240812
14.8,878.9704707413837
15.0,878.973813861616
15.2,878.9768053560872
15.4,878.9794789241274
15.6,878.9818654174934
15.8,878.9839930387683
16.0,878.9858875303947
16.2,878.9875723543157
16.4,878.9890688622551
16.6,878.99039645673
16.8,878.9915727429287
17.0,878.9926136716356
17.2,878.9935336734188
17.4,878.9943457843289
17.6,878.9950617633824
17.8,878.9956922021273
18.0,878.9962466266043
18.2,878.9967335920281
18.4,878.9971607705271
18.6,878.9975350322795
18.8,878.9978625203946
19.0,878.9981487198767
19.2,878.9983985210172
19.4,878.9986162775482
19.6,878.998805859886
19.8,878.9989707037861
20.0,878.9991138547178
20.2,878.9992380082597
20.4,878.9993455467991
20.6,878.9994385728137
20.8,878.9995189389942
21.0,878.999588275455
21.2,878.9996480142676
21.4,878.9996994115347
21.6,878.9997435672141
21.8,878.999781442881
22.0,878.999813877611
22.2,878.9998416021471
22.4,878.9998652515058
22.6,878.9998853761634
22.8,878.9999024519502
23.0,878.9999168887712
23.2,878.9999290382599
23.4,878.9999392004628
23.6,878.9999476296374
23.8,878.9999545392446
24.0,878.9999601062
24.2,878.9999644744421
24.4,878.9999677578708
24.6,878.9999700426933
24.8,878.9999713892154
25.0,878.9999718331012
25.2,878.9999713861213
25.4,878.9999700364001
25.6,878.9999677481654
25.8,878.9999644609976
26.0,878.9999600885656
26.2,878.999954516833
26.4,878.999947601708
26.6,878.9999391661015
26.8,878.9999289963529
27.0,878.9999168379742
27.2,878.9999023906522
27.4,878.9998853024432
27.6,878.9998651630812
27.8,878.999841496315
28.0,878.9998137511776
28.2,878.9997812920807
28.4,878.9997433876148
28.6,878.9996991979292
28.8,878.9996477605467
29.0,878.9995879744619
29.2,878.9995185823552
29.4,878.9994381507461
29.6,878.9993450478876
29.8,878.9992374192012
30.0,878.9991131600283
30.2,878.998969885466
30.4,878.9988048970378
30.6,878.9986151459387
30.8,878.9983971925805
31.0,878.9981471621464
31.2,878.9978606958613
31.4,878.9975328976591
31.6,878.9971582759323
31.8,878.9967306800316
32.0,878.9962432311781
32.2,878.9956882474473
32.4,878.9950571624794
32.6,878.9943404375708
32.8,878.9935274668042
33.0,878.992606474877
33.2,878.991564407306
33.4,878.9903868126851
33.6,878.9890577167034
33.8,878.9875594876435
34.0,878.9858726931126
34.2,878.9839759477836
34.4,878.981845751966
34.6,878.979456320867
34.8,878.9767794044501
35.0,878.9737840978531
35.2,878.9704366423904
35.4,878.9667002172257
35.6,878.9625347218793
35.8,878.9578965498076
36.0,878.9527383533816
36.2,878.9470088006756
36.4,878.9406523245798
36.6,878.9336088648422
36.8,878.9258136037577
37.0,878.9171966963236
37.2,878.9076829957976
37.4,878.8971917757038
37.6,878.8856364494477
37.8,878.872924288816
38.0,878.8589561427528
38.2,878.843626157911
38.4,878.8268215025874
38.6,878.8084220957585
38.8,878.7883003430196
39.0,878.7663208813318
39.2,878.7423403345512
39.4,878.7162070817886
39.6,878.6877610407059
39.8,878.6568334678923
40.0,878.623246778498
40.2,878.58681438731
40.4,878.547340573447
40.6,878.5046203708268
40.8,878.4584394865117
41.0,878.4085742489666
41.2,878.3547915881816
41.4,878.2968490494908
41.6,878.2344948427909
41.8,878.1674679287003
42.0,878.0954981430214
42.2,878.0183063606687
42.4,877.9356046999948
42.6,877.8470967682084
42.8,877.7524779483126
43.0,877.6514357277091
43.2,877.5436500683209
43.4,877.4287938177737
43.6,877.3065331608559
43.8,877.1765281101478
44.0,877.0384330343769
44.2,876.8918972227175
44.4,876.7365654829192
44.6,876.5720787708162
44.8,876.3980748484438
45.0,876.2141889676805
45.2,876.0200545760342
45.4,875.8153040409126
45.6,875.5995693884615
45.8,875.3724830528279
46.0,875.133678631493
46.2,874.8827916421629
46.4,874.6194602765534
46.6,874.3433261463207
46.8,874.0540350163171
47.0,873.7512375203371
47.2,873.4345898545386
47.4,873.1037544437896
47.6,872.758400576296
47.8,872.398205002017
48.0,872.0228524905692
48.2,871.6320363445514
48.4,871.2254588644957
48.6,870.8028317619675
48.8,870.3638765176728
49.0,869.9083246818235
49.2,869.4359181144074
49.4,868.9464091634499
49.6,868.4395607798092
49.8,867.9151465675127
50.0,867.3729507691337
