0.0,822.3119518178839
0.2,824.2231047783323
0.4,826.0871224975897
0.6,827.9040391951913
0.8,829.6739359116732
1.0,831.3969422364563
1.2,833.0732376786318
1.4,834.7030526734977
1.6,836.2866692212789
1.8,837.824421158021
2.0,839.3166940621663
2.2,840.7639248037276
2.4,842.1666007462538
2.6,843.5252586148756
2.8,844.8404830466013
3.0,846.1129048416725
3.2,847.343198937155
3.4,848.5320821260084
3.6,849.6803105466388
3.8,850.7886769693681
4.0,851.8580079073524
4.2,852.8891605802377
4.4,853.8830197592698
4.6,854.8404945226638
4.8,855.7625149498168
5.0,856.6500287824211
5.2,857.5039980797136
5.4,858.3253958940294
5.6,859.1152029915054
5.8,859.8744046412531
6.0,860.6039874946118
6.2,861.3049365742252
6.4,861.9782323907026
6.6,862.6248482025442
6.8,863.2457474328727
7.0,863.8418812543442
7.2,864.414186351435
7.4,864.9635828671547
7.6,865.4909725391378
7.8,865.9972370280353
8.0,866.4832364392003
8.2,866.9498080368302
8.4,867.3977651480446
8.6,867.827896252807
8.8,868.2409642542002
9.0,868.6377059223095
9.2,869.0188315038732
9.4,869.3850244889348
9.6,869.7369415249567
9.8,870.0752124682496
10.0,870.4004405621174
10.2,870.7132027308044
10.4,871.014049978167
10.6,871.3035078799571
10.8,871.5820771586816
11.0,871.8502343301974
11.2,872.1084324114912
11.4,872.3571016794658
11.6,872.596650471005
11.8,872.8274660150969
12.0,873.0499152883548
12.2,873.2643458858751
12.4,873.4710868999897
12.6,873.6704498001212
12.8,873.8627293075913
13.0,874.0482042598869
13.2,874.2271384595286
13.4,874.3997815033093
13.6,874.5663695882781
13.8,874.7271262914236
14.0,874.8822633205543
14.2,875.0319812343954
14.4,875.1764701303939
14.6,875.3159102991681
14.8,875.4504728449402
15.0,875.580320271653
15.2,875.7056070347958
15.4,875.8264800592525
15.6,875.9430792237342
15.8,876.0555378125704
16.0,876.1639829358144
16.2,876.268535918768
16.4,876.3693126621474
16.6,876.4664239742041
16.8,876.5599758761813
17.0,876.6500698825325
17.2,876.7368032573501
17.4,876.8202692484589
17.6,876.9005573006236
17.8,876.9777532492926
18.0,877.0519394962689
18.2,877.123195168659
18.4,877.1915962623929
18.6,877.2572157715609
18.8,877.3201238047477
19.0,877.3803876894783
19.2,877.4380720658316
19.4,877.4932389702034
19.6,877.5459479101406
19.8,877.5962559310984
20.0,877.6442176759099
20.2,877.6898854376941
20.4,877.7333092068716
20.6,877.7745367128931
20.8,877.8136134612411
21.0,877.8505827662033
21.2,877.8854857798773
21.4,877.9183615178158
21.6,877.9492468816802
21.8,877.9781766792343
22.0,878.0051836419726
22.2,878.0302984406452
22.4,878.0535496989106
22.6,878.0749640053244
22.8,878.0945659238417
23.0,878.1123780029923
23.2,878.1284207838693
23.4,878.142712807048
23.6,878.1552706185422
23.8,878.1661087748835
24.0,878.1752398474047
24.2,878.1826744257863
24.4,878.1884211209245
24.6,878.1924865671598
24.8,878.194875423905
25.0,878.1955903766974
25.2,878.1946321376914
25.4,878.1919994456093
25.6,878.1876890651467
25.8,878.1816957858352
26.0,878.1740124203487
26.2,878.1646298022378
26.4,878.1535367830652
26.6,878.1407202289105
26.8,878.126165016199
27.0,878.1098540268056
27.2,878.0917681423667
27.4,878.0718862377306
27.6,878.0501851734533
27.8,878.0266397872416
28.0,878.0012228842223
28.2,877.9739052259027
28.4,877.9446555176655
28.6,877.9134403946206
28.8,877.8802244056081
29.0,877.8449699951286
29.2,877.8076374829351
29.4,877.768185041
29.6,877.7265686675288
29.8,877.682742157654
30.0,877.6366570704066
30.2,877.5882626915086
30.4,877.5375059914943
30.6,877.4843315786051
30.8,877.4286816458564
31.0,877.3704959116166
31.2,877.309711552977
31.4,877.2462631311299
31.6,877.1800825079116
31.8,877.1110987525956
32.0,877.0392380379628
32.2,876.9644235246029
32.4,876.8865752323403
32.6,876.8056098976111
32.8,876.7214408155643
33.0,876.6339776655923
33.2,876.543126318961
33.4,876.4487886271539
33.6,876.35086218952
33.8,876.2492400987878
34.0,876.1438106630051
34.2,876.0344571024593
34.4,875.9210572201729
34.6,875.8034830445954
34.8,875.681600443195
35.0,875.5552687057306
35.2,875.4243400961134
35.4,875.288659371907
35.6,875.1480632706987
35.8,875.0023799627841
36.0,874.8514284698563
36.2,874.6950180496748
36.4,874.5329475470122
36.6,874.3650047115368
36.8,874.1909654836904
37.0,874.010593250056
37.2,873.8236380701909
37.4,873.6298358774069
37.6,873.4289076565248
37.8,873.2205586022088
38.0,873.004477262084
38.2,872.7803346694609
38.4,872.5477834711292
38.6,872.3064570563315
38.8,872.0559686936648
39.0,871.7959106833043
39.2,871.5258535325597
39.4,871.2453451633687
39.6,870.9539101608893
39.8,870.6510490728552
40.0,870.336237769808
40.2,870.008926876688
40.4,869.6685412865543
40.6,869.3144797673972
40.8,868.9461146730825
41.0,868.5627917694352
41.2,868.1638301862978
41.4,867.7485225060976
41.6,867.3161349989982
41.8,866.8659080141078
42.0,866.3970565354515
42.2,865.9087709104887
42.4,865.4002177578731
42.6,864.8705410599026
42.8,864.3188634437132
43.0,863.744287653714
43.2,863.145898216081
43.4,862.5227632943149
43.6,861.8739367329381
43.8,861.198460284404
44.0,860.4953660121922
44.2,859.7636788609369
44.4,859.0024193822671
44.6,858.2106066028891
44.8,857.3872610193055
45.0,856.5314077015074
45.2,855.6420794859987
45.4,854.7183202366568
45.6,853.7591881502395
45.8,852.7637590818232
46.0,851.731129864156
46.2,850.6604215938331
46.4,849.5507828564002
46.6,848.4013928619584
46.8,847.2114644626289
47.0,845.9802470233259
47.2,844.707029117708
47.4,843.3911410219366
47.6,842.0319569799587
47.8,840.6288972154599
48.0,839.1814296673745
48.2,837.6890714279098
48.4,836.1513898643843
48.6,834.5680034088087
48.8,832.9385820020076
49.0,831.2628471821521
49.2,829.5405718108368
49.4,827.7715794332241
49.6,825.9557432722718
49.8,824.0929848606075
50.0,822.1832723171672
