0.0,857.0075646525976
0.2,857.6816926760303
0.4,858.3401556167136
0.6,858.9831670675749
0.8,859.6109409424134
1.0,860.2236914493484
1.2,860.8216330617098
1.4,861.404980486352
1.6,861.9739486293844
1.8,862.5287525593211
2.0,863.0696074676657
2.2,863.5967286269539
2.4,864.1103313462906
2.6,864.6106309244266
2.8,865.097842600429
3.0,865.5721815020123
3.2,866.0338625916049
3.4,866.4831006102329
3.6,866.9201100193171
3.8,867.3451049404822
4.0,867.7582990934874
4.2,868.1599057323974
4.4,868.5501375801144
4.6,868.9292067614048
4.8,869.2973247345536
5.0,869.6547022217924
5.2,870.0015491386426
5.4,870.3380745223313
5.6,870.6644864594274
5.8,870.9809920128624
6.0,871.2877971484918
6.2,871.5851066613617
6.4,871.8731241018426
6.6,872.152051701796
6.8,872.4220903009369
7.0,872.6834392735564
7.2,872.9362964557662
7.4,873.1808580734272
7.6,873.4173186709188
7.8,873.6458710409051
8.0,873.8667061552518
8.2,874.0800130972387
8.4,874.2859789952154
8.6,874.4847889578364
8.8,874.6766260110114
9.0,874.8616710366967
9.2,875.0401027136521
9.4,875.2120974602763
9.6,875.3778293796323
9.8,875.5374702067618
10.0,875.6911892583848
10.2,875.8391533850714
10.4,875.9815269259625
10.6,876.1184716661145
10.8,876.250146796527
11.0,876.376708876913
11.2,876.4983118012535
11.4,876.6151067661806
11.6,876.7272422422144
11.8,876.8348639478803
12.0,876.9381148267174
12.2,877.0371350271863
12.4,877.1320618854734
12.6,877.2230299111824
12.8,877.3101707758952
13.0,877.3936133045784
13.2,877.4734834698008
13.4,877.5499043887276
13.6,877.6229963228392
13.8,877.6928766803286
14.0,877.7596600211132
14.2,877.8234580644007
14.4,877.8843796987363
14.6,877.9425309944567
14.8,877.9980152184705
15.0,878.0509328512803
15.2,878.1013816061543
15.4,878.1494564503585
15.6,878.1952496283479
15.8,878.2388506868199
16.0,878.280346501523
16.2,878.3198213057194
16.4,878.3573567201888
16.6,878.3930317846656
16.8,878.4269229905987
17.0,878.4591043151179
17.2,878.4896472560965
17.4,878.5186208681935
17.6,878.5460917997603
17.8,878.5721243304995
18.0,878.5967804097577
18.2,878.6201196953414
18.4,878.6421995927411
18.6,878.6630752946514
18.8,878.6827998206763
19.0,878.7014240571108
19.2,878.7189967966897
19.4,878.7355647781995
19.6,878.7511727258477
19.8,878.7658633882895
20.0,878.779677577212
20.2,878.7926542053797
20.4,878.8048303240464
20.6,878.816241159646
20.8,878.8269201496682
21.0,878.836898977641
21.2,878.846207607132
21.4,878.8548743146947
21.6,878.8629257216825
21.8,878.8703868248571
22.0,878.8772810257261
22.2,878.8836301585433
22.4,878.889454516908
22.6,878.8947728789108
22.8,878.8996025307667
23.0,878.903959288887
23.2,878.9078575203437
23.4,878.9113101616814
23.6,878.9143287360395
23.8,878.9169233685462
24.0,878.9191027999543
24.2,878.9208743984886
24.4,878.9222441698832
24.6,878.9232167655832
24.8,878.9237954890981
25.0,878.9239823004899
25.2,878.9237778189892
25.4,878.9231813237302
25.6,878.9221907526053
25.8,878.9208026992375
26.0,878.9190124080791
26.2,878.9168137676439
26.4,878.9141993018851
26.6,878.9111601597358
26.8,878.9076861028335
27.0,878.9037654914504
27.2,878.8993852686584
27.4,878.894530942759
27.6,878.8891865680158
27.8,878.883334723724
28.0,878.8769564916633
28.2,878.870031431979
28.4,878.8625375575394
28.6,878.8544513068268
28.8,878.8457475154148
29.0,878.8363993860954
29.2,878.8263784577201
29.4,878.8156545728204
29.6,878.8041958440826
29.8,878.7919686197472
30.0,878.7789374480145
30.2,878.7650650405359
30.4,878.7503122350752
30.6,878.734637957427
30.8,878.717999182686
31.0,878.700350895954
31.2,878.681646052588
31.4,878.6618355380826
31.6,878.6408681276905
31.8,878.618690445884
32.0,878.5952469257627
32.2,878.5704797685155
32.4,878.5443289030455
32.6,878.5167319458694
32.8,878.4876241614031
33.0,878.456938422746
33.2,878.42460517308
33.4,878.390552387795
33.6,878.3547055374595
33.8,878.3169875517467
34.0,878.2773187844357
34.2,878.2356169795975
34.4,878.1917972390823
34.6,878.1457719914185
34.8,878.0974509622343
35.0,878.0467411463106
35.2,877.9935467813723
35.4,877.9377693237211
35.6,877.879307425811
35.8,877.8180569158654
36.0,877.753910779629
36.2,877.6867591443449
36.4,877.6164892650452
36.6,877.5429855132325
36.8,877.4661293680344
37.0,877.3857994098979
37.2,877.3018713168906
37.4,877.2142178636718
37.6,877.1227089231826
37.8,877.0272114711059
38.0,876.9275895931361
38.2,876.8237044950911
38.4,876.715414515895
38.6,876.6025751434496
38.8,876.4850390334066
39.0,876.3626560308438
39.2,876.2352731948432
39.4,876.1027348259564
39.6,875.9648824965388
39.8,875.8215550839252
40.0,875.6725888064076
40.2,875.5178172619738
40.4,875.3570714697532
40.6,875.190179914106
40.8,875.0169685912931
41.0,874.8372610586442
41.2,874.6508784861434
41.4,874.457639710339
41.6,874.2573612904794
41.8,874.0498575667676
42.0,873.8349407206229
42.2,873.6124208368293
42.4,873.3821059674466
42.6,873.143802197351
42.8,872.8973137112716
43.0,872.6424428621797
43.2,872.3789902408845
43.4,872.106754746689
43.6,871.825533658949
43.8,871.5351227093818
44.0,871.2353161549669
44.2,870.925906851277
44.4,870.6066863260777
44.6,870.2774448530369
44.8,869.9379715253793
45.0,869.5880543293262
45.2,869.2274802171585
45.4,868.8560351797485
45.6,868.4735043184005
45.8,868.0796719158491
46.0,867.6743215062661
46.2,867.2572359441315
46.4,866.8281974718257
46.6,866.3869877858114
46.8,865.9333881012734
47.0,865.4671792150958
47.2,864.9881415670591
47.4,864.4960552991497
47.6,863.9907003128826
47.8,863.4718563245427
48.0,862.9393029182637
48.2,862.3928195968687
48.4,861.8321858304078
48.6,861.2571811023383
48.8,860.6675849533009
49.0,860.0631770224569
49.2,859.443737086362
49.4,858.8090450953611
49.6,858.1588812075012
49.8,857.4930258199681
50.0,856.8112595980635
