0.0,769.4029016753087
0.2,771.6915301988322
0.4,773.9412710393494
0.6,776.1529346530197
0.8,778.3273117091047
1.0,780.4651724945966
1.2,782.5672663995232
1.4,784.6343214841563
1.6,786.6670441288351
1.8,788.6661187666125
2.0,790.6322076984352
2.2,792.5659509900718
2.4,794.4679664495275
2.6,796.3388496832223
2.8,798.1791742287654
3.0,799.9894917617441
3.2,801.7703323735501
3.4,803.5222049169079
3.6,805.2455974154358
3.8,806.9409775332766
4.0,808.6087931005726
4.2,810.2494726903329
4.4,811.8634262420602
4.6,813.4510457273478
4.8,815.0127058525566
5.0,816.5487647936025
5.2,818.0595649578554
5.4,819.5454337681538
5.6,821.0066844639758
5.8,822.4436169148831
6.0,823.8565184414582
6.2,825.245664639093
6.4,826.6113202001503
6.6,827.9537397302107
6.8,829.2731685543305
7.0,830.5698435094721
7.2,831.8439937195193
7.4,833.0958413495554
7.6,834.3256023363678
7.8,835.5334870924233
8.0,836.719701180861
8.2,837.8844459593428
8.4,839.0279191909073
8.6,840.1503156202687
8.8,841.2518275142962
9.0,842.3326451657034
9.2,843.3929573592518
9.4,844.432951800048
9.6,845.4528155037738
9.8,846.4527351489276
10.0,847.432897391397
10.2,848.3934891418891
10.4,849.334697806948
10.6,850.2567114944733
10.8,851.1597191848108
11.0,852.0439108686419
11.2,852.9094776530172
11.4,853.7566118369973
11.6,854.5855069584512
11.8,855.3963578136414
12.0,856.1893604512817
12.2,856.9647121427937
12.4,857.7226113305203
12.6,858.4632575556583
12.8,859.1868513676804
13.0,859.8935942169951
13.2,860.5836883325697
13.4,861.2573365862077
13.6,861.9147423451224
13.8,862.5561093143984
14.0,863.1816413708664
14.2,863.7915423898551
14.4,864.3860160662061
14.6,864.9652657308667
14.8,865.5294941642871
15.0,866.0789034077784
15.2,866.6136945738915
15.4,867.1340676568042
15.6,867.6402213436124
15.8,868.1323528273423
16.0,868.6106576224173
16.2,869.0753293832365
16.4,869.5265597264411
16.6,869.9645380573735
16.8,870.3894514011652
17.0,870.8014842388161
17.2,871.200818348572
17.4,871.5876326528432
17.6,871.9621030708516
17.8,872.3244023771458
18.0,872.6747000660724
18.2,873.0131622222528
18.4,873.339951397072
18.6,873.6552264911559
18.8,873.9591426427762
19.0,874.251851122101
19.2,874.5334992311805
19.4,874.8042302095405
19.6,875.0641831452374
19.8,875.3134928912133
20.0,875.5522899867829
20.2,875.7807005840672
20.4,875.9988463791926
20.6,876.2068445480612
20.8,876.4048076865007
21.0,876.5928437546014
21.2,876.771056025047
21.4,876.9395430352515
21.6,877.0983985431152
21.8,877.2477114862206
22.0,877.3875659442941
22.2,877.5180411047656
22.4,877.6392112312657
22.6,877.7511456349084
22.8,877.8539086482174
23.0,877.9475596015593
23.2,878.0321528019612
23.4,878.1077375141928
23.6,878.1743579440115
23.8,878.2320532234711
24.0,878.280857398208
24.2,878.3207994166288
24.4,878.3519031209324
24.6,878.3741872399092
24.8,878.3876653834725
25.0,878.3923460388814
25.2,878.3882325686337
25.4,878.375323210006
25.6,878.3536110762384
25.8,878.3230841593645
26.0,878.2837253346985
26.2,878.2355123670053
26.4,878.1784179183825
26.6,878.1124095578994
26.8,878.0374497730436
27.0,877.9534959830394
27.2,877.8605005541078
27.4,877.7584108167531
27.6,877.6471690851652
27.8,877.526712678842
28.0,877.3969739465408
28.2,877.25788029268
28.4,877.1093542063229
28.6,876.9513132928787
28.8,876.7836703086715
29.0,876.6063331985303
29.2,876.4192051365625
29.4,876.2221845702817
29.6,876.0151652682641
29.8,875.7980363715134
30.0,875.5706824487188
30.2,875.3329835555917
30.4,875.084815298471
30.6,874.8260489023814
30.8,874.5565512837318
31.0,874.2761851278323
31.2,873.9848089714071
31.4,873.6822772902659
31.6,873.3684405922878
31.8,873.0431455158589
32.0,872.7062349338838
32.2,872.3575480634739
32.4,871.9969205813899
32.6,871.6241847452866
32.8,871.2391695207822
33.0,870.8417007143338
33.2,870.4316011118622
33.4,870.008690623031
33.6,869.5727864310309
33.8,869.1237031476717
34.0,868.6612529735313
34.2,868.1852458628464
34.4,867.6954896927697
34.6,867.1917904365496
34.8,866.673952340117
35.0,866.1417781014927
35.2,865.5950690523465
35.4,865.0336253409644
35.6,864.4572461157973
35.8,863.865729708681
36.0,863.2588738167339
36.2,862.6364756818547
36.4,861.9983322666598
36.6,861.3442404256186
36.8,860.6739970700629
37.0,859.987399325673
37.2,859.2842446809701
37.4,858.5643311252772
37.6,857.8274572745516
37.8,857.073422483436
38.0,856.3020269418345
38.2,855.513071754282
38.4,854.7063590003517
38.6,853.8816917743326
38.8,853.0388742024112
39.0,852.1777114356025
39.2,851.2980096167048
39.4,850.3995758196008
39.6,849.4822179592843
39.8,848.5457446710687
40.0,847.5899651575347
40.2,846.6146890018819
40.4,845.6197259464822
40.6,844.6048856355862
40.8,843.5699773212943
41.0,842.5148095320976
41.2,841.4391897034909
41.4,840.3429237703843
41.6,839.2258157212715
41.8,838.0876671143634
42.0,836.928276556164
42.2,835.7474391432332
42.4,834.5449458681718
42.6,833.3205829911535
42.8,832.0741313786333
43.0,830.8053658111568
43.2,829.5140542625064
43.4,828.1999571527203
43.6,826.8628265778166
43.8,825.5024055193518
44.0,824.1184270372216
44.2,822.7106134493833
44.4,821.2786755024322
44.6,819.8223115372026
44.8,818.3412066537777
45.0,816.8350318804823
45.2,815.3034433516012
45.4,813.7460814986977
45.6,812.1625702605126
45.8,810.5525163165001
46.0,808.9155083490866
46.2,807.2511163397439
46.4,805.5588909039307
46.6,803.838362669879
46.8,802.0890417060899
47.0,800.3104170022463
47.2,798.5019560080615
47.4,796.6631042343498
47.6,794.7932849203362
47.8,792.8918987709195
48.0,790.9583237672663
48.2,788.9919150537362
48.4,786.9920049037489
48.6,784.9579027667653
48.8,782.888895398111
49.0,780.7842470728967
49.2,778.6431998847996
49.4,776.4649741299718
49.6,774.248768775827
49.8,771.9937620139435
50.0,769.6991118958055
