0.0,753.7710409109121
0.2,756.5543616591597
0.4,759.2756235339895
0.6,761.9365752051724
0.8,764.5389254159647
1.0,767.0843416343157
1.2,769.5744488743833
1.4,772.0108286904195
1.6,774.3950183437754
1.8,776.7285101424897
2.0,779.0127509516705
2.2,781.2491418716828
2.4,783.439038080012
2.6,785.5837488316165
2.8,787.6845376116062
3.0,789.7426224331953
3.2,791.7591762731022
3.4,793.7353276358928
3.6,795.6721612381945
3.8,797.5707188032583
4.0,799.4319999560051
4.2,801.2569632084615
4.4,803.0465270253637
4.6,804.8015709597013
4.8,806.5229368480391
5.0,808.2114300556383
5.2,809.8678207616496
5.4,811.4928452749834
5.6,813.0872073718671
5.8,814.6515796465516
6.0,816.1866048671423
6.2,817.6928973290718
6.4,819.1710441993113
6.6,820.6216068450132
6.8,822.0451221408879
7.0,823.4421037502314
7.2,824.8130433751286
7.4,826.1584119719589
7.6,827.4786609289115
7.8,828.7742232027797
8.0,830.0455144128357
8.2,831.2929338900914
8.4,832.5168656807205
8.6,833.7176795028507
8.8,834.8957316563328
9.0,836.0513658854483
9.2,837.1849141948427
9.4,838.2966976192507
9.6,839.3870269478247
9.8,840.4562034040902
10.0,841.5045192827274
10.2,842.5322585445188
10.4,843.5396973709215
10.6,844.5271046798083
10.8,845.4947426039801
11.0,846.4428669340987
11.2,847.3717275277037
11.4,848.2815686859793
11.6,849.17262949993
11.8,850.0451441675925
12.0,850.8993422838797
12.2,851.7354491046086
12.4,852.5536857862114
12.6,853.3542696025744
12.8,854.1374141403923
13.0,854.9033294743606
13.2,855.652222323472
13.4,856.3842961896124
13.6,857.0997514796023
13.8,857.7987856117558
14.0,858.4815931079823
14.2,859.1483656723968
14.4,859.7992922573457
14.6,860.4345591177145
14.8,861.0543498543291
15.0,861.6588454472181
15.2,862.2482242794665
15.4,862.8226621523442
15.6,863.382332292365
15.8,863.9274053508907
16.0,864.4580493968664
16.2,864.9744299032446
16.4,865.4767097276255
16.6,865.965049087616
16.8,866.4396055313899
17.0,866.9005339039009
17.2,867.3479863091876
17.4,867.7821120691841
17.6,868.2030576794301
17.8,868.6109667620626
18.0,869.0059800164454
18.2,869.3882351677798
18.4,869.7578669140281
18.6,870.1150068714547
18.8,870.4597835190878
19.0,870.7923221423771
19.2,871.1127447763212
19.4,871.4211701483113
19.6,871.7177136209378
19.8,872.0024871349807
20.0,872.275599152801
20.2,872.5371546023332
20.4,872.7872548218689
20.6,873.025997505807
20.8,873.2534766515395
21.0,873.4697825076234
21.2,873.67500152339
21.4,873.8692163001166
21.6,874.0525055438935
21.8,874.2249440202954
22.0,874.3866025109652
22.2,874.5375477722058
22.4,874.6778424956719
22.6,874.8075452712382
22.8,874.9267105521203
23.0,875.0353886223155
23.2,875.1336255664198
23.4,875.2214632418769
23.6,875.2989392537058
23.8,875.3660869317487
24.0,875.4229353104738
24.2,875.4695091113648
24.4,875.5058287279243
24.6,875.5319102133083
24.8,875.5477652706124
25.0,875.5534012458198
25.2,875.5488211234184
25.4,875.5340235246916
25.6,875.509002708682
25.8,875.4737485758233
26.0,875.4282466742295
26.2,875.3724782086329
26.4,875.3064200519477
26.6,875.2300447594417
26.8,875.143320585487
27.0,875.046211502861
27.2,874.9386772245582
27.4,874.8206732280751
27.6,874.6921507821185
27.8,874.5530569756862
28.0,874.4033347494614
28.2,874.2429229294547
28.4,874.0717562628238
28.6,873.8897654557903
28.8,873.6968772135692
29.0,873.4930142822157
29.2,873.278095492286
29.4,873.0520358042052
29.6,872.8147463552172
29.8,872.5661345077916
30.0,872.3061038993458
30.2,872.0345544931331
30.4,871.7513826301397
30.6,871.4564810818148
30.8,871.1497391034576
31.0,870.8310424880617
31.2,870.5002736204152
31.4,870.1573115312358
31.6,869.802031951112
31.8,869.4343073640046
32.0,869.0540070600517
32.2,868.6609971874077
32.4,868.2551408028273
32.6,867.8362979206997
32.8,867.4043255602141
33.0,866.9590777903281
33.2,866.5004057721924
33.4,866.0281577986697
33.6,865.5421793305675
33.8,865.042313029186
34.0,864.5283987847641
34.2,864.00027374039
34.4,863.4577723109114
34.6,862.9007261963733
34.8,862.3289643894724
35.0,861.7423131765014
35.2,861.140596131227
35.4,860.5236341011124
35.6,859.8912451852688
35.8,859.243244703483
36.0,858.579445155633
36.2,857.8996561707645
36.4,857.2036844450585
36.6,856.4913336678754
36.8,855.7624044350164
37.0,855.0166941482844
37.2,854.2539969003835
37.4,853.4741033441327
37.6,852.676800544912
37.8,851.8618718152024
38.0,851.0290965300165
38.2,850.1782499219528
38.4,849.3091028545484
38.6,848.4214215725412
38.8,847.5149674275909
39.0,846.5894965779589
39.2,845.6447596605896
39.4,844.6805014339973
39.6,843.696460390325
39.8,842.6923683349153
40.0,841.6679499317269
40.2,840.6229222129286
40.4,839.5569940510262
40.6,838.4698655919184
40.8,837.3612276473433
41.0,836.2307610452623
41.2,835.0781359368511
41.4,833.90301105891
41.6,832.7050329506869
41.8,831.4838351243238
42.0,830.2390371883819
42.2,828.9702439241952
42.4,827.6770443151237
42.6,826.3590105291464
42.8,825.015696855636
43.0,823.646638597599
43.2,822.2513509211467
43.4,820.8293276644674
43.6,819.3800401091213
43.8,817.9029357170441
44.0,816.397436837239
44.2,814.8629393867484
44.4,813.2988115111123
44.6,811.7043922301469
44.8,810.0789900754966
45.0,808.4218817270133
45.2,806.7323106556115
45.4,805.0094857807915
45.6,803.2525801515447
45.8,801.4607296598158
46.0,799.6330317961011
46.2,797.7685444570992
46.4,795.8662848155882
46.6,793.9252282628723
46.8,791.9443074342244
47.0,789.9224113277218
47.2,787.8583845267505
47.4,785.7510265362087
47.6,783.5990912420926
47.8,781.4012865036793
48.0,779.1562738869414
48.2,776.8626685471365
48.4,774.5190392677118
48.6,772.1239086617647
48.8,769.6757535412953
49.0,767.1730054584052
49.2,764.6140514214335
49.4,761.9972347877913
49.6,759.320856333981
49.8,756.5831755019678
50.0,753.7824118197292
