0.0,788.1895938291924
0.2,790.4692627129397
0.4,792.7069334138708
0.6,794.903699873898
0.8,797.0604801620469
1.0,799.1780398489084
1.2,801.2570217381714
1.4,803.2979767189091
1.6,805.3013916318512
1.8,807.2677117936615
2.0,809.1973575305964
2.2,811.0907352971136
2.4,812.9482445650351
2.6,814.7702817710269
2.8,816.5572424121
3.0,818.3095220746812
3.2,820.0275168975235
3.4,821.7116237552692
3.6,823.3622403124056
3.8,824.9797650193392
4.0,826.5645970822986
4.2,828.1171364200726
4.4,829.6377836125695
4.6,831.126939843024
4.8,832.58500683452
5.0,834.012386781124
5.2,835.4094822738047
5.4,836.7766962212983
5.6,838.1144317660752
5.8,839.4230921955815
6.0,840.7030808489341
6.2,841.9548010192632
6.4,843.1786558519075
6.6,844.3750482386713
6.8,845.5443807083736
7.0,846.6870553139134
7.2,847.8034735160954
7.4,848.8940360644607
7.6,849.959142875373
7.8,850.99919290762
8.0,852.0145840357877
8.2,853.005712921675
8.4,853.9729748840133
8.6,854.91676376676
8.8,855.8374718062347
9.0,856.7354894973664
9.2,857.6112054593191
9.4,858.4650063007617
9.6,859.2972764850444
9.8,860.1083981955409
10.0,860.8987512014115
10.2,861.668712724037
10.4,862.4186573043673
10.6,863.1489566714218
10.8,863.8599796121733
11.0,864.5520918430373
11.2,865.2256558831817
11.4,865.8810309298633
11.6,866.5185727359864
11.8,867.1386334900708
12.0,867.741561698808
12.2,868.3277020723674
12.4,868.8973954126118
12.6,869.4509785043657
12.8,869.9887840098673
13.0,870.5111403665277
13.2,871.018371688106
13.4,871.5107976693992
13.6,871.9887334945312
13.8,872.4524897489166
14.0,872.9023723349613
14.2,873.3386823915483
14.4,873.7617162173512
14.6,874.1717651979991
14.8,874.5691157371101
15.0,874.9540491911976
15.2,875.3268418084422
15.4,875.6877646713131
15.6,876.0370836430097
15.8,876.3750593176871
16.0,876.7019469744157
16.2,877.0179965348203
16.4,877.3234525243307
16.6,877.6185540369689
16.8,877.9035347035926
17.0,878.1786226635002
17.2,878.4440405393035
17.4,878.7000054149615
17.6,878.9467288168637
17.8,879.1844166978478
18.0,879.4132694240291
18.2,879.6334817643143
18.4,879.845242882471
18.6,880.0487363316138
18.8,880.2441400509744
19.0,880.4316263648109
19.2,880.6113619833166
19.4,880.7835080053804
19.6,880.9482199230584
19.8,881.1056476276045
20.0,881.2559354169196
20.2,881.3992220042685
20.4,881.5356405281237
20.6,881.6653185629882
20.8,881.7883781310588
21.0,881.9049357145892
21.2,882.0151022688135
21.4,882.1189832352997
21.6,882.2166785555991
21.8,882.3082826850682
22.0,882.3938846067372
22.2,882.4735678451094
22.4,882.5474104797783
22.6,882.6154851587523
22.8,882.6778591113892
23.0,882.7345941608385
23.2,882.7857467359046
23.4,882.831367882248
23.6,882.871503272842
23.8,882.90619321762
24.0,882.9354726722439
24.2,882.9593712459432
24.4,882.9779132083684
24.6,882.9911174954234
24.8,882.9989977140372
25.0,883.0015621458505
25.2,882.9988137497978
25.4,882.9907501635729
25.6,882.9773637039735
25.8,882.958641366131
26.0,882.9345648216342
26.2,882.9051104155682
26.4,882.8702491624948
26.6,882.8299467414107
26.8,882.7841634897215
27.0,882.7328543962863
27.2,882.6759690935845
27.4,882.6134518490728
27.6,882.5452415558008
27.8,882.4712717223615
28.0,882.391470462265
28.2,882.3057604828207
28.4,882.214059073627
28.6,882.1162780947701
28.8,882.0123239648397
29.0,881.9020976488721
29.2,881.7854946463422
29.4,881.6624049793223
29.6,881.5327131809371
29.8,881.3962982842427
30.0,881.2530338116637
30.2,881.1027877651264
30.4,880.9454226170236
30.6,880.780795302155
30.8,880.6087572107853
31.0,880.4291541829631
31.2,880.2418265042459
31.4,880.0466089029766
31.6,879.8433305492563
31.8,879.6318150557566
32.0,879.4118804805154
32.2,879.1833393318567
32.4,878.9459985755749
32.6,878.6996596445164
32.8,878.4441184506958
33.0,878.1791654000724
33.2,877.9045854101136
33.4,877.6201579302646
33.6,877.3256569654397
33.8,877.0208511026424
34.0,876.7055035408189
34.2,876.379372124039
34.4,876.0422093780945
34.6,875.6937625505922
34.8,875.333773654618
35.0,874.9619795160339
35.2,874.5781118244607
35.4,874.1818971879956
35.6,873.7730571916957
35.8,873.3513084598563
36.0,872.9163627220962
36.2,872.467926883254
36.4,872.0057030970911
36.6,871.5293888437787
36.8,871.0386770111426
37.0,870.533255979622
37.2,870.0128097108915
37.4,869.4770178400781
37.6,868.9255557714995
37.8,868.3580947778324
38.0,867.774302102613
38.2,867.1738410659534
38.4,866.5563711733539
38.6,865.9215482274733
38.8,865.2690244427104
39.0,864.5984485624402
39.2,863.909465978734
39.4,863.2017188543865
39.6,862.4748462470584
39.8,861.7284842353382
40.0,860.9622660465127
40.2,860.1758221858305
40.4,859.3687805670342
40.6,858.5407666439268
40.8,857.6914035427355
41.0,856.8203121950244
41.2,855.9271114709054
41.4,855.0114183122935
41.6,854.0728478659398
41.8,853.1110136159856
42.0,852.1255275157648
42.2,851.1160001185891
42.4,850.0820407072462
42.6,849.023257421941
42.8,847.9392573864108
43.0,846.829646831948
43.2,845.6940312190658
43.4,844.5320153565427
43.6,843.3432035175945
43.8,842.1271995529161
44.0,840.8836070003514
44.2,839.6120291909506
44.4,838.3120693511843
44.6,836.9833307010927
44.8,835.6254165481561
45.0,834.2379303766851
45.2,832.8204759325378
45.4,831.3726573029844
45.6,829.8940789915525
45.8,828.3843459876912
46.0,826.8430638311036
46.2,825.2698386705605
46.4,823.6642773168927
46.6,822.0259872894295
46.8,820.3545768538843
47.0,818.6496550461927
47.2,816.9108316679592
47.4,815.1377172185247
47.6,813.3299226845104
47.8,811.4870590216007
48.0,809.6087360120586
48.2,807.6945599459247
48.4,805.7441292590403
48.6,803.7570269254361
48.8,801.7328081831484
49.0,799.670982285428
49.2,797.5709876427827
49.4,795.4321610726382
49.6,793.2537037579937
49.8,791.0346484489361
50.0,788.7738336875826
