0.0,780.9957517352055
0.2,782.8052461261572
0.4,784.6332179745904
0.6,786.4806572374363
0.8,788.3472632024495
1.0,790.231548176147
1.2,792.1309902223516
1.4,794.0422225791342
1.6,795.9612454724812
1.8,797.8836455509097
2.0,799.8048090238464
2.2,801.7201165819547
2.4,803.6251109832398
2.6,805.5156314220521
2.8,807.3879120765313
3.0,809.2386452202472
3.2,811.0650117367521
3.4,812.8646836445607
3.6,814.6358042805313
3.8,816.3769521465674
4.0,818.0870942085334
4.2,819.7655337960723
4.4,821.4118573480467
4.6,823.0258832305478
4.8,824.6076148469705
5.0,826.1571993528134
5.2,827.6748925365288
5.4,829.1610298549836
5.6,830.6160032157262
5.8,832.0402428587241
6.0,833.4342035783255
6.2,834.7983545093764
6.4,836.1331717486627
6.6,837.4391331675397
6.8,838.716714872952
7.0,839.9663888772333
7.2,841.1886216326631
7.4,842.3838731696798
7.6,843.5525966460169
7.8,844.695238168101
8.0,845.8122367873135
8.2,846.9040246042283
8.4,847.9710269358586
8.6,849.0136625163079
8.8,850.0323437117179
9.0,851.0274767374361
9.2,851.9994618699403
9.4,852.948693649034
9.6,853.8755610677239
9.8,854.7804477483854
10.0,855.663732104571
10.2,856.5257874882876
10.4,857.3669823228754
10.6,858.1876802218021
10.8,858.9882400938294
11.0,859.7690162350842
11.2,860.5303584086361
11.4,861.2726119122185
11.6,861.9961176347624
11.8,862.701212102431
12.0,863.3882275148479
12.2,864.0574917722213
12.4,864.7093284940541
12.6,865.3440570301311
12.8,865.9619924644492
13.0,866.5634456127489
13.2,867.1487230142784
13.4,867.7181269183978
13.6,868.2719552666091
13.8,868.8105016705639
14.0,869.3340553865764
14.2,869.8429012871354
14.4,870.3373198298816
14.6,870.8175870244818
14.8,871.2839743978046
15.0,871.73674895777
15.2,872.1761731562136
15.4,872.6025048510809
15.6,873.0159972682358
15.8,873.416898963142
16.0,873.8054537826499
16.2,874.1819008270942
16.4,874.5464744128892
16.6,874.8994040357819
16.8,875.2409143349038
17.0,875.5712250577434
17.2,875.8905510261427
17.4,876.199102103404
17.6,876.497083162578
17.8,876.7846940559886
18.0,877.0621295860399
18.2,877.3295794773336
18.4,877.5872283501195
18.6,877.835255695087
18.8,878.0738358495018
19.0,878.3031379746774
19.2,878.5233260347695
19.4,878.7345587768739
19.6,878.9369897123984
19.8,879.1307670996814
20.0,879.3160339278211
20.2,879.4929279016749
20.4,879.661581427991
20.6,879.8221216026257
20.8,879.9746701988005
21.0,880.1193436563548
21.2,880.2562530719426
21.4,880.3855041901268
21.6,880.5071973953211
21.8,880.6214277045339
22.0,880.7282847608615
22.2,880.8278528276887
22.4,880.9202107835472
22.6,881.0054321175901
22.8,881.0835849256385
23.0,881.1547319067604
23.2,881.218930360342
23.4,881.2762321836182
23.6,881.326683869625
23.8,881.3703265055458
24.0,881.4071957714228
24.2,881.4373219392079
24.4,881.4607298721306
24.6,881.4774390243671
24.8,881.4874634409898
25.0,881.4908117581914
25.2,881.4874872037685
25.4,881.4774875978635
25.6,881.4608053539616
25.8,881.4374274801428
26.0,881.4073355805964
26.2,881.3705058574038
26.4,881.3269091126027
26.6,881.2765107505467
26.8,881.2192707805798
27.0,881.1551438200445
27.2,881.0840790976512
27.4,881.0060204572336
27.6,880.9209063619209
27.8,880.8286698987604
28.0,880.7292387838244
28.2,880.6225353678398
28.4,880.5084766423804
28.6,880.3869742466621
28.8,880.2579344749861
29.0,880.121258284872
29.2,879.9768413059295
29.4,879.8245738495135
29.6,879.6643409192097
29.8,879.4960222221981
30.0,879.3194921815407
30.2,879.1346199494407
30.4,878.9412694215168
30.6,878.7392992521378
30.8,878.5285628708571
31.0,878.3089084999857
31.2,878.0801791733433
31.4,877.8422127562119
31.6,877.5948419665268
31.8,877.33789439732
32.0,877.0711925404371
32.2,876.7945538115335
32.4,876.5077905763526
32.6,876.2107101782772
32.8,875.9031149671384
33.0,875.5848023292538
33.2,875.2555647186535
33.4,874.9151896894444
33.6,874.563459929243
33.8,874.2001532935944
34.0,873.8250428412814
34.2,873.4378968704012
34.4,873.0384789550762
34.6,872.6265479826399
34.8,872.2018581911157
35.0,871.7641592067862
35.2,871.3131960816214
35.4,870.8487093303098
35.6,870.3704349666073
35.8,869.8781045386896
36.0,869.3714451631658
36.2,868.850179557372
36.4,868.3140260695432
36.6,867.7626987064166
36.8,867.195907157796
37.0,866.6133568175665
37.2,866.0147488006202
37.4,865.3997799551187
37.6,864.7681428694884
37.8,864.1195258735115
38.0,863.453613032851
38.2,862.7700841363219
38.4,862.0686146751955
38.6,861.348875813808
38.8,860.6105343507295
39.0,859.8532526697386
39.2,859.0766886798482
39.4,858.2804957436274
39.6,857.4643225930784
39.8,856.6278132323469
40.0,855.7706068265768
40.2,854.8923375762672
40.4,853.9926345765513
40.6,853.0711216609171
40.8,852.1274172290214
41.0,851.1611340584531
41.2,850.1718791006145
41.4,849.1592532613748
41.6,848.1228511679176
41.8,847.0622609244257
42.0,845.9770638611742
42.2,844.8668342846262
42.4,843.7311392408067
42.6,842.5695383113491
42.8,841.3815834722479
43.0,840.1668190608864
43.2,838.9247819191021
43.4,837.6550018109127
43.6,836.3570022552664
43.8,835.0303019688668
44.0,833.6744171832709
44.2,832.2888651843034
44.4,830.8731695184977
44.6,829.4268674155945
44.8,827.9495200785843
45.0,826.4407265783802
45.2,824.9001421379115
45.4,823.3275015733406
45.6,821.7226485468177
45.8,820.0855710428525
46.0,818.4164430794027
46.2,816.7156720854263
46.4,814.9839506167095
46.6,813.222310164613
46.8,811.4321737935135
47.0,809.6154033134776
47.2,807.7743357806507
47.4,805.9118034706399
47.6,804.0311312520699
47.8,802.1361056489586
48.0,800.230910933388
48.2,798.3200293794386
48.4,796.4081052907875
48.6,794.4997754391309
48.8,792.5994718667199
49.0,790.7112062766554
49.2,788.8383480722075
49.4,786.9834101243398
49.6,785.1478572145556
49.8,783.3319515997952
50.0,781.5346482140332
