0.0,780.9602001116799
0.2,783.4047898708504
0.4,785.8005482460122
0.6,788.1484319539646
0.8,790.4493791561938
1.0,792.7043087158212
1.2,794.9141195696625
1.4,797.0796902171793
1.6,799.2018783267968
1.8,801.2815204587807
2.0,803.3194319026352
2.2,805.3164066258065
2.4,807.2732173293992
2.6,809.1906156056141
2.8,811.0693321907415
3.0,812.910077306782
3.2,814.7135410841348
3.4,816.4803940572947
3.6,818.2112877251295
3.8,819.9068551670807
4.0,821.5677117065238
4.2,823.1944556125472
4.4,824.7876688315445
4.6,826.3479177402622
4.8,827.8757539122818
5.0,829.3717148903429
5.2,830.8363249574089
5.4,832.2700958999287
5.6,833.6735277573524
5.8,835.0471095525804
6.0,836.3913199986836
6.2,837.706628177879
6.4,838.9934941894059
6.6,840.2523697635738
6.8,841.4836988398777
7.0,842.6879181076506
7.2,843.8654575082737
7.4,845.016740698465
7.6,846.1421854746277
7.8,847.242204158647
8.0,848.3172039458856
8.2,849.3675872164366
8.4,850.3937518109599
8.6,851.3960912726345
8.8,852.3749950569378
9.0,853.3308487110814
9.2,854.2640340250326
9.4,855.174929156094
9.6,856.0639087290419
9.8,856.9313439138168
10.0,857.7776024827307
10.2,858.6030488491045
10.4,859.4080440891859
10.6,860.1929459491142
10.8,860.9581088386161
11.0,861.7038838130121
11.2,862.4306185450199
11.4,863.1386572877299
11.6,863.8283408300305
11.8,864.5000064456545
12.0,865.1539878369165
12.2,865.7906150741151
12.4,866.4102145314831
12.6,867.0131088204769
12.8,867.5996167211154
13.0,868.170053112003
13.2,868.7247288995978
13.4,869.2639509472218
13.6,869.7880220042474
13.8,870.2972406358425
14.0,870.7919011536061
14.2,871.2722935473776
14.4,871.7387034184675
14.6,872.191411914516
14.8,872.6306956661579
15.0,873.0568267256382
15.2,873.4700725074989
15.4,873.8706957314353
15.6,874.2589543673962
15.8,874.6351015829856
16.0,874.9993856932066
16.2,875.352050112574
16.4,875.6933333096055
16.6,876.0234687636943
16.8,876.3426849243516
17.0,876.6512051727987
17.2,876.9492477858812
17.4,877.2370259022683
17.6,877.5147474908925
17.8,877.7826153215827
18.0,878.0408269378344
18.2,878.2895746316548
18.4,878.5290454204218
18.6,878.7594210256856
18.8,878.9808778538405
19.0,879.1935869785951
19.2,879.3977141251592
19.4,879.5934196560688
19.6,879.7808585585707
19.8,879.9601804334787
20.0,880.1315294854214
20.2,880.2950445143945
20.4,880.4508589085351
20.6,880.5991006380307
20.8,880.7398922500809
21.0,880.8733508648255
21.2,880.9995881721604
21.4,881.1187104293547
21.6,881.230818459394
21.8,881.3360076499706
22.0,881.4343679530447
22.2,881.5259838849036
22.4,881.6109345266497
22.6,881.6892935250501
22.8,881.761129093681
23.0,881.8265040143117
23.2,881.885475638465
23.4,881.9380958891057
23.6,881.9844112624054
23.8,882.0244628295396
24.0,882.0582862384772
24.2,882.0859117157236
24.4,882.1073640679886
24.6,882.1226626837508
24.8,882.1318215346971
25.0,882.1348491770168
25.2,882.1317487525432
25.4,882.12251798973
25.6,882.1071492044633
25.8,882.0856293007084
26.0,882.0579397710029
26.2,882.0240566968029
26.4,881.9839507487038
26.6,881.9375871865559
26.8,881.8849258594998
27.0,881.8259212059564
27.2,881.7605222536035
27.4,881.6886726193815
27.6,881.6103105095723
27.8,881.5253687199992
28.0,881.4337746364016
28.2,881.3354502350397
28.4,881.2303120835902
28.6,881.1182713423958
28.8,880.999233766135
29.0,880.8730997059822
29.2,880.7397641123298
29.4,880.5991165381473
29.6,880.4510411430543
29.8,880.295416698185
30.0,880.1321165919265
30.2,879.9610088366111
30.4,879.7819560762446
30.6,879.5948155953563
30.8,879.3994393290519
31.0,879.1956738743548
31.2,878.9833605029171
31.4,878.762335175185
31.6,878.5324285560994
31.8,878.2934660324114
32.0,878.0452677316916
32.2,877.7876485431085
32.4,877.5204181400509
32.6,877.2433810046628
32.8,876.9563364543595
33.0,876.6590786703858
33.2,876.3513967284745
33.4,876.0330746316602
33.6,875.7038913452924
33.8,875.3636208342916
34.0,875.0120321026791
34.2,874.6488892354068
34.4,874.273951442504
34.6,873.8869731055466
34.8,873.4877038264434
35.0,873.0758884785226
35.2,872.6512672598861
35.4,872.2135757489845
35.6,871.7625449623472
35.8,871.2979014143824
36.0,870.8193671791397
36.2,870.3266599539022
36.4,869.8194931244461
36.6,869.2975758317789
36.8,868.7606130401227
37.0,868.2083056058805
37.2,867.6403503472693
37.4,867.0564401142633
37.6,866.4562638584289
37.8,865.8395067021796
38.0,865.2058500069096
38.2,864.5549714393924
38.4,863.8865450357575
38.6,863.2002412622687
38.8,862.4957270720399
39.0,861.7726659567292
39.2,861.0307179921466
39.4,860.2695398766095
39.6,859.488784960766
39.8,858.6881032674935
40.0,857.8671415003707
40.2,857.0255430391003
40.4,856.1629479201562
40.6,855.2789928008203
40.8,854.3733109046749
41.0,853.4455319465352
41.2,852.4952820347311
41.4,851.5221835485934
41.6,850.5258549889734
41.8,849.5059107996128
42.0,848.4619611572139
42.2,847.3936117281129
42.4,846.300463389567
42.6,845.1821119138009
42.8,844.0381476131507
43.0,842.8681549448821
43.2,841.6717120745485
43.4,840.448390397098
43.6,839.1977540153414
43.8,837.9193591758418
44.0,836.6127536627963
44.2,835.2774761510345
44.4,833.9130555198647
44.6,832.5190101301384
44.8,831.0948470675878
45.0,829.6400613561868
45.2,828.154135146012
45.4,826.6365368807998
45.6,825.0867204511137
45.8,823.5041243397305
46.0,821.8881707665125
46.2,820.2382648406469
46.4,818.553793728675
46.6,816.834125847205
46.8,815.0786100895715
47.0,813.2865750959771
47.2,811.4573285767951
47.4,809.5901566987366
47.6,807.6843235434624
47.8,805.7390706479664
48.0,803.7536166356388
48.2,801.7271569463692
48.4,799.6588636733419
48.6,797.5478855133322
48.8,795.3933478363374
49.0,793.1943528792779
49.2,790.9499800672926
49.4,788.6592864648649
49.6,786.3213073576374
49.8,783.9350569643623
50.0,781.4995292769775
