0.0,806.8198074138988
0.2,808.9276451858648
0.4,810.9946025762731
0.6,813.0210028770358
0.8,815.0071752446293
1.0,816.9534549644363
1.2,818.8601836895158
1.4,820.7277096528635
1.6,822.5563878523528
1.8,824.346580207665
2.0,826.098655688647
2.2,827.8129904146643
2.4,829.4899677246445
2.6,831.1299782176386
2.8,832.7334197638544
3.0,834.3006974862509
3.2,835.8322237128993
3.4,837.3284179004515
3.6,838.7897065291714
3.8,840.2165229701031
4.0,841.6093073250651
4.2,842.9685062402659
4.4,844.2945726944415
4.6,845.5879657625073
4.8,846.8491503558167
5.0,848.0785969401915
5.2,849.2767812329769
5.4,850.4441838804328
5.6,851.5812901168465
5.8,852.6885894067948
6.0,853.7665750720369
6.2,854.8157439045575
6.4,855.836595767305
6.6,856.8296331841947
6.8,857.7953609209634
7.0,858.734285558462
7.2,859.6469150599761
7.4,860.5337583341526
7.6,861.3953247950965
7.8,862.2321239211744
8.0,863.0446648140352
8.2,863.8334557593193
8.4,864.5990037904853
8.6,865.3418142571352
8.8,866.0623903991659
9.0,866.7612329280147
9.2,867.4388396162061
9.4,868.0957048963392
9.6,868.7323194705847
9.8,869.3491699316911
10.0,869.9467383964172
10.2,870.5255021522407
10.4,871.0859333181037
10.6,871.6284985198857
10.8,872.1536585812077
11.0,872.6618682300915
11.2,873.1535758219255
11.4,873.629223079097
11.6,874.0892448475846
11.8,874.5340688707188
12.0,874.9641155802509
12.2,875.3797979047931
12.4,875.7815210956247
12.6,876.1696825697926
12.8,876.5446717703662
13.0,876.9068700436518
13.2,877.2566505331074
13.4,877.5943780896496
13.6,877.9204091979889
13.8,878.2350919185874
14.0,878.5387658447879
14.2,878.8317620746219
14.4,879.1144031967726
14.6,879.3870032901368
14.8,879.649867936398
15.0,879.9032942450064
15.2,880.1475708899333
15.4,880.38297815756
15.6,880.6097880050395
15.8,880.8282641284685
16.0,881.0386620401933
16.2,881.2412291545777
16.4,881.4362048815541
16.6,881.6238207272892
16.8,881.8043004012948
17.0,881.977859929325
17.2,882.1447077714132
17.4,882.305044944412
17.6,882.4590651484131
17.8,882.6069548964437
18.0,882.7488936468501
18.2,882.8850539377978
18.4,883.015601523341
18.6,883.140695510531
18.8,883.260488497057
19.0,883.3751267089348
19.2,883.4847501377802
19.4,883.589492677229
19.6,883.6894822580865
19.8,883.7848409818133
20.0,883.875685251977
20.2,883.9621259033229
20.4,884.0442683281367
20.6,884.122212599596
20.8,884.1960535918291
21.0,884.2658810964183
21.2,884.331779935104
21.4,884.3938300684711
21.6,884.4521067004071
21.8,884.5066803781505
22.0,884.5576170877554
22.2,884.6049783448184
22.4,884.6488212803284
22.6,884.6891987215122
22.8,884.7261592675636
23.0,884.759747360156
23.2,884.790003348647
23.4,884.8169635498984
23.6,884.8406603026403
23.8,884.8611220163211
24.0,884.8783732143904
24.2,884.8924345719722
24.4,884.9033229478902
24.6,884.9110514110151
24.8,884.9156292609142
25.0,884.9170620427785
25.2,884.9153515566222
25.4,884.9104958607433
25.6,884.9024892694464
25.8,884.8913223450322
26.0,884.8769818840603
26.2,884.8594508979041
26.4,884.8387085876153
26.6,884.8147303131258
26.8,884.7874875568205
27.0,884.7569478815182
27.2,884.7230748829106
27.4,884.6858281365099
27.6,884.645163139171
27.8,884.6010312452574
28.0,884.5533795975341
28.2,884.5021510528776
28.4,884.447284102908
28.6,884.3887127896561
28.8,884.326366616394
29.0,884.2601704537744
29.2,884.1900444414293
29.4,884.115903885206
29.6,884.0376591502239
29.8,883.9552155499638
30.0,883.8684732316078
30.2,883.7773270578774
30.4,883.6816664856304
30.6,883.5813754415002
30.8,883.4763321948819
31.0,883.3664092285916
31.2,883.2514731075447
31.4,883.1313843458263
31.6,883.0059972725435
31.8,882.8751598968788
32.0,882.7387137727791
32.2,882.596493863745
32.4,882.4483284082027
32.6,882.2940387859621
32.8,882.1334393862924
33.0,881.9663374781571
33.2,881.7925330831811
33.4,881.6118188519314
33.6,881.4239799441165
33.8,881.2287939133225
34.0,881.0260305969183
34.2,880.8154520117753
34.4,880.5968122564564
34.6,880.3698574205358
34.8,880.1343255017199
35.0,879.8899463314374
35.2,879.6364415095713
35.4,879.3735243489994
35.6,879.1008998306038
35.8,878.818264569403
36.0,878.525306792444
36.2,878.2217063290765
36.4,877.9071346142124
36.6,877.5812547051485
36.8,877.2437213125019
37.0,876.8941808457781
37.2,876.5322714740558
37.4,876.1576232022308
37.6,875.7698579632214
37.8,875.3685897264902
38.0,874.953424623183
38.2,874.5239610881363
38.4,874.0797900189431
38.6,873.6204949522073
38.8,873.145652257052
39.0,872.6548313458802
39.2,872.1475949023157
39.4,871.6234991261798
39.6,871.0820939952838
39.8,870.522923543744
40.0,869.9455261564434
40.2,869.349434879188
40.4,868.7341777440264
40.6,868.0992781091178
40.8,867.4442550124587
41.0,866.7686235386934
41.2,866.0718951981602
41.4,865.3535783172439
41.6,864.6131784390335
41.8,863.8501987332099
42.0,863.0641404140177
42.2,862.254503165112
42.4,861.4207855700066
42.6,860.56248554679
42.8,859.6791007857288
43.0,858.7701291883225
43.2,857.8350693063355
43.4,856.873420779297
43.6,855.884684768924
43.8,854.8683643889075
44.0,853.8239651284773
44.2,852.7509952681584
44.4,851.6489662861279
44.6,850.5173932535885
44.8,849.3557952175886
45.0,848.163695569742
45.2,846.9406223993315
45.4,845.6861088293156
45.6,844.3996933338103
45.8,843.0809200356657
46.0,841.7293389828251
46.2,840.3445064022198
46.4,838.9259849300342
46.6,837.4733438172557
46.8,835.986159109519
47.0,834.464013800349
47.2,832.9064979570103
47.4,831.313208818283
47.6,829.6837508635917
47.8,828.0177358530381
48.0,826.3147828380071
48.2,824.5745181421423
48.4,822.7965753126089
48.6,820.9805950416987
48.8,819.1262250589564
49.0,817.2331199941372
49.2,815.3009412114385
49.4,813.3293566155738
49.6,811.3180404303878
49.8,809.2666729508312
50.0,807.1749402692428
