0.0,858.4522394189448
0.2,859.2258141544253
0.4,859.9830628701485
0.6,860.7244140215763
0.8,861.450229505256
1.0,862.1608150158812
1.2,862.85643213012
1.4,863.5373102260589
1.6,864.2036568513287
1.8,864.8556658370088
2.0,865.4935230738574
2.2,866.1174102773084
2.4,866.7275072421393
2.6,867.3239930831692
2.8,867.9070468589687
3.0,868.4768478521695
3.2,869.0335756736539
3.4,869.5774102828294
3.6,870.1085319702714
3.8,870.6271213240407
4.0,871.1333591887333
4.2,871.6274266208438
4.4,872.1095048417911
4.6,872.5797751891056
4.8,873.038419065997
5.0,873.485617889422
5.2,873.9215530367525
5.4,874.3464057911387
5.6,874.7603572856622
5.8,875.1635884463774
6.0,875.5562799343443
6.2,875.9386120867531
6.4,876.3107648572493
6.6,876.6729177555638
6.8,877.02524978656
7.0,877.367939388805
7.2,877.7011643727774
7.4,878.0251018588218
7.6,878.3399282149628
7.8,878.6458189946874
8.0,878.9429488748067
8.2,879.2314915935088
8.4,879.5116198887081
8.6,879.7835054367982
8.8,880.0473187919163
9.0,880.3032293258175
9.2,880.5514051684635
9.4,880.7920131494201
9.6,881.0252187401616
9.8,881.2511859973704
10.0,881.4700775073229
10.2,881.6820543314453
10.4,881.8872759531187
10.6,882.0859002258132
10.8,882.278083322622
11.0,882.4639796872624
11.2,882.6437419866105
11.4,882.8175210648275
11.6,882.98546589913
11.8,883.147723557258
12.0,883.3044391566821
12.2,883.4557558255901
12.4,883.6018146656901
12.6,883.7427547168564
12.8,883.8787129236464
13.0,884.0098241037041
13.2,884.13622091807
13.4,884.2580338434011
13.6,884.3753911461106
13.8,884.4884188584244
14.0,884.5972407563497
14.2,884.7019783395465
14.4,884.8027508130864
14.6,884.8996750710813
14.8,884.9928656821569
15.0,885.0824348767438
15.2,885.1684925361552
15.4,885.2511461834132
15.6,885.3305009757877
15.8,885.4066596990001
16.0,885.4797227630474
16.2,885.5497881995977
16.4,885.6169516609001
16.6,885.6813064201564
16.8,885.7429433732945
17.0,885.8019510420805
17.2,885.8584155785084
17.4,885.9124207703991
17.6,885.9640480481426
17.8,886.013376492513
18.0,886.0604828434858
18.2,886.1054415099851
18.4,886.1483245804873
18.6,886.1892018344074
18.8,886.2281407541938
19.0,886.2652065380554
19.2,886.3004621132461
19.4,886.3339681498321
19.6,886.365783074865
19.8,886.3959630868892
20.0,886.4245621707051
20.2,886.45163211232
20.4,886.4772225140085
20.6,886.501380809417
20.8,886.5241522786378
21.0,886.5455800631869
21.2,886.5657051808179
21.4,886.5845665401077
21.6,886.602200954751
21.8,886.6186431575001
22.0,886.6339258136971
22.2,886.6480795343374
22.4,886.6611328886111
22.6,886.673112415875
22.8,886.6840426370031
23.0,886.6939460650718
23.2,886.7028432153377
23.4,886.7107526144669
23.6,886.7176908089814
23.8,886.7236723728889
24.0,886.7287099144652
24.2,886.7328140821639
24.4,886.7359935696305
24.6,886.7382551197994
24.8,886.7396035280602
25.0,886.7400416444785
25.2,886.7395703750634
25.4,886.7381886820764
25.6,886.7358935833776
25.8,886.7326801508135
26.0,886.72854150765
26.2,886.7234688250601
26.4,886.7174513176773
26.6,886.7104762382334
26.8,886.7025288712956
27.0,886.6935925261306
27.2,886.683648528717
27.4,886.6726762129401
27.6,886.6606529109986
27.8,886.6475539430595
28.0,886.6333526062032
28.2,886.6180201626969
28.4,886.6015258276441
28.6,886.5838367560581
28.8,886.5649180294091
29.0,886.5447326416988
29.2,886.5232414851191
29.4,886.5004033353522
29.6,886.4761748365735
29.8,886.4505104862203
30.0,886.4233626195893
30.2,886.3946813943317
30.4,886.3644147749126
30.6,886.3325085171056
30.8,886.2989061525922
31.0,886.2635489737398
31.2,886.2263760186308
31.4,886.1873240564171
31.6,886.1463275730738
31.8,886.1033187576292
32.0,886.0582274889439
32.2,886.010981323117
32.4,885.9615054815916
32.6,885.9097228400377
32.8,885.8555539180828
33.0,885.7989168699681
33.2,885.7397274761989
33.4,885.677899136261
33.6,885.6133428624753
33.8,885.5459672750557
34.0,885.4756785984366
34.2,885.4023806589373
34.4,885.3259748838202
34.6,885.2463603018059
34.8,885.1634335451002
35.0,885.0770888529878
35.2,884.9872180770393
35.4,884.8937106879862
35.6,884.7964537843001
35.8,884.6953321025209
36.0,884.590228029369
36.2,884.4810216156739
36.4,884.3675905921473
36.6,884.2498103870262
36.8,884.1275541456033
37.0,884.0006927516614
37.2,883.8690948508226
37.4,883.7326268758169
37.6,883.5911530736721
37.8,883.4445355348207
38.0,883.2926342241155
38.2,883.135307013739
38.4,882.972409717989
38.6,882.8037961299163
38.8,882.629318059785
39.0,882.4488253753216
39.2,882.2621660437145
39.4,882.0691861753207
39.6,881.8697300690287
39.8,881.6636402592262
40.0,881.4507575643137
40.2,881.230921136701
40.4,881.0039685142192
40.6,880.769735672877
40.8,880.5280570808853
41.0,880.2787657538692
41.2,880.0216933111857
41.4,879.7566700332591
41.6,879.4835249198417
41.8,879.2020857491084
42.0,878.9121791374877
42.2,878.6136306001281
42.4,878.3062646119005
42.6,877.989904668831
42.8,877.6643733498586
43.0,877.329492378811
43.2,876.985082686489
43.4,876.6309644727511
43.6,876.2669572684871
43.8,875.8928799973716
44.0,875.5085510372855
44.2,875.1137882812982
44.4,874.7084091980977
44.6,874.2922308917642
44.8,873.8650701607779
45.0,873.4267435561583
45.2,872.9770674386298
45.4,872.5158580347147
45.6,872.0429314916564
45.8,871.5581039310758
46.0,871.0611915012686
46.2,870.5520104280471
46.4,870.0303770640095
46.6,869.4961079360439
46.8,868.9490197906302
47.0,868.3889296357922
47.2,867.8156547766627
47.4,867.2290128370007
47.6,866.6288217486484
47.8,866.0148996698116
48.0,865.3870647542466
48.2,864.745134629994
48.4,864.0889253564674
48.6,863.4182495244243
48.8,862.7329130793526
49.0,862.0327104449301
49.2,861.3174176705985
49.4,860.5867836736207
49.6,859.840520169416
49.8,859.0782914620016
50.0,858.2997056925113
