0.0,779.8134041848731
0.2,781.796427324167
0.4,783.7558758616188
0.6,785.6929711285283
0.8,787.6087898794739
1.0,789.5042633552318
1.2,791.3801780952792
1.4,793.2371784459807
1.6,795.0757706793269
1.8,796.8963286085112
2.0,798.699100561421
2.2,800.4842175518183
2.4,802.2517024710644
2.6,804.0014801109679
2.8,805.7333878208683
3.0,807.447186599392
3.2,809.1425724232895
3.4,810.8191876221003
3.6,812.4766321176976
3.8,814.1144743615519
4.0,815.7322618192437
4.2,817.3295308707445
4.4,818.9058160156073
4.6,820.4606582938324
4.8,821.993612855147
5.0,823.5042556311748
5.2,824.9921890859209
5.4,826.4570470396884
5.6,827.8984985795731
5.8,829.3162510857388
6.0,830.7100524165262
6.2,832.0796923069616
6.4,833.4250030443291
6.6,834.7458594911875
6.8,836.0421785306287
7.0,837.3139180108168
7.2,838.5610752661315
7.4,839.7836852907612
7.6,840.9818186376272
7.8,842.1555791113002
8.0,843.3051013183983
8.2,844.4305481330406
8.4,845.532108128574
8.6,846.609993020166
8.8,847.664435156204
9.0,848.6956850899129
9.2,849.7040092563544
9.4,850.6896877741177
9.6,851.6530123856337
9.8,852.594284545216
10.0,853.5138136596728
10.2,854.4119154826692
10.4,855.288910660943
10.6,856.1451234279552
10.8,856.9808804385758
11.0,857.7965097369082
11.2,858.5923398482956
11.4,859.3686989858857
11.6,860.125914361787
11.8,860.8643115927986
12.0,861.5842141908581
12.2,862.2859431287096
12.4,862.9698164717768
12.6,863.6361490678163
12.8,864.2852522865732
13.0,864.9174338023462
13.2,865.5329974130719
13.4,866.1322428902174
13.6,866.715465854444
13.8,867.2829576726322
14.0,867.8350053724457
14.2,868.3718915711595
14.4,868.8938944159601
14.6,869.4012875333758
14.8,869.8943399858788
15.0,870.3733162340485
15.2,870.8384761029824
15.4,871.290074751896
15.6,871.7283626460718
15.8,872.153585530505
16.0,872.5659844047404
16.2,872.9657954985285
16.4,873.3532502480285
16.6,873.7285752723703
16.8,874.0919923504543
17.0,874.4437183979203
17.2,874.7839654442547
17.4,875.1129406100392
17.6,875.4308460843607
17.8,875.7378791024231
18.0,876.0342319234048
18.2,876.3200918086193
18.4,876.5956410000315
18.6,876.8610566991872
18.8,877.1165110466075
19.0,877.3621711017
19.2,877.5981988232322
19.4,877.8247510504076
19.6,878.0419794845812
19.8,878.2500306716455
20.0,878.4490459851098
20.2,878.6391616098963
20.4,878.8205085268652
20.6,878.9932124980821
20.8,879.1573940528307
21.0,879.3131684743767
21.2,879.4606457874792
21.4,879.5999307466466
21.6,879.7311228251306
21.8,879.8543162046471
22.0,879.9695997658159
22.2,880.0770570793021
22.4,880.1767663976519
22.6,880.2688006478015
22.8,880.3532274242473
23.0,880.4301089828612
23.2,880.4995022353361
23.4,880.5614587442453
23.6,880.6160247187016
23.8,880.6632410106026
24.0,880.7031431114481
24.2,880.7357611497183
24.4,880.7611198888029
24.6,880.7792387254686
24.8,880.7901316888621
25.0,880.793807440036
25.2,880.7902692719986
25.4,880.7795151102806
25.6,880.7615375140192
25.8,880.7363236775586
26.0,880.7038554325701
26.2,880.6641092506939
26.4,880.6170562467084
26.6,880.5626621822352
26.8,880.5008874699835
27.0,880.4316871785493
27.2,880.3550110377734
27.4,880.2708034446757
27.6,880.1790034699733
27.8,880.079544865197
28.0,879.972356070422
28.2,879.8573602226214
28.4,879.7344751646588
28.6,879.6036134549331
28.8,879.4646823776856
29.0,879.3175839539815
29.2,879.1622149533763
29.4,878.9984669062724
29.6,878.8262261169737
29.8,878.6453736774394
30.0,878.455785481739
30.2,878.2573322412013
30.4,878.0498795002545
30.6,877.8332876529405
30.8,877.6074119600912
31.0,877.372102567143
31.2,877.127204522561
31.4,876.872557796843
31.6,876.6079973020628
31.8,876.3333529119071
32.0,876.0484494821573
32.2,875.7531068715579
32.4,875.4471399630129
32.6,875.130358685042
32.8,874.8025680334307
33.0,874.4635680930041
33.2,874.1131540594589
33.4,873.7511162611878
33.6,873.3772401810481
33.8,872.9913064780317
34.0,872.5930910088211
34.2,872.1823648492432
34.4,871.7588943156716
34.6,871.3224409864833
34.8,870.872761723736
35.0,870.4096086953228
35.2,869.9327293979616
35.4,869.4418666815001
35.6,868.9367587751827
35.8,868.4171393166982
36.0,867.8827373850584
36.2,867.3332775386084
36.4,866.768479859777
36.6,866.1880600085165
36.8,865.5917292867805
37.0,864.979194716833
37.2,864.3501591366792
37.4,863.7043213164557
37.6,863.0413761002144
37.8,862.3610145781743
38.0,861.6629242951849
38.2,860.9467895018487
38.4,860.2122914554478
38.6,859.4591087785228
38.8,858.6869178836015
39.0,857.8953934731765
39.2,857.0842091245217
39.4,856.2530379692954
39.6,855.4015534780495
39.8,854.5294303597128
40.0,853.6363455857677
40.2,852.7219795481744
40.4,851.7860173590176
40.6,850.8281502983509
40.8,849.8480774147002
41.0,848.8455072801503
41.2,847.8201598988265
41.4,846.7717687638807
41.6,845.7000830537878
41.8,844.6048699538779
42.0,843.4859170835995
42.2,842.3430350040878
42.4,841.1760597743058
42.6,839.984855517423
42.8,838.7693169523791
43.0,837.5293718388917
43.2,836.264983277737
43.4,834.9761518021705
43.6,833.6629171911297
43.8,832.3253599306039
44.0,830.9636022465729
44.2,829.5778086314351
44.4,828.1681857861435
44.6,826.7349819025565
44.8,825.2784852149899
45.0,823.7990217567616
45.2,822.2969522667457
45.4,820.7726682026052
45.6,819.2265868314013
45.8,817.6591453845274
46.0,816.0707942821676
46.2,814.461989452402
46.4,812.833183791286
46.6,811.1848178322163
46.8,809.51730971513
47.0,807.8310445679537
47.2,806.126363433575
47.4,804.4035518948112
47.6,802.6628285667211
47.8,800.9043336395373
48.0,799.1281176659049
48.2,797.3341307924984
48.4,795.5222126380602
48.6,793.6920830171707
48.8,791.8433337014723
49.0,789.9754213976231
49.2,788.0876621041001
49.4,786.1792269873907
49.6,784.2491398925694
49.8,782.2962765743054
50.0,780.319365702717
