0.0,604.1036929628674
0.2,610.0740796067281
0.4,615.9087024200506
0.6,621.6106230192051
0.8,627.182858651005
1.0,632.6283804240587
1.2,637.9501116867394
1.4,643.1509265531387
1.6,648.2336485777344
1.8,653.2010495788548
2.0,658.0558486103857
2.2,662.8007110805336
2.4,667.4382480158437
2.6,671.9710154680675
2.8,676.4015140609043
3.0,680.7321886730812
3.2,684.9654282537259
3.4,689.1035657654922
3.6,693.1488782504529
3.8,697.1035870133638
4.0,700.9698579165392
4.2,704.7498017802482
4.4,708.4454748822742
4.6,712.0588795500416
4.8,715.5919648385351
5.0,719.0466272870987
5.2,722.424711748116
5.4,725.7280122805289
5.6,728.9582731011585
5.8,732.1171895868363
6.0,735.206409320447
6.2,738.2275331741128
6.4,741.182116422914
6.6,744.071669882749
6.8,746.897661066165
7.0,749.6615153502574
7.2,752.3646171510231
7.4,755.0083110988647
7.6,757.5939032102737
7.8,760.1226620510608
8.0,762.595819886868
8.2,765.0145738170515
8.4,767.3800868884074
8.6,769.6934891855745
8.8,771.9558788953299
9.0,774.1683233423524
9.2,776.3318599944009
9.4,778.4474974351949
9.6,780.516216303636
9.8,782.5389701983298
10.0,784.5166865466807
10.2,786.450267438129
10.4,788.340590421372
10.6,790.1885092656712
10.8,791.99485468658
11.0,793.7604350366458
11.2,795.48603696183
11.4,797.172426024564
11.6,798.820347294509
11.8,800.4305259082189
12.0,802.0036675990085
12.2,803.5404591984246
12.4,805.0415691107818
12.6,806.5076477622752
12.8,807.9393280262163
13.0,809.3372256259541
13.2,810.701939517042
13.4,812.0340522501998
13.6,813.3341303165942
13.8,814.6027244769181
14.0,815.84037007571
14.2,817.047587342287
14.4,818.2248816796085
14.6,819.3727439423126
14.8,820.4916507050916
15.0,821.5820645224918
15.2,822.6444341811423
15.4,823.6791949453295
15.6,824.6867687967488
15.8,825.6675646691815
16.0,826.6219786787581
16.2,827.5503943503834
16.4,828.4531828408254
16.6,829.3307031588834
16.8,830.1833023829798
17.0,831.0113158764536
17.2,831.8150675007558
17.4,832.5948698266959
17.6,833.351024343824
17.8,834.0838216679821
18.0,834.7935417470098
18.2,835.4804540645447
18.4,836.1448178418212
18.6,836.7868822373363
18.8,837.4068865442183
19.0,838.0050603851157
19.2,838.5816239043954
19.4,839.136787957426
19.6,839.6707542967084
19.8,840.1837157546056
20.0,840.6758564224131
20.2,841.1473518255162
20.4,841.5983690943698
20.6,842.0290671310414
20.8,842.4395967710656
21.0,842.8301009403532
21.2,843.2007148069171
21.4,843.5515659271744
21.6,843.8827743866012
21.8,844.194452934522
22.0,844.486707112829
22.2,844.7596353784369
22.4,845.0133292192919
22.6,845.2478732637637
22.8,845.4633453832631
23.0,845.6598167879414
23.2,845.8373521153352
23.4,845.9960095118378
23.6,846.1358407068868
23.8,846.2568910797698
24.0,846.3591997189627
24.2,846.4427994739234
24.4,846.5077169992786
24.6,846.5539727913467
24.8,846.5815812169553
25.0,846.5905505345179
25.2,846.5808829073459
25.4,846.5525744091831
25.6,846.5056150219549
25.8,846.4399886257419
26.0,846.3556729809866
26.2,846.2526397029625
26.4,846.1308542285369
26.6,845.9902757752718
26.8,845.8308572929182
27.0,845.6525454073653
27.2,845.4552803571233
27.4,845.2389959224222
27.6,845.0036193470262
27.8,844.7490712528693
28.0,844.4752655476342
28.2,844.1821093254048
28.4,843.8695027605343
28.6,843.5373389948877
28.8,843.185504018622
29.0,842.8138765446852
29.2,842.4223278772224
29.4,842.0107217740942
29.6,841.5789143037146
29.8,841.1267536964326
30.0,840.6540801906891
30.2,840.1607258741842
30.4,839.646514520302
30.6,839.1112614200423
30.8,838.5547732097091
31.0,837.9768476946123
31.2,837.3772736690313
31.4,836.7558307326893
31.6,836.112289103978
31.8,835.4464094301629
32.0,834.7579425947853
32.2,834.0466295224589
32.4,833.312200981241
32.6,832.5543773827254
32.8,831.7728685799859
33.0,830.9673736634516
33.2,830.1375807547676
33.4,829.2831667986446
33.6,828.4037973526549
33.8,827.4991263748792
34.0,826.568796009249
34.2,825.6124363683722
34.4,824.6296653135558
34.6,823.6200882316745
34.8,822.5832978084586
35.0,821.5188737976953
35.2,820.426382785758
35.4,819.305377950796
35.6,818.1553988158322
35.8,816.9759709949317
36.0,815.7666059315181
36.2,814.5268006278321
36.4,813.2560373644418
36.6,811.9537834086367
36.8,810.6194907104631
37.0,809.2525955850834
37.2,807.8525183800857
37.4,806.4186631263046
37.6,804.9504171706768
37.8,803.4471507896097
38.0,801.9082167813211
38.2,800.332950035594
38.4,798.720667079392
38.6,797.0706655967974
38.8,795.3822239217694
39.0,793.6546005022687
39.2,791.8870333343676
39.4,790.0787393650487
39.6,788.2289138625129
39.8,786.3367297529384
40.0,784.4013369227924
40.2,782.421861485963
40.4,780.3974050151784
40.6,778.3270437373948
40.8,776.2098276930706
41.0,774.0447798595014
41.2,771.8308952386695
41.4,769.5671399103518
41.6,767.2524500515484
41.8,764.8857309236159
42.0,762.4658558288337
42.2,759.9916650384811
42.4,757.4619646948702
42.6,754.8755256901387
42.8,752.2310825249893
43.0,749.5273321509244
43.2,746.7629327999056
43.4,743.9365028057266
43.6,741.0466194217455
43.8,738.0918176399698
44.0,735.0705890168158
44.2,731.9813805111718
44.4,728.8225933406859
44.6,725.5925818624603
44.8,722.2896524845659
45.0,718.9120626149953
45.2,715.4580196548358
45.4,711.925680042576
45.6,708.3131483565446
45.8,704.6184764825308
46.0,700.8396628536353
46.2,696.9746517693601
46.4,693.0213328008531
46.6,688.9775402890916
46.8,684.8410529426008
47.0,680.6095935410704
47.2,676.2808287509621
47.4,671.8523690588667
47.6,667.321768828008
47.8,662.6865264828801
48.0,657.9440848265499
48.2,653.091831494674
48.4,648.1270995497583
48.6,643.04716821863
48.8,637.8492637755231
49.0,632.5305605725729
49.2,627.0881822188953
49.4,621.5192029088005
49.6,615.8206488990442
49.8,609.9895001343845
50.0,604.0226920200593
