0.0,864.4732394656377
0.2,865.1799013927902
0.4,865.8705208308032
0.6,866.5452698982413
0.8,867.2043229918293
1.0,867.8478567919618
1.2,868.4760502607336
1.4,869.0890846324414
1.6,869.6871433965447
1.8,870.2704122730878
2.0,870.8390791806256
2.2,871.3933341967132
2.4,871.9333695110491
2.6,872.4593793713908
2.8,872.9715600223814
3.0,873.4701096374549
3.2,873.9552282440105
3.4,874.4271176420674
3.6,874.8859813166373
3.8,875.3320243440686
4.0,875.7654532926376
4.2,876.1864761176817
4.4,876.5953020515827
4.6,876.9921414889305
4.8,877.3772058672022
5.0,877.7507075433142
5.2,878.1128596664095
5.4,878.4638760472528
5.6,878.8039710246182
5.8,879.1333593290537
6.0,879.4522559444187
6.2,879.7608759675888
6.4,880.0594344667275
6.6,880.348146338519
6.8,880.6272261647639
7.0,880.8968880687262
7.2,881.1573455716236
7.4,881.4088114496442
7.6,881.651497591864
7.8,881.8856148594339
8.0,882.1113729463948
8.2,882.3289802424648
8.4,882.5386436981369
8.6,882.7405686924051
8.8,882.9349589034293
9.0,883.1220161824309
9.2,883.3019404310944
9.4,883.4749294827377
9.6,883.6411789874935
9.8,883.8008823017276
10.0,883.9542303819009
10.2,884.1014116830665
10.4,884.2426120621711
10.6,884.3780146863118
10.8,884.5077999460826
11.0,884.632145374124
11.2,884.7512255689688
11.4,884.8652121242624
11.6,884.9742735634128
11.8,885.0785752797115
12.0,885.1782794819434
12.2,885.2735451454928
12.4,885.3645279689275
12.6,885.4513803360342
12.8,885.5342512832573
13.0,885.6132864724794
13.2,885.6886281690677
13.4,885.7604152250942
13.6,885.828783067629
13.8,885.8938636919866
14.0,885.9557856598
14.2,886.0146741017828
14.4,886.0706507250292
14.6,886.123833824695
14.8,886.1743382998916
15.0,886.2222756736189
15.2,886.2677541165554
15.4,886.3108784745194
15.6,886.3517502994073
15.8,886.3904678834118
16.0,886.4271262963231
16.2,886.4618174257048
16.4,886.4946300197429
16.6,886.5256497325591
16.8,886.5549591717839
17.0,886.5826379481767
17.2,886.6087627270923
17.4,886.6334072815839
17.6,886.6566425469407
17.8,886.6785366764566
18.0,886.6991550982344
18.2,886.7185605728257
18.4,886.7368132515187
18.6,886.7539707350815
18.8,886.7700881327822
19.0,886.785218121502
19.2,886.7994110047704
19.4,886.8127147715527
19.6,886.8251751546262
19.8,886.8368356883869
20.0,886.8477377659357
20.2,886.8579206952949
20.4,886.8674217546195
20.6,886.8762762462628
20.8,886.8845175495723
21.0,886.8921771722914
21.2,886.8992848004513
21.4,886.9058683466404
21.6,886.9119539965518
21.8,886.9175662537043
22.0,886.9227279822478
22.2,886.9274604477649
22.4,886.9317833559892
22.6,886.9357148893605
22.8,886.9392717413514
23.0,886.9424691484979
23.2,886.9453209200747
23.4,886.9478394653602
23.6,886.9500358184449
23.8,886.9519196605348
24.0,886.9534993397137
24.2,886.9547818881279
24.4,886.9557730365641
24.6,886.9564772263967
24.8,886.9568976188814
25.0,886.9570361017803
25.2,886.9568932933089
25.4,886.9564685433937
25.6,886.955759932243
25.8,886.9547642662291
26.0,886.9534770710892
26.2,886.9518925824578
26.4,886.9500037337431
26.6,886.9478021413695
26.8,886.9452780874107
27.0,886.9424204996412
27.2,886.939216929042
27.4,886.9356535247978
27.6,886.9317150068315
27.8,886.9273846359215
28.0,886.9226441814596
28.2,886.9174738869049
28.4,886.9118524330001
28.6,886.9057568988202
28.8,886.8991627207256
29.0,886.8920436493065
29.2,886.8843717043973
29.4,886.8761171282597
29.6,886.8672483370297
29.8,886.8577318705325
30.0,886.8475323405758
30.2,886.8366123778379
30.4,886.8249325774707
30.6,886.8124514435489
30.8,886.7991253324957
31.0,886.7849083956279
31.2,886.7697525209659
31.4,886.7536072744577
31.6,886.7364198407797
31.8,886.7181349638713
32.0,886.6986948873767
32.2,886.678039295165
32.4,886.656105252108
32.6,886.6328271452988
32.8,886.6081366259
33.0,886.5819625518109
33.2,886.5542309313519
33.4,886.5248648681628
33.6,886.4937845075175
33.8,886.4609069842578
34.0,886.4261463725531
34.2,886.3894136376922
34.4,886.3506165901142
34.6,886.3096598418865
34.8,886.2664447658362
35.0,886.2208694575417
35.2,886.1728287003845
35.4,886.1222139338674
35.6,886.0689132253901
35.8,886.012811245679
36.0,885.9537892480582
36.2,885.8917250517417
36.4,885.8264930293245
36.6,885.7579640986379
36.8,885.6860057191278
37.0,885.6104818929083
37.2,885.5312531706276
37.4,885.4481766622765
37.6,885.3611060530563
37.8,885.2698916244101
38.0,885.1743802803105
38.2,885.0744155788794
38.4,884.9698377694044
38.6,884.8604838347975
38.8,884.7461875395287
39.0,884.6267794830509
39.2,884.5020871587101
39.4,884.3719350181251
39.6,884.2361445409983
39.8,884.0945343103
40.0,883.946920092754
40.2,883.7931149245308
40.4,883.6329292020351
40.6,883.4661707776586
40.8,883.2926450603469
41.0,883.1121551208116
41.2,882.9245018012011
41.4,882.7294838290236
41.6,882.5268979350982
41.8,882.3165389752938
42.0,882.0982000557966
42.2,881.8716726616306
42.4,881.6367467881423
42.6,881.3932110751432
42.8,881.1408529433892
43.0,880.8794587330669
43.2,880.6088138439409
43.4,880.3287028768044
43.6,880.0389097758726
43.8,879.7392179717391
44.0,879.4294105245184
44.2,879.1092702667862
44.4,878.7785799459253
44.6,878.4371223654829
44.8,878.0846805251446
45.0,877.7210377589277
45.2,877.3459778711991
45.4,876.95928527013
45.6,876.5607450981954
45.8,876.1501433593446
46.0,875.727267042465
46.2,875.2919042407812
46.4,874.8438442668338
46.6,874.3828777627034
46.8,873.9087968051492
47.0,873.4213950053594
47.2,872.9204676030141
47.4,872.4058115543929
47.6,871.8772256142665
47.8,871.3345104113414
48.0,870.7774685170464
48.2,870.2059045074676
48.4,869.6196250182699
48.6,869.0184387924601
48.8,868.4021567208795
49.0,867.7705918753335
49.2,867.123559534295
49.4,866.4608772011467
49.6,865.7823646149501
49.8,865.0878437537615
50.0,864.3771388305393
