0.0,855.3933053724516
0.2,856.2444540015078
0.4,857.0758609987771
0.6,857.8879737647842
0.8,858.6812292056622
1.0,859.4560535729139
1.2,860.2128623514179
1.4,860.952060195002
1.6,861.6740409084874
1.8,862.3791874747109
2.0,863.067872124658
2.2,863.7404564485041
2.4,864.3972915450498
2.6,865.0387182067767
2.8,865.665067137522
3.0,866.2766591995932
3.2,866.8738056870084
3.4,867.4568086214559
3.6,868.0259610675258
3.8,868.58154746376
4.0,869.1238439661099
4.2,869.6531188004702
4.4,870.1696326210642
4.6,870.6736388716112
4.8,871.165384146373
5.0,871.645108548378
5.2,872.1130460423334
5.4,872.5694247999728
5.6,873.0144675358234
5.8,873.4483918316281
6.0,873.8714104479052
6.2,874.2837316213794
6.4,874.6855593472585
6.6,875.0770936455652
6.8,875.4585308109603
7.0,875.8300636456972
7.2,876.1918816755544
7.4,876.5441713487567
7.6,876.8871162180723
7.8,877.2208971064058
8.0,877.5456922563365
8.2,877.8616774641574
8.4,878.1690261990606
8.6,878.4679097081836
8.8,878.758497108289
9.0,879.040955464891
9.2,879.3154498596655
9.4,879.5821434469966
9.6,879.8411975005148
9.8,880.0927714504716
10.0,880.3370229127818
10.2,880.5741077105415
10.4,880.8041798887945
10.6,881.0273917232929
10.8,881.2438937239543
11.0,881.4538346336786
11.2,881.657361423145
11.4,881.8546192821657
11.6,882.0457516081306
11.8,882.2308999920309
12.0,882.4102042025115
12.2,882.5838021683569
12.4,882.751829959778
12.6,882.9144217688316
12.8,883.0717098892636
13.0,883.2238246960416
13.2,883.3708946248038
13.4,883.5130461514286
13.6,883.6504037719011
13.8,883.7830899826257
14.0,883.9112252613181
14.2,884.0349280485841
14.4,884.154314730278
14.6,884.269499620717
14.8,884.3805949468119
15.0,884.4877108331601
15.2,884.5909552881409
15.4,884.6904341910347
15.6,884.7862512801858
15.8,884.878508142213
16.0,884.9673042022722
16.2,885.052736715362
16.4,885.134900758662
16.6,885.2138892248863
16.8,885.289792816631
17.0,885.3627000416875
17.2,885.4326972092977
17.4,885.499868427312
17.6,885.5642956002216
17.8,885.6260584280217
18.0,885.6852344058703
18.2,885.7418988245001
18.4,885.7961247713379
18.6,885.8479831322924
18.8,885.8975425941602
19.0,885.9448696476072
19.2,885.9900285906772
19.4,886.0330815327802
19.6,886.0740883991141
19.8,886.1131069354719
20.0,886.1501927133861
20.2,886.1853991355631
20.4,886.2187774415623
20.6,886.250376713671
20.8,886.2802438829304
21.0,886.3084237352692
21.2,886.3349589176972
21.4,886.3598899445195
21.6,886.3832552035268
21.8,886.4050909621225
22.0,886.4254313733463
22.2,886.4443084817586
22.4,886.461752229146
22.6,886.477790460017
22.8,886.4924489268531
23.0,886.5057512950851
23.2,886.517719147766
23.4,886.5283719899119
23.6,886.5377272524888
23.8,886.5458002960212
24.0,886.5526044138003
24.2,886.5581508346787
24.4,886.5624487254298
24.6,886.5655051926622
24.8,886.5673252842768
25.0,886.5679119904581
25.2,886.5672662441939
25.4,886.5653869213177
25.6,886.5622708400747
25.8,886.5579127602122
26.0,886.5523053815963
26.2,886.5454393423622
26.4,886.5373032166078
26.6,886.5278835116377
26.8,886.5171646647755
27.0,886.5051290397565
27.2,886.4917569227207
27.4,886.4770265178255
27.6,886.4609139425003
27.8,886.443393222369
28.0,886.4244362858653
28.2,886.4040129585703
28.4,886.3820909573041
28.6,886.3586358840014
28.8,886.3336112194085
29.0,886.3069783166355
29.2,886.2786963946029
29.4,886.2487225314195
29.6,886.2170116577348
29.8,886.1835165501066
30.0,886.1481878244258
30.2,886.1109739294446
30.4,886.071821140451
30.6,886.0306735531366
30.8,885.9874730777035
31.0,885.9421594332589
31.2,885.8946701425416
31.4,885.8449405270317
31.6,885.7929037024873
31.8,885.7384905749608
32.0,885.6816298373367
32.2,885.6222479664415
32.4,885.5602692207717
32.6,885.4956156388836
32.8,885.4282070384918
33.0,885.3579610163184
33.2,885.284792948735
33.4,885.2086159932393
33.6,885.1293410908023
33.8,885.0468769691241
34.0,884.9611301468311
34.2,884.8720049386463
34.4,884.7794034615591
34.6,884.6832256420183
34.8,884.5833692241696
35.0,884.4797297791512
35.2,884.3722007154566
35.4,884.2606732903711
35.6,884.1450366224757
35.8,884.0251777052115
36.0,883.9009814214835
36.2,883.7723305592783
36.4,883.6391058282549
36.6,883.5011858772615
36.8,883.3584473127152
37.0,883.2107647177656
37.2,883.058010672154
37.4,882.9000557726542
37.6,882.7367686539701
37.8,882.5680160099363
38.0,882.3936626148538
38.2,882.2135713447611
38.4,882.0276031984175
38.6,881.8356173177483
38.8,881.6374710074691
39.0,881.433019753574
39.2,881.2221172403415
39.4,881.0046153654745
39.6,880.7803642529545
39.8,880.5492122631545
40.0,880.311005999716
40.2,880.0655903126618
40.4,879.8128082971724
40.6,879.5525012874288
40.8,879.2845088448832
41.0,879.0086687402948
41.2,878.7248169288378
41.4,878.4327875175757
41.6,878.1324127245712
41.8,877.8235228289043
42.0,877.5059461108666
42.2,877.1795087816118
42.4,876.844034901567
42.6,876.4993462869401
42.8,876.1452624037069
43.0,875.7816002485226
43.2,875.408174216075
43.4,875.024795952489
43.6,874.6312741944962
43.8,874.2274145942073
44.0,873.8130195294547
44.2,873.3878878998321
44.4,872.9518149087166
44.6,872.5045918317415
44.8,872.0460057723717
45.0,871.5758394054391
45.2,871.0938707096931
45.4,870.5998726906391
45.6,870.0936130951417
45.8,869.5748541194848
46.0,869.0433521127845
46.2,868.4988572778404
46.4,867.9411133717056
46.6,867.3698574084099
46.8,866.7848193664291
47.0,866.1857219036082
47.2,865.5722800823494
47.4,864.9442011079385
47.6,864.3011840829198
47.8,863.6429197804262
48.0,862.9690904393369
48.2,862.2793695840587
48.4,861.5734218716121
48.6,860.850902968555
48.8,860.1114594600863
49.0,859.3547287934489
49.2,858.5803392574976
49.4,857.7879100000031
49.6,856.9770510839604
49.8,856.1473635838267
50.0,855.2984397222616
