0.0,796.3838773395474
0.2,798.5806617299482
0.4,800.7374473592932
0.6,802.8546041338676
0.8,804.9325039887343
1.0,806.9715209847296
1.2,808.972031396349
1.4,810.9344137901675
1.6,812.8590490934786
1.8,814.7463206528648
2.0,816.5966142824526
2.2,818.4103183016362
2.4,820.1878235620989
2.6,821.929523463991
2.8,823.6358139611663
3.0,825.3070935554125
3.2,826.9437632796547
3.4,828.5462266701419
3.6,830.1148897276702
3.8,831.650160867929
4.0,833.1524508610944
4.2,834.6221727608296
4.4,836.059741822885
4.6,837.4655754135273
4.8,838.8400929080551
5.0,840.1837155796924
5.2,841.4968664791797
5.4,842.7799703054111
5.6,844.0334532674904
5.8,845.2577429386052
6.0,846.4532681021424
6.2,847.6204585904833
6.4,848.7597451169452
6.6,849.8715591013424
6.8,850.9563324896644
7.0,852.0144975683746
7.2,853.0464867738488
7.4,854.0527324974777
7.6,855.0336668869674
7.8,855.9897216443745
8.0,856.921327821416
8.2,857.8289156125945
8.4,858.7129141466771
8.6,859.5737512770643
8.8,860.4118533715792
9.0,861.2276451021997
9.2,862.021549235248
9.4,862.7939864225414
9.6,863.545374993996
9.8,864.2761307521611
10.0,864.9866667691452
10.2,865.677393186382
10.4,866.3487170176627
10.6,867.001041955844
10.8,867.6347681836224
11.0,868.25029218874
11.2,868.8480065839708
11.4,869.42829993221
11.6,869.991556576967
11.8,870.5381564785381
12.0,871.0684750561128
12.2,871.5828830360423
12.4,872.0817463064707
12.6,872.5654257785118
12.8,873.0342772541226
13.0,873.4886513008039
13.2,873.928893133233
13.4,874.3553425019091
13.6,874.7683335888674
13.8,875.1681949104968
14.0,875.5552492274697
14.2,875.9298134617746
14.4,876.2921986208142
14.6,876.6427097285188
14.8,876.9816457633963
15.0,877.3092996034271
15.2,877.6259579776907
15.4,877.9319014245925
15.6,878.2274042565447
15.8,878.512734530939
16.0,878.7881540272331
16.2,879.0539182299573
16.4,879.3102763174418
16.6,879.557471156046
16.8,879.7957392996626
17.0,880.0253109942636
17.2,880.2464101872405
17.4,880.4592545412893
17.6,880.6640554525793
17.8,880.8610180729434
18.0,881.0503413358191
18.2,881.2322179856706
18.4,881.4068346106149
18.6,881.5743716779755
18.8,881.7350035724871
19.0,881.8888986368728
19.2,882.0362192145174
19.4,882.1771216939624
19.6,882.3117565549486
19.8,882.4402684157386
20.0,882.5627960814511
20.2,882.6794725931478
20.4,882.7904252774161
20.6,882.8957757961965
20.8,882.9956401966102
21.0,883.0901289605504
21.2,883.1793470538063
21.4,883.2633939744966
21.6,883.3423638005983
21.8,883.4163452363648
22.0,883.4854216574354
22.2,883.5496711544478
22.4,883.6091665749757
22.6,883.6639755636213
22.8,883.7141606001043
23.0,883.7597790351971
23.2,883.8008831243703
23.4,883.8375200590165
23.6,883.8697319951384
23.8,883.8975560793937
24.0,883.9210244723989
24.2,883.9401643692127
24.4,883.9549980169193
24.6,883.9655427292549
24.8,883.9718108982237
25.0,883.9738100026639
25.2,883.9715426137391
25.4,883.9650063973327
25.6,883.9541941133458
25.8,883.9390936119016
26.0,883.9196878264746
26.2,883.8959547639744
26.4,883.8678674918243
26.6,883.8353941220859
26.8,883.7984977926932
27.0,883.7571366458715
27.2,883.7112638038251
27.4,883.66082734179
27.6,883.6057702585605
27.8,883.5460304446084
28.0,883.4815406479197
28.2,883.4122284376928
28.4,883.3380161660447
28.6,883.2588209278867
28.8,883.1745545191387
29.0,883.085123393459
29.2,882.9904286176821
29.4,882.89036582616
29.6,882.7848251742114
29.8,882.6736912908981
30.0,882.5568432313457
30.2,882.4341544288432
30.4,882.3054926469558
30.6,882.1707199318973
30.8,882.0296925654088
31.0,881.8822610184017
31.2,881.728269905625
31.4,881.5675579416206
31.6,881.3999578982359
31.8,881.2252965639648
32.0,881.0433947053909
32.2,880.8540670310077
32.4,880.6571221576922
32.6,880.4523625801072
32.8,880.2395846433066
33.0,880.0185785188186
33.2,879.7891281844735
33.4,879.5510114082468
33.6,879.3039997363744
33.8,879.0478584860009
34.0,878.7823467426061
34.2,878.5072173624549
34.4,878.2222169803007
34.6,877.9270860225687
34.8,877.621558726228
35.0,877.3053631635569
35.2,876.9782212729858
35.4,876.6398488961958
35.6,876.2899558216284
35.8,875.9282458345518
36.0,875.5544167738102
36.2,875.1681605953646
36.4,874.7691634427164
36.6,874.3571057242825
36.8,873.9316621977756
37.0,873.4925020616159
37.2,873.0392890533857
37.4,872.5716815553084
37.6,872.0893327067181
37.8,871.5918905234563
38.0,871.0789980241119
38.2,870.5502933629962
38.4,870.0054099697181
38.6,869.4439766952025
38.8,868.8656179639677
39.0,868.2699539324557
39.2,867.6566006531832
39.4,867.0251702444549
39.6,866.3752710653606
39.8,865.7065078957506
40.0,865.0184821208625
40.2,864.3107919202496
40.4,863.5830324606391
40.6,862.8347960923275
40.8,862.0656725487006
41.0,861.2752491484491
41.2,860.4631110000266
41.4,859.628841207889
41.6,858.7720210800317
41.8,857.8922303363339
42.0,856.9890473171998
42.2,856.0620491919834
42.4,855.1108121666717
42.6,854.134911690291
42.8,853.1339226595032
43.0,852.1074196208493
43.2,851.0549769700981
43.4,849.9761691481601
43.6,848.8705708330301
43.8,847.7377571272208
44.0,846.5773037401653
44.2,845.3887871650703
44.4,844.1717848497111
44.6,842.9258753606796
44.8,841.6506385406034
45.0,840.3456556578788
45.2,839.0105095484736
45.4,837.6447847493823
45.6,836.248067623333
45.8,834.8199464743772
46.0,833.3600116540147
46.2,831.8678556575359
46.4,830.3430732102952
46.6,828.7852613436563
46.8,827.1940194603882
47.0,825.5689493893171
47.2,823.9096554290836
47.4,822.2157443808796
47.6,820.4868255700846
47.8,818.7225108567541
48.0,816.9224146349493
48.2,815.0861538209393
48.4,813.2133478303409
48.6,811.3036185443024
48.8,809.3565902648727
49.0,807.3718896597392
49.2,805.3491456965496
49.4,803.2879895670757
49.6,801.1880546015051
49.8,799.0489761731919
50.0,796.8703915942212
