0.0,802.6066420377108
0.2,804.748602206625
0.4,806.8501489853318
0.6,808.9116300527405
0.8,810.93339692604
1.0,812.9158051372918
1.2,814.8592143936515
1.4,816.7639887205959
1.6,818.6304965876107
1.8,820.459111015859
2.0,822.2502096674275
2.2,824.0041749158196
2.4,825.7213938974429
2.6,827.4022585439126
2.8,829.0471655950677
3.0,830.656516592676
3.2,832.2307178548748
3.4,833.770180431474
3.6,835.2753200403173
3.8,836.7465569849701
4.0,838.1843160540722
4.2,839.589026402763
4.4,840.9611214166465
4.6,842.3010385588304
4.8,843.6092192006313
5.0,844.8861084365889
5.2,846.132154884492
5.4,847.3478104711604
5.6,848.5335302047736
5.8,849.6897719345777
6.0,850.8169960988373
6.2,851.9156654619294
6.4,852.9862448415065
6.6,854.0292008266756
6.8,855.0450014881598
7.0,856.0341160814236
7.2,856.9970147437496
7.4,857.9341681862626
7.6,858.8460473818959
7.8,859.7331232502906
8.0,860.5958663406129
8.2,861.4347465132593
8.4,862.2502326214093
8.6,863.0427921933597
8.8,863.8128911165569
9.0,864.560993324215
9.2,865.2875604853789
9.4,865.9930516992589
9.6,866.6779231946318
9.8,867.3426280350602
10.0,867.9876158306494
10.2,868.6133324570143
10.4,869.2202197820915
10.6,869.8087154013795
10.8,870.3792523821538
11.0,870.9322590171502
11.2,871.4681585881648
11.4,871.987369139973
11.6,872.4903032649191
11.8,872.9773678984833
12.0,873.4489641260818
12.2,873.9054870013144
12.4,874.3473253758191
12.6,874.7748617408566
12.8,875.188472080696
13.0,875.588525737833
13.2,875.9753852900292
13.4,876.3494064391208
13.6,876.7109379115049
13.8,877.0603213701748
14.0,877.3978913381413
14.2,877.723975133042
14.4,878.0388928127096
14.6,878.3429571314412
14.8,878.6364735066811
15.0,878.9197399958093
15.2,879.1930472826965
15.4,879.4566786736746
15.6,879.7109101025455
15.8,879.9560101442393
16.0,880.1922400367134
16.2,880.4198537106785
16.4,880.6390978267175
16.6,880.8502118193662
16.8,881.0534279477063
17.0,881.2489713520255
17.2,881.4370601160913
17.4,881.6179053345877
17.6,881.7917111852595
17.8,881.9586750053155
18.0,882.1189873716419
18.2,882.2728321843844
18.4,882.4203867534604
18.6,882.5618218875727
18.8,882.6973019853015
19.0,882.8269851278634
19.2,882.951023173134
19.4,883.0695618505403
19.6,883.1827408564448
19.8,883.29069394965
20.0,883.3935490466681
20.2,883.4914283164121
20.4,883.5844482739774
20.6,883.6727198731986
20.8,883.7563485976768
21.0,883.8354345499887
21.2,883.9100725388023
21.4,883.9803521636392
21.6,884.0463578970331
21.8,884.1081691638547
22.0,884.1658604175796
22.2,884.2195012132969
22.4,884.2691562772624
22.6,884.3148855728206
22.8,884.3567443625252
23.0,884.3947832663101
23.2,884.4290483155633
23.4,884.4595810029826
23.6,884.4864183280923
23.8,884.5095928383168
24.0,884.5291326655224
24.2,884.545061557941
24.4,884.5573989074113
24.6,884.566159771875
24.8,884.5713548930836
25.0,884.5729907094772
25.2,884.5710693642106
25.4,884.5655887083125
25.6,884.5565422989711
25.8,884.5439193929556
26.0,884.5277049351887
26.2,884.5078795424979
26.4,884.4844194825853
26.6,884.4572966482644
26.8,884.4264785270251
27.0,884.3919281659973
27.2,884.3536041323973
27.4,884.3114604695505
27.6,884.2654466485977
27.8,884.2155075159997
28.0,884.1615832369745
28.2,884.1036092350059
28.4,884.0415161275813
28.6,883.9752296583221
28.8,883.9046706256922
29.0,883.8297548084748
29.2,883.7503928882265
29.4,883.6664903689274
29.6,883.5779474940641
29.8,883.4846591613909
30.0,883.3865148356333
30.2,883.2833984594066
30.4,883.1751883626434
30.6,883.0617571708276
30.8,882.9429717123567
31.0,882.8186929253583
31.2,882.6887757643075
31.4,882.5530691067975
31.6,882.4114156608346
31.8,882.2636518730351
32.0,882.1096078381164
32.2,881.9491072100833
32.4,881.7819671155212
32.6,881.6079980694162
32.8,881.427003893929
33.0,881.2387816405591
33.2,881.0431215161385
33.4,880.8398068131006
33.6,880.6286138444716
33.8,880.4093118840349
34.0,880.1816631121171
34.2,879.9454225674451
34.4,879.7003381055189
34.6,879.4461503639392
34.8,879.1825927351263
35.0,878.9093913468505
35.2,878.6262650509922
35.4,878.3329254209292
35.6,878.029076757942
35.8,877.7144161070015
36.0,877.3886332822946
36.2,877.0514109028135
36.4,876.7024244383173
36.6,876.3413422659455
36.8,875.9678257377361
37.0,875.5815292592738
37.2,875.1821003796571
37.4,874.7691798929465
37.6,874.3424019512133
37.8,873.9013941892766
38.0,873.4457778611728
38.2,872.9751679883665
38.4,872.4891735196626
38.6,871.9873975027439
38.8,871.4694372672069
39.0,870.9348846189264
39.2,870.383326045534
39.4,869.8143429327457
39.6,869.2275117912279
39.8,868.622404493644
40.0,867.998588521473
40.2,867.3556272211508
40.4,866.6930800690277
40.6,866.0105029445991
40.8,865.3074484114161
41.0,864.5834660050377
41.2,863.8381025273466
41.4,863.0709023465081
41.6,862.2814077018128
41.8,861.4691590126047
42.0,860.6336951904666
42.2,859.7745539537987
42.4,858.8912721438985
42.6,857.9833860416247
42.8,857.0504316837057
43.0,856.0919451777343
43.2,855.1074630148718
43.4,854.0965223792793
43.6,853.0586614532806
43.8,851.9934197172611
44.0,850.9003382433075
44.2,849.7789599815981
44.4,848.6288300385617
44.6,847.449495945841
44.8,846.2405079191115
45.0,845.0014191058291
45.2,843.7317858210135
45.4,842.4311677701974
45.6,841.0991282587147
45.8,839.7352343865387
46.0,838.339057227924
46.2,836.9101719951587
46.4,835.4481581857821
46.6,833.952599712677
46.8,832.4230850165145
47.0,830.8592071600762
47.2,829.2605639040589
47.4,827.6267577640242
47.6,825.9573960482298
47.8,824.2520908761511
48.0,822.5104591775724
48.2,820.7321226722055
48.4,818.9167078298657
48.6,817.0638458113156
48.8,815.1731723899578
49.0,813.244327854639
49.2,811.276956893902
49.4,809.2707084620952
49.6,807.2252356278258
49.8,805.1401954053114
50.0,803.0152485692576
