0.0,872.9582750079167
0.2,873.5883278136288
0.4,874.1991951442521
0.6,874.7910196413551
0.8,875.3639596794111
1.0,875.918189428998
1.2,876.4538988376805
1.4,876.9712935291531
1.6,877.4705946217804
1.8,877.9520384682482
2.0,878.4158763185612
2.2,878.8623739091508
2.4,879.2918109813392
2.6,879.7044807328566
2.8,880.1006892065318
3.0,880.4807546206466
3.2,880.8450066457843
3.4,881.1937856332867
3.6,881.5274418006771
3.8,881.846334379601
4.0,882.1508307319745
4.2,882.441305440131
4.4,882.7181393767974
4.6,882.9817187607244
4.8,883.2324342037527
5.0,883.4706797549898
5.2,883.6968519476414
5.4,883.9113488538547
5.6,884.1145691527157
5.8,884.3069112162881
6.0,884.4887722182985
6.2,884.6605472697618
6.4,884.8226285855026
6.6,884.9754046851813
6.8,885.1192596320531
7.0,885.2545723123183
7.2,885.3817157575263
7.4,885.5010565121039
7.6,885.6129540476895
7.8,885.717760225564
8.0,885.8158188080877
8.2,885.9074650196835
8.4,885.9930251575481
8.6,886.0728162519293
8.8,886.1471457754886
9.0,886.21631140096
9.2,886.2806008060383
9.4,886.3402915241721
9.6,886.3956508397015
9.8,886.4469357255732
10.0,886.4943928216868
10.2,886.5382584517628
10.4,886.5787586764998
10.6,886.6161093806768
10.8,886.6505163917802
11.0,886.6821756276775
11.2,886.7112732708241
11.4,886.737985966481
11.6,886.7624810424284
11.8,886.7849167476867
12.0,886.8054425078038
12.2,886.8241991943269
12.4,886.84131940615
12.6,886.8569277605216
12.8,886.8711411915885
13.0,886.8840692544635
13.2,886.8958144329165
13.4,886.9064724489098
13.6,886.9161325723254
13.8,886.9248779293555
14.0,886.9327858081592
14.2,886.9399279605166
14.4,886.9463708983412
14.6,886.9521761840356
14.8,886.9574007137987
15.0,886.9620969931161
15.2,886.9663134037733
15.4,886.9700944618487
15.6,886.9734810662417
15.8,886.9765107373917
16.0,886.9792178459347
16.2,886.9816338311316
16.4,886.9837874089758
16.6,886.985704769964
16.8,886.9874097665772
17.0,886.9889240905767
17.2,886.9902674402705
17.4,886.9914576779548
17.6,886.9925109777705
17.8,886.9934419642492
18.0,886.9942638418539
18.2,886.9949885158378
18.4,886.9956267047662
18.6,886.9961880450595
18.8,886.9966811879237
19.0,886.9971138890409
19.2,886.9974930913946
19.4,886.9978250016067
19.6,886.9981151601532
19.8,886.9983685058279
20.0,886.9985894348081
20.2,886.9987818546746
20.4,886.9989492337183
20.6,886.9990946458628
20.8,886.9992208115108
21.0,886.9993301346167
21.2,886.9994247362631
21.4,886.9995064850156
21.6,886.9995770243039
21.8,886.9996377970728
22.0,886.9996900679214
22.2,886.9997349429423
22.4,886.9997733874515
22.6,886.9998062417897
22.8,886.9998342353591
23.0,886.9998579990472
23.2,886.999878076173
23.4,886.9998949320834
23.6,886.99990896251
23.8,886.9999205007854
24.0,886.9999298240107
24.2,886.999937158246
24.4,886.9999426827943
24.6,886.9999465336324
24.8,886.9999488060314
25.0,886.9999495564055
25.2,886.9999488034101
25.4,886.9999465283059
25.6,886.9999426745923
25.8,886.9999371469066
26.0,886.9999298091745
26.2,886.9999204819851
26.4,886.9999089391578
26.6,886.999894903456
26.8,886.999878041392
27.0,886.9998579570565
27.2,886.999834184898
27.4,886.9998061813601
27.6,886.9997733152818
27.8,886.9997348569424
28.0,886.9996899656321
28.2,886.999637675607
28.4,886.9995768802784
28.6,886.9995063144718
28.8,886.9994245345771
29.0,886.9993298963939
29.2,886.9992205304669
29.4,886.9990943146863
29.6,886.9989488439137
29.8,886.9987813963818
30.0,886.9985888965981
30.2,886.9983678744692
30.4,886.9981144203457
30.6,886.9978241356793
30.8,886.9974920789623
31.0,886.9971127066154
31.2,886.9966798084735
31.4,886.996186437511
31.6,886.9956248334427
31.8,886.9949863398245
32.0,886.9942613142841
32.2,886.9934390315012
32.4,886.9925075785657
32.6,886.9914537423456
32.8,886.9902628885064
33.0,886.9889188318373
33.2,886.9874036975542
33.4,886.9856977732808
33.6,886.9837793514258
33.8,886.9816245617175
34.0,886.9792071936887
34.2,886.9764985089585
34.4,886.9734670431972
34.6,886.9700783977319
34.8,886.9662950208066
35.0,886.9620759785826
35.2,886.9573767160492
35.4,886.9521488080912
35.6,886.9463397010586
35.8,886.9398924452771
36.0,886.9327454190461
36.2,886.9248320447751
36.4,886.9160804980307
36.6,886.9064134103804
36.8,886.8957475670454
37.0,886.8839936005016
37.2,886.8710556812916
37.4,886.8568312074468
37.6,886.8412104940412
37.8,886.82407646453
38.0,886.8053043456493
38.2,886.7847613677739
38.4,886.7623064727458
38.6,886.7377900312908
38.8,886.7110535722434
39.0,886.6819295258814
39.2,886.6502409837541
39.4,886.6158014774414
39.6,886.5784147787344
39.8,886.5378747237463
40.0,886.4939650634832
40.2,886.4464593433805
40.4,886.3951208142878
40.6,886.3397023773223
40.8,886.2799465649342
41.0,886.2155855604205
41.2,886.1463412579956
41.4,886.0719253653697
41.6,885.9920395506043
41.8,885.9063756348061
42.0,885.8146158319907
42.2,885.7164330371862
42.4,885.6114911635675
42.6,885.4994455291134
42.8,885.3799432929483
43.0,885.252623941196
43.2,885.1171198218127
43.4,884.9730567274948
43.6,884.820054525381
43.8,884.6577278318741
44.0,884.4856867305226
44.2,884.303537530503
44.4,884.1108835628645
44.6,883.9073260113067
44.8,883.6924647738999
45.0,883.4658993517994
45.2,883.2272297606703
45.4,882.976057460232
45.6,882.7119862970422
45.8,882.4346234553941
46.0,882.1435804109749
46.2,881.8384738817609
46.4,881.5189267704759
46.6,881.1845690928515
46.8,880.83503888587
47.0,880.4699830901691
47.2,880.0890584008317
47.4,879.6919320808772
47.6,879.278282731912
47.8,878.847801016594
48.0,878.4001903277987
48.2,877.9351673996714
48.4,877.4524628560744
48.6,876.951821692321
48.8,876.4330036865022
49.0,875.8957837371605
49.2,875.3399521245615
49.4,874.7653146933146
49.6,874.171692954647
49.8,873.5589241071817
50.0,872.9268609756504
