0.0,530.1811176051975
0.2,536.112387111737
0.4,541.9612459392694
0.6,547.7275379229877
0.8,553.4111729908512
1.0,559.0121280736867
1.2,564.5304476480544
1.4,569.9662439117835
1.6,575.3196965949111
1.8,580.5910524115627
2.0,585.7806241610162
2.2,590.8887894888124
2.4,595.9159893212548
2.6,600.8627259889797
2.8,605.729561057438
3.0,610.5171128840982
3.2,615.2260539239472
3.4,619.8571078063973
3.6,624.4110462080167
3.8,628.8886855465618
4.0,633.290883522598
4.2,637.6185355355636
4.4,641.8725710014278
4.6,646.0539495991657
4.8,650.1636574730777
5.0,654.202703417563
5.2,658.1721150703112
5.4,662.072935139011
5.6,665.9062176856213
5.8,669.6730244910057
6.0,673.3744215213245
6.2,677.0114755160338
6.4,680.5852507156594
6.6,684.0968057457385
6.8,687.5471906714603
7.0,690.9374442356102
7.2,694.2685912904662
7.4,697.5416404323098
7.6,700.757581845238
7.8,703.9173853590049
8.0,707.0219987237066
8.2,710.0723461022588
8.4,713.0693267798392
8.6,716.0138140877598
8.8,718.9066545376498
9.0,721.7486671603372
9.2,724.5406430424589
9.4,727.283345052603
9.6,729.9775077476794
9.8,732.6238374492747
10.0,735.2230124789161
10.2,737.7756835405115
10.4,740.2824742376987
10.6,742.7439817134443
10.8,745.1607773989858
11.0,747.5334078590787
11.2,749.8623957205211
11.4,752.1482406710395
11.6,754.3914205158496
11.8,756.5923922795359
12.0,758.7515933413097
12.2,760.8694425922075
12.4,762.9463416033631
12.6,764.9826757951171
12.8,766.9788155974147
13.0,768.9351175926613
13.2,770.8519256329641
13.4,772.7295719244627
13.6,774.5683780722376
13.8,776.3686560800808
14.0,778.1307093001958
14.2,779.8548333286705
14.4,781.5413168433242
14.6,783.1904423812595
14.8,784.8024870541477
15.0,786.3777231999519
15.2,787.916418970406
15.4,789.4188388541648
15.6,790.8852441360751
15.8,792.3158932935113
16.0,793.7110423311719
16.2,795.0709450561255
16.4,796.3958532952497
16.6,797.6860170575089
16.8,798.9416846437749
17.0,800.1631027071015
17.2,801.3505162665406
17.4,802.5041686777057
17.6,803.6243015633844
17.8,804.7111547075472
18.0,805.7649659161232
18.2,806.7859708478985
18.4,807.7744028188519
18.6,808.7304925831802
18.8,809.6544680941769
19.0,810.5465542480221
19.2,811.4069726134207
19.4,812.235941149891
19.6,813.0336739173574
19.8,813.8003807795535
20.0,814.536267103576
20.2,815.2415334577709
20.4,815.9163753099685
20.6,816.5609827279213
20.8,817.1755400836353
21.0,817.7602257631285
21.2,818.3152118830003
21.4,818.8406640150432
21.6,819.3367409199948
21.8,819.8035942913913
22.0,820.2413685103645
22.2,820.6502004121061
22.4,821.0302190646214
22.6,821.3815455602953
22.8,821.7042928207095
23.0,821.9985654150723
23.2,822.2644593925512
23.4,822.5020621287446
23.6,822.7114521864727
23.8,822.8926991910278
24.0,823.045863719987
24.2,823.170997207663
24.4,823.2681418642438
24.6,823.3373306096557
24.8,823.3785870221737
25.0,823.3919253017868
25.2,823.3773502483303
25.4,823.3348572543838
25.6,823.264432312938
25.8,823.1660520398252
26.0,823.0396837109122
26.2,822.8852853140445
26.4,822.7028056157297
26.6,822.4921842425348
26.8,822.2533517771626
27.0,821.9862298691532
27.2,821.6907313601338
27.4,821.3667604235125
27.6,821.0142127184737
27.8,820.6329755580938
28.0,820.2229280913394
28.2,819.783941498657
28.4,819.3158792007887
28.6,818.8185970803789
28.8,818.2919437158428
29.0,817.7357606268755
29.2,817.1498825308781
29.4,816.5341376094561
29.6,815.888347784028
29.8,815.2123289994477
30.0,814.5058915144049
30.2,813.7688401972231
30.4,813.000974825519
30.6,812.202090388032
30.8,811.3719773867707
31.0,810.5104221374602
31.2,809.6172070661078
31.4,808.6921109993463
31.6,807.7349094460509
31.8,806.7453748675752
32.0,805.7232769338035
32.2,804.6683827620876
32.4,803.5804571360048
32.6,802.4592627007781
32.8,801.3045601321083
33.0,800.1161082751009
33.2,798.8936642499352
33.4,797.636983520908
33.6,796.3458199255017
33.8,795.0199256601825
34.0,793.6590512197166
34.2,792.2629452869271
34.4,790.8313545699754
34.6,789.3640235844674
34.8,787.8606943779404
35.0,786.321106194589
35.2,784.7449950784405
35.4,783.1320934135883
35.6,781.48212940054
35.8,779.7948264682294
36.0,778.0699026217845
36.2,776.3070697267269
36.4,774.5060327309043
36.6,772.6664888261304
36.8,770.7881265521946
37.0,768.8706248466492
37.2,766.9136520445267
37.4,764.9168648329198
37.6,762.8799071661439
37.8,760.802409147988
38.0,758.6839858883545
38.2,756.5242363423592
38.4,754.322742140718
38.6,752.0790664209723
38.8,749.7927526697864
39.0,747.4633235871831
39.2,745.0902799841532
39.4,742.6730997255784
39.6,740.211236730823
39.8,737.7041200446769
40.0,735.1511529915649
40.2,732.5517124260493
40.4,729.9051480926598
40.6,727.2107821079563
40.8,724.4679085774827
41.0,721.6757933598734
41.2,718.8336739898496
41.4,715.9407597711709
41.6,712.9962320497933
41.8,709.9992446765274
42.0,706.9489246673983
42.2,703.8443730686754
42.4,700.6846660321787
42.6,697.4688561049871
42.8,694.1959737360788
43.0,690.8650290007354
43.2,687.475013541758
43.4,684.0249027246858
43.6,680.5136580022881
43.8,676.9402294816481
44.0,673.3035586851743
44.2,669.6025814948999
44.4,665.836231267465
44.6,662.0034421052542
44.8,658.1031522673063
45.0,654.1343077018258
45.2,650.095865680459
45.4,645.9867985129428
45.6,641.8060973193311
45.8,637.5527758357624
46.0,633.225874228674
46.2,628.8244628915071
46.4,624.3476461972999
46.6,619.7945661801476
46.8,615.1644061183162
47.0,610.4563939918626
47.2,605.6698057879182
47.4,600.8039686273514
47.6,595.8582636873407
47.8,590.8321288954484
48.0,585.7250613720882
48.2,580.5366195998218
48.4,575.2664252996742
48.6,569.9141649966363
48.8,564.4795912586748
49.0,558.9625235959107
49.2,553.3628490091083
49.4,547.6805221792298
49.6,541.9155652925252
49.8,536.0680674984199
50.0,530.138184000295
