0.0,877.8176560432797
0.2,878.4285601990595
0.4,879.012692354415
0.6,879.5701504449513
0.8,880.101107039657
1.0,880.605808720576
1.2,881.0845747086094
1.4,881.5377947634637
1.6,881.9659263966105
1.8,882.3694914460774
2.0,882.7490720707624
2.2,883.1053062295725
2.4,883.4388827169256
2.6,883.750535830892
2.8,884.0410397534728
3.0,884.3112027241539
3.2,884.561861087995
3.4,884.793873298141
3.6,885.0081139498824
3.8,885.2054679193544
4.0,885.386824674793
4.2,885.5530728221332
4.4,885.7050949398053
4.6,885.8437627500598
4.8,885.9699326662131
5.0,886.0844417470513
5.2,886.1881040814318
5.4,886.2817076180713
5.6,886.3660114477439
5.8,886.4417435377811
6.0,886.5095989119988
6.2,886.5702382630438
6.4,886.6242869787608
6.6,886.672334559554
6.8,886.7149343999076
7.0,886.7526039042219
7.2,886.7858249049256
7.4,886.8150443493964
7.6,886.8406752215179
7.8,886.8630976636751
8.0,886.882660265557
8.2,886.8996814872391
8.4,886.914451185571
8.6,886.9272322148058
8.8,886.9382620746297
9.0,886.9477545811592
9.2,886.9559015390414
9.4,886.9628743954174
9.6,886.9688258591476
9.8,886.9738914712881
10.0,886.9781911153136
10.2,886.9818304579445
10.4,886.9849023136566
10.6,886.9874879279728
10.8,886.9896581764723
11.0,886.9914746780771
11.2,886.9929908225904
11.4,886.9942527136722
11.6,886.9953000294486
11.8,886.9961668037685
12.0,886.9968821317664
12.2,886.9974708038711
12.4,886.9979538727334
12.6,886.9983491577559
12.8,886.9986716919983
13.0,886.998934116233
13.2,886.9991470248456
13.4,886.9993192681266
13.6,886.9994582153138
13.8,886.9995699825031
14.0,886.9996596292908
14.2,886.9997313277377
14.4,886.9997885069537
14.6,886.9998339763243
14.8,886.9998700301114
15.0,886.9998985358947
15.2,886.9999210090567
15.4,886.9999386752723
15.6,886.99995252273
15.8,886.9999633456097
16.0,886.9999717801417
16.2,886.9999783344018
16.4,886.9999834128387
16.6,886.9999873363898
16.8,886.9999903589206
17.0,886.9999926806069
17.2,886.9999944587922
17.4,886.9999958167632
17.6,886.9999968508172
17.8,886.9999976359347
18.0,886.9999982303148
18.2,886.999998678989
18.4,886.9999990166918
18.6,886.9999992701319
18.8,886.9999994597812
19.0,886.9999996012831
19.2,886.9999997065539
19.4,886.9999997846427
19.6,886.9999998423995
19.8,886.9999998849936
20.0,886.9999999163143
20.2,886.9999999392783
20.4,886.999999956066
20.6,886.9999999683026
20.8,886.9999999771962
21.0,886.9999999836411
21.2,886.9999999882979
21.4,886.9999999916529
21.6,886.9999999940629
21.8,886.9999999957892
22.0,886.9999999970219
22.2,886.9999999978997
22.4,886.999999998523
22.6,886.9999999989641
22.8,886.9999999992754
23.0,886.9999999994943
23.2,886.999999999648
23.4,886.9999999997553
23.6,886.9999999998302
23.8,886.9999999998819
24.0,886.9999999999175
24.2,886.9999999999415
24.4,886.9999999999575
24.6,886.9999999999676
24.8,886.9999999999732
25.0,886.999999999975
25.2,886.9999999999732
25.4,886.9999999999676
25.6,886.9999999999575
25.8,886.9999999999415
26.0,886.9999999999175
26.2,886.9999999998819
26.4,886.9999999998302
26.6,886.9999999997553
26.8,886.999999999648
27.0,886.9999999994943
27.2,886.9999999992754
27.4,886.9999999989641
27.6,886.999999998523
27.8,886.9999999978997
28.0,886.9999999970219
28.2,886.999999995789
28.4,886.9999999940627
28.6,886.9999999916524
28.8,886.9999999882972
29.0,886.99999998364
29.2,886.9999999771946
29.4,886.9999999683002
29.6,886.9999999560623
29.8,886.9999999392732
30.0,886.9999999163073
30.2,886.9999998849837
30.4,886.9999998423856
30.6,886.9999997846234
30.8,886.9999997065271
31.0,886.9999996012459
31.2,886.99999945973
31.4,886.9999992700615
31.6,886.9999990165952
31.8,886.9999986788567
32.0,886.9999982301345
32.2,886.9999976356895
32.4,886.9999968504845
32.6,886.9999958163131
32.8,886.9999944581849
33.0,886.9999926797897
33.2,886.9999903578237
33.4,886.9999873349215
33.6,886.9999834108783
33.8,886.9999783317917
34.0,886.9999717766756
34.2,886.9999633410193
34.4,886.9999525166667
34.6,886.9999386672845
34.8,886.9999209985612
35.0,886.9998985221399
35.2,886.999870012133
35.4,886.9998339528863
35.6,886.9997884764778
35.8,886.9997312882135
36.0,886.9996595781648
36.2,886.9995699165405
36.4,886.9994581304285
36.6,886.9993191591709
36.8,886.9991468853528
37.0,886.9989339381018
37.2,886.9986714651058
37.4,886.9983488694895
37.6,886.9979535074204
37.8,886.9974703420897
38.0,886.9968815495139
38.2,886.9961660714605
38.4,886.9952991107211
38.6,886.9942515639475
38.8,886.992989387369
39.0,886.9914728909085
39.2,886.989655956551
39.4,886.9874851773003
39.6,886.9848989136997
39.8,886.9818262657132
40.0,886.9781859587727
40.2,886.9738851440038
40.4,886.9688181140629
40.6,886.9628649376349
40.8,886.955890017481
41.0,886.9477405789467
41.2,886.9382450980538
41.4,886.9272116806734
41.6,886.9144264067689
41.8,886.8996516563025
42.0,886.8826244360221
42.2,886.8630547289885
42.4,886.8406238912502
42.6,886.8149831225036
42.8,886.7857520397815
43.0,886.752517385137
43.2,886.7148318998393
43.4,886.6722133987025
43.6,886.6241440787427
43.8,886.5700700963273
44.0,886.5094014462859
44.2,886.4415121750252
44.4,886.3657409574938
44.6,886.2813920648455
44.8,886.1877367458375
45.0,886.0840150403835
45.2,885.9694380382865
45.4,885.8431905900579
45.6,885.7044344699594
45.8,885.5523119840796
46.0,885.385950008499
46.2,885.2044644345463
46.4,885.0069649899582
46.6,884.7925603966029
46.8,884.5603638174929
47.0,884.3094985382885
47.2,884.0391038215696
47.4,883.7483408660188
47.6,883.4363987974896
47.8,883.102500614897
48.0,882.7459090111078
48.2,882.3659319876306
48.4,881.9619281820266
48.6,881.5333118286023
48.8,881.0795572761584
49.0,880.6002029913044
49.2,880.0948549820806
49.4,879.5631895842315
49.6,879.0049555613402
49.8,878.4199754799822
50.0,877.808146331896
