0.0,842.7395856405706
0.2,845.0536851435859
0.4,847.2250081192324
0.6,849.2518726245694
0.8,851.1350494823274
1.0,852.877616906294
1.2,854.4847195256963
1.4,855.9632518724444
1.6,857.3214904118531
1.8,858.5686998846896
2.0,859.7147391049903
2.2,860.7696886975519
2.4,861.7435190323864
2.6,862.6458114108466
2.8,863.4855400026727
3.0,864.2709167010175
3.2,865.0092964199994
3.4,865.7071367242947
3.6,866.3700032089512
3.8,867.0026107450246
4.0,867.6088904550054
4.2,868.1920728791155
4.4,868.7547789943387
4.6,869.2991123022256
4.8,869.8267468834592
5.0,870.3390079452619
5.2,870.8369428334927
5.4,871.3213816694688
5.6,871.7929876735881
5.8,872.2522978616164
6.0,872.6997551775232
6.2,873.1357333050995
6.4,873.5605554295695
6.6,873.9745081478966
6.8,874.3778515935364
7.0,874.7708266804246
7.2,875.1536602053334
7.4,875.5265683925891
7.6,875.8897593290371
7.8,876.2434346235551
8.0,876.5877905344402
8.2,876.9230187376627
8.4,877.2493068562645
8.6,877.5668388327732
8.8,877.8757951992512
9.0,878.1763532807229
9.2,878.4686873549414
9.4,878.7529687830134
9.6,879.0293661199145
9.8,879.2980452104603
10.0,879.5591692741413
10.2,879.8128989809157
10.4,880.0593925192773
10.6,880.2988056574574
10.8,880.5312917983697
11.0,880.7570020287587
11.2,880.9760851629376
11.4,881.1886877814644
11.6,881.394954265084
11.8,881.5950268242502
12.0,881.7890455245397
12.2,881.9771483082617
12.4,882.159471012562
12.6,882.3361473843137
12.8,882.5073090920791
13.0,882.6730857354186
13.2,882.8336048518115
13.4,882.9889919214445
13.6,883.1393703701086
13.8,883.2848615704363
14.0,883.4255848416948
14.2,883.5616574483416
14.4,883.6931945975305
14.6,883.820309435746
14.8,883.943113044732
15.0,884.0617144368617
15.2,884.1762205500906
15.4,884.2867362426147
15.6,884.3933642873478
15.8,884.4962053663205
16.0,884.595358065089
16.2,884.6909188672354
16.4,884.7829821490261
16.6,884.8716401742913
16.8,884.9569830895726
17.0,885.0390989195851
17.2,885.1180735630243
17.4,885.1939907887496
17.6,885.2669322323601
17.8,885.3369773931806
18.0,885.4042036316655
18.2,885.468686167222
18.4,885.530498076455
18.6,885.5897102918258
18.8,885.646391600715
19.0,885.7006086448796
19.2,885.7524259202856
19.4,885.8019057773012
19.6,885.849108421226
19.8,885.8940919131405
20.0,885.936912171043
20.2,885.9776229712575
20.4,886.0162759500811
20.6,886.0529206056447
20.8,886.0876042999607
21.0,886.1203722611292
21.2,886.1512675856734
21.4,886.1803312409783
21.6,886.2076020678034
21.8,886.2331167828429
22.0,886.2569099813065
22.2,886.2790141394934
22.4,886.2994596173371
22.6,886.318274660894
22.8,886.3354854047536
23.0,886.3511158743493
23.2,886.3651879881462
23.4,886.3777215596909
23.6,886.3887342995007
23.8,886.3982418167781
24.0,886.4062576209361
24.2,886.4127931229194
24.4,886.4178576363115
24.6,886.421458378216
24.8,886.4236004699058
25.0,886.4242869372314
25.2,886.4235187107874
25.4,886.4212946258303
25.6,886.4176114219488
25.8,886.4124637424869
26.0,886.4058441337243
26.2,886.3977430438141
26.4,886.38814882149
26.6,886.3770477145448
26.8,886.3644238680967
27.0,886.3502593226489
27.2,886.3345340119586
27.4,886.3172257607316
27.6,886.2983102821554
27.8,886.2777611752914
28.0,886.2555499223454
28.2,886.2316458858357
28.4,886.2060163056827
28.6,886.1786262962416
28.8,886.1494388433047
29.0,886.1184148010962
29.2,886.0855128892877
29.4,886.0506896900615
29.6,886.0138996452481
29.8,885.9750950535666
30.0,885.9342260679985
30.2,885.8912406933194
30.4,885.8460847838231
30.6,885.7987020412605
30.8,885.7490340130273
31.0,885.6970200906227
31.2,885.6425975084107
31.4,885.5857013427068
31.6,885.5262645112134
31.8,885.4642177728309
32.0,885.3994897278616
32.2,885.332006818625
32.4,885.2616933305035
32.6,885.1884713934288
32.8,885.1122609838193
33.0,885.0329799269765
33.2,884.9505438999394
33.4,884.8648664347978
33.6,884.7758589224547
33.8,884.6834306168269
34.0,884.5874886394629
34.2,884.4879379845561
34.4,884.3846815243195
34.6,884.2776200146826
34.8,884.166652101266
35.0,884.0516743255745
35.2,883.9325811313491
35.4,883.8092648710009
35.6,883.6816158120444
35.8,883.5495221434394
36.0,883.4128699817342
36.2,883.2715433768972
36.4,883.1254243177099
36.6,882.9743927365838
36.8,882.8183265136536
37.0,882.6571014799821
37.2,882.4905914197084
37.4,882.3186680709522
37.6,882.1412011252804
37.8,881.9580582255287
38.0,881.769104961762
38.2,881.5742048651477
38.4,881.3732193995054
38.6,881.1660079502897
38.8,880.9524278107575
39.0,880.7323341650624
39.2,880.5055800680128
39.4,880.2720164212296
39.6,880.0314919454263
39.8,879.783853148527
40.0,879.5289442893146
40.2,879.2666073362602
40.4,878.9966819211061
40.6,878.7190052866315
40.8,878.433412227769
41.0,878.139735024782
41.2,877.8378033664291
41.4,877.5274442597298
41.6,877.2084819207797
41.8,876.8807376375912
42.0,876.5440295904577
42.2,876.1981726068847
42.4,875.8429778153616
42.6,875.47825214338
42.8,875.1037975778646
43.0,874.7194100678074
43.2,874.3248778962194
43.4,873.9199792782322
43.6,873.5044788512818
43.8,873.0781226098144
44.0,872.64063070095
44.2,872.191687342525
44.4,871.7309269594042
44.6,871.2579154730867
44.8,870.7721255467641
45.0,870.272904515456
45.2,869.759433759713
45.4,869.2306784594266
45.6,868.6853270418128
45.8,868.1217202606471
46.0,867.5377707448386
46.2,866.9308750412753
46.4,866.2978216210798
46.6,865.6346999447816
46.8,864.9368173621355
47.0,864.198632174967
47.2,863.4137123911247
47.4,862.5747302943688
47.6,861.6735027039852
47.8,860.7010854971223
48.0,859.6479284985859
48.2,858.504093212132
48.4,857.2595312302158
48.6,855.9044158331021
48.8,854.4295137391339
49.0,852.8265787712704
49.2,851.0887449831673
49.4,849.2108941305214
49.6,847.1899717506852
49.8,845.0252277988591
50.0,842.7183618013469
