0.0,798.4476390833524
0.2,800.6257929504964
0.4,802.7638383013399
0.6,804.8621390637348
0.8,806.9210616837566
1.0,808.9409752443102
1.2,810.9222515727641
1.4,812.8652653371879
1.6,814.7703941308141
1.8,816.6380185443862
2.0,818.4685222261029
2.2,820.26229192891
2.4,822.0197175449437
2.6,823.7411921269681
2.8,825.4271118967059
3.0,827.0778762400003
3.2,828.6938876887999
3.4,830.2755518900013
3.6,831.82327756123
3.8,833.3374764336903
4.0,834.818563182254
4.2,836.266955343005
4.4,837.6830732184966
4.6,839.067339771023
4.8,840.4201805042383
5.0,841.7420233335029
5.2,843.0332984453659
5.4,844.2944381466265
5.6,845.5258767034525
5.8,846.7280501710574
6.0,847.9013962144683
6.2,849.0463539209404
6.4,850.1633636045924
6.6,851.2528666038611
6.8,852.3153050723856
7.0,853.351121763948
7.2,854.3607598121072
7.4,855.3446625051727
7.6,856.3032730571687
7.8,857.2370343754453
8.0,858.1463888255902
8.2,859.0317779942966
8.4,859.8936424508374
8.6,860.7324215077872
8.8,861.5485529816258
9.0,862.3424729538484
9.2,863.1146155331903
9.4,863.865412619559
9.6,864.5952936702532
9.8,865.3046854690234
10.0,865.9940118985135
10.2,866.6636937165946
10.4,867.314148337085
10.6,867.9457896153194
10.8,868.5590276390077
11.0,869.1542685247948
11.2,869.7319142209063
11.4,870.292362316234
11.6,870.8360058561877
11.8,871.3632331656095
12.0,871.8744276790137
12.2,872.3699677783914
12.4,872.8502266387816
12.6,873.3155720817837
12.8,873.7663664371578
13.0,874.2029664126231
13.2,874.6257229719442
13.4,875.0349812213572
13.6,875.4310803043657
13.8,875.814353304907
14.0,876.1851271588603
14.2,876.5437225738457
14.4,876.8904539572368
14.6,877.2256293522845
14.8,877.5495503822297
15.0,877.8625122022562
15.2,878.1648034591224
15.4,878.4567062582797
15.6,878.7384961382805
15.8,879.0104420522501
16.0,879.2728063561907
16.2,879.5258448038633
16.4,879.7698065479877
16.6,880.0049341474851
16.8,880.2314635804753
17.0,880.4496242627389
17.2,880.659639071339
17.4,880.8617243730945
17.6,881.0560900575915
17.8,881.2429395744148
18.0,881.4224699742756
18.2,881.5948719537158
18.4,881.7603299030615
18.6,881.9190219573017
18.8,882.0711200495715
19.0,882.2167899669154
19.2,882.3561914080136
19.4,882.4894780425582
19.6,882.6167975719655
19.8,882.7382917911236
20.0,882.8540966508735
20.2,882.9643423209318
20.4,883.0691532529694
20.6,883.1686482435707
20.8,883.2629404968003
21.0,883.3521376861204
21.2,883.4363420154023
21.4,883.5156502787959
21.6,883.5901539192189
21.8,883.6599390852471
22.0,883.7250866861923
22.2,883.7856724451674
22.4,883.8417669499463
22.6,883.8934357014417
22.8,883.9407391596295
23.0,883.983732786765
23.2,884.0224670877441
23.4,884.0569876474742
23.6,884.0873351651356
23.8,884.1135454852174
24.0,884.1356496252321
24.2,884.1536738000207
24.4,884.1676394425706
24.6,884.1775632212837
24.8,884.1834570536422
25.0,884.1853281162312
25.2,884.1831788510879
25.4,884.1770069683637
25.6,884.1668054452906
25.8,884.152562521461
26.0,884.134261690437
26.2,884.1118816877226
26.4,884.0853964751368
26.6,884.0547752216456
26.8,884.0199822807141
27.0,883.9809771642605
27.2,883.9377145132967
27.4,883.8901440653597
27.6,883.8382106188426
27.8,883.7818539943522
28.0,883.7210089932267
28.2,883.6556053533604
28.4,883.5855677024932
28.6,883.5108155091353
28.8,883.4312630313061
29.0,883.3468192632786
29.2,883.2573878805313
29.4,883.1628671831211
29.6,883.0631500376974
29.8,882.9581238183919
30.0,882.8476703468258
30.2,882.731665831486
30.4,882.6099808067304
30.6,882.4824800716921
30.8,882.349022629359
31.0,882.209461626114
31.2,882.0636442920272
31.4,881.9114118821977
31.6,881.75259961945
31.8,881.5870366386932
32.0,881.4145459332559
32.2,881.2349443035156
32.4,881.0480423081387
32.6,880.8536442182565
32.8,880.6515479748958
33.0,880.4415451499898
33.2,880.2234209112866
33.4,879.9969539914786
33.6,879.7619166618649
33.8,879.51807471086
34.0,879.2651874276543
34.2,879.003007591325
34.4,878.7312814656893
34.6,878.4497488001812
34.8,878.1581428370223
35.0,877.8561903249503
35.2,877.5436115397451
35.4,877.2201203117912
35.6,876.8854240608883
35.8,876.539223838514
36.0,876.1812143777146
36.2,875.8110841507923
36.4,875.4285154349266
36.6,875.0331843858484
36.8,874.6247611196692
37.0,874.202909802932
37.2,873.7672887509366
37.4,873.3175505343577
37.6,872.8533420941548
37.8,872.3743048647382
38.0,871.8800749053322
38.2,871.3702830394459
38.4,870.8445550023314
38.6,870.3025115962828
38.8,869.7437688535948
39.0,869.167938206973
39.2,868.5746266671554
39.4,867.9634370074754
39.6,867.3339679550671
39.8,866.6858143883809
40.0,866.018567540653
40.2,865.3318152089369
40.4,864.6251419682857
40.6,863.8981293906378
40.8,863.1503562679392
41.0,862.3813988390077
41.2,861.5908310196207
41.4,860.7782246352875
41.6,859.943149656145
41.8,859.0851744333964
42.0,858.2038659366976
42.2,857.2987899918785
42.4,856.3695115183732
42.6,855.4155947657257
42.8,854.4366035485226
43.0,853.4321014791042
43.2,852.4016521973954
43.4,851.3448195972053
43.6,850.261168048331
43.8,849.1502626138213
44.0,848.0116692617471
44.2,846.8449550708475
44.4,845.6496884294183
44.6,844.4254392268384
44.8,843.171779037132
45.0,841.8882812939955
45.2,840.5745214567339
45.4,839.2300771665742
45.6,837.8545283928578
45.8,836.447457568635
46.0,835.0084497152203
46.2,833.5370925553012
46.4,832.0329766142263
46.6,830.495695309138
46.8,828.924845025656
47.0,827.3200251818537
47.2,825.6808382793179
47.4,824.0068899411219
47.6,822.2977889365907
47.8,820.5531471927759
48.0,818.7725797926153
48.2,816.9557049597872
48.4,815.1021440303276
48.6,813.2115214111178
48.8,811.2834645254013
49.0,809.3176037455371
49.2,807.3135723132394
49.4,805.2710062476034
49.6,803.189544241258
49.8,801.0688275450351
50.0,798.9084998415834
