0.0,824.9346181188344
0.2,826.9666395025862
0.4,828.9503057070133
0.6,830.8855756932268
0.8,832.7724588482672
1.0,834.6110168520142
1.2,836.4013651714715
1.4,838.1436741749471
1.6,839.8381698622933
1.8,841.4851342109977
2.0,843.0849051414987
2.2,844.6378761085767
2.4,846.1444953290204
2.6,847.6052646589295
2.8,849.0207381369788
3.0,850.3915202126728
3.2,851.7182636810677
3.4,853.0016673475793
3.6,854.2424734483361
3.8,855.4414648530377
4.0,856.5994620784533
4.2,857.717320141532
4.4,858.7959252815823
4.6,859.8361915811493
4.8,860.8390575150498
5.0,861.8054824565604
5.2,862.736443168988
5.4,863.6329303098255
5.6,864.4959449734156
5.8,865.3264952965491
6.0,866.1255931497359
6.2,866.8942509350366
6.4,867.6334785093587
6.6,868.3442802500394
6.8,869.0276522773806
7.0,869.6845798466084
7.2,870.3160349195213
7.4,870.9229739238983
7.6,871.5063357065907
7.8,872.067039684131
8.0,872.6059841926964
8.2,873.124045037366
8.4,873.6220742388397
8.6,874.1008989741447
8.8,874.5613207063633
9.0,875.0041144970751
9.2,875.4300284940246
9.4,875.8397835855067
9.6,876.2340732121057
9.8,876.6135633257276
10.0,876.9788924853259
10.2,877.3306720783348
10.4,877.6694866565792
10.6,877.995894375326
10.8,878.3104275241554
11.0,878.6135931384699
11.2,878.9058736806913
11.4,879.1877277805315
11.6,879.4595910241286
11.8,879.7218767823217
12.0,879.974977068873
12.2,880.2192634200244
12.4,880.4550877873946
12.6,880.6827834368548
12.8,880.9026658466797
13.0,881.1150335989211
13.2,881.3201692586097
13.4,881.5183402360313
13.6,881.7097996279467
13.8,881.8947870342315
14.0,882.0735293469851
14.2,882.2462415097007
14.4,882.4131272446014
14.6,882.5743797467175
14.8,882.7301823437175
15.0,882.8807091209012
15.2,883.0261255111213
15.4,883.1665888497186
15.6,883.3022488948371
15.8,883.4332483137305
16.0,883.5597231358787
16.2,883.6818031739139
16.4,883.7996124134926
16.6,883.913269373374
16.8,884.0228874370487
17.0,884.1285751573274
17.2,884.2304365353414
17.4,884.3285712754301
17.6,884.4230750173944
17.8,884.5140395475864
18.0,884.601552990282
18.2,884.6856999807464
18.4,884.7665618213667
18.6,884.8442166221629
18.8,884.9187394269467
19.0,884.9902023263234
19.2,885.0586745586767
19.4,885.1242226002079
19.6,885.1869102450327
19.8,885.246798676275
20.0,885.3039465290291
20.2,885.3584099459965
20.4,885.410242626546
20.6,885.4594958698751
20.8,885.5062186129063
21.0,885.5504574634836
21.2,885.5922567293936
21.4,885.6316584436796
21.6,885.6687023866742
21.8,885.7034261051352
22.0,885.7358649288255
22.2,885.7660519848466
22.4,885.7940182099982
22.6,885.8197923614078
22.8,885.8434010256456
23.0,885.864868626514
23.2,885.8842174316788
23.4,885.9014675582895
23.6,885.9166369777112
23.8,885.9297415194823
24.0,885.9407948745892
24.2,885.9498085981379
24.4,885.9567921114899
24.6,885.9617527039163
24.8,885.964695533815
25.0,885.9656236295226
25.2,885.9645378897479
25.4,885.9614370836379
25.6,885.9563178504847
25.8,885.9491746990685
26.0,885.9400000066253
26.2,885.928784017416
26.4,885.9155148408677
26.6,885.9001784492435
26.8,885.8827586747909
27.0,885.8632372063021
27.2,885.8415935850101
27.4,885.8178051997306
27.6,885.7918472811416
27.8,885.7636928950758
28.0,885.7333129346863
28.2,885.7006761113189
28.4,885.6657489439068
28.6,885.6284957466737
28.8,885.5888786149084
29.0,885.5468574085385
29.2,885.5023897332022
29.4,885.4554309184776
29.6,885.405933992892
29.8,885.35384965529
30.0,885.2991262420962
30.2,885.241709689957
30.4,885.1815434931945
30.6,885.1185686554542
30.8,885.0527236348671
31.0,884.9839442819876
31.2,884.9121637697064
31.4,884.837312514275
31.6,884.7593180865084
31.8,884.6781051121702
32.0,884.5935951604764
32.2,884.5057066195877
32.4,884.4143545578972
32.6,884.3194505698601
32.8,884.2209026050543
33.0,884.1186147791112
33.2,884.0124871651125
33.4,883.902415564014
33.6,883.7882912526353
33.8,883.670000707742
34.0,883.5474253047552
34.2,883.4204409896419
34.4,883.2889179225838
34.6,883.1527200920848
34.8,883.0117048982671
35.0,882.8657227042187
35.2,882.714616354401
35.4,882.5582206592987
35.6,882.3963618457046
35.8,882.2288569722716
36.0,882.0555133102498
36.2,881.8761276896385
36.4,881.6904858113426
36.6,881.4983615263168
36.8,881.2995160831152
37.0,881.0936973457362
37.2,880.8806389841571
37.4,880.6600596405001
37.6,880.431662074341
37.8,880.1951322912722
38.0,879.950138659458
38.2,879.696331019557
38.4,879.4333397940393
38.6,879.1607751025823
38.8,878.8782258908744
39.0,878.5852590807956
39.2,878.2814187505567
39.4,877.966225353953
39.6,877.6391749884285
39.8,877.2997387221172
40.0,876.9473619904433
40.2,876.5814640731843
40.4,876.2014376631446
40.6,875.806648537714
40.8,875.3964353446075
41.0,874.970109512972
41.2,874.5269553008045
41.4,874.0662299892384
41.6,873.587164233715
41.8,873.088962581365
42.0,872.5708041630658
42.2,872.0318435676271
42.4,871.4712119043734
42.6,870.8880180590576
42.8,870.2813501465466
43.0,869.6502771620862
43.2,868.9938508311773
43.4,868.3111076562078
43.6,867.6010711559902
43.8,866.862754292266
44.0,866.0951620750993
44.2,865.2972943368907
44.4,864.4681486625424
44.6,863.6067234611111
44.8,862.7120211621404
45.0,861.7830515177832
45.2,860.818834989845
45.4,859.8184061990361
45.6,858.7808174120347
45.8,857.7051420404691
46.0,856.590478124656
46.2,855.4359517739024
46.4,854.2407205344202
46.6,853.0039766554388
46.8,851.724950223934
47.0,850.4029121385641
47.2,849.0371768938935
47.4,847.6271051468165
47.6,846.1721060382722
47.8,844.6716392448409
48.0,843.1252167366506
48.2,841.5324042201646
48.4,839.8928222468614
48.6,838.2061469715264
48.8,836.4721105468291
49.0,834.6905011440224
49.2,832.861162592941
49.4,830.9839936379523
49.6,829.0589468100874
49.8,827.086026919208
50.0,825.0652891736963
