0.0,820.0762066039844
0.2,822.1102392248491
0.4,824.0995513766221
0.6,826.0442742675687
0.8,827.9445649257096
1.0,829.8006072468114
1.2,831.612612888763
1.4,833.3808220081146
1.6,835.1055038357247
1.8,836.7869570896337
2.0,838.4255102244696
2.2,840.0215215178576
2.4,841.5753789954549
2.6,843.0875001973526
2.8,844.5583317896641
3.0,845.9883490261449
3.2,847.378055065661
3.4,848.7279801522238
3.6,850.0386806651355
3.8,851.310738047545
4.0,852.544757622369
4.2,853.741367305118
4.4,854.901216223641
4.6,856.0249732551985
4.8,857.1133254915641
5.0,858.1669766430537
5.2,859.1866453924873
5.4,860.1730637100993
5.6,861.1269751403361
5.8,862.0491330713187
6.0,862.9402989975017
6.2,863.8012407857393
6.4,864.6327309545809
6.6,865.4355449761591
6.8,866.2104596095247
7.0,866.9582512737148
7.2,867.6796944682374
7.4,868.37556024801
7.6,869.0466147591195
7.8,869.6936178410759
8.0,870.3173217005293
8.2,870.9184696607008
8.4,871.4977949900708
8.6,872.0560198131544
8.8,872.5938541055051
9.0,873.1119947744087
9.2,873.6111248260762
9.4,874.0919126195251
9.6,874.5550112067403
9.8,875.0010577581529
10.0,875.4306730719594
10.2,875.8444611653251
10.4,876.2430089450852
10.6,876.6268859551676
10.8,876.99664419762
11.0,877.3528180238264
11.2,877.6959240922484
11.4,878.0264613888144
11.6,878.3449113059243
11.8,878.6517377759119
12.0,878.9473874547264
12.2,879.2322899515552
12.4,879.5068581001046
12.6,879.7714882672772
12.8,880.0265606950536
13.0,880.2724398714633
13.2,880.5094749266487
13.4,880.7380000501561
13.6,880.9583349257454
13.8,881.1707851801806
14.0,881.3756428426445
14.2,881.5731868116204
14.4,881.7636833262868
14.6,881.9473864396789
14.8,882.1245384910887
15.0,882.2953705753852
15.2,882.4601030071544
15.4,882.6189457777704
15.6,882.772099003714
15.8,882.9197533646613
16.0,883.0620905300572
16.2,883.1992835730754
16.4,883.331497371052
16.6,883.4588889916379
16.8,883.5816080640826
17.0,883.6997971352073
17.2,883.813592009761
17.4,883.9231220749845
17.6,884.0285106093133
17.8,884.1298750752675
18.0,884.2273273966555
18.2,884.3209742203168
18.4,884.4109171626882
18.6,884.4972530415503
18.8,884.58007409336
19.0,884.6594681766239
19.2,884.7355189617981
19.4,884.8083061082378
19.6,884.8779054287345
19.8,884.9443890421969
20.0,885.0078255150441
20.2,885.0682799918795
20.4,885.1258143160152
20.6,885.1804871404134
20.8,885.2323540295997
21.0,885.2814675530916
21.2,885.3278773708759
21.4,885.3716303114417
21.6,885.412770442866
21.8,885.4513391374226
22.0,885.4873751301633
22.2,885.5209145718993
22.4,885.551991076983
22.6,885.5806357662694
22.8,885.6068773056087
23.0,885.6307419401958
23.2,885.652253525082
23.4,885.6714335521206
23.6,885.6883011736016
23.8,885.7028732227991
24.0,885.7151642316346
24.2,885.7251864456329
24.4,885.7329498363227
24.6,885.7384621112133
24.8,885.74172872145
25.0,885.7427528672342
25.2,885.7415355010635
25.4,885.7380753288304
25.6,885.7323688087921
25.8,885.7244101484013
26.0,885.7141912989655
26.2,885.7017019480795
26.4,885.6869295097517
26.6,885.6698591121225
26.8,885.650473582648
27.0,885.6287534306024
27.2,885.6046768267213
27.4,885.5782195797916
27.6,885.5493551099643
27.8,885.5180544185419
28.0,885.484286053969
28.2,885.4480160737286
28.4,885.4092080018199
28.6,885.3678227814707
28.8,885.3238187227112
29.0,885.2771514444097
29.2,885.227773810351
29.4,885.1756358589099
29.6,885.1206847258536
29.8,885.0628645597848
30.0,885.002116429717
30.2,884.9383782242587
30.4,884.8715845418649
30.6,884.8016665716063
30.8,884.7285519638964
31.0,884.652164690608
31.2,884.5724248940181
31.4,884.4892487240173
31.6,884.402548163031
31.8,884.3122308381182
32.0,884.2181998197335
32.2,884.1203534066642
32.4,884.0185848966969
32.6,883.9127823426097
32.8,883.8028282931378
33.0,883.6885995186266
33.2,883.5699667211579
33.4,883.4467942290167
33.6,883.318939675459
33.8,883.1862536618459
34.0,883.0485794053233
34.2,882.9057523713526
34.4,882.7575998915336
34.6,882.6039407673095
34.8,882.4445848603012
35.0,882.2793326701873
35.2,882.1079749012208
35.4,881.930292018667
35.6,881.7460537966323
35.8,881.5550188589631
36.0,881.3569342150976
36.2,881.1515347929612
36.4,880.9385429712172
36.6,880.7176681133905
36.8,880.4886061065994
37.0,880.2510389078395
37.2,880.0046341009635
37.4,879.7490444676987
37.6,879.4839075762275
37.8,879.2088453910221
38.0,878.9234639077847
38.2,878.6273528174711
38.4,878.3200852034925
38.6,878.0012172762738
38.8,877.6702881494062
39.0,877.3268196616574
39.2,876.9703162490976
39.4,876.6002648715598
39.6,876.2161349975654
39.8,875.8173786517317
40.0,875.4034305285121
40.2,874.9737081759117
40.4,874.5276122525728
40.6,874.0645268613231
40.8,873.5838199619434
41.0,873.084843865518
41.2,872.5669358123029
41.4,872.0294186345709
41.6,871.471601505376
41.8,870.8927807736238
42.0,870.2922408852446
42.2,869.6692553896445
42.4,869.0230880299534
42.6,868.3529939149203
42.8,867.6582207696084
43.0,866.9380102613412
43.2,866.1915993966336
43.4,865.4182219841375
43.6,864.6171101579199
43.8,863.7874959547006
44.0,862.9286129380137
44.2,862.0396978616062
44.4,861.1199923637895
44.6,860.1687446838914
44.8,859.1852113914522
45.0,858.168659118347
45.2,857.1183662836322
45.4,856.0336248005938
45.6,854.9137417552305
45.8,853.7580410452471
46.0,852.5658649685518
46.2,851.3365757502712
46.4,850.0695569973967
46.6,848.7642150703781
46.8,847.4199803612757
47.0,846.0363084684699
47.2,844.6126812584092
47.4,843.1486078054604
47.6,841.6436252015783
47.8,840.0972992282711
48.0,838.5092248841594
48.2,836.8790267623309
48.4,835.2063592726649
48.6,833.490906705321
48.8,831.7323831326698
49.0,829.9305321480583
49.2,828.0851264409514
49.4,826.1959672091629
49.6,824.2628834100653
49.8,822.2857308538476
50.0,820.2643911430554
