0.0,817.7648988273983
0.2,819.8061518916718
0.4,821.8037994531863
0.6,823.7580273149971
0.8,825.6690406507325
1.0,827.5370648133803
1.2,829.3623460378278
1.4,831.1451520339791
1.6,832.8857724679963
1.8,834.5845193299563
2.0,836.2417271869547
2.2,837.8577533214349
2.4,839.4329777552518
2.6,840.967803160702
2.8,842.462654660454
3.0,843.9179795189846
3.2,845.3342467287795
3.4,846.7119464951577
3.6,848.0515896241578
3.8,849.3537068184482
4.0,850.6188478867011
4.2,851.8475808723072
4.4,853.040491107677
4.6,854.1981802007042
4.8,855.321264960234
5.0,856.4103762675862
5.2,857.4661579013429
5.4,858.4892653227045
5.6,859.4803644287653
5.8,860.4401302810396
6.0,861.3692458165164
6.2,862.2684005483944
6.4,863.1382892634963
6.6,863.9796107231449
6.8,864.7930663740425
7.0,865.5793590754006
7.2,866.33919184825
7.4,867.0732666525073
7.6,867.7822831969927
7.8,868.4669377871985
8.0,869.1279222151828
8.2,869.7659226955329
8.4,870.3816188508976
8.6,870.9756827501427
8.8,871.548778001728
9.0,872.1015589044589
9.2,872.6346696573214
9.4,873.1487436296721
9.6,873.644402692638
9.8,874.1222566121631
10.0,874.5829025037594
10.2,875.0269243486365
10.4,875.4548925705453
10.6,875.8673636723361
10.8,876.2648799309334
11.0,876.6479691491546
11.2,877.017144462545
11.4,877.3729041991824
11.6,877.7157317902075
11.8,878.0460957286701
12.0,878.3644495741323
12.2,878.6712320003644
12.4,878.9668668833697
12.6,879.2517634269168
12.8,879.526316322713
13.0,879.7909059423337
13.2,880.0458985580252
13.4,880.2916465895235
13.6,880.5284888740638
13.8,880.7567509568248
14.0,880.9767453991092
14.2,881.1887721016593
14.4,881.3931186405977
14.6,881.59006061359
14.8,881.7798619939451
15.0,881.9627754904876
15.2,882.1390429111691
15.4,882.3088955285144
15.6,882.4725544451328
15.8,882.6302309576655
16.0,882.7821269176704
16.2,882.9284350880877
16.4,883.0693394940572
16.6,883.2050157669951
16.8,883.3356314809611
17.0,883.4613464804725
17.2,883.5823131990395
17.4,883.69867696781
17.6,883.8105763138149
17.8,883.9181432474144
18.0,884.021503538634
18.2,884.1207769821666
18.4,884.2160776509048
18.6,884.3075141379361
18.8,884.3951897870063
19.0,884.4792029115143
19.2,884.5596470021623
19.4,884.6366109234266
19.6,884.7101790990671
19.8,884.7804316869195
20.0,884.8474447432573
20.2,884.9112903770266
20.4,884.9720368942872
20.6,885.0297489332017
20.8,885.0844875899361
21.0,885.1363105358323
21.2,885.1852721262289
21.4,885.2314235013014
21.6,885.2748126792882
21.8,885.3154846424756
22.0,885.353481416292
22.2,885.3888421418658
22.4,885.42160314238
22.6,885.4517979835492
22.8,885.4794575285268
23.0,885.5046099875317
23.2,885.5272809624727
23.4,885.5474934868217
23.6,885.5652680609751
23.8,885.5806226833134
24.0,885.5935728771606
24.2,885.6041317138074
24.4,885.6123098317563
24.6,885.618115452312
24.8,885.6215543916245
25.0,885.6226300692678
25.2,885.621343513413
25.4,885.6176933626339
25.6,885.6116758643569
25.8,885.6032848699468
26.0,885.5925118263948
26.2,885.5793457645527
26.4,885.5637732838356
26.6,885.5457785332892
26.8,885.5253431888985
27.0,885.502446426992
27.2,885.4770648935705
27.4,885.4491726693717
27.6,885.4187412304599
27.8,885.3857394041072
28.0,885.3501333197169
28.2,885.3118863545177
28.4,885.2709590737428
28.6,885.227309164987
28.8,885.1808913664254
29.0,885.1316573885596
29.2,885.0795558291464
29.4,885.0245320809571
29.6,884.9665282320028
29.8,884.9054829578624
30.0,884.8413314057427
30.2,884.7740050699061
30.4,884.7034316580995
30.6,884.6295349486334
30.8,884.5522346377678
31.0,884.4714461770787
31.2,884.3870806005021
31.4,884.2990443407763
31.6,884.2072390350368
31.8,884.1115613193539
32.0,884.0119026120457
32.2,883.9081488856486
32.4,883.8001804274832
32.6,883.6878715888123
32.8,883.5710905226584
33.0,883.4496989104222
33.2,883.3235516775226
33.4,883.19249669837
33.6,883.056374491075
33.8,882.9150179024003
34.0,882.7682517835647
34.2,882.6158926576245
34.4,882.4577483792763
34.6,882.2936177880409
34.8,882.1232903559257
35.0,881.9465458307833
35.2,881.7631538767239
35.4,881.5728737130701
35.6,881.3754537534813
35.8,881.170631247009
36.0,880.958131922977
36.2,880.7376696417166
36.4,880.5089460533094
36.6,880.2716502666148
36.8,880.0254585309732
37.0,879.7700339330833
37.2,879.5050261116475
37.4,879.2300709924638
37.6,878.9447905467148
37.8,878.6487925752598
38.0,878.3416705217751
38.2,878.023003317611
38.4,877.6923552612343
38.6,877.3492759351055
38.8,876.9933001627991
39.0,876.6239480091097
39.2,876.2407248257983
39.4,875.8431213455111
39.6,875.4306138262716
39.8,875.0026642487679
40.0,874.5587205684682
40.2,874.0982170243706
40.4,873.6205745059457
40.6,873.1252009795534
40.8,872.6114919753135
41.0,872.0788311350841
41.2,871.5265908218524
41.4,870.954132790469
41.6,870.3608089192726
41.8,869.7459620017372
42.0,869.108926596857
42.2,868.4490299365485
42.4,867.7655928879057
42.6,867.0579309676995
42.8,866.3253554060581
43.0,865.5671742558218
43.2,864.7826935436199
43.4,863.9712184582897
43.6,863.1320545718347
43.8,862.2645090877218
44.0,861.3678921109409
44.2,860.4415179338969
44.4,859.4847063318821
44.6,858.4967838615971
44.8,857.4770851559327
45.0,856.4249542080228
45.2,855.3397456374162
45.4,854.2208259311026
45.6,853.0675746520603
45.8,851.879385607989
46.0,850.655667972926
46.2,849.395847354554
46.4,848.0993668001515
46.6,846.7656877343603
46.8,845.394290822204
47.0,843.9846767511224
47.2,842.5363669261583
47.4,841.0489040728701
47.6,839.521852743018
47.8,837.954799718604
48.0,836.3473543104132
48.2,834.6991485478155
48.4,833.0098372572343
48.6,831.2790980273583
48.8,829.5066310598828
49.0,827.6921589052783
49.2,825.8354260838241
49.4,823.9361985928849
49.6,821.9942633021536
49.8,820.0094272393201
50.0,817.9815167693594
