0.0,589.7705937739131
0.2,590.2207577489559
0.4,591.0766662737901
0.6,592.3316192406345
0.8,593.9743096203036
1.0,595.9891479788403
1.2,598.3566975202389
1.4,601.0542001812324
1.6,604.0561708806243
1.8,607.3350349837243
2.0,610.8617834478365
2.2,614.6066209261561
2.4,618.5395841857835
2.6,622.6311113211456
2.8,626.8525461399245
3.0,631.1765664568134
3.2,635.5775295394185
3.4,640.0317323198032
3.6,644.5175879653918
3.8,649.015723801246
4.0,653.5090082633574
4.2,657.9825164766605
4.4,662.4234451906162
4.6,666.820988220833
4.8,671.1661833293531
5.0,675.4517407482317
5.2,679.6718624437519
5.4,683.8220598662153
5.6,687.8989764579031
5.8,691.9002197081583
6.0,695.8242061369593
6.2,699.6700213209
6.4,703.4372959892061
6.6,707.1260983324289
6.8,710.7368419852644
7.0,714.2702086564129
7.2,717.7270840618265
7.4,721.1085056466894
7.6,724.4156205273032
7.8,727.6496521182438
8.0,730.8118740064904
8.2,733.9035897699209
8.4,736.9261175939098
8.6,739.880778702226
8.8,742.7688887764588
9.0,745.5917516847206
9.2,748.3506549712256
9.4,751.0468666716123
9.6,753.6816331143668
9.8,756.2561774473039
10.0,758.7716986914118
10.2,761.2293711744275
10.4,763.6303442353633
10.6,765.9757421208344
10.8,768.2666640162912
11.0,770.504184171696
11.2,772.6893520931675
11.4,774.8231927807076
11.6,776.9067069982256
11.8,778.9408715663301
12.0,780.9266396713078
12.2,782.8649411857139
12.4,784.7566829973603
12.6,786.6027493444004
12.8,788.4040021548103
13.0,790.1612813889726
13.2,791.8754053843344
13.4,793.5471712012892
13.6,795.177354969558
13.8,796.7667122344246
14.0,798.3159783022497
14.2,799.8258685847303
14.4,801.2970789414167
14.6,802.7302860200272
14.8,804.1261475941337
15.0,805.4853028978187
15.2,806.808372956929
15.4,808.0959609165799
15.6,809.3486523645779
15.8,810.5670156504676
16.0,811.7516021999145
16.2,812.9029468241678
16.4,814.0215680243633
16.6,815.1079682904453
16.8,816.1626343945064
17.0,817.1860376783609
17.2,818.1786343351858
17.4,819.1408656850792
17.6,820.0731584443974
17.8,820.9759249887531
18.0,821.8495636095644
18.2,822.694458764061
18.4,823.5109813186646
18.6,824.2994887856695
18.8,825.0603255531652
19.0,825.7938231081445
19.2,826.5003002527578
19.4,827.1800633136766
19.6,827.8334063445365
19.8,828.460611321443
20.0,829.0619483315214
20.2,829.6376757545021
20.4,830.1880404373378
20.6,830.7132778618511
20.8,831.2136123054162
21.0,831.6892569946816
21.2,832.1404142523438
21.4,832.5672756369825
21.6,832.9700220759728
21.8,833.3488239914882
22.0,833.7038414196127
22.2,834.0352241225768
22.4,834.3431116941379
22.6,834.6276336581216
22.8,834.8889095601414
23.0,835.1270490525162
23.2,835.3421519724003
23.4,835.5343084131441
23.6,835.7035987889006
23.8,835.8500938924898
24.0,835.9738549465364
24.2,836.0749336478924
24.4,836.1533722053505
24.6,836.2092033706627
24.8,836.2424504628664
25.0,836.2531273859233
25.2,836.2412386396769
25.4,836.2067793241262
25.6,836.1497351370166
25.8,836.0700823647468
26.0,835.9677878665841
26.2,835.842809052185
26.4,835.6950938524097
26.6,835.5245806834247
26.8,835.331198404077
27.0,835.1148662665321
27.2,834.8754938601556
27.4,834.6129810486274
27.6,834.3272179002676
27.8,834.0180846115571
28.0,833.6854514238345
28.2,833.3291785331462
28.4,832.9491159932335
28.6,832.5451036116311
28.8,832.1169708388609
29.0,831.6645366506954
29.2,831.1876094234755
29.4,830.68598680246
29.6,830.1594555631901
29.8,829.6077914658534
30.0,829.0307591026299
30.2,828.4281117380125
30.4,827.7995911420899
30.6,827.1449274167855
30.8,826.4638388150545
31.0,825.7560315530367
31.2,825.0211996151762
31.4,824.2590245523204
31.6,823.4691752728166
31.8,822.6513078266332
32.0,821.8050651825396
32.2,820.9300769983854
32.4,820.0259593845321
32.6,819.0923146604953
32.8,818.1287311048699
33.0,817.1347826986205
33.2,816.110028861831
33.4,815.0540141840206
33.6,813.9662681481475
33.8,812.8463048484351
34.0,811.6936227021714
34.2,810.5077041556498
34.4,809.2880153844328
34.6,808.0340059881446
34.8,806.7451086800086
35.0,805.4207389713739
35.2,804.0602948514896
35.4,802.6631564628096
35.6,801.2286857721315
35.8,799.7562262378968
36.0,798.245102474005
36.2,796.6946199105123
36.4,795.1040644516233
36.6,793.4727021314002
36.8,791.7997787676512
37.0,790.0845196144918
37.2,788.3261290141119
37.4,786.5237900483293
37.6,784.6766641905751
37.8,782.7838909590413
38.0,780.8445875718418
38.2,778.8578486052206
38.4,776.8227456561037
38.6,774.7383270106956
38.8,772.6036173214301
39.0,770.417617295489
39.2,768.1793033994661
39.4,765.8876275867638
39.6,763.5415170572479
39.8,761.1398740629534
40.0,758.6815757797183
40.2,756.1654742732228
40.4,753.590396599886
40.6,750.9551450995069
40.8,748.2584979587759
41.0,745.4992101544156
41.2,742.676014923542
41.4,739.7876259588913
41.6,736.8327405898777
41.8,733.8100442890392
42.0,730.7182169388756
42.2,727.5559414073275
42.4,724.321915110956
42.6,721.0148653913584
42.8,717.6335696883426
43.0,714.1768816557989
43.2,710.6437645225026
43.4,707.0333331357392
43.6,703.3449062219493
43.8,699.5780704327819
44.0,695.7327576907877
44.2,691.8093371780365
44.4,687.8087229944758
44.6,683.7324980244576
44.8,679.5830538688775
45.0,675.3637458156462
45.2,671.0790607352474
45.4,666.7347945210647
45.6,662.33823428699
45.8,657.898339051624
46.0,653.4259111664645
46.2,648.9337493934656
46.4,644.4367734303953
46.6,639.9521089546106
46.8,635.4991220400907
47.0,631.0993922180376
47.2,626.7766145901527
47.4,622.5564233171623
47.6,618.4661314919864
47.8,614.53438580421
48.0,610.7907383815432
48.2,607.2651425618126
48.4,603.9873838566899
48.6,600.986461725267
48.8,598.2899416702463
49.0,595.923300294167
49.2,593.909288030823
49.4,592.2673350782171
49.6,591.0130254649666
49.8,590.1576621407801
50.0,589.7079425591772
