0.0,785.8768542813868
0.2,788.216791995053
0.4,790.5106309519309
0.6,792.7594457912978
0.8,794.964265677361
1.0,797.1260733521973
1.2,799.2458048162941
1.4,801.3243496112153
1.6,803.3625516636992
1.8,805.3612106374908
2.0,807.3210837288424
2.2,809.2428878341854
2.4,811.1273020140907
2.6,812.9749701762472
2.8,814.7865039016089
3.0,816.5624853417693
3.2,818.3034701216035
3.4,820.0099901887953
3.6,821.6825565605467
3.8,823.321661927036
4.0,824.9277830805975
4.2,826.5013831487213
4.4,828.0429136174845
4.6,829.5528161396518
4.8,831.0315241282697
5.0,832.4794641420084
5.2,833.8970570727647
5.4,835.2847191491628
5.6,836.6428627716676
5.8,837.9718971961635
6.0,839.2722290832066
6.2,840.5442629298756
6.4,841.7884014003599
6.6,843.0050455703081
6.8,844.1945950985906
7.0,845.3574483386705
7.2,846.4940024002643
7.4,847.60465317051
7.6,848.6897953024751
7.8,849.749822177576
8.0,850.785125847346
8.2,851.7960969590089
8.4,852.7831246684691
8.6,853.7465965436207
8.8,854.6868984602911
9.0,855.6044144926584
9.2,856.4995267995978
9.4,857.3726155081075
9.6,858.2240585947321
9.8,859.0542317657093
10.0,859.8635083364352
10.2,860.6522591107271
10.4,861.4208522602901
10.6,862.1696532047266
10.8,862.8990244923858
11.0,863.6093256823132
11.2,864.3009132275344
11.4,864.9741403598864
11.6,865.62935697659
11.8,866.266909528744
12.0,866.8871409119108
12.2,867.4903903589469
12.4,868.0769933352246
12.6,868.6472814363802
12.8,869.2015822887114
13.0,869.7402194523396
13.2,870.2635123272416
13.4,870.7717760622425
13.6,871.2653214670565
13.8,871.7444549274484
14.0,872.2094783235783
14.2,872.6606889515865
14.4,873.0983794484589
14.6,873.5228377202089
14.8,873.9343468733986
15.0,874.3331851500154
15.2,874.7196258657062
15.4,875.093937351367
15.6,875.4563828980731
15.8,875.8072207053277
16.0,876.1467038325982
16.2,876.4750801541007
16.4,876.7925923167842
16.6,877.0994777014614
16.8,877.3959683870229
17.0,877.6822911176648
17.2,877.9586672730551
17.4,878.2253128413565
17.6,878.482438395017
17.8,878.7302490692358
18.0,878.9689445430081
18.2,879.1987190226417
18.4,879.4197612276446
18.6,879.6322543788691
18.8,879.8363761888003
19.0,880.0322988538734
19.2,880.2201890487023
19.4,880.4002079220954
19.6,880.5725110947425
19.8,880.7372486584472
20.0,880.8945651767813
20.2,881.0445996870402
20.4,881.1874857033764
20.6,881.3233512209874
20.8,881.4523187212403
21.0,881.5745051776116
21.2,881.6900220623271
21.4,881.7989753535851
21.6,881.9014655432549
21.8,881.9975876449369
22.0,882.0874312022829
22.2,882.1710802974737
22.4,882.2486135597561
22.6,882.320104173947
22.8,882.3856198888158
23.0,882.4452230252616
23.2,882.4989704842076
23.4,882.5469137541386
23.6,882.5890989182147
23.8,882.6255666609012
24.0,882.6563522740557
24.2,882.6814856624281
24.4,882.7009913485252
24.6,882.7148884768073
24.8,882.7231908171839
25.0,882.7259067677869
25.2,882.7230393570043
25.4,882.7145862447614
25.6,882.7005397230512
25.8,882.6808867157117
26.0,882.6556087774655
26.2,882.6246820922341
26.4,882.5880774707529
26.6,882.545760347516
26.8,882.4976907770877
27.0,882.4438234298228
27.2,882.3841075870467
27.4,882.3184871357483
27.6,882.2469005628484
27.8,882.1692809491097
28.0,882.0855559627632
28.2,881.9956478529257
28.4,881.8994734428941
28.6,881.7969441234029
28.8,881.6879658459395
29.0,881.5724391162111
29.2,881.4502589878676
29.4,881.3213150565822
29.6,881.1854914546009
29.8,881.0426668458678
30.0,880.892714421845
30.2,880.7355018981385
30.4,880.570891512052
30.6,880.398740021185
30.8,880.218898703199
31.0,880.03121335687
31.2,879.8355243045528
31.4,879.631666396175
31.6,879.4194690148848
31.8,879.1987560844709
32.0,878.9693460786748
32.2,878.7310520325098
32.4,878.4836815557053
32.6,878.2270368483831
32.8,877.9609147190786
33.0,877.6851066052086
33.2,877.3993985960896
33.4,877.1035714585985
33.6,876.7974006655711
33.8,876.4806564270217
34.0,876.1531037242645
34.2,875.8145023470108
34.4,875.4646069335082
34.6,875.1031670137827
34.8,874.7299270560367
35.0,874.344626516247
35.2,873.9469998910007
35.4,873.5367767735967
35.6,873.1136819134346
35.8,872.6774352786999
36.0,872.2277521223496
36.2,871.7643430513891
36.4,871.2869140994263
36.6,870.7951668024718
36.8,870.288798277954
37.0,869.7675013069002
37.2,869.2309644192256
37.4,868.6788719820693
37.6,868.1109042910941
37.8,867.5267376646702
38.0,866.9260445408402
38.2,866.3084935769635
38.4,865.673749751921
38.6,865.0214744707525
38.8,864.3513256715918
39.0,863.66295793475
39.2,862.9560225937889
39.4,862.2301678484139
39.6,861.4850388790006
39.8,860.720277962559
40.0,859.9355245899148
40.2,859.13041558387
40.4,858.3045852180701
40.6,857.4576653362749
40.8,856.589285471673
41.0,855.6990729658152
41.2,854.7866530866577
41.4,853.8516491450831
41.6,852.8936826091151
41.8,851.9123732148408
42.0,850.9073390727916
42.2,849.8781967682003
42.4,848.824561453129
42.6,847.7460469279363
42.8,846.6422657089039
43.0,845.512829078064
43.2,844.3573471103334
43.4,843.1754286719802
43.6,841.9666813831969
43.8,840.7307115361646
44.0,839.4671239584643
44.2,838.1755218100781
44.4,836.8555063005572
44.6,835.5066763113182
44.8,834.1286279065345
45.0,832.7209537148476
45.2,831.2832421632685
45.4,829.81507654433
45.6,828.316033897947
45.8,826.7856836907057
46.0,825.2235862776047
46.2,823.6292911347202
46.4,822.0023348559824
46.6,820.3422389132492
46.8,818.6485071861341
47.0,816.9206232764818
47.2,815.1580476317753
47.4,813.360214511844
47.6,811.5265288436208
47.8,809.6563630189366
48.0,807.7490536999117
48.2,805.8038987048687
48.4,803.820154054287
48.6,801.7970312606174
48.8,799.7336949473405
49.0,797.6292608810958
49.2,795.4827944958558
49.4,793.2933099798903
49.6,791.0597699848014
49.8,788.7810860015302
50.0,786.4561194314114
