0.0,754.2286572944396
0.2,756.5218125942574
0.4,758.8132452731251
0.6,761.1038653835163
0.8,763.3933307573153
1.0,765.6801844246573
1.2,767.9620436988263
1.4,770.2358235504304
1.6,772.4979751874856
1.8,774.7447212243152
2.0,776.9722712006269
2.2,779.1770050017967
2.4,781.3556162956539
2.6,783.5052127831328
2.8,785.6233742864708
3.0,787.7081730525059
3.2,789.7581629054088
3.4,791.7723450071837
3.6,793.7501180952785
3.8,795.6912203883635
4.0,797.595669154737
4.2,799.4637024907066
4.4,801.2957263862106
4.6,803.0922688283173
4.8,804.8539416098945
5.0,806.5814097102063
5.2,808.2753675892424
5.4,809.936521450403
5.6,811.5655764237483
5.8,813.1632276484956
6.0,814.7301543383894
6.2,816.2670160565367
6.4,817.7744505781885
6.6,819.2530728622271
6.8,820.703474774899
7.0,822.1262253090239
7.2,823.521871118966
7.4,824.8909372488062
7.6,826.2339279720361
7.8,827.5513276894206
8.0,828.8436018507379
8.2,830.1111978786328
8.4,831.3545460808593
8.6,832.5740605422708
8.8,833.770139991098
9.0,834.9431686360392
9.2,836.093516971941
9.4,837.22154255266
9.6,838.327590730251
9.8,839.4119953600143
10.0,840.4750794712388
10.2,841.5171559037126
10.4,842.5385279102695
10.6,843.5394897258055
10.8,844.5203271033438
11.0,845.4813178178448
11.2,846.4227321385633
11.4,847.3448332708394
11.6,848.2478777682788
11.8,849.1321159163394
12.0,849.9977920883762
12.2,850.8451450752369
12.4,851.6744083895128
12.6,852.485810545564
12.8,853.2795753164438
13.0,854.0559219688326
13.2,854.8150654770895
13.4,855.5572167175068
13.6,856.2825826438316
13.8,856.991366445096
14.0,857.6837676867626
14.2,858.359982436168
14.4,859.020203373207
14.6,859.6646198871724
14.8,860.2934181606253
15.0,860.9067812411377
15.2,861.5048891017151
15.4,862.0879186906682
15.6,862.6560439716724
15.8,863.2094359547182
16.0,863.7482627186213
16.2,864.2726894257331
16.4,864.7828783294594
16.6,865.2789887751636
16.8,865.7611771950083
17.0,866.2295970972557
17.2,866.6843990505251
17.4,867.1257306634807
17.6,867.5537365603967
17.8,867.9685583530282
18.0,868.3703346091914
18.2,868.7592008184383
18.4,869.1352893551896
18.6,869.4987294396733
18.8,869.8496470969969
19.0,870.1881651146623
19.2,870.5144029988219
19.4,870.8284769295532
19.6,871.1304997154143
19.8,871.4205807475346
20.0,871.6988259534717
20.2,871.9653377510614
20.4,872.220215002468
20.6,872.4635529686343
20.8,872.6954432643159
21.0,872.9159738138761
21.2,873.125228808002
21.4,873.3232886614995
21.6,873.5102299723054
21.8,873.6861254818529
22.0,873.8510440369125
22.2,874.0050505530262
22.4,874.148205979636
22.6,874.2805672670098
22.8,874.4021873350509
23.0,874.5131150440748
23.2,874.6133951676265
23.4,874.7030683674074
23.6,874.7821711703692
23.8,874.850735948032
24.0,874.9087908980714
24.2,874.9563600282142
24.4,874.9934631424823
24.6,875.0201158298051
24.8,875.0363294550331
25.0,875.0421111523615
25.2,875.0374638211786
25.4,875.0223861243448
25.6,874.9968724889027
25.8,874.960913109209
26.0,874.9144939524831
26.2,874.8575967667523
26.4,874.7901990911695
26.6,874.7122742686797
26.8,874.6237914609995
27.0,874.5247156658675
27.2,874.4150077365232
27.4,874.2946244033593
27.6,874.1635182976906
27.8,874.021637977572
28.0,873.8689279555945
28.2,873.7053287285785
28.4,873.5307768090793
28.6,873.3452047586073
28.8,873.148541222461
29.0,872.9407109660631
29.2,872.7216349126778
29.4,872.4912301823828
29.6,872.2494101321544
29.8,871.9960843969226
30.0,871.7311589314334
30.2,871.4545360527551
30.4,871.1661144832452
30.6,870.8657893937899
30.8,870.5534524471134
31.0,870.2289918409432
31.2,869.892292350804
31.4,869.5432353722008
31.6,869.1816989619357
31.8,868.8075578782939
32.0,868.4206836198127
32.2,868.020944462337
32.4,867.6082054940442
32.6,867.1823286481131
32.8,866.7431727326788
33.0,866.2905934577138
33.2,865.8244434584437
33.4,865.3445723148911
33.6,864.8508265671192
33.8,864.3430497257232
34.0,863.8210822770951
34.2,863.2847616829623
34.4,862.7339223736757
34.6,862.1683957346924
34.8,861.588010085676
35.0,860.9925906516035
35.2,860.3819595252356
35.4,859.755935620284
35.6,859.1143346145656
35.8,858.456968882409
36.0,857.7836474155375
36.2,857.0941757316247
36.4,856.3883557696759
36.6,855.6659857713607
36.8,854.9268601473818
37.0,854.1707693279336
37.2,853.3974995962715
37.4,852.6068329043786
37.6,851.7985466696955
37.8,850.9724135518413
38.0,850.1282012082461
38.2,849.2656720275867
38.4,848.3845828399146
38.6,847.4846846023548
38.8,846.5657220592611
39.0,845.6274333757218
39.2,844.6695497433349
39.4,843.6917949572019
39.6,842.6938849631338
39.8,841.6755273741221
40.0,840.6364209551987
40.2,839.5762550758989
40.4,838.4947091296439
40.6,837.3914519194848
40.8,836.2661410097958
41.0,835.1184220436726
41.2,833.9479280259916
41.4,832.7542785723306
41.6,831.5370791242483
41.8,830.2959201318233
42.0,829.0303762049055
42.2,827.7400052353523
42.4,826.4243474937813
42.6,825.0829247063592
42.8,823.715239120335
43.0,822.3207725721088
43.2,820.8989855796801
43.4,819.4493164938389
43.6,817.9711807615353
43.8,816.4639703831857
44.0,814.9270536865531
44.2,813.3597755969803
44.4,811.7614586608056
44.6,810.1314051784516
44.8,808.4689009264322
45.0,806.7732210897647
45.2,805.0436391781076
45.4,803.2794398418567
45.6,801.4799366093054
45.8,799.6444955923789
46.0,797.7725661059787
46.2,795.8637188587428
46.4,793.9176918480524
46.6,791.934443291616
46.8,789.9142098446891
47.0,787.8575670255141
47.2,785.7654873016962
47.4,783.6393898434029
47.6,781.4811747530055
47.8,779.2932339028388
48.0,777.0784306240985
48.2,774.8400416141557
48.4,772.5816566865183
48.6,770.3070353415685
48.8,768.0199233624022
49.0,765.7238373218942
49.2,763.4218294509857
49.4,761.1162491073908
49.6,758.808519461878
49.8,756.4989484851195
50.0,754.1865916111443
