0.0,808.9529484273379
0.2,811.0448417286779
0.4,813.0955331315279
0.6,815.1053293405791
0.8,817.0745443570619
1.0,819.0034998040741
1.2,820.8925252192666
1.4,822.7419583137208
1.6,824.5521451960157
1.8,826.3234405606556
2.0,828.0562078401931
2.2,829.7508193205657
2.4,831.4076562193271
2.6,833.0271087266416
2.8,834.6095760090718
3.0,836.1554661763695
3.2,837.6651962116431
3.4,839.1391918654431
3.6,840.5778875144618
3.8,841.9817259857023
4.0,843.3511583471138
4.2,844.6866436658354
4.4,845.9886487353147
4.6,847.2576477726991
4.8,848.4941220880042
5.0,849.6985597266707
5.2,850.8714550872136
5.4,852.0133085157529
5.6,853.1246258792842
5.8,854.205918119608
6.0,855.2577007898932
6.2,856.2804935758791
6.4,857.2748198037568
6.6,858.2412059367814
6.8,859.1801810626756
7.0,860.0922763738776
7.2,860.9780246426735
7.4,861.8379596932264
7.6,862.6726158724794
7.8,863.4825275218693
8.0,864.268228451729
8.2,865.0302514202001
8.4,865.7691276184066
8.6,866.4853861635667
8.8,867.1795536016361
9.0,867.8521534209915
9.2,868.5037055785681
9.4,869.1347260397716
9.6,869.7457263333833
9.8,870.3372131225744
10.0,870.9096877930426
10.2,871.4636460591754
10.4,871.9995775890397
10.6,872.5179656488887
10.8,873.0192867677699
11.0,873.5040104227157
11.2,873.9725987448876
11.4,874.4255062469514
11.6,874.8631795718524
11.8,875.286057263072
12.0,875.6945695563469
12.2,876.0891381927481
12.4,876.4701762529313
12.6,876.8380880122874
12.8,877.1932688166495
13.0,877.536104978143
13.2,877.866973690694
13.4,878.1862429646598
13.6,878.4942715799837
13.8,878.7914090572307
14.0,879.0779956458147
14.2,879.3543623286909
14.4,879.6208308427534
14.6,879.8777137141491
14.8,880.1253143076977
15.0,880.3639268895884
15.2,880.5938367025133
15.4,880.8153200523848
15.6,881.0286444057855
15.8,881.2340684972952
16.0,881.4318424458463
16.2,881.6222078792657
16.4,881.8053980661716
16.6,881.9816380544131
16.8,882.1511448152488
17.0,882.3141273924903
17.2,882.4707870558512
17.4,882.621317457774
17.6,882.765904793024
17.8,882.9047279603756
18.0,883.0379587257421
18.2,883.1657618861277
18.4,883.2882954338161
18.6,883.4057107202356
18.8,883.518152618977
19.0,883.6257596874694
19.2,883.7286643268515
19.4,883.8269929396054
19.6,883.9208660845552
19.8,884.0103986288559
20.0,884.0956998966341
20.2,884.1768738139647
20.4,884.2540190499009
20.6,884.3272291532954
20.8,884.39659268518
21.0,884.4621933464921
21.2,884.5241101009606
21.4,884.5824172929857
21.6,884.6371847603625
21.8,884.6884779417217
22.0,884.736357978576
22.2,884.7808818118754
22.4,884.8221022729879
22.6,884.8600681690394
22.8,884.894824362553
23.0,884.9264118453395
23.2,884.9548678066029
23.4,884.9802256952279
23.6,885.0025152762264
23.8,885.0217626813244
24.0,885.0379904536761
24.2,885.0512175866934
24.4,885.0614595569872
24.6,885.0687283514146
24.8,885.0730324882288
25.0,885.0743770323326
25.2,885.0727636046339
25.4,885.0681903855055
25.6,885.0606521123503
25.8,885.0501400712712
26.0,885.0366420828524
26.2,885.0201424820528
26.4,885.0006220922154
26.6,884.9780581931996
26.8,884.9524244836426
27.0,884.9236910373622
27.2,884.891824253909
27.4,884.8567868032902
27.6,884.8185375648828
27.8,884.777031560564
28.0,884.7322198820937
28.2,884.6840496127885
28.4,884.6324637435387
28.6,884.5774010832284
28.8,884.51879616363
29.0,884.4565791388575
29.2,884.3906756794782
29.4,884.3210068613947
29.6,884.2474890496286
29.8,884.1700337771564
30.0,884.0885476189625
30.2,884.0029320615023
30.4,883.9130833677856
30.6,883.8188924383152
30.8,883.7202446681418
31.0,883.6170198003219
31.2,883.5090917760914
31.4,883.3963285820971
31.6,883.278592095057
31.8,883.1557379242495
32.0,883.0276152522637
32.2,882.8940666744709
32.4,882.7549280377128
32.6,882.6100282787286
32.8,882.4591892628779
33.0,882.3022256237463
33.2,882.1389446042496
33.4,881.9691458998835
33.6,881.7926215047954
33.8,881.6091555613785
34.0,881.4185242141186
34.2,881.2204954684457
34.4,881.0148290553642
34.6,880.8012763026571
34.8,880.5795800134748
35.0,880.3494743531344
35.2,880.1106847449649
35.4,879.8629277760452
35.6,879.6059111136799
35.8,879.3393334334619
36.0,879.0628843597678
36.2,878.7762444195175
36.4,878.4790850100233
36.6,878.1710683817296
36.8,877.8518476366279
37.0,877.5210667430948
37.2,877.1783605678776
37.4,876.8233549259032
37.6,876.455666648552
37.8,876.0749036709801
38.0,875.6806651390237
38.2,875.272541536158
38.4,874.8501148309178
38.6,874.4129586451145
38.8,873.9606384431119
39.0,873.4927117423413
39.2,873.0087283451512
39.4,872.5082305919988
39.6,871.990753635898
39.8,871.4558257379429
40.0,870.9029685836235
40.2,870.3316976195533
40.4,869.7415224101203
40.6,869.1319470134702
40.8,868.5024703761214
41.0,867.8525867454084
41.2,867.181786098838
41.4,866.489554589342
41.6,865.7753750053024
41.8,865.0387272441246
42.0,864.2790887980316
42.2,863.4959352506608
42.4,862.6887407829511
42.6,861.8569786867179
42.8,861.0001218842391
43.0,860.1176434520951
43.2,859.2090171474388
43.4,858.2737179348127
43.6,857.3112225115763
43.8,856.3210098299633
44.0,855.3025616137525
44.2,854.2553628675158
44.4,853.1789023763844
44.6,852.072673194275
44.8,850.9361731185257
45.0,849.768905148898
45.2,848.5703779289438
45.4,847.340106167763
45.6,846.0776110402356
45.8,844.7824205638702
46.0,843.4540699504826
46.2,842.0921019310073
46.4,840.6960670518304
46.6,839.2655239411437
46.8,837.8000395439288
47.0,836.2991893243083
47.2,834.7625574341263
47.4,833.1897368467675
47.6,831.5803294553667
47.8,829.9339461347168
48.0,828.2502067663403
48.2,826.5287402263599
48.4,824.7691843359643
48.6,822.9711857744437
48.8,821.1343999549406
49.0,819.258490863234
49.2,817.3431308600569
49.4,815.3880004476105
49.6,813.3927880011214
49.8,811.3571894664482
50.0,809.2809080249128
