0.0,765.3272635100409
0.2,767.7099262876236
0.4,770.0473960198972
0.6,772.3417234396021
0.8,774.5946695036084
1.0,776.8077329258297
1.2,778.982186795579
1.4,781.1191190738202
1.6,783.2194722576488
1.8,785.2840787316077
2.0,787.3136898480338
2.2,789.3089981953605
2.4,791.2706535623954
2.6,793.1992737001959
2.8,795.0954511724809
3.0,796.9597574957737
3.2,798.7927455381647
3.4,800.5949508784608
3.6,802.3668925903805
3.8,804.1090737359156
4.0,805.8219817291861
4.2,807.5060886559845
4.4,809.1618515906335
4.6,810.7897129285967
4.8,812.3901007417236
5.0,813.9634291575912
5.2,815.5100987620012
5.4,817.0304970226729
5.6,818.5249987317661
5.8,819.9939664647108
6.0,821.4377510527698
6.2,822.8566920667648
6.4,824.2511183094176
6.6,825.6213483138013
6.8,826.9676908454561
7.0,828.2904454057931
7.2,829.589902734488
7.4,830.8663453086655
7.6,832.1200478367699
7.8,833.3512777451332
8.0,834.5602956553658
8.2,835.747355850822
8.4,836.9127067305221
8.6,838.0565912490422
8.8,839.1792473410266
9.0,840.2809083291106
9.2,841.3618033141856
9.4,842.4221575470755
9.6,843.462192780834
9.8,844.4821276030115
10.0,845.4821777473704
10.2,846.4625563846632
10.4,847.4234743922143
10.6,848.3651406021647
10.8,849.2877620283627
11.0,850.1915440719876
11.2,851.0766907061027
11.4,851.9434046394313
11.6,852.7918874597356
11.8,853.6223397572702
12.0,854.43496122885
12.2,855.2299507631458
12.4,856.0075065078782
12.6,856.7678259196414
12.8,857.5111057971209
13.0,858.2375422985225
13.2,858.9473309440518
13.4,859.6406666043111
13.6,860.3177434754996
13.8,860.9787550423097
14.0,861.6238940294262
14.2,862.2533523425232
14.4,862.8673209996603
14.6,863.46599005396
14.8,864.0495485084377
15.0,864.6181842238346
15.2,865.1720838202843
15.4,865.7114325736137
15.6,866.2364143070521
15.8,866.7472112790921
16.0,867.2440040682095
16.2,867.726971455119
16.4,868.1962903031992
16.6,868.6521354376908
16.8,869.0946795242288
17.0,869.5240929472322
17.2,869.9405436886376
17.4,870.344197207424
17.6,870.7352163203393
17.8,871.1137610841994
18.0,871.4799886800993
18.2,871.8340532998377
18.4,872.1761060348222
18.6,872.5062947676911
18.8,872.8247640668594
19.0,873.1316550841616
19.2,873.4271054557411
19.4,873.7112492063084
19.6,873.9842166568662
19.8,874.2461343359759
20.0,874.4971248946212
20.2,874.7373070247056
20.4,874.9667953812004
20.6,875.1857005079489
20.8,875.3941287671142
21.0,875.5921822722502
21.2,875.7799588249608
21.4,875.9575518551064
21.6,876.1250503645078
21.8,876.2825388740903
22.0,876.4300973744092
22.2,876.5678012794914
22.4,876.6957213839256
22.6,876.8139238231344
22.8,876.9224700367582
23.0,877.021416735085
23.2,877.1108158684578
23.4,877.1907145995967
23.6,877.261155278774
23.8,877.3221754217858
24.0,877.3738076906662
24.2,877.416079877096
24.4,877.4490148884628
24.6,877.4726307365357
24.8,877.486940528722
25.0,877.4919524618804
25.2,877.4876698186738
25.4,877.4740909664472
25.6,877.4512093586259
25.8,877.419013538635
26.0,877.3774871463479
26.2,877.3266089270774
26.4,877.2663527431299
26.6,877.1966875879514
26.8,877.1175776028944
27.0,877.0289820966472
27.2,876.9308555673674
27.4,876.8231477275687
27.6,876.7058035318114
27.8,876.5787632072563
28.0,876.441962287137
28.2,876.2953316472148
28.4,876.1387975452767
28.6,875.9722816637421
28.8,875.7957011554383
29.0,875.6089686926088
29.2,875.4119925192109
29.4,875.2046765065603
29.6,874.9869202123706
29.8,874.7586189432322
30.0,874.5196638205696
30.2,874.2699418500986
30.4,874.0093359948066
30.6,873.7377252514547
30.8,873.4549847305941
31.0,873.1609857400737
31.2,872.8555958719917
31.4,872.5386790930343
31.6,872.2100958381162
31.8,871.8697031072202
32.0,871.5173545653038
32.2,871.1529006451215
32.4,870.7761886527767
32.6,870.3870628757923
32.8,869.9853646934571
33.0,869.5709326891713
33.2,869.1436027644827
33.4,868.7032082544691
33.6,868.2495800440867
33.8,867.7825466850668
34.0,867.3019345129078
34.2,866.8075677634671
34.4,866.2992686886242
34.6,865.7768576704464
34.8,865.2401533332472
35.0,864.6889726528981
35.2,864.1231310627091
35.4,863.5424425551688
35.6,862.9467197787911
35.8,862.3357741292949
36.0,861.7094158343064
36.2,861.0674540307551
36.4,860.4096968341087
36.6,859.7359513985722
36.8,859.0460239673699
37.0,858.3397199122094
37.2,857.6168437610304
37.4,856.8771992131391
37.6,856.1205891408325
37.8,855.3468155766373
38.0,854.5556796852972
38.2,853.7469817196801
38.4,852.9205209597984
38.6,852.0760956341837
38.8,851.2135028229015
39.0,850.332538341548
39.2,849.432996605633
39.4,848.514670474823
39.6,847.5773510766002
39.8,846.6208276089737
40.0,845.6448871219752
40.2,844.6493142777723
40.4,843.6338910893356
40.6,842.598396637715
40.8,841.5426067680919
41.0,840.4662937649078
41.2,839.3692260064894
41.4,838.2511675997328
41.6,837.1118779955395
41.8,835.9511115858418
42.0,834.7686172831893
42.2,833.5641380840207
42.4,832.3374106168754
42.6,831.0881646769496
42.8,829.816122748533
43.0,828.5209995170032
43.2,827.2025013721824
43.4,825.8603259049845
43.6,824.4941613994063
43.8,823.1036863220186
44.0,821.6885688112238
44.2,820.2484661686323
44.4,818.7830243549945
44.6,817.2918774931976
44.8,815.7746473808857
45.0,814.230943015311
45.2,812.6603601330453
45.4,811.0624807671752
45.6,809.4368728245605
45.8,807.7830896855677
46.0,806.1006698282774
46.2,804.3891364781273
46.4,802.647997281506
46.6,800.8767439963027
46.8,799.0748521806648
47.0,797.2417808376407
47.2,795.3769719290901
47.4,793.4798495948397
47.6,791.5498187882266
47.8,789.586262855638
48.0,787.5885393466111
48.2,785.555973069536
48.4,783.4878451719013
48.6,781.3833769329132
48.8,779.2417071489846
49.0,777.0618625963368
49.2,774.842722121838
49.4,772.5829763538468
49.6,770.2810865740478
49.8,767.9352475400959
50.0,765.5433595549256
