0.0,815.5070837022585
0.2,817.5583027421749
0.4,819.5667591716903
0.6,821.5326806582616
0.8,823.4563097200779
1.0,825.3379043597992
1.2,827.1777386221654
1.4,828.9761030730525
1.6,830.7333051980282
1.8,832.449669718944
2.0,834.1255388275964
2.2,835.7612723359789
2.4,837.3572477431343
2.6,838.913860219106
2.8,840.431522506955
3.0,841.9106647442727
3.2,843.3517342060629
3.4,844.7551949712914
3.6,846.1215275158022
3.8,847.4512282346801
4.0,848.7448088974841
4.2,850.0027960401012
4.4,851.2257302972572
4.6,852.4141656799769
4.8,853.5686688025115
5.0,854.6898180634349
5.2,855.7782027857668
5.4,856.8344223210937
5.6,857.8590851227447
5.8,858.8528077931174
6.0,859.8162141102715
6.2,860.7499340388722
6.4,861.6546027305221
6.6,862.5308595184281
6.8,863.379346911232
7.0,864.2007095906987
7.2,864.9955934177741
7.4,865.7646444513455
7.6,866.508507983808
7.8,867.2278275973217
8.0,867.9232442443812
8.2,868.5953953560637
8.4,869.2449139810399
8.6,869.8724279581496
8.8,870.4785591250513
9.0,871.0639225651555
9.2,871.6291258947581
9.4,872.1747685919876
9.6,872.7014413688859
9.8,873.209725587651
10.0,873.7001927217856
10.2,874.1734038626184
10.4,874.6299092713979
10.6,875.0702479769054
10.8,875.4949474182886
11.0,875.90452313259
11.2,876.2994784862307
11.4,876.680304449509
11.6,877.0474794129965
11.8,877.401469044542
12.0,877.7427261854511
12.2,878.0716907842735
12.4,878.3887898665183
12.6,878.6944375385201
12.8,878.9890350235958
13.0,879.2729707285707
13.2,879.5466203387023
13.4,879.8103469389957
13.6,880.0645011598904
13.8,880.3094213452853
14.0,880.5454337408851
14.2,880.7728527008659
14.4,880.9919809108887
14.6,881.2031096255353
14.8,881.4065189182844
15.0,881.602477942211
15.2,881.7912451996543
15.4,881.973068819172
15.6,882.1481868381751
15.8,882.3168274897242
16.0,882.479209492045
16.2,882.635542339417
16.4,882.7860265931736
16.6,882.930854171643
16.8,883.0702086379555
17.0,883.2042654847243
17.2,883.3331924147042
17.4,883.4571496166188
17.6,883.5762900354291
17.8,883.690759636404
18.0,883.8006976624331
18.2,883.9062368840968
18.4,884.0075038420849
18.6,884.1046190816254
18.8,884.1976973786461
19.0,884.286847957462
19.2,884.3721746998292
19.4,884.4537763452673
19.6,884.5317466825965
19.8,884.6061747326826
20.0,884.6771449224211
20.2,884.7447372500313
20.4,884.809027441759
20.6,884.8700871001176
20.8,884.9279838438224
21.0,884.982781439587
21.2,885.0345399259782
21.4,885.0833157295274
21.6,885.1291617733175
21.8,885.1721275782633
22.0,885.2122593573124
22.2,885.2496001027961
22.4,885.2841896671528
22.6,885.3160648372518
22.8,885.3452594025347
23.0,885.3718042171836
23.2,885.3957272565239
23.4,885.4170536678472
23.6,885.435805815841
23.8,885.4520033227861
24.0,885.4656631036795
24.2,885.4767993964158
24.4,885.4854237871498
24.6,885.4915452309438
24.8,885.4951700677856
25.0,885.496302034045
25.2,885.4949422694175
25.4,885.4910893193862
25.6,885.4847391332146
25.8,885.4758850574601
26.0,885.4645178249839
26.2,885.4506255394102
26.4,885.4341936549724
26.6,885.4152049516618
26.8,885.393639505582
27.0,885.3694746543893
27.2,885.342684957687
27.4,885.3132421522262
27.6,885.2811151017479
27.8,885.2462697412906
28.0,885.2086690157778
28.2,885.1682728126823
28.4,885.1250378885634
28.6,885.0789177892593
28.8,885.0298627635182
29.0,884.97781966984
29.2,884.9227318763102
29.4,884.8645391531991
29.6,884.8031775581121
29.8,884.7385793134772
30.0,884.6706726761727
30.2,884.599381799104
30.4,884.5246265845624
30.6,884.4463225292149
30.8,884.364380560598
31.0,884.2787068650186
31.2,884.1892027067964
31.4,884.0957642388145
31.6,883.9982823043912
31.8,883.8966422305269
32.0,883.7907236126252
32.2,883.6804000908495
32.4,883.565539118324
32.6,883.4460017214552
32.8,883.3216422527142
33.0,883.1923081362879
33.2,883.0578396070837
33.4,882.918069443645
33.6,882.7728226956215
33.8,882.6219164065109
34.0,882.4651593324854
34.2,882.3023516581967
34.4,882.1332847105432
34.6,881.9577406714767
34.8,881.7754922910108
35.0,881.58630260169
35.2,881.3899246358604
35.4,881.1861011471764
35.6,880.9745643378585
35.8,880.7550355932996
36.0,880.5272252256957
36.2,880.290832228446
36.4,880.0455440431322
36.6,879.7910363409494
36.8,879.5269728205053
37.0,879.2530050239466
37.2,878.9687721734063
37.4,878.6739010297778
37.6,878.3680057758354
37.8,878.0506879257106
38.0,877.721536262718
38.2,877.3801268074898
38.4,877.0260228183262
38.6,876.6587748256098
38.8,876.2779207020468
39.0,875.8829857704012
39.2,875.4734829502755
39.4,875.0489129453593
39.6,874.6087644724155
39.8,874.1525145331128
40.0,873.6796287296297
40.2,873.1895616247541
40.4,872.6817571469934
40.6,872.1556490409777
40.8,871.6106613631982
41.0,871.0462090228689
41.2,870.4616983674293
41.4,869.8565278119378
41.6,869.2300885113096
41.8,868.5817650740761
42.0,867.9109363160337
42.2,867.2169760518649
42.4,866.4992539225067
42.6,865.7571362557514
42.8,864.9899869572723
43.0,864.1971684289798
43.2,863.378042511342
43.4,862.5319714460348
43.6,861.6583188550441
43.8,860.7564507321019
44.0,859.8257364421314
44.2,858.8655497241803
44.4,857.8752696931525
44.6,856.8542818355093
44.8,855.801978993991
45.0,854.7177623363303
45.2,853.6010423028684
45.4,852.4512395279694
45.6,851.2677857301348
45.8,850.0501245657714
46.0,848.7977124416442
46.2,847.5100192811652
46.4,846.1865292398209
46.6,844.8267413652309
46.8,843.4301701975525
47.0,841.9963463062019
47.2,840.5248167591536
47.4,839.0151455214019
47.6,837.4669137795133
47.8,835.8797201895828
48.0,834.2531810463051
48.2,832.5869303712966
48.4,830.8806199192502
48.6,829.1339191009654
48.8,827.3465148227671
49.0,825.5181112423128
49.2,823.6484294412776
49.4,821.7372070158965
49.6,819.7841975868351
49.8,817.7891702303496
50.0,815.7519088331674
