0.0,792.2812713031083
0.2,794.5160478823894
0.4,796.7109831691915
0.6,798.8664559162818
0.8,800.9828461564974
1.0,803.0605352666747
1.2,805.0999060251459
1.4,807.1013426625545
1.6,809.0652309057604
1.8,810.9919580146277
2.0,812.8819128115146
2.2,814.7354857033047
2.4,816.5530686958475
2.6,818.335055400696
2.8,820.081841034057
3.0,821.7938224078966
3.2,823.4713979131637
3.4,825.1149674951228
3.6,826.7249326208114
3.8,828.3016962386637
4.0,829.8456627303617
4.2,831.3572378550064
4.4,832.8368286857175
4.6,834.2848435387997
4.8,835.7016918956308
5.0,837.0877843174504
5.2,838.4435323532501
5.4,839.769348440982
5.6,841.0656458023255
5.8,842.3328383312685
6.0,843.5713404767703
6.2,844.7815671198033
6.4,845.963933445067
6.6,847.1188548076952
6.8,848.246746595282
7.0,849.3480240855655
7.2,850.4231023001157
7.4,851.4723958543843
7.6,852.4963188044765
7.8,853.4952844910126
8.0,854.4697053804551
8.2,855.4199929042694
8.4,856.3465572962991
8.6,857.2498074287308
8.8,858.1301506470212
9.0,858.9879926041617
9.2,859.8237370946489
9.4,860.6377858885218
9.6,861.430538565829
9.8,862.2023923518726
10.0,862.9537419535734
10.2,863.6849793972907
10.4,864.3964938684206
10.6,865.0886715530851
10.8,865.7618954822128
11.0,866.4165453782991
11.2,867.0529975051217
11.4,867.6716245206698
11.6,868.2727953335368
11.8,868.8568749630052
12.0,869.4242244030391
12.2,869.9752004903855
12.4,870.5101557769666
12.6,871.0294384067303
12.8,871.5333919971098
13.0,872.0223555252244
13.2,872.4966632189378
13.4,872.9566444528754
13.6,873.4026236494803
13.8,873.8349201851763
14.0,874.2538483016858
14.2,874.6597170225358
14.4,875.0528300747691
14.6,875.4334858158618
14.8,875.8019771658319
15.0,876.1585915445112
15.2,876.5036108139358
15.4,876.8373112257964
15.6,877.1599633738801
15.8,877.4718321514154
16.0,877.7731767132265
16.2,878.0642504425887
16.4,878.345300922663
16.6,878.6165699123825
16.8,878.878293326649
17.0,879.1307012206922
17.2,879.3740177784338
17.4,879.608461304691
17.6,879.834244221049
17.8,880.0515730652218
18.0,880.2606484937205
18.2,880.4616652876382
18.4,880.6548123613597
18.6,880.840272774
18.8,881.0182237433719
19.0,881.1888366622824
19.2,881.352277116956
19.4,881.5087049073795
19.6,881.6582740693692
19.8,881.8011328981535
20.0,881.9374239732721
20.2,882.0672841845926
20.4,882.1908447592446
20.6,882.3082312892793
20.8,882.4195637598624
21.0,882.5249565778142
21.2,882.6245186003127
21.4,882.7183531635837
21.6,882.806558111405
21.8,882.8892258232567
22.0,882.9664432419604
22.2,883.0382919006503
22.4,883.1048479489317
22.6,883.1661821780853
22.8,883.2223600451873
23.0,883.2734416960196
23.2,883.3194819866553
23.4,883.3605305036115
23.6,883.3966315824696
23.8,883.4278243248748
24.0,883.4541426138325
24.2,883.4756151272295
24.4,883.4922653495187
24.6,883.5041115815128
24.8,883.5111669482445
25.0,883.5134394048588
25.2,883.5109317405136
25.4,883.5036415802737
25.6,883.491561384994
25.8,883.4746784491971
26.0,883.4529748969594
26.2,883.4264276758322
26.4,883.3950085488304
26.6,883.3586840845339
26.8,883.3174156453542
27.0,883.271159374031
27.2,883.2198661784288
27.4,883.163481714718
27.6,883.1019463690269
27.8,883.0351952376676
28.0,882.9631581060413
28.2,882.8857594263409
28.4,882.8029182941722
28.6,882.7145484242294
28.8,882.6205581251622
29.0,882.5208502737817
29.2,882.4153222887585
29.4,882.303866103974
29.6,882.1863681416907
29.8,882.0627092857125
30.0,881.9327648547138
30.2,881.7964045759184
30.4,881.6534925593147
30.6,881.5038872725983
30.8,881.3474415170334
31.0,881.184002404433
31.2,881.0134113354521
31.4,880.8355039793978
31.6,880.6501102557557
31.8,880.4570543176358
32.0,880.2561545373369
32.2,880.0472234942343
32.4,879.8300679651863
32.6,879.604488917659
32.8,879.370281505762
33.0,879.1272350693888
33.2,878.8751331366441
33.4,878.613753429743
33.6,878.3428678745579
33.8,878.0622426139794
34.0,877.7716380252584
34.2,877.470808741481
34.4,877.1595036773225
34.6,876.8374660592198
34.8,876.5044334600865
35.0,876.1601378386895
35.2,875.804305583792
35.4,875.436657563156
35.6,875.0569091774867
35.8,874.6647704193849
36.0,874.2599459373657
36.2,873.84213510498
36.4,873.4110320950678
36.6,872.9663259591537
36.8,872.5077007119786
37.0,872.0348354211504
37.2,871.5474043018739
37.4,871.0450768167118
37.6,870.5275177803015
37.8,869.9943874689487
38.0,869.4453417349891
38.2,868.8800321258018
38.4,868.2981060073365
38.6,867.6992066920026
38.8,867.0829735707472
39.0,866.4490422491385
39.2,865.7970446872499
39.4,865.1266093431267
39.6,864.4373613196011
39.8,863.7289225142075
40.0,863.0009117719312
40.2,862.2529450405167
40.4,861.4846355280424
40.6,860.6955938624596
40.8,859.8854282527789
41.0,859.0537446515809
41.2,858.2001469185124
41.4,857.3242369844248
41.6,856.4256150158018
41.8,855.5038795791149
42.0,854.5586278047439
42.2,853.589455550088
42.4,852.5959575614979
42.6,851.5777276346495
42.8,850.5343587729827
43.0,849.4654433438311
43.2,848.3705732318627
43.4,847.2493399894637
43.6,846.1013349836932
43.8,844.9261495394511
44.0,843.7233750784986
44.2,842.4926032539865
44.4,841.2334260801541
44.6,839.9454360568692
44.8,838.6282262886978
45.0,837.2813905981985
45.2,835.9045236331573
45.4,834.4972209674906
45.6,833.059079195563
45.8,831.5896960196826
46.0,830.0886703305582
46.2,828.55560228052
46.4,826.990093349328
46.6,825.3917464024138
46.8,823.7601657414227
47.0,822.094957146948
47.2,820.3957279133718
47.4,818.6620868757508
47.6,816.8936444287112
47.8,815.0900125373405
48.0,813.25080474009
48.2,811.3756361437262
48.4,809.4641234103963
48.6,807.5158847368969
48.8,805.5305398262585
49.0,803.5077098517887
49.2,801.4470174137336
49.4,799.3480864887489
49.6,797.2105423723897
49.8,795.0340116148533
50.0,792.8181219502319
