0.0,856.4599194579454
0.2,857.2861525705011
0.4,858.0932792523402
0.6,858.8817582799592
0.8,859.6520344643407
1.0,860.4045385252988
1.2,861.139687051559
1.4,861.8578825441422
1.6,862.5595135395761
1.8,863.2449548085071
2.0,863.9145676244264
2.2,864.5687000965008
2.4,865.2076875598956
2.6,865.8318530165153
2.8,866.4415076187775
3.0,867.0369511888575
3.2,867.6184727658127
3.4,868.1863511730949
3.6,868.7408555991832
3.8,869.2822461844081
4.0,869.8107746074609
4.2,870.3266846656019
4.4,870.8302128431508
4.6,871.321588863462
4.8,871.80103622024
5.0,872.2687726847098
5.2,872.7250107858193
5.4,873.1699582612927
5.6,873.6038184779709
5.8,874.0267908204548
6.0,874.4390710475958
6.2,874.8408516168623
6.4,875.2323219770323
6.6,875.6136688300278
6.8,875.9850763630176
7.0,876.3467264521581
7.2,876.6987988395422
7.4,877.0414712850626
7.6,877.3749196949954
7.8,877.6993182291542
8.0,878.0148393884859
8.2,878.3216540849538
8.4,878.6199316955091
8.6,878.9098401018855
8.8,879.1915457178638
9.0,879.4652135055553
9.2,879.7310069821466
9.4,879.9890882184382
9.6,880.2396178303928
9.8,880.482754964801
10.0,880.718657280056
10.2,880.947480922932
10.4,881.1693805021514
10.6,881.3845090594452
10.8,881.5930180387121
11.0,881.7950572538126
11.2,881.990774855462
11.4,882.1803172976179
11.6,882.363829303706
11.8,882.5414538329742
12.0,882.713332047224
12.2,882.8796032781261
12.4,883.0404049952949
12.6,883.1958727752691
12.8,883.3461402715159
13.0,883.49133918556
13.2,883.631599239315
13.4,883.7670481486824
13.6,883.8978115984655
13.8,884.024013218639
14.0,884.1457745619982
14.2,884.2632150832089
14.4,884.3764521192657
14.6,884.4856008713632
14.8,884.5907743881788
15.0,884.692083550555
15.2,884.7896370575717
15.4,884.883541413988
15.6,884.9739009190346
15.8,885.0608176565273
16.0,885.1443914862778
16.2,885.2247200367648
16.4,885.3018986990346
16.6,885.3760206217911
16.8,885.4471767076357
17.0,885.5154556104168
17.2,885.5809437336408
17.4,885.6437252299019
17.6,885.703882001281
17.8,885.7614937006649
18.0,885.8166377339334
18.2,885.8693892629639
18.4,885.9198212094002
18.6,885.9680042591305
18.8,886.0140068674197
19.0,886.0578952646421
19.2,886.0997334625577
19.4,886.1395832610759
19.6,886.1775042554524
19.8,886.2135538438605
20.0,886.2477872352838
20.2,886.2802574576741
20.4,886.3110153663195
20.6,886.3401096523685
20.8,886.3675868514586
21.0,886.3934913523951
21.2,886.4178654058312
21.4,886.4407491328974
21.6,886.4621805337341
21.8,886.4821954958792
22.0,886.5008278024657
22.2,886.5181091401865
22.4,886.5340691069845
22.6,886.5487352194276
22.8,886.562132919733
23.0,886.5742855824029
23.2,886.5852145204416
23.4,886.5949389911191
23.6,886.6034762012583
23.8,886.610841312014
24.0,886.6170474431254
24.2,886.6221056766175
24.4,886.6260250599357
24.6,886.6288126084979
24.8,886.6304733076502
25.0,886.6310101140169
25.2,886.6304239562389
25.4,886.6287137350935
25.6,886.6258763229964
25.8,886.6219065628869
26.0,886.6167972664987
26.2,886.6105392120247
26.4,886.6031211411857
26.6,886.5945297557139
26.8,886.584749713268
27.0,886.5737636227964
27.2,886.5615520393699
27.4,886.5480934585075
27.6,886.5333643100186
27.8,886.5173389513924
28.0,886.4999896607644
28.2,886.481286629491
28.4,886.4611979543699
28.6,886.4396896295424
28.8,886.4167255381169
29.0,886.3922674435553
29.2,886.3662749808658
29.4,886.3387056476455
29.6,886.3095147950227
29.8,886.278655618544
30.0,886.246079149057
30.2,886.2117342436396
30.4,886.1755675766282
30.6,886.137523630797
30.8,886.0975446887434
31.0,886.0555708245329
31.2,886.0115398956596
31.4,885.9653875353783
31.6,885.9170471454627
31.8,885.8664498894469
32.0,885.8135246864069
32.2,885.7581982053346
32.4,885.700394860164
32.6,885.6400368055024
32.8,885.5770439331191
33.0,885.5113338692486
33.2,885.442821972758
33.4,885.3714213342304
33.6,885.2970427760146
33.8,885.2195948532877
34.0,885.13898385618
34.2,885.055113813004
34.4,884.9678864946319
34.6,884.8772014200608
34.8,884.7829558632059
35.0,884.6850448609531
35.2,884.5833612225088
35.4,884.4777955400704
35.6,884.3682362008507
35.8,884.2545694004723
36.0,884.1366791577557
36.2,884.0144473309124
36.4,883.8877536351566
36.6,883.7564756617359
36.8,883.6204888983848
37.0,883.4796667511899
37.2,883.333880567855
37.4,883.1829996623422
37.6,883.0268913408582
37.8,882.865420929141
38.0,882.6984518009947
38.2,882.5258454080022
38.4,882.3474613103293
38.6,882.1631572085172
38.8,881.9727889761361
39.0,881.7762106931489
39.2,881.573274679803
39.4,881.3638315308384
39.6,881.1477301497578
39.8,880.9248177828654
40.0,880.6949400527302
40.2,880.457940990676
40.4,880.2136630678392
40.6,879.9619472242703
40.8,879.7026328954786
41.0,879.4355580357467
41.2,879.1605591374483
41.4,878.8774712455231
41.6,878.58612796616
41.8,878.2863614686535
42.0,877.9780024792917
42.2,877.6608802660512
42.4,877.3348226127739
42.6,876.9996557814214
42.8,876.6552044609327
43.0,876.3012917011475
43.2,875.9377388302216
43.4,875.5643653539431
43.6,875.1809888353694
43.8,874.7874247532466
44.0,874.3834863377552
44.2,873.9689843822423
44.4,873.5437270297653
44.6,873.1075195334846
44.8,872.660163990201
45.0,872.2014590466395
45.2,871.7311995784443
45.4,871.249176342255
45.6,870.7551756016793
45.8,870.2489787284708
46.0,869.7303617807418
46.2,869.19909506058
46.4,868.6549426540033
46.6,868.09766195674
46.8,867.5270031898757
47.0,866.9427089099328
47.2,866.3445135184282
47.4,865.732142776397
47.6,865.1053133297254
47.8,864.4637322514269
48.0,863.8070966071816
48.2,863.1350930505475
48.4,862.4473974542241
48.6,861.7436745836072
48.8,861.0235778186069
49.0,860.2867489293085
49.2,859.5328179105627
49.4,858.7614028799607
49.6,857.9721100429423
49.8,857.1645337279742
50.0,856.3382564938568
