0.0,854.2990473413715
0.2,855.1743377984654
0.4,856.0293957292364
0.6,856.8646576738352
0.8,857.6805517725924
1.0,858.4774976008077
1.2,859.2559060352305
1.4,860.0161791520204
1.6,860.7587101557594
1.8,861.4838833388843
2.0,862.1920740707073
2.2,862.8836488150115
2.4,863.5589651750294
2.6,864.2183719644631
2.8,864.8622093030567
3.0,865.4908087351107
3.2,866.1044933692267
3.4,866.703578037478
3.6,867.2883694721404
3.8,867.8591664980717
4.0,868.4162602387938
4.2,868.9599343343327
4.4,869.4904651688726
4.6,870.0081221063126
4.8,870.5131677318589
5.0,871.0058580978367
5.2,871.4864429719876
5.4,871.9551660865931
5.6,872.41226538687
5.8,872.857973277175
6.0,873.292516863678
6.2,873.7161181922709
6.4,874.1289944806061
6.6,874.5313583432767
6.8,874.9234180092736
7.0,875.3053775309836
7.2,875.6774369841042
7.4,876.0397926579759
7.6,876.3926372359417
7.8,876.7361599654541
8.0,877.0705468177498
8.2,877.3959806370115
8.4,877.7126412790184
8.6,878.0207057393759
8.8,878.3203482714792
9.0,878.6117404944399
9.2,878.8950514912511
9.4,879.1704478975289
9.6,879.4380939811961
9.8,879.6981517135201
10.0,879.9507808319365
10.2,880.1961388951132
10.4,880.4343813307271
10.6,880.6656614764274
10.8,880.890130614471
11.0,881.1079380005076
11.2,881.3192308869917
11.4,881.5241545416851
11.6,881.7228522617067
11.8,881.9154653835645
12.0,882.1021332895962
12.2,882.2829934112153
12.4,882.4581812293512
12.6,882.6278302724381
12.8,882.7920721122973
13.0,882.9510363582249
13.2,883.1048506495811
13.4,883.253640647153
13.6,883.3975300235389
13.8,883.5366404527838
14.0,883.671091599473
14.2,883.8010011074709
14.4,883.9264845884738
14.6,884.0476556105252
14.8,884.1646256866277
15.0,884.2775042635684
15.2,884.3863987110568
15.4,884.4914143112651
15.6,884.5926542488414
15.8,884.690219601462
16.0,884.7842093309681
16.2,884.8747202751318
16.4,884.9618471400787
16.6,885.0456824933907
16.8,885.1263167579033
17.0,885.2038382062041
17.2,885.2783329558343
17.4,885.349884965186
17.6,885.4185760300885
17.8,885.484485781067
18.0,885.5476916812553
18.2,885.6082690249407
18.4,885.6662909367158
18.6,885.7218283712092
18.8,885.7749501133649
19.0,885.8257227792377
19.2,885.8742108172718
19.4,885.9204765100253
19.6,885.9645799763077
19.8,886.0065791736893
20.0,886.0465299013473
20.2,886.0844858032108
20.4,886.1204983713644
20.6,886.1546169496744
20.8,886.1868887375985
21.0,886.2173587941413
21.2,886.2460700419197
21.4,886.2730632713
21.6,886.2983771445736
21.8,886.3220482001341
22.0,886.3441108566244
22.2,886.3645974170203
22.4,886.3835380726197
22.6,886.4009609069084
22.8,886.416891899274
23.0,886.43135492854
23.2,886.4443717762978
23.4,886.4559621300101
23.6,886.4661435858684
23.8,886.4749316513795
24.0,886.4823397476692
24.2,886.4883792114827
24.4,886.4930592968703
24.6,886.4963871765472
24.8,886.4983679429145
25.0,886.4990046087391
25.2,886.4982981074812
25.4,886.4962472932709
25.6,886.4928489405296
25.8,886.4880977432392
26.0,886.4819863138608
26.2,886.474505181909
26.4,886.4656427921883
26.6,886.4553855027033
26.8,886.44371758225
27.0,886.4306212077068
27.2,886.4160764610373
27.4,886.400061326023
27.6,886.3825516847471
27.8,886.3635213138483
28.0,886.3429418805698
28.2,886.3207829386266
28.4,886.2970119239196
28.6,886.271594150122
28.8,886.24449280417
29.0,886.2156689416875
29.2,886.1850814823767
29.4,886.1526872054108
29.6,886.1184407448579
29.8,886.0822945851792
30.0,886.0441990568299
30.2,886.0041023320075
30.4,885.9619504205785
30.6,885.9176871662272
30.8,885.8712542428616
31.0,885.8225911513164
31.2,885.7716352163906
31.4,885.7183215842598
31.6,885.6625832202997
31.8,885.6043509073563
32.0,885.5435532445034
32.2,885.4801166463177
32.4,885.413965342708
32.6,885.3450213793302
32.8,885.2732046186154
33.0,885.198432741443
33.2,885.1206212494777
33.4,885.0396834681985
33.6,884.9555305506318
33.8,884.8680714818062
34.0,884.7772130839362
34.2,884.6828600223419
34.4,884.5849148121
34.6,884.483277825422
34.8,884.3778472997416
35.0,884.2685193464931
35.2,884.1551879605488
35.4,884.0377450302753
35.6,883.9160803481619
35.8,883.7900816219594
36.0,883.6596344862595
36.2,883.524622514431
36.4,883.3849272308161
36.6,883.240428123074
36.8,883.0910026545507
37.0,882.9365262765291
37.2,882.7768724402016
37.4,882.6119126081933
37.6,882.4415162654376
37.8,882.2655509291959
38.0,882.0838821579865
38.2,881.8963735591772
38.4,881.7028867949667
38.6,881.503281586469
38.8,881.297415715591
39.0,881.085145024377
39.2,880.8663234114755
39.4,880.640802825368
39.6,880.4084332539834
39.8,880.169062710309
40.0,879.9225372136005
40.2,879.6687007657803
40.4,879.4073953226136
40.6,879.1384607592494
40.8,878.8617348297105
41.0,878.5770531199349
41.2,878.28424899397
41.4,877.9831535329474
41.6,877.6735954664865
41.8,877.3554010962002
42.0,877.0283942110173
42.2,876.6923959940708
42.4,876.3472249209566
42.6,875.9926966492154
42.8,875.6286238989547
43.0,875.2548163245996
43.2,874.8710803778273
43.4,874.4772191618297
43.6,874.073032277128
43.8,873.6583156592591
44.0,873.2328614087455
44.2,872.7964576138628
44.4,872.3488881668205
44.6,871.8899325740723
44.8,871.4193657615818
45.0,870.9369578759685
45.2,870.4424740825627
45.4,869.9356743614985
45.6,869.4163133030619
45.8,868.8841399036063
46.0,868.338897363423
46.2,867.7803228880277
46.4,867.2081474943827
46.6,866.6220958236303
46.8,866.0218859619421
47.0,865.4072292711197
47.2,864.7778302305844
47.4,864.1333862923922
47.6,863.4735877508854
47.8,862.7981176285525
48.0,862.1066515796143
48.2,861.398857812781
48.4,860.6743970345373
48.6,859.9329224142095
48.8,859.1740795719501
49.0,858.3975065906409
49.2,857.6028340525735
49.4,856.7896851016101
49.6,855.9576755313566
49.8,855.1064138997152
50.0,854.235501669993
