0.0,776.8210694460666
0.2,778.9238992397538
0.4,780.9943086412796
0.6,783.0333113174381
0.8,785.0418639401731
1.0,787.0208650513068
1.2,788.9711543423986
1.4,790.8935123485812
1.6,792.7886605506774
1.8,794.6572618754936
2.0,796.4999215800033
2.2,798.3171885012077
2.4,800.1095566498809
2.6,801.8774671231761
2.8,803.6213103082757
3.0,805.3414283469
3.2,807.0381178286005
3.4,808.7116326793537
3.6,810.3621872110472
3.8,811.9899592970147
4.0,813.595093638812
4.2,815.177705089915
4.4,816.7378820029468
4.6,818.2756895683494
4.8,819.7911731140974
5.0,821.2843613380351
5.2,822.7552694466912
5.4,824.203902176897
5.6,825.6302566792037
5.8,827.0343252448703
6.0,828.4160978610508
6.2,829.7755645816953
6.4,831.1127177045423
6.6,832.4275537473868
6.8,833.7200752195139
7.0,834.9902921867618
7.2,836.2382236310904
7.4,837.463898607753
7.6,838.6673572051885
7.8,839.8486513145459
8.0,841.0078452173126
8.2,842.14501600085
8.4,843.2602538127223
8.6,844.3536619655616
8.8,845.4253569048371
9.0,846.4754680523057
9.2,847.5041375381254
9.4,848.5115198346302
9.6,849.4977813046095
9.8,850.4630996766272
10.0,851.407663459473
10.2,852.3316713072865
10.4,853.2353313462381
10.6,854.118860472938
10.8,854.9824836339508
11.0,855.8264330949869
11.2,856.6509477074925
11.4,857.4562721795177
11.6,858.242656356898
11.8,859.0103545199636
12.0,859.7596247001937
12.2,860.4907280204827
12.4,861.2039280619595
12.6,861.8994902596509
12.8,862.5776813286615
13.0,863.2387687219867
13.2,863.8830201205836
13.4,864.5107029558751
13.6,865.1220839644866
13.8,865.7174287746772
14.0,866.2970015236524
14.2,866.8610645047174
14.4,867.4098778430429
14.6,867.9436991986801
14.8,868.4627834953544
15.0,868.9673826735018
15.2,869.4577454659709
15.4,869.9341171948088
15.6,870.3967395875518
15.8,870.8458506114803
16.0,871.281684324337
16.2,871.7044707400723
16.4,872.1144357082444
16.6,872.5118008057796
16.8,872.8967832398797
17.0,873.2695957609463
17.2,873.6304465844744
17.4,873.9795393209545
17.6,874.3170729129062
17.8,874.6432415782423
18.0,874.9582347592434
18.2,875.262237076494
18.4,875.5554282872006
18.6,875.8379832473751
18.8,876.1100718774284
19.0,876.3718591307705
19.2,876.6235049650658
19.4,876.8651643158357
19.6,877.096987072142
19.8,877.31911805412
20.0,877.5316969921638
20.2,877.7348585075921
20.4,877.9287320946535
20.6,878.1134421037435
20.8,878.2891077257351
21.0,878.4558429773293
21.2,878.6137566873596
21.4,878.7629524839813
21.6,878.9035287827038
21.8,879.0355787752145
22.0,879.1591904189671
22.2,879.2744464274995
22.4,879.381424261462
22.6,879.4801961203332
22.8,879.5708289348083
23.0,879.6533843598468
23.2,879.7279187683672
23.4,879.7944832455804
23.6,879.8531235839539
23.8,879.9038802787998
24.0,879.9467885244808
24.2,879.9818782112305
24.4,880.009173922583
24.6,880.028694933408
24.8,880.0404552085498
25.0,880.0444634020672
25.2,880.0407228570703
25.4,880.0292316061551
25.6,880.0099823724336
25.8,879.9829625711562
26.0,879.9481543119298
26.2,879.9055344015254
26.4,879.8550743472814
26.6,879.7967403610974
26.8,879.7304933640223
27.0,879.6562889914369
27.2,879.5740775988324
27.4,879.4838042681874
27.6,879.3854088149474
27.8,879.2788257956096
28.0,879.1639845159207
28.2,879.0408090396935
28.4,878.909218198252
28.6,878.7691256005181
28.8,878.6204396437539
29.0,878.46306352498
29.2,878.2968952530924
29.4,878.1218276617094
29.6,877.9377484227848
29.8,877.7445400610318
30.0,877.542079969214
30.2,877.3302404243709
30.4,877.1088886050576
30.6,876.8778866096969
30.8,876.6370914761603
31.0,876.386355202715
31.2,876.1255247704995
31.4,875.8544421677201
31.6,875.5729444157907
31.8,875.2808635976772
32.0,874.9780268887426
32.2,874.6642565904441
32.4,874.339370167271
32.6,874.0031802873782
32.8,873.6554948674207
33.0,873.2961171221632
33.2,872.9248456195095
33.4,872.5414743416646
33.6,872.1457927532233
33.8,871.73758587706
34.0,871.316634378977
34.2,870.8827146621519
34.4,870.4355989725136
34.6,869.9750555162565
34.8,869.5008485907887
35.0,869.01273873048
35.2,868.510482868651
35.4,867.9938345173013
35.6,867.4625439661199
35.8,866.9163585023555
36.0,866.355022653132
36.2,865.7782784517882
36.4,865.1858657297772
36.6,864.5775224355966
36.8,863.952984982116
37.0,863.3119886235264
37.2,862.6542678629517
37.4,861.979556891532
37.6,861.287590059508
37.8,860.5781023795038
38.0,859.8508300618146
38.2,859.105511081066
38.4,858.341885773105
38.6,857.5596974604256
38.8,856.7586931038146
39.0,855.9386239772371
39.2,855.0992463622574
39.4,854.2403222575331
39.6,853.3616200981145
39.8,852.4629154784554
40.0,851.5439918721953
40.2,850.604641340913
40.4,849.6446652232131
40.6,848.663874794678
40.8,847.6620918884308
41.0,846.6391494653367
41.2,845.5948921222046
41.4,844.5291765258046
41.6,843.4418717600721
41.8,842.3328595735575
42.0,841.2020345140402
42.2,840.049303937235
42.4,838.8745878767412
42.6,837.6778187627991
42.8,836.4589409780586
43.0,835.2179102394331
43.2,833.9546927962188
43.4,832.6692644360065
43.6,831.3616092914956
43.8,830.0317184431444
44.0,828.6795883146345
44.2,827.3052188603777
44.4,825.9086115467421
44.6,824.4897671312733
44.8,823.0486832469351
45.0,821.5853518012267
45.2,820.0997562029357
45.4,818.5918684322057
45.6,817.0616459724826
45.8,815.50902862572
46.0,813.93393523491
46.2,812.336260340515
46.4,810.715870799663
46.6,809.0726023989788
46.8,807.4062564936099
47.0,805.7165967063315
47.2,804.003345721542
47.4,802.2661822094412
47.6,800.5047379157206
47.8,798.7185949516339
48.0,796.907283318379
48.2,795.070278698281
48.4,793.207000543341
48.6,791.3168104893151
48.8,789.3990111206367
49.0,787.4528451082284
49.2,785.4774947386009
49.4,783.4720818486601
49.6,781.435668176394
49.8,779.367256133141
50.0,777.2657899985292
