0.0,756.8870283315972
0.2,759.5795649227414
0.4,762.2121775075677
0.6,764.7866962003864
0.8,767.304900896394
1.0,769.7685197487151
1.2,772.1792279073576
1.4,774.5386465210365
1.6,776.8483420003005
1.8,779.1098255379598
2.0,781.3245528805043
2.2,783.4939243420332
2.4,785.6192850502423
2.6,787.7019254122392
2.8,789.7430817864101
3.0,791.7439373452522
3.2,793.7056231130288
3.4,795.6292191613041
3.6,797.5157559448618
3.8,799.3662157602147
4.0,801.1815343088575
4.2,802.9626023475771
4.4,804.7102674085156
4.6,806.4253355722516
4.8,808.1085732778995
5.0,809.7607091551089
5.2,811.3824358638516
5.4,812.9744119289771
5.6,814.5372635576905
5.8,816.0715864293177
6.0,817.5779474479658
6.2,819.0568864499219
6.4,820.5089178588607
6.6,821.9345322831175
6.8,823.3341980504193
7.0,824.7083626765462
7.2,826.0574542653889
7.4,827.3818828387965
7.6,828.6820415954405
7.8,829.958308098662
8.0,831.211045393926
8.2,832.4406030570724
8.4,833.6473181750209
8.6,834.8315162609891
8.8,835.9935121065837
9.0,837.1336105733732
9.2,838.2521073267139
9.4,839.3492895147156
9.6,840.4254363952866
9.8,841.4808199142126
10.0,842.515705237189
10.2,843.5303512386686
10.4,844.5250109502954
10.6,845.4999319715866
10.8,846.4553568453991
11.0,847.3915234005824
11.2,848.3086650640782
11.4,849.2070111445828
11.6,850.0867870897425
11.8,850.9482147187158
12.0,851.7915124317947
12.2,852.6168953986539
12.4,853.4245757266724
12.6,854.214762610657
12.8,854.9876624651992
13.0,855.7434790407962
13.2,856.4824135247821
13.4,857.2046646280429
13.6,857.9104286584105
13.8,858.5998995815806
14.0,859.2732690703356
14.2,859.930726542812
14.4,860.5724591905087
14.6,861.1986519966936
14.8,861.8094877458359
15.0,862.4051470246634
15.2,862.9858082154162
15.4,863.5516474818496
15.6,864.1028387485143
15.8,864.6395536738266
16.0,865.1619616174257
16.2,865.6702296022899
16.4,866.164522272082
16.6,866.6450018441683
16.8,867.1118280587445
17.0,867.5651581244877
17.2,868.0051466611396
17.4,868.4319456394119
17.6,868.8457043185862
17.8,869.2465691821731
18.0,869.6346838719732
18.2,870.0101891208741
18.4,870.3732226846968
18.6,870.723919273395
18.8,871.0624104818917
19.0,871.3888247208237
19.2,871.7032871474522
19.4,872.0059195969781
19.6,872.2968405144886
19.8,872.57616488775
20.0,872.8440041810401
20.2,873.1004662702082
20.4,873.3456553791314
20.6,873.5796720177252
20.8,873.8026129216543
21.0,874.0145709938768
21.2,874.2156352481427
21.4,874.4058907545594
21.6,874.5854185873237
21.8,874.7542957747107
22.0,874.9125952514033
22.2,875.0603858132332
22.4,875.1977320743999
22.6,875.3246944272256
22.8,875.4413290044961
23.0,875.5476876444319
23.2,875.6438178583304
23.4,875.7297628009097
23.6,875.8055612433852
23.8,875.8712475493011
24.0,875.9268516531396
24.2,875.972399041722
24.4,876.0079107384169
24.6,876.0334032901641
24.8,876.0488887573246
25.0,876.0543747063591
25.2,876.0498642053398
25.4,876.0353558222943
25.6,876.0108436263828
25.8,875.9763171919016
26.0,875.9317616051084
26.2,875.8771574738631
26.4,875.8124809400695
26.6,875.7377036949083
26.8,875.6527929968447
27.0,875.55771169239
27.2,875.4524182395987
27.4,875.3368667342716
27.6,875.2110069388377
27.8,875.0747843138797
28.0,874.9281400522651
28.2,874.7710111158375
28.4,874.6033302746185
28.6,874.4250261484656
28.8,874.2360232511186
29.0,874.0362420365692
29.2,873.8255989476713
29.4,873.6040064669048
29.6,873.3713731692001
29.8,873.1276037767119
30.0,872.8725992154315
30.2,872.6062566735048
30.4,872.3284696611214
30.6,872.0391280718219
30.8,871.7381182450613
31.0,871.4253230298525
31.2,871.1006218492992
31.4,870.7638907658178
31.6,870.4150025468289
31.8,870.0538267306888
32.0,869.6802296926145
32.2,869.2940747103406
32.4,868.8952220292367
32.6,868.4835289265899
32.8,868.0588497747514
33.0,867.6210361028255
33.2,867.1699366565673
33.4,866.7053974561384
33.6,866.227261851359
33.8,865.7353705740768
34.0,865.2295617872601
34.2,864.7096711304099
34.4,864.1755317608702
34.6,863.6269743906007
34.8,863.0638273179651
35.0,862.4859164540705
35.2,861.8930653431796
35.4,861.2850951767015
35.6,860.6618248002508
35.8,860.0230707132462
36.0,859.3686470604966
36.2,858.6983656152081
36.4,858.0120357528116
36.6,857.3094644149891
36.8,856.5904560632403
37.0,855.8548126212982
37.2,855.1023334056569
37.4,854.33281504343
37.6,853.5460513767022
37.8,852.7418333524748
38.0,851.9199488972375
38.2,851.0801827751202
38.4,850.2223164284918
38.6,849.3461277997782
38.8,848.4513911331636
39.0,847.5378767547305
39.2,846.6053508294654
39.4,845.6535750934287
39.6,844.6823065592537
39.8,843.6912971929896
40.0,842.6802935601664
40.2,841.649036438805
40.4,840.5972603969618
40.6,839.5246933322546
40.8,838.4310559706882
41.0,837.3160613219981
41.2,836.1794140886271
41.4,835.020810025402
41.6,833.8399352469363
41.8,832.6364654798048
42.0,831.4100652565908
42.2,830.1603870490214
42.4,828.8870703375803
42.6,827.5897406152328
42.8,826.2680083232137
43.0,824.921467717231
43.2,823.5496956629207
43.4,822.1522503599635
43.6,820.7286699949398
43.8,819.2784713237569
44.0,817.8011481853339
44.2,816.2961699491638
44.4,814.7629799003927
44.6,813.2009935671529
44.8,811.609596996036
45.0,809.9881449828093
45.2,808.3359592667158
45.4,806.6523266979614
45.6,804.9364973892522
45.8,803.1876828634779
46.0,801.4050542108237
46.2,799.5877402697093
46.4,797.7348258469699
46.6,795.8453499935855
46.8,793.9183043530148
47.0,791.9526315997623
47.2,789.9472239861848
47.4,787.9009220157141
47.6,785.8125132606026
47.8,783.6807313419918
48.0,781.5042550895367
48.2,779.2817078969995
48.4,777.0116572891371
48.6,774.6926147138764
48.8,772.3230355721804
49.0,769.9013194962037
49.2,767.4258108843077
49.4,764.8947996993036
49.6,762.3065225339237
49.8,759.6591639450435
50.0,756.9508580555973
