0.0,833.5086982157644
0.2,835.6064979855663
0.4,837.6394217376139
0.6,839.6067454166202
0.8,841.50797115433
1.0,843.3428322591899
1.2,845.1112951944162
1.4,846.8135585795627
1.6,848.4500493056133
1.8,850.0214159052626
2.0,851.5285193671627
2.2,852.9724216244573
2.4,854.3543719830112
2.6,855.6757917827142
2.8,856.938257605661
3.0,858.1434833576855
3.2,859.2933015546756
3.4,860.3896441425748
3.6,861.4345231704202
3.8,862.4300116198173
4.0,863.3782246726479
4.2,864.281301672476
4.4,865.1413890049746
4.6,865.960624089788
4.8,866.7411206415669
5.0,867.4849553224611
5.2,868.194155873075
5.4,868.8706907746348
5.6,869.5164604626549
5.8,870.1332900823646
6.0,870.7229237490892
6.2,871.2870202530657
6.4,871.8271501280674
6.6,872.344793986859
6.8,872.8413420139084
7.0,873.318094496868
7.2,873.7762632729151
7.4,874.2169739638543
7.6,874.6412688746169
7.8,875.0501104330793
8.0,875.4443850545758
8.2,875.8249073217029
8.4,876.192424378595
8.6,876.5476204484215
8.8,876.8911213930414
9.0,877.223499244228
9.2,877.5452766463519
9.4,877.8569311606277
9.6,878.1588993907953
9.8,878.4515808992296
10.0,878.7353418908627
10.2,879.0105186498432
10.4,879.2774207205238
10.6,879.5363338301306
10.8,879.7875225553398
11.0,880.0312327390012
11.2,880.2676936664561
11.4,880.4971200133546
11.6,880.7197135786656
11.8,880.9356648177644
12.0,881.145154191157
12.2,881.3483533446368
12.4,881.5454261365451
12.6,881.7365295273888
12.8,881.9218143464316
13.0,882.1014259490613
13.2,882.2755047778201
13.4,882.4441868389831
13.6,882.6076041055503
13.8,882.7658848564828
14.0,882.9191539610083
14.2,883.0675331158507
14.4,883.2111410423241
14.6,883.3500936493807
14.8,883.484504167918
15.0,883.6144832609383
15.2,883.7401391135144
15.4,883.8615775059403
15.6,883.9789018729473
15.8,884.0922133514155
16.0,884.2016108186338
16.2,884.3071909228242
16.4,884.4090481073613
16.6,884.5072746298772
16.8,884.6019605772369
17.0,884.6931938771908
17.2,884.7810603073699
17.4,884.8656435021695
17.6,884.9470249579605
17.8,885.0252840369901
18.0,885.1004979702635
18.2,885.1727418596383
18.4,885.2420886793254
18.6,885.3086092769429
18.8,885.3723723742465
19.0,885.4334445676326
19.2,885.4918903284866
19.4,885.5477720034394
19.6,885.6011498145733
19.8,885.6520818596179
20.0,885.7006241121541
20.2,885.7468304218528
20.4,885.7907525147546
20.6,885.8324399936026
20.8,885.8719403382289
21.0,885.909298905998
21.2,885.9445589323035
21.4,885.9777615311149
21.6,886.008945695568
21.8,886.0381482985915
22.0,886.0654040935641
22.2,886.0907457149891
22.4,886.1142036791807
22.6,886.1358063849507
22.8,886.1555801142848
23.0,886.1735490330021
23.2,886.1897351913836
23.4,886.2041585247647
23.6,886.2168368540794
23.8,886.2277858863503
24.0,886.2370192151162
24.2,886.2445483207892
24.4,886.2503825709366
24.6,886.2545292204813
24.8,886.256993411818
25.0,886.257778174839
25.2,886.2568844268698
25.4,886.254310972512
25.6,886.2500545033931
25.8,886.2441095978239
26.0,886.2364687203659
26.2,886.2271222213102
26.4,886.2160583360721
26.6,886.2032631845083
26.8,886.1887207701569
27.0,886.1724129794152
27.2,886.154319580653
27.4,886.1344182232788
27.6,886.1126844367603
27.8,886.0890916296146
28.0,886.0636110883744
28.2,886.0362119765427
28.4,886.0068613335463
28.6,885.9755240736989
28.8,885.9421629851853
29.0,885.9067387290779
29.2,885.869209838395
29.4,885.8295327172125
29.6,885.7876616398366
29.8,885.7435487500476
30.0,885.6971440604191
30.2,885.6483954517201
30.4,885.5972486724006
30.6,885.5436473381613
30.8,885.4875329316035
31.0,885.42884480195
31.2,885.3675201648243
31.4,885.303494102066
31.6,885.2366995615545
31.8,885.1670673570002
32.0,885.0945261676522
32.2,885.0190025378519
32.4,884.9404208763458
32.6,884.8587034552453
32.8,884.7737704084906
33.0,884.685539729638
33.2,884.5939272687481
33.4,884.4988467280932
33.6,884.4002096563372
33.8,884.2979254407559
34.0,884.191901296969
34.2,884.0820422555337
34.4,883.9682511446018
34.6,883.8504285676775
34.8,883.7284728752991
35.0,883.602280129232
35.2,883.4717440574743
35.4,883.336755998043
35.6,883.1972048291292
35.8,883.0529768827641
36.0,882.903955838639
36.2,882.7500225941445
36.4,882.5910551060658
36.6,882.426928198645
36.8,882.2575133319523
37.0,882.0826783236466
37.2,881.9022870162976
37.4,881.7161988814694
37.6,881.5242685507606
37.8,881.3263452629625
38.0,881.1222722154713
38.2,880.9118858070948
38.4,880.6950147584699
38.6,880.471479095499
38.8,880.2410889805657
39.0,880.0036433758761
39.2,879.758928523141
39.4,879.5067162240439
39.6,879.2467619066144
39.8,878.9788024638069
40.0,878.702553852363
40.2,878.4177084424953
40.4,878.1239321121152
40.6,877.8208610833404
40.8,877.5080985038722
41.0,877.185210781585
41.2,876.851723687319
41.4,876.5071182483965
41.6,876.1508264637531
41.8,875.7822268806814
42.0,875.4006400829364
42.2,875.0053241501473
42.4,874.5954701589413
42.6,874.1701978066475
42.8,873.7285512486164
43.0,873.2694952497504
43.2,872.7919117594099
43.4,872.2945970260776
43.6,871.7762593736076
43.8,871.2355177641763
44.0,870.670901273785
44.2,870.0808496039882
44.4,869.4637147481117
44.6,868.8177639213305
44.8,868.1411838514075
45.0,867.432086510572
45.2,866.6885163489474
45.4,865.9084590662657
45.6,865.0898519315887
45.8,864.2305956307764
46.0,863.3285675890407
46.2,862.3816366817192
46.4,861.387679211183
46.6,860.3445959924005
46.8,859.2503303550554
47.0,858.1028868372575
47.2,856.9003503158043
47.4,855.6409052916449
47.6,854.3228550276449
47.8,852.9446402198159
48.0,851.504856873642
48.2,850.0022730546123
48.4,848.4358441870218
48.6,846.8047265877508
48.8,845.108288942136
49.0,843.3461214569705
49.2,841.5180424607106
49.4,839.6241022624437
49.6,837.6645841282212
49.8,835.6400022849201
50.0,833.5510969166361
