0.0,871.9209423057031
0.2,872.5582685630898
0.4,873.1771552374677
0.6,873.777752108017
0.8,874.3602209243087
1.0,874.9247354652468
1.2,875.4714815408996
1.4,876.0006569374522
1.6,876.5124713058709
1.8,877.0071459952223
2.0,877.4849138319202
2.2,877.9460188465072
2.4,878.3907159498871
2.6,878.8192705612128
2.8,879.2319581899173
3.0,879.6290639746182
3.2,880.0108821818626
3.4,880.3777156678774
3.6,880.7298753066713
3.8,881.0676793879829
4.0,881.3914529886911
4.2,881.7015273214
4.4,881.9982390639743
4.6,882.281929673837
4.8,882.5529446908496
5.0,882.8116330325798
5.2,883.0583462857082
5.4,883.293437997261
5.6,883.5172629692551
5.8,883.7301765602266
6.0,883.9325339969691
6.2,884.1246896996523
6.4,884.3069966233116
6.6,884.4798056185094
6.8,884.6434648137573
7.0,884.7983190220773
7.2,884.9447091738471
7.4,885.0829717778441
7.6,885.2134384121659
7.8,885.3364352464562
8.0,885.4522825966335
8.2,885.5612945130703
8.4,885.6637784029389
8.6,885.7600346872051
8.8,885.8503564925262
9.0,885.9350293780923
9.2,886.0143310972423
9.4,886.0885313934905
9.6,886.1578918304099
9.8,886.2226656546544
10.0,886.2830976912352
10.2,886.3394242700276
10.4,886.3918731823524
10.6,886.4406636663616
10.8,886.4860064198602
11.0,886.5281036391046
11.2,886.567149082056
11.4,886.6033281545057
11.6,886.6368180174487
11.8,886.6677877140563
12.0,886.6963983145797
12.2,886.7228030775167
12.4,886.7471476253808
12.6,886.7695701334333
12.8,886.7902015297666
13.0,886.809165705166
13.2,886.8265797312264
13.4,886.8425540852502
13.6,886.8571928805171
13.8,886.8705941005785
14.0,886.8828498363024
14.2,886.8940465244668
14.4,886.9042651867766
14.6,886.9135816682573
14.8,886.9220668740596
15.0,886.9297870037867
15.2,886.9368037825401
15.4,886.9431746879548
15.6,886.948953172576
15.8,886.954188881004
16.0,886.9589278613066
16.2,886.9632127702724
16.4,886.9670830721445
16.6,886.9705752305387
16.8,886.9737228933126
17.0,886.9765570702094
17.2,886.9791063031529
17.4,886.9813968291224
17.6,886.9834527355792
17.8,886.9852961084608
18.0,886.986947172796
18.2,886.9884244260288
18.4,886.9897447641674
18.6,886.9909236009064
18.8,886.9919749798868
19.0,886.9929116802836
19.2,886.9937453159278
19.4,886.9944864281769
19.6,886.9951445727684
19.8,886.99572840089
20.0,886.9962457347135
20.2,886.9967036376373
20.4,886.9971084794873
20.6,886.9974659969242
20.8,886.9977813493043
21.0,886.9980591702346
21.2,886.9983036150622
21.4,886.9985184045283
21.6,886.9987068648117
21.8,886.9988719641767
22.0,886.9990163464374
22.2,886.9991423614307
22.4,886.9992520926894
22.6,886.9993473824939
22.8,886.9994298544665
23.0,886.9995009338661
23.2,886.9995618657279
23.4,886.9996137309789
23.6,886.9996574606552
23.8,886.9996938483241
24.0,886.9997235608183
24.2,886.9997471473597
24.4,886.9997650471546
24.6,886.9997775955203
24.8,886.9997850285961
25.0,886.9997874866784
25.2,886.9997850162096
25.4,886.9997775704358
25.6,886.9997650087427
25.8,886.9997470946599
26.0,886.9997234925193
26.2,886.9996937627357
26.4,886.9996573556742
26.6,886.9996136040461
26.8,886.9995617137755
27.0,886.9995007532567
27.2,886.9994296409204
27.4,886.9993471310055
27.6,886.9992517974291
27.8,886.9991420156344
28.0,886.9990159422778
28.2,886.9988714926172
28.4,886.9987063154408
28.6,886.9985177653712
28.8,886.9983028723656
29.0,886.9980583082267
29.2,886.9977803499212
29.4,886.997464839502
29.6,886.9971071404158
29.8,886.9967020899712
30.0,886.9962439477341
30.2,886.9957263396154
30.4,886.9951421974049
30.6,886.9944836935039
30.8,886.9937421706118
31.0,886.9929080661129
31.2,886.9919708309175
31.4,886.9909188425128
31.6,886.9897393119849
31.8,886.9884181847807
32.0,886.986940034992
32.2,886.9852879529543
32.4,886.9834434259714
32.6,886.9813862119968
32.8,886.9790942061273
33.0,886.9765432997865
33.2,886.9737072325123
33.4,886.9705574362933
33.6,886.9670628724353
33.8,886.9631898609864
34.0,886.95890190279
34.2,886.9541594942878
34.4,886.9489199352464
34.6,886.9431371296416
34.8,886.9367613799928
35.0,886.929739175506
35.2,886.9220129744529
35.4,886.913520981282
35.6,886.9041969190355
35.8,886.8939697977164
36.0,886.882763679334
36.2,886.8704974404293
36.4,886.8570845329687
36.6,886.8424327445675
36.8,886.8264439590905
37.0,886.8090139187501
37.2,886.7900319889056
37.4,886.7693809268341
37.6,886.7469366558179
37.8,886.7225680459597
38.0,886.6961367031943
38.2,886.6674967680193
38.4,886.6364947255222
38.6,886.6029692283053
38.8,886.5667509339551
39.0,886.5276623587125
39.2,886.4855177490123
39.4,886.4401229725589
39.6,886.3912754305896
39.8,886.3387639929479
40.0,886.2823689575496
40.2,886.221862035768
40.4,886.1570063651943
40.6,886.0875565511462
40.8,886.0132587381944
41.0,885.9338507128676
41.2,885.8490620385614
41.4,885.7586142235366
41.6,885.6622209227307
41.8,885.55958817394
42.0,885.4504146687376
42.2,885.3343920583042
42.4,885.2112052941345
42.6,885.0805330033692
42.8,884.9420478982762
43.0,884.7954172191725
43.2,884.6403032098411
43.4,884.4763636242586
43.6,884.3032522632046
43.8,884.1206195390864
44.0,883.9281130670724
44.2,883.7253782803916
44.4,883.5120590674366
44.6,883.287798428082
44.8,883.0522391464308
45.0,882.8050244770025
45.2,882.5457988412052
45.4,882.2742085307702
45.6,881.989902414689
45.8,881.6925326460721
46.0,881.3817553652559
46.2,881.0572313954096
46.4,880.7186269268483
46.6,880.3656141862401
46.8,879.9978720869026
47.0,879.6150868564189
47.2,879.2169526378718
47.4,878.8031720610846
47.6,878.3734567803801
47.8,877.9275279755199
48.0,877.4651168126616
48.2,876.9859648623752
48.4,876.4898244719908
48.6,875.9764590897958
48.8,875.4456435388772
49.0,874.8971642386994
49.2,874.3308193728108
49.4,873.7464190014069
49.6,873.1437851178097
49.8,872.5227516482713
50.0,871.8831643948707
