0.0,869.9479740763035
0.2,870.6012620946905
0.4,871.2371333015972
0.6,871.8557476375843
0.8,872.4572724282012
1.0,873.0418824264618
1.2,873.6097598247626
1.4,874.1610942362493
1.6,874.6960826457931
1.8,875.2149293308954
2.0,875.7178457529936
2.2,876.2050504197899
2.4,876.6767687193694
2.6,877.1332327270119
2.8,877.5746809857335
3.0,878.0013582617198
3.2,878.4135152759262
3.4,878.811408413228
3.6,879.1952994106028
3.8,879.5654550259109
4.0,879.922146688918
4.2,880.2656501362716
4.4,880.5962450321941
4.6,880.9142145767009
4.8,881.2198451031828
5.0,881.5134256672134
5.2,881.79524762845
5.4,882.065604227497
5.6,882.3247901595831
5.8,882.5731011468883
6.0,882.8108335113153
6.2,883.0382837494604
6.4,883.2557481114903
6.6,883.4635221855602
6.8,883.6619004893538
7.0,883.8511760702371
7.2,884.0316401154445
7.4,884.2035815736225
7.6,884.3672867889645
7.8,884.5230391490741
8.0,884.6711187475904
8.2,884.8118020625079
8.4,884.9453616510157
8.6,885.0720658615761
8.8,885.1921785638532
9.0,885.3059588969969
9.2,885.4136610366809
9.4,885.5155339811884
9.6,885.6118213567396
9.8,885.7027612421525
10.0,885.7885860128354
10.2,885.8695222040151
10.4,885.9457903930206
10.6,886.0176051003558
10.8,886.0851747092174
11.0,886.1487014030439
11.2,886.2083811206113
11.4,886.264403528133
11.6,886.3169520077621
11.8,886.3662036618498
12.0,886.4123293322644
12.2,886.4554936340438
12.4,886.4958550026159
12.6,886.5335657538037
12.8,886.5687721558033
13.0,886.6016145123155
13.2,886.6322272559966
13.4,886.6607390513958
13.6,886.6872729065406
13.8,886.7119462923408
14.0,886.7348712689942
14.2,886.7561546185797
14.4,886.7758979830551
14.6,886.794198006884
14.8,886.8111464835492
15.0,886.8268305052294
15.2,886.8413326149495
15.4,886.8547309605411
15.6,886.8670994497853
15.8,886.8785079061388
16.0,886.8890222244851
16.2,886.8987045263812
16.4,886.907613314311
16.6,886.9158036244901
16.8,886.9233271778023
17.0,886.9302325284855
17.2,886.9365652102199
17.4,886.9423678793034
17.6,886.9476804546363
17.8,886.952540254267
18.0,886.9569821282856
18.2,886.9610385878793
18.4,886.9647399303936
18.6,886.968114360274
18.8,886.971188105781
19.0,886.9739855314076
19.2,886.9765292459388
19.4,886.9788402061225
19.6,886.9809378159395
19.8,886.9828400214716
20.0,886.9845634013941
20.2,886.9861232531233
20.4,886.987533674669
20.6,886.9888076422508
20.8,886.9899570837472
21.0,886.9909929480559
21.2,886.9919252704481
21.4,886.9927632340091
21.6,886.9935152272586
21.8,886.9941888980471
22.0,886.9947912038299
22.2,886.9953284584158
22.4,886.9958063752933
22.6,886.9962301076291
22.8,886.9966042850377
23.0,886.9969330472131
23.2,886.9972200745128
23.4,886.997468615578
23.6,886.9976815120689
23.8,886.9978612205887
24.0,886.9980098318634
24.2,886.9981290872379
24.4,886.9982203925395
24.6,886.998284829357
24.8,886.9983231637702
25.0,886.998335852561
25.2,886.9983230469259
25.4,886.9982845937034
25.6,886.9982200341202
25.8,886.9981286000516
26.0,886.9980092077828
26.2,886.9978604492517
26.4,886.9976805807402
26.6,886.9974675089799
26.8,886.9972187746242
27.0,886.9969315330344
27.2,886.9966025323187
27.4,886.996228088558
27.6,886.995804058144
27.8,886.9953258071505
28.0,886.994788177652
28.2,886.9941854509025
28.4,886.9935113072786
28.6,886.9927587828928
28.8,886.9919202227763
29.0,886.9909872305338
29.2,886.9899506143663
29.4,886.9888003293656
29.6,886.987525415982
29.8,886.9861139345674
30.0,886.9845528959064
30.2,886.9828281876489
30.4,886.980924496566
30.6,886.9788252265588
30.8,886.9765124123614
31.0,886.973966628888
31.2,886.9711668961886
31.4,886.968090579994
31.6,886.9647132878422
31.8,886.9610087608005
32.0,886.9569487608184
32.2,886.9525029537593
32.4,886.9476387881931
32.6,886.9423213700471
32.8,886.9365133332434
33.0,886.9301747064789
33.2,886.9232627763283
33.4,886.9157319468869
33.6,886.9075335961978
33.8,886.898615929741
34.0,886.8889238312995
34.2,886.8783987115438
34.4,886.8669783547238
34.6,886.8545967638794
34.8,886.8411840050276
35.0,886.8266660508135
35.2,886.8109646241525
35.4,886.7939970424225
35.6,886.7756760628022
35.8,886.7559097293853
36.0,886.7346012227279
36.2,886.7116487125253
36.4,886.6869452141326
36.6,886.6603784496787
36.8,886.6318307145402
37.0,886.6011787499672
37.2,886.5682936226639
37.4,886.5330406121501
37.6,886.4952791067273
37.8,886.454862508888
38.0,886.4116381510045
38.2,886.3654472221261
38.4,886.3161247067103
38.6,886.2634993360931
38.8,886.2073935534905
39.0,886.1476234932895
39.2,886.083998975363
39.4,886.0163235150994
39.6,885.9443943498004
39.8,885.8680024820443
40.0,885.7869327405643
40.2,885.7009638591237
40.4,885.6098685738062
40.6,885.5134137390689
40.8,885.4113604628225
41.0,885.3034642607256
41.2,885.1894752297908
41.4,885.0691382413065
41.6,884.9421931529876
41.8,884.8083750401613
42.0,884.6674144457036
42.2,884.5190376483257
42.4,884.3629669487144
42.6,884.1989209729152
42.8,884.0266149922462
43.0,883.8457612589209
43.2,883.656069356453
43.4,883.4572465638134
43.6,883.248998232208
43.8,883.0310281732482
44.0,882.8030390571919
44.2,882.5647328198464
44.4,882.3158110766394
44.6,882.0559755422915
44.8,881.7849284544535
45.0,881.50237299961
45.2,881.2080137395016
45.4,880.9015570362716
45.6,880.582711474512
45.8,880.2511882783592
46.0,879.9067017217769
46.2,879.5489695301618
46.4,879.1777132714176
46.6,878.7926587346622
46.8,878.3935362947637
47.0,877.9800812609476
47.2,877.5520342077659
47.4,877.1091412867914
47.6,876.6511545174704
47.8,876.1778320556587
48.0,875.6889384384577
48.2,875.1842448040815
48.4,874.6635290855909
48.6,874.1265761774652
48.8,873.5731780741049
49.0,873.0031339795023
49.2,872.4162503874583
49.4,871.812341131874
49.6,871.1912274067971
49.8,870.5527377560626
50.0,869.8967080325193
