0.0,780.8424200865973
0.2,782.7501410147067
0.4,784.6447222273681
0.6,786.5275276807708
0.8,788.3996119334766
1.0,790.2617235637547
1.2,792.1143142527322
1.4,793.9575531319654
1.6,795.7913458467804
1.8,797.6153576642149
2.0,799.4290398608888
2.2,801.2316585643489
2.4,803.0223251924846
2.6,804.8000276389656
2.8,806.5636613863018
3.0,808.3120597887466
3.2,810.0440228504672
3.4,811.7583439250847
3.6,813.45383387528
3.8,815.1293423500225
4.0,816.7837759566811
4.2,818.4161132208259
4.4,820.025416333661
4.6,821.6108397822769
4.8,823.171636038762
5.0,824.7071585490943
5.2,826.2168623109952
5.4,827.7003023617679
5.6,829.1571305134753
5.8,830.5870906751438
6.0,831.990013091925
6.2,833.3658078115084
6.4,834.714457660848
6.6,836.0360109837452
6.8,837.3305743541583
7.0,838.5983054432368
7.2,839.8394061816645
7.4,841.0541163242765
7.6,842.2427074921219
7.8,843.4054777388902
8.0,844.5427466643034
8.2,845.6548510768794
8.4,846.7421411923251
8.6,847.8049773415195
8.8,848.8437271532376
9.0,849.858763171046
9.2,850.8504608606846
9.4,851.8191969632969
9.6,852.7653481505895
9.8,853.6892899399976
10.0,854.5913958308158
10.2,855.4720366256976
10.4,856.3315799056744
10.6,857.170389630667
10.8,857.9888258412097
11.0,858.7872444406593
11.2,859.5659970404282
11.4,860.3254308537367
11.6,861.0658886259878
11.8,861.7877085921319
12.0,862.491224453337
12.2,863.1767653669033
12.4,863.8446559447278
12.6,864.4952162567395
12.8,865.1287618366214
13.0,865.745603687871
13.2,866.3460482888092
13.4,866.9303975956035
13.6,867.4989490427088
13.8,868.0519955403931
14.0,868.5898254692081
14.2,869.1127226714078
14.4,869.6209664394196
14.6,870.1148315015448
14.8,870.5945880051086
15.0,871.0605014973112
15.2,871.5128329040433
15.4,871.951838506938
15.6,872.3777699189227
15.8,872.7908740585342
16.0,873.191393123242
16.2,873.5795645620149
16.4,873.9556210473505
16.6,874.3197904469697
16.8,874.672295795362
17.0,875.0133552653518
17.2,875.3431821398392
17.4,875.6619847838513
17.6,875.9699666170286
17.8,876.2673260866512
18.0,876.5542566413008
18.2,876.830946705237
18.4,877.0975796535585
18.6,877.3543337882028
18.8,877.6013823148338
19.0,877.8388933206512
19.2,878.0670297531497
19.4,878.2859493998474
19.6,878.495804868994
19.8,878.6967435712635
20.0,878.8889077024305
20.2,879.0724342270233
20.4,879.2474548629409
20.6,879.4140960670194
20.8,879.5724790215277
21.0,879.7227196215706
21.2,879.8649284633741
21.4,879.9992108334252
21.6,880.1256666984395
21.8,880.2443906961246
22.0,880.3554721267108
22.2,880.4589949452175
22.4,880.5550377544248
22.6,880.643673798519
22.8,880.7249709573841
23.0,880.7989917415085
23.2,880.8657932874793
23.4,880.925427354039
23.6,880.9779403186792
23.8,881.0233731747469
24.0,881.0617615290447
24.2,881.0931355999039
24.4,881.117520215715
24.6,881.1349348138997
24.8,881.145393440314
25.0,881.1489047490726
25.2,881.1454720027851
25.4,881.135093073204
25.6,881.1177604422791
25.8,881.0934612036214
26.0,881.0621770643778
26.2,881.023884347526
26.4,880.9785539945946
26.6,880.9261515688221
26.8,880.8666372587675
27.0,880.799965882388
27.2,880.7260868916026
27.4,880.6449443773605
27.6,880.5564770752379
27.8,880.4606183715848
28.0,880.3572963102487
28.2,880.246433599901
28.4,880.1279476219933
28.6,880.0017504393719
28.8,879.86774880558
29.0,879.7258441748751
29.2,879.5759327129916
29.4,879.4179053086775
29.6,879.2516475860288
29.8,879.0770399176521
30.0,878.8939574386769
30.2,878.7022700616399
30.4,878.5018424922591
30.6,878.2925342461165
30.8,878.074199666257
31.0,877.8466879417138
31.2,877.6098431269598
31.4,877.363504162283
31.6,877.1075048950725
31.8,876.8416741020001
32.0,876.5658355120689
32.2,876.2798078304943
32.4,875.9834047633724
32.6,875.6764350430808
32.8,875.3587024543434
33.0,875.0300058608798
33.2,874.6901392325475
33.4,874.3388916728674
33.6,873.9760474468139
33.8,873.6013860087285
34.0,873.2146820302033
34.2,872.8157054277652
34.4,872.4042213901678
34.6,871.9799904050855
34.8,871.5427682849867
35.0,871.0923061919387
35.2,870.6283506610896
35.4,870.1506436225488
35.6,869.6589224213815
35.8,869.1529198354176
36.0,868.632364090578
36.2,868.0969788734188
36.4,867.5464833406123
36.6,866.9805921251079
36.8,866.3990153387649
37.0,865.801458571318
37.2,865.187622885638
37.4,864.5572048093967
37.6,863.9098963234377
37.8,863.2453848474227
38.0,862.563353223665
38.2,861.8634797005193
38.4,861.145437917271
38.6,860.4088968932011
38.8,859.6535210244201
39.0,858.8789700931918
39.2,858.084899295843
39.4,857.2709592970135
39.6,856.4367963199624
39.8,855.5820522849427
40.0,854.7063650103014
40.2,853.8093684939454
40.4,852.8906932961313
40.6,851.9499670481275
40.8,850.9868151150896
41.0,850.0008614453601
41.2,848.9917296421999
41.4,847.959044297439
41.6,846.9024326294588
41.8,845.8215264699284
42.0,844.715964644463
42.2,843.5853957913914
42.4,842.4294816596823
42.6,841.2479009212892
42.8,840.0403535242659
43.0,838.806565600564
43.2,837.5462949260981
43.4,836.259336910232
43.6,834.9455310672575
43.8,833.6047678938538
44.0,832.2369960443731
44.2,830.8422296607879
44.4,829.4205556773193
44.6,827.9721408824805
44.8,826.4972384852143
45.0,824.9961938989295
45.2,823.469449429728
45.4,821.91754753528
45.6,820.341132310974
45.8,818.7409488623668
46.0,817.1178402395193
46.2,815.4727416410506
46.4,813.8066716446077
46.6,812.120720286113
46.8,810.4160338919736
47.0,808.6937966648203
47.2,806.9552091317315
47.4,805.2014636808093
47.6,803.4337175330584
47.8,801.6530636167605
48.0,799.8604999254167
48.2,798.0568980421451
48.4,796.24297159756
48.6,794.4192454894227
48.8,792.5860267263431
49.0,790.7433777611298
49.2,788.8910931500304
49.4,787.0286803115226
49.6,785.1553450636352
49.8,783.2699824947598
50.0,781.3711735738539
