0.0,480.24179532179875
0.2,485.7978476650081
0.4,491.31377148156406
0.6,496.7884147585616
0.8,502.2206685801152
1.0,507.6094680661457
1.2,512.9537931773203
1.4,518.252669385033
1.6,523.5051682061012
1.8,528.7104076026408
2.0,533.8675522483363
2.2,538.9758136630743
2.4,544.0344502186035
2.6,549.0427670185682
2.8,554.0001156568807
3.0,558.9058938589905
3.2,563.7595450111313
3.4,568.5605575831071
3.6,573.3084644505983
3.8,578.0028421233256
4.0,582.6433098857107
4.2,587.2295288569086
4.4,591.761200977263
4.6,596.2380679283531
4.8,600.659909993853
5.0,605.0265448684312
5.2,609.337826421855
5.4,613.593643425366
5.6,617.793918247236
5.8,621.9386055242137
6.0,626.027690815341
6.2,630.0611892443383
6.4,634.0391441364618
6.6,637.961625655405
6.8,641.8287294454601
7.0,645.6405752838006
7.2,649.3973057473534
7.4,653.0990848983521
7.6,656.7460969922646
7.8,660.3385452114038
8.0,663.8766504271376
8.2,667.3606499932406
8.4,670.7907965725545
8.6,674.1673569987744
8.8,677.4906111748294
9.0,680.7608510090126
9.2,683.9783793896978
9.4,687.143509199207
9.6,690.2565623671214
9.8,693.317868963091
10.0,696.3277663289748
10.2,699.2865982499483
10.4,702.1947141640353
10.6,705.0524684093732
10.8,707.8602195083766
11.0,710.6183294878598
11.2,713.3271632340794
11.4,715.9870878815798
11.6,718.5984722346678
11.8,721.1616862202943
12.0,723.6771003710909
12.2,726.1450853372946
12.4,728.5660114262829
12.6,730.9402481684483
12.8,733.2681639081538
13.0,735.5501254185318
13.2,737.7864975389148
13.4,739.9776428337227
13.6,742.123921271664
13.8,744.2256899241527
14.0,746.2833026818842
14.2,748.2971099885607
14.4,750.2674585908003
14.6,752.1946913033123
14.8,754.0791467884693
15.0,755.9211593494496
15.2,757.7210587361714
15.4,759.4791699632846
15.6,761.1958131395253
15.8,762.8713033077818
16.0,764.505950295259
16.2,766.1000585731654
16.4,767.6539271253779
16.6,769.1678493255793
16.8,770.6421128223868
17.0,772.0769994320235
17.2,773.4727850381073
17.4,774.8297394981606
17.6,776.1481265564632
17.8,777.4282037628935
18.0,778.6702223974223
18.2,779.8744273999428
18.4,781.0410573051331
18.6,782.1703441820691
18.8,783.2625135783122
19.0,784.3177844682165
19.2,785.3363692052066
19.4,786.318473477794
19.6,787.2642962691052
19.8,788.1740298197083
20.0,789.0478595935327
20.2,789.8859642466883
20.4,790.6885155989914
20.6,791.4556786080253
20.8,792.1876113455588
21.0,792.884464976161
21.2,793.5463837378567
21.4,794.1735049246723
21.6,794.7659588709321
21.8,795.3238689371682
22.0,795.8473514975193
22.2,796.3365159284945
22.4,796.7914645989905
22.6,797.212292861455
22.8,797.5990890440953
23.0,797.9519344440395
23.2,798.2709033213634
23.4,798.5560628939054
23.6,798.8074733327928
23.8,799.0251877586189
24.0,799.2092522382069
24.2,799.3597057819114
24.4,799.4765803414125
24.6,799.5599008079625
24.8,799.6096850110553
25.0,799.6259437174926
25.2,799.6086806308325
25.4,799.5578923912049
25.6,799.4735685754957
25.8,799.3556916978988
26.0,799.2042372108475
26.2,799.019173506345
26.4,798.8004619177135
26.6,798.5480567217969
26.8,798.2619051416532
27.0,797.9419473497813
27.2,797.5881164719368
27.4,797.20033859159
27.6,796.778532755098
27.8,796.3226109776593
28.0,795.8324782501304
28.2,795.3080325467934
28.4,794.7491648341634
28.6,794.15575908094
28.8,793.5276922692055
29.0,792.8648344069869
29.2,792.1670485422998
29.4,791.4341907788022
29.6,790.666110293194
29.8,789.8626493545016
30.0,789.0236433453977
30.2,788.1489207857118
30.4,787.2383033582955
30.6,786.2916059374126
30.8,785.3086366198331
31.0,784.2891967588209
31.2,783.2330810012069
31.4,782.1400773277559
31.6,781.0099670970391
31.8,779.8425250930378
32.0,778.637519576713
32.2,777.3947123417861
32.4,776.1138587749913
32.6,774.7947079210685
32.8,773.4370025527853
33.0,772.040479246287
33.2,770.6048684620932
33.4,769.1298946320775
33.6,767.615276252783
33.8,766.0607259854526
34.0,764.4659507631706
34.2,762.8306519055416
34.4,761.1545252413546
34.6,759.4372612397117
34.8,757.6785451501319
35.0,755.8780571521697
35.2,754.0354725151274
35.4,752.1504617684716
35.6,750.2226908836095
35.8,748.2518214677158
36.0,746.2375109703459
36.2,744.1794129036157
36.4,742.077177076772
36.6,739.9304498460242
36.8,737.7388743805554
37.0,735.5020909456788
37.2,733.2197372041464
37.4,730.8914485366716
37.6,728.5168583827592
37.8,726.0955986029896
38.0,723.6272998639289
38.2,721.1115920468787
38.4,718.5481046817048
38.6,715.9364674069978
38.8,713.2763104578448
39.0,710.5672651824814
39.2,707.8089645890971
39.4,705.0010439240449
39.6,702.1431412826755
39.8,699.2348982539704
40.0,696.2759606000955
40.2,693.2659789719048
40.4,690.2046096613466
40.6,687.0915153915946
40.8,683.9263661456048
41.0,680.708840033635
41.2,677.4386242000957
41.4,674.1154157698943
41.6,670.7389228342258
41.8,667.3088654755095
42.0,663.8249768309151
42.2,660.2870041936364
42.4,656.6947101507595
42.6,653.04787375626
42.8,649.3462917373079
43.0,645.5897797317193
43.2,641.778173554009
43.4,637.9113304871298
43.6,633.9891305965926
43.8,630.011478063272
44.0,625.9783025308099
44.2,621.8895604631455
44.4,617.7452365073173
44.6,613.5453448563179
44.8,609.2899306064322
45.0,604.979071103158
45.2,600.6128772695104
45.4,596.1914949102312
45.6,591.7151059851989
45.8,587.1839298451233
46.0,582.5982244224701
46.2,577.9582873704428
46.4,573.264457142802
46.6,568.5171140073004
46.8,563.7166809855651
47.0,558.8636247123801
47.2,553.9584562074928
47.4,549.0017315533088
47.6,543.994052472136
47.8,538.9360667970012
48.0,533.8284688304772
48.2,528.6719995864381
48.4,523.4674469101923
48.6,518.2156454730188
48.8,512.9174766377707
49.0,507.57386819287444
49.2,502.1857939527616
49.4,496.7542732235156
49.6,491.28037013326974
49.8,485.765192827682
50.0,480.2098925315979
