0.0,730.449175192484
0.2,733.4723613177921
0.4,736.4385027410854
0.6,739.3487346687585
0.8,742.2041753823961
1.0,745.0059256300875
1.2,747.7550680656557
1.4,750.4526667366936
1.6,753.0997666220783
1.8,755.6973932194027
2.0,758.2465521825409
2.2,760.7482290093423
2.4,763.2033887792252
2.6,765.6129759402346
2.8,767.9779141449167
3.0,770.2991061341662
3.2,772.5774336680141
3.4,774.8137575021417
3.6,777.0089174087381
3.8,779.1637322401649
4.0,781.2790000337429
4.2,783.3554981558475
4.4,785.3939834833802
4.6,787.3951926205822
4.8,789.359842149064
5.0,791.2886289088533
5.2,793.1822303082004
5.4,795.0413046598352
5.6,796.866491541343
5.8,798.658412177299
6.0,800.4176698408099
6.2,802.144850272109
6.4,803.8405221118826
6.6,805.5052373470335
6.8,807.1395317666373
7.0,808.7439254258993
7.2,810.3189231159902
7.4,811.8650148377116
7.6,813.382676277025
7.8,814.8723692805709
8.0,816.3345423293977
8.2,817.7696310092275
8.4,819.1780584756871
8.6,820.5602359130457
8.8,821.9165629851142
9.0,823.247428277071
9.2,824.5532097271027
9.4,825.8342750468546
9.6,827.0909821298047
9.8,828.3236794467923
10.0,829.5327064280341
10.2,830.7183938310781
10.4,831.8810640942439
10.6,833.021031675205
10.8,834.1386033744589
11.0,835.23407864353
11.2,836.3077498778309
11.4,837.3599026941937
11.6,838.390816193157
11.8,839.4007632061642
12.0,840.3900105278966
12.2,841.3588191340162
12.4,842.3074443846549
12.6,843.2361362140255
12.8,844.1451393065757
13.0,845.0346932601401
13.2,845.9050327365741
13.4,846.7563876003793
13.6,847.58898304585
13.8,848.4030397132813
14.0,849.1987737947944
14.2,849.9763971303364
14.4,850.7361172944153
14.6,851.4781376741284
14.8,852.2026575390365
15.0,852.9098721034298
15.2,853.5999725815166
15.4,854.2731462360565
15.6,854.9295764209414
15.8,855.5694426182101
16.0,856.1929204699646
16.2,856.8001818056356
16.4,857.391394665022
16.6,857.9667233175101
16.8,858.526328277852
17.0,859.0703663188633
17.2,859.5989904813758
17.4,860.1123500817584
17.6,860.6105907172971
17.8,861.0938542697025
18.0,861.5622789069937
18.2,862.015999083982
18.4,862.4551455415653
18.6,862.8798453050174
18.8,863.290221681441
19.0,863.6863942565401
19.2,864.068478890841
19.4,864.4365877154875
19.6,864.7908291277125
19.8,865.1313077860806
20.0,865.4581246055782
20.2,865.7713767526243
20.4,866.0711576400581
20.6,866.35755692215
20.8,866.6306604896822
21.0,866.8905504651262
21.2,867.1373051979473
21.4,867.3709992600523
21.6,867.5917034414002
21.8,867.7994847457826
22.0,867.9944063867803
22.2,868.176527783901
22.4,868.3459045588982
22.6,868.502588532267
22.8,868.6466277199158
23.0,868.7780663300076
23.2,868.8969447599634
23.4,869.0032995936235
23.6,869.0971635985568
23.8,869.1785657235113
24.0,869.2475310959991
24.2,869.3040810200083
24.4,869.3482329738341
24.6,869.3800006080238
24.8,869.3993937434313
25.0,869.4064183693729
25.2,869.4010766418847
25.4,869.3833668820764
25.6,869.3532835745783
25.8,869.310817366084
26.0,869.2559550639862
26.2,869.1886796351059
26.4,869.1089702045193
26.6,869.0168020544824
26.8,868.9121466234575
27.0,868.7949715052475
27.2,868.6652404482384
27.4,868.5229133547577
27.6,868.3679462805538
27.8,868.2002914343984
28.0,868.01989717782
28.2,867.8267080249691
28.4,867.620664642621
28.6,867.4017038503156
28.8,867.1697586206349
29.0,866.9247580796166
29.2,866.6666275072987
29.4,866.3952883383863
29.6,866.1106581630308
29.8,865.8126507277033
30.0,865.5011759361427
30.2,865.176139850351
30.4,864.8374446916023
30.6,864.484988841425
30.8,864.1186668425073
31.0,863.7383693994699
31.2,863.3439833794354
31.4,862.935391812316
31.6,862.512473890729
31.8,862.0751049694351
32.0,861.6231565641809
32.2,861.1564963498139
32.4,860.6749881575182
32.6,860.1784919710077
32.8,859.6668639214894
33.0,859.139956281197
33.2,858.5976174552698
33.4,858.039691971734
33.6,857.4660204693251
33.8,856.876439682862
34.0,856.2707824258682
34.2,855.6488775701094
34.4,855.0105500216954
34.6,854.3556206933716
34.8,853.6839064726058
35.0,852.9952201850502
35.2,852.2893705529425
35.4,851.566162147986
35.6,850.8253953382342
35.8,850.0668662284855
36.0,849.2903665936786
36.2,848.4956838047694
36.4,847.6826007465547
36.6,846.8508957269039
36.8,846.0003423768545
37.0,845.1307095410235
37.2,844.2417611577927
37.4,843.3332561287278
37.6,842.4049481767073
37.8,841.4565856922442
38.0,840.4879115675144
38.2,839.4986630176186
38.4,838.4885713886448
38.6,837.4573619521293
38.8,836.4047536855539
39.0,835.3304590385713
39.2,834.234183684695
39.4,833.1156262582558
39.6,831.9744780764872
39.8,830.810422846677
40.0,829.623136358394
40.2,828.4122861608835
40.4,827.177531225813
40.6,825.9185215956398
40.8,824.634898017969
41.0,823.326291566374
41.2,821.9923232482547
41.4,820.6326036004159
41.6,819.2467322731627
41.8,817.8342976038192
42.0,816.3948761806937
42.2,814.9280323986267
42.4,813.4333180073756
42.6,811.9102716542013
42.8,810.3584184221345
43.0,808.7772693655119
43.2,807.1663210444741
43.4,805.5250550602209
43.6,803.852937592915
43.8,802.1494189442153
44.0,800.4139330865007
44.2,798.6458972209226
44.4,796.844711346487
44.6,795.0097578424222
44.8,793.1404010661331
45.0,791.2359869690739
45.2,789.2958427328967
45.4,787.3192764282326
45.6,785.3055766984655
45.8,783.2540124708343
46.0,781.163832697165
46.2,779.0342661264929
46.4,776.8645211117635
46.6,774.6537854527336
46.8,772.401226277094
47.0,770.1059899617362
47.2,767.7672020959619
47.4,765.383967488302
47.6,762.9553702184638
47.8,760.4804737357704
48.0,757.9583210052775
48.2,755.3879347025785
48.4,752.7683174581133
48.6,750.0984521515945
48.8,747.3773022569588
49.0,744.6038122380321
49.2,741.7769079948802
49.4,738.895497360588
49.6,735.9584706479862
49.8,732.9647012456105
50.0,729.9130462619554
