0.0,715.7245468659858
0.2,719.0133307122741
0.4,722.2420514628823
0.6,725.4117151202832
0.8,728.5233178982648
1.0,731.5778458193093
1.2,734.5762743300032
1.4,737.5195679350286
1.6,740.4086798502329
1.8,743.2445516752041
2.0,746.0281130857164
2.2,748.7602815463506
2.4,751.4419620435225
2.6,754.0740468390931
2.8,756.6574152446716
3.0,759.1929334166541
3.2,761.6814541719866
3.4,764.1238168245741
3.6,766.5208470422017
3.8,768.8733567237774
4.0,771.1821438966475
4.2,773.447992633687
4.4,775.6716729898119
4.6,777.8539409575158
4.8,779.9955384409857
5.0,782.0971932483089
5.2,784.1596191012437
5.4,786.1835156619883
5.6,788.1695685763499
5.8,790.1184495326836
6.0,792.0308163359429
6.2,793.9073129961608
6.4,795.7485698306588
6.6,797.5552035792581
6.8,799.3278175317625
7.0,801.0670016669593
7.2,802.7733328023847
7.4,804.4473747540909
7.6,806.0896785056474
7.8,807.7007823856153
8.0,809.2812122527306
8.2,810.8314816880414
8.4,812.3520921932526
8.6,813.8435333945395
8.8,815.3062832511083
9.0,816.740808267796
9.2,818.1475637110161
9.4,819.526993827383
9.6,820.8795320643592
9.8,822.2056012923008
10.0,823.5056140272958
10.2,824.779972654214
10.4,826.0290696494191
10.6,827.2532878026119
10.8,828.4530004373103
11.0,829.6285716294931
11.2,830.7803564239681
11.4,831.9087010480507
11.6,833.0139431221714
11.8,834.0964118670574
12.0,835.1564283071642
12.2,836.1943054700606
12.4,837.2103485815022
12.6,838.2048552559505
12.8,839.1781156823303
13.0,840.1304128048369
13.2,841.0620224986366
13.4,841.9732137403264
13.6,842.8642487730447
13.8,843.7353832661441
14.0,844.586866469369
14.2,845.4189413614897
14.4,846.2318447933766
14.6,847.0258076255083
14.8,847.8010548599308
15.0,848.5578057667014
15.2,849.2962740048623
15.4,850.0166677380091
15.6,850.7191897445286
15.8,851.4040375225957
16.0,852.0714033900255
16.2,852.7214745790936
16.4,853.3544333264406
16.6,853.9704569581843
16.8,854.5697179703776
17.0,855.1523841049459
17.2,855.7186184212483
17.4,856.2685793634109
17.6,856.8024208235814
17.8,857.3202922012567
18.0,857.8223384588393
18.2,858.3087001735751
18.4,858.7795135860274
18.6,859.2349106452438
18.8,859.6750190507647
19.0,860.0999622916279
19.2,860.5098596825162
19.4,860.9048263971956
19.6,861.2849734993864
19.8,861.6504079712081
20.0,862.0012327393323
20.2,862.3375466989781
20.4,862.6594447358758
20.6,862.9670177463231
20.8,863.2603526554527
21.0,863.5395324338243
21.2,863.8046361124507
21.4,864.055738796362
21.6,864.292911676807
21.8,864.5162220421835
22.0,864.7257332877898
22.2,864.9215049244788
22.4,865.1035925862916
22.6,865.2720480371477
22.8,865.4269191766564
23.0,865.568250045115
23.2,865.6960808277505
23.4,865.8104478582586
23.6,865.9113836216872
23.8,865.9989167567109
24.0,866.0730720573315
24.2,866.1338704740404
24.4,866.1813291144716
24.6,866.2154612435703
24.8,866.236276283297
25.0,866.2437798118817
25.2,866.2379735626407
25.4,866.2188554223615
25.6,866.186419429256
25.8,866.1406557704848
26.0,866.0815507792377
26.2,866.0090869313658
26.4,865.9232428415467
26.6,865.8239932589596
26.8,865.7113090624506
27.0,865.5851572551531
27.2,865.4455009585331
27.4,865.292299405818
27.6,865.1255079347658
27.8,864.9450779797278
28.0,864.7509570629492
28.2,864.5430887850512
28.4,864.3214128146313
28.6,864.0858648769145
28.8,863.8363767413813
29.0,863.5728762082965
29.2,863.295287094055
29.4,863.0035292152578
29.6,862.6975183714246
29.8,862.3771663262467
30.0,862.0423807872771
30.2,861.6930653839516
30.4,861.3291196438271
30.6,860.950438966923
30.8,860.5569145980439
31.0,860.1484335969592
31.2,859.7248788063088
31.4,859.2861288171048
31.6,858.8320579316904
31.8,858.3625361240198
32.0,857.8774289971121
32.2,857.37659773754
32.4,856.859899066804
32.6,856.3271851894434
32.8,855.7783037377384
33.0,855.2130977128511
33.2,854.6314054222595
33.4,854.0330604133339
33.6,853.417891402914
33.8,852.7857222027379
34.0,852.1363716405888
34.2,851.4696534770189
34.4,850.7853763175236
34.6,850.0833435200379
34.8,849.3633530976417
35.0,848.6251976163608
35.2,847.868664087966
35.4,847.0935338576785
35.6,846.299582486706
35.8,845.4865796295384
36.0,844.6542889059563
36.2,843.8024677677097
36.4,842.9308673598484
36.6,842.0392323766974
36.8,841.1273009124916
37.0,840.194804306702
37.2,839.2414669841077
37.4,838.2670062896866
37.6,837.2711323184247
37.8,836.2535477401619
38.0,835.2139476196215
38.2,834.1520192317943
38.4,833.067441872872
38.6,831.9598866669565
38.8,830.8290163687938
39.0,829.6744851628126
39.2,828.4959384587763
39.4,827.2930126843834
39.6,826.0653350751826
39.8,824.8125234621975
40.0,823.5341860576846
40.2,822.2299212394768
40.4,820.8993173343937
40.6,819.5419524012292
40.8,818.1573940138509
41.0,816.7451990449771
41.2,815.3049134512189
41.4,813.8360720600019
41.6,812.3381983590053
41.8,810.8108042887756
42.0,809.253390039197
42.2,807.6654438505145
42.4,806.0464418196257
42.6,804.3958477123693
42.8,802.7131127825559
43.0,800.9976755984869
43.2,799.2489618777291
43.4,797.4663843309016
43.6,795.6493425152488
43.8,793.7972226987611
44.0,791.9093977356101
44.2,789.9852269536515
44.4,788.0240560547451
44.6,786.0252170286243
44.8,783.9880280810361
45.0,781.911793576847
45.2,779.7958039987946
45.4,777.6393359225351
45.6,775.4416520086096
45.8,773.2020010119168
46.0,770.9196178092524
46.2,768.5937234454265
46.4,766.2235251984393
46.6,763.8082166641434
46.8,761.3469778607794
47.0,758.8389753537188
47.2,756.2833624007008
47.4,753.6792791177855
47.6,751.0258526662043
47.8,748.322197460215
48.0,745.5674153960207
48.2,742.7605961017429
48.4,739.9008172083795
48.6,736.9871446416147
48.8,734.0186329342813
49.0,730.9943255592136
49.2,727.9132552821602
49.4,724.7744445343653
49.6,721.5769058043575
49.8,718.3196420484239
50.0,715.0016471191827
