0.0,879.4346819888598
0.2,880.0459516840654
0.4,880.6246758558283
0.6,881.1709600825443
0.8,881.685056565373
1.0,882.1673612639705
1.2,882.618408960053
1.4,883.0388663816534
1.6,883.4295235625283
1.8,883.7912836470545
2.0,884.1251513801508
2.2,884.4322205435348
2.4,884.7136606135458
2.6,884.9707029217021
2.8,885.2046265972501
3.0,885.4167445616437
3.2,885.6083898288211
3.4,885.7809023431944
3.6,885.9356165604676
3.8,886.0738499458864
4.0,886.1968925314893
4.2,886.3059976395742
4.4,886.4023738450796
4.6,886.4871782159726
4.8,886.5615108389884
5.0,886.6264106089926
5.2,886.6828522344716
5.4,886.7317443896669
5.6,886.7739289259456
5.8,886.8101810412594
6.0,886.8412102969496
6.2,886.8676623655397
6.4,886.8901213912051
6.6,886.9091128459715
6.8,886.9251067688828
7.0,886.938521281934
7.2,886.9497262849729
7.4,886.9590472415172
7.6,886.9667689780591
7.8,886.9731394304825
8.0,886.9783732823079
8.2,886.9826554502798
8.4,886.9861443830481
8.6,886.9889751481506
8.8,886.9912622910365
9.0,886.9931024573773
9.2,886.9945767763554
9.4,886.9957530079876
9.6,886.9966874618796
9.8,886.9974266981659
10.0,886.9980090238589
10.2,886.9984657995084
10.4,886.9988225720516
10.6,886.99910005014
10.8,886.9993149381456
11.0,886.9994806445928
11.2,886.999607880015
11.4,886.9997051582804
11.6,886.999779214342
11.8,886.9998353502004
12.0,886.9998777196805
12.2,886.9999095614392
12.4,886.9999333884915
12.6,886.9999511414715
12.8,886.9999643118498
13.0,886.9999740404361
13.2,886.9999811956769
13.4,886.9999864355453
13.6,886.9999902561914
13.8,886.9999930299728
14.0,886.9999950350237
14.2,886.99999647812
14.4,886.9999975122631
14.6,886.9999982501344
14.8,886.9999987743307
15.0,886.9999991451139
15.2,886.9999994062443
15.4,886.9999995893518
15.6,886.9999997171911
15.8,886.9999998060565
16.0,886.9999998675613
16.2,886.9999999099443
16.4,886.9999999390236
16.6,886.9999999588881
16.8,886.999999972399
17.0,886.9999999815483
17.2,886.9999999877172
17.4,886.9999999918583
17.6,886.9999999946263
17.8,886.9999999964682
18.0,886.9999999976886
18.2,886.9999999984938
18.4,886.9999999990224
18.6,886.9999999993682
18.8,886.9999999995933
19.0,886.9999999997393
19.2,886.9999999998334
19.4,886.9999999998939
19.6,886.9999999999326
19.8,886.9999999999573
20.0,886.9999999999728
20.2,886.9999999999828
20.4,886.9999999999891
20.6,886.9999999999931
20.8,886.9999999999957
21.0,886.9999999999973
21.2,886.9999999999985
21.4,886.9999999999993
21.6,886.9999999999999
21.8,887.0
22.0,887.0
22.2,887.0
22.4,887.0
22.6,887.0
22.8,887.0
23.0,887.0
23.2,887.0
23.4,887.0
23.6,887.0
23.8,887.0
24.0,887.0
24.2,887.0
24.4,887.0
24.6,887.0
24.8,887.0
25.0,887.0
25.2,887.0
25.4,887.0
25.6,887.0
25.8,887.0
26.0,887.0
26.2,887.0
26.4,887.0
26.6,887.0
26.8,887.0
27.0,887.0
27.2,887.0
27.4,887.0
27.6,887.0
27.8,887.0
28.0,887.0
28.2,887.0
28.4,886.9999999999999
28.6,886.9999999999993
28.8,886.9999999999985
29.0,886.9999999999973
29.2,886.9999999999957
29.4,886.9999999999931
29.6,886.9999999999891
29.8,886.9999999999828
30.0,886.9999999999728
30.2,886.9999999999573
30.4,886.9999999999326
30.6,886.9999999998939
30.8,886.9999999998334
31.0,886.9999999997393
31.2,886.9999999995933
31.4,886.9999999993682
31.6,886.9999999990224
31.8,886.9999999984938
32.0,886.9999999976886
32.2,886.9999999964682
32.4,886.9999999946261
32.6,886.9999999918581
32.8,886.9999999877166
33.0,886.9999999815475
33.2,886.9999999723976
33.4,886.999999958886
33.6,886.9999999390201
33.8,886.9999999099391
34.0,886.9999998675534
34.2,886.9999998060448
34.4,886.9999997171739
34.6,886.9999995893261
34.8,886.9999994062063
35.0,886.9999991450578
35.2,886.9999987742488
35.4,886.9999982500146
35.6,886.9999975120888
35.8,886.9999964778674
36.0,886.9999950346595
36.2,886.9999930294493
36.4,886.9999902554425
36.6,886.9999864344782
36.8,886.9999811941622
37.0,886.9999740382949
37.2,886.9999643088348
37.4,886.9999511372429
37.6,886.999933382584
37.8,886.9999095532181
38.0,886.999877708285
38.2,886.999835334466
38.4,886.9997791927007
38.6,886.9997051286302
38.8,886.9996078395488
39.0,886.9994805895777
39.2,886.9993148636377
39.4,886.9990999496185
39.6,886.9988224369511
39.8,886.9984656186238
40.0,886.998008782591
40.2,886.9974263775711
40.4,886.9966870374762
40.6,886.995752448265
40.8,886.9945760409189
41.0,886.9931014946517
41.2,886.9912610354354
41.4,886.9889735166028
41.6,886.986142270755
41.8,886.9826527255574
42.0,886.9783697803438
42.2,886.9731349458146
42.4,886.966763255555
42.6,886.9590399656053
42.8,886.9497170668449
43.0,886.9385096444073
43.2,886.9250921285754
43.4,886.9090944924086
43.6,886.8900984624426
43.8,886.8676338198552
44.0,886.8411748801161
44.2,886.8101372488873
44.4,886.7738749603515
44.6,886.7316781106997
44.8,886.682771103712
45.0,886.6263116267233
45.2,886.5613904733339
45.4,886.4870323236039
45.6,886.4021975828967
45.8,886.3057853668001
46.0,886.1966377016442
46.2,886.0735449881607
46.4,885.9352527500685
46.6,885.7804696603148
46.8,885.6078768059652
47.0,885.416138119142
47.2,885.203911866903
47.4,884.9698630586139
47.6,884.7126765963382
47.8,884.4310709632658
48.0,884.1238122184062
48.2,883.7897280438225
48.4,883.4277215746155
48.6,883.0367847325386
48.8,882.616010782219
49.0,882.1646058348771
49.2,881.6818990383576
49.4,881.1673512140417
49.6,880.6205617303898
49.8,880.0412734387313
50.0,879.4293755384905
