0.0,837.2891162976564
0.2,839.4567917857145
0.4,841.5417313370987
0.6,843.5426506051388
0.8,845.4587951858834
1.0,847.2899436183595
1.2,849.0364000902052
1.4,850.6989773440289
1.6,852.2789705507224
1.8,853.7781231511116
2.0,855.1985858586459
2.2,856.5428701574949
2.4,857.8137977191212
2.6,859.0144471953465
2.8,860.1480998288351
3.0,861.2181852566825
3.2,862.2282287752604
3.4,863.1818011919513
3.6,864.0824722202111
3.8,864.9337681873888
4.0,865.7391346287878
4.2,866.5019041450415
4.4,867.2252697106898
4.6,867.9122634464834
4.8,868.5657407116914
5.0,869.1883692394148
5.2,869.7826229300409
5.4,870.3507798365126
5.6,870.8949238197747
5.8,871.4169493222366
6.0,871.9185686991005
6.2,872.4013215590267
6.4,872.8665855935184
6.6,873.3155884150652
6.8,873.7494199739355
7.0,874.1690451792093
7.2,874.5753164081095
7.4,874.968985646252
7.6,875.3507160579028
7.8,875.7210928379529
8.0,876.0806332448664
8.2,876.4297957555112
8.4,876.7689883181544
8.6,877.0985757089196
8.8,877.4188860199099
9.0,877.7302163243903
9.2,878.0328375765083
9.4,878.3269988106523
9.6,878.6129307094238
9.8,878.8908486100293
10.0,879.1609550173458
10.2,879.4234416886018
10.4,879.6784913500715
10.6,879.926279100877
10.8,880.1669735532984
11.0,880.4007377532123
11.2,880.6277299186464
11.4,880.8481040291074
11.6,881.0620102934248
11.8,881.2695955194209
12.0,881.4710034047833
12.2,881.6663747650946
12.4,881.8558477120293
12.6,882.0395577922407
12.8,882.2176380953724
13.0,882.3902193379092
13.2,882.5574299281725
13.4,882.7193960166273
13.6,882.8762415347544
13.8,883.0280882250163
14.0,883.1750556638767
14.2,883.3172612793869
14.4,883.4548203645088
14.6,883.58784608708
14.8,883.7164494971183
15.0,883.8407395320156
15.2,883.9608230200475
15.4,884.0768046825385
15.6,884.1887871349547
15.8,884.2968708871445
16.0,884.4011543429059
16.2,884.5017337990325
16.4,884.5987034439617
16.6,884.6921553561315
16.8,884.7821795021385
17.0,884.8688637347711
17.2,884.9522937909866
17.4,885.0325532898875
17.6,885.1097237307459
17.8,885.1838844911161
18.0,885.2551128250694
18.2,885.323483861578
18.4,885.3890706030718
18.6,885.4519439241831
18.8,885.5121725706923
19.0,885.5698231586829
19.2,885.6249601739087
19.4,885.6776459713755
19.6,885.7279407751332
19.8,885.775902678274
20.0,885.8215876431276
20.2,885.8650495016457
20.4,885.9063399559612
20.6,885.9455085791096
20.8,885.9826028158989
21.0,886.0176679839087
21.2,886.0507472746065
21.4,886.0818817545571
21.6,886.1111103667149
21.8,886.1384699317731
22.0,886.1639951495557
22.2,886.1877186004349
22.4,886.2096707467512
22.6,886.229879934224
22.8,886.2483723933321
23.0,886.265172240648
23.2,886.280301480111
23.4,886.2937800042256
23.6,886.3056255951682
23.8,886.3158539257917
24.0,886.3244785605164
24.2,886.3315109560948
24.4,886.336960462244
24.6,886.3408343221349
24.8,886.3431376727348
25.0,886.3438735449946
25.2,886.3430428638812
25.4,886.3406444482501
25.6,886.3366750105566
25.8,886.3311291564106
26.0,886.3239993839726
26.2,886.3152760831966
26.4,886.3049475349263
26.6,886.2929999098475
26.8,886.2794172673085
27.0,886.2641815540157
27.2,886.2472726026144
27.4,886.2286681301688
27.6,886.2083437365515
27.8,886.1862729027595
28.0,886.1624269891687
28.2,886.1367752337453
28.4,886.1092847502307
28.6,886.0799205263163
28.8,886.0486454218275
29.0,886.0154201669359
29.2,885.9802033604183
29.4,885.9429514679815
29.6,885.9036188206743
29.8,885.862157613403
30.0,885.8185179035728
30.2,885.7726476098705
30.4,885.7244925112107
30.6,885.6739962458569
30.8,885.6211003107395
31.0,885.5657440609808
31.2,885.507864709643
31.4,885.447397327709
31.6,885.3842748443063
31.8,885.3184280471787
32.0,885.2497855834135
32.2,885.1782739604222
32.4,885.1038175471725
32.6,885.026338575669
32.8,884.945757142669
33.0,884.8619912116209
33.2,884.7749566148054
33.4,884.6845670556554
33.6,884.5907341112223
33.8,884.4933672347543
34.0,884.3923737583382
34.2,884.2876588955534
34.4,884.1791257440741
34.6,884.0666752881425
34.8,883.9502064008232
35.0,883.8296158459302
35.2,883.7047982794945
35.4,883.5756462506087
35.6,883.4420502014509
35.8,883.3038984662371
36.0,883.1610772687827
36.2,883.0134707182689
36.4,882.8609608026936
36.6,882.7034273793282
36.8,882.540748161306
37.0,882.3727986991984
37.2,882.1994523560928
37.4,882.0205802742457
37.6,881.8360513308095
37.8,881.645732079411
38.0,881.4494866734491
38.2,881.2471767658399
38.4,881.0386613785269
38.6,880.8237967333577
38.8,880.6024360338423
39.0,880.3744291848193
39.2,880.1396224341138
39.4,879.8978579168513
39.6,879.6489730791558
39.8,879.3927999535348
40.0,879.1291642533314
40.2,878.8578842483046
40.4,878.5787693777553
40.6,878.2916185518417
40.8,877.9962180860294
41.0,877.6923392083157
41.2,877.3797350743167
41.4,877.0581372219872
41.6,876.7272513961803
41.8,876.3867526740713
42.0,876.0362798263222
42.2,875.6754288564696
42.4,875.3037456730622
42.6,874.9207178662434
42.8,874.5257655833244
43.0,874.1182315268683
43.2,873.6973701341236
43.4,873.2623360382311
43.6,872.8121719591135
43.8,872.3457962245069
44.0,871.8619901779878
44.2,871.359385789341
44.4,870.8364538410192
44.6,870.2914931200729
44.8,869.7226210947466
45.0,869.1277665955516
45.2,868.5046650485262
45.4,867.8508568200261
45.6,867.1636892244388
45.8,866.4403227157584
46.0,865.6777417287507
46.2,864.8727705541154
46.4,864.022094524351
46.6,863.1222866539612
46.8,862.1698397216205
47.0,861.1612036068119
47.2,860.0928275045235
47.4,858.9612064454674
47.6,857.7629313535986
47.8,856.4947416859625
48.0,855.1535795309377
48.2,853.7366438986065
48.4,852.241443829596
48.6,850.6658488835828
48.8,849.0081355515764
49.0,847.2670281709939
49.2,845.441733011117
49.4,843.5319643379928
49.6,841.5379614588937
49.8,839.4604959812856
50.0,837.3008687917547
