0.0,492.32285355907476
0.2,498.2431257022992
0.4,504.0993592850999
0.6,509.89019789173557
0.8,515.6146408994535
1.0,521.2720021521259
1.2,526.8618580165011
1.4,532.383992378898
1.6,537.8383449788518
1.8,543.2249673405731
2.0,548.5439882065053
2.2,553.7955884092637
2.4,558.9799838528576
2.6,564.0974147302892
2.8,569.1481391088126
3.0,574.1324293280485
3.2,579.050570072782
3.4,583.9028573688738
3.6,588.6895980484128
3.8,593.4111094313292
4.0,598.067719093002
4.2,602.6597646553452
4.4,607.1875935736884
4.6,611.6515629083294
4.8,616.0520390769915
5.0,620.3893975874929
5.2,624.6640227511436
5.4,628.8763073778521
5.6,633.0266524541005
5.8,637.1154668050217
6.0,641.1431667418452
6.2,645.1101756959999
6.4,649.016923841174
6.6,652.8638477046359
6.8,656.6513897691239
7.0,660.3799980666031
7.2,664.0501257651822
7.4,667.6622307504678
7.6,671.2167752026122
7.8,674.7142251702928
8.0,678.1550501428261
8.2,681.5397226215966
8.4,684.8687176919385
8.6,688.1425125965721
8.8,691.3615863116578
9.0,694.5264191264781
9.2,697.6374922277204
9.4,700.6952872892753
9.6,703.7002860684161
9.8,706.6529700091743
10.0,709.5538198536641
10.2,712.4033152620599
10.4,715.2019344418684
10.6,717.9501537870802
10.8,720.6484475277293
11.0,723.2972873903278
11.2,725.8971422695905
11.4,728.4484779117977
11.6,730.9517566100993
11.8,733.4074369119968
12.0,735.8159733391939
12.2,738.1778161199488
12.4,740.4934109340112
12.6,742.7631986701786
12.8,744.9876151964581
13.0,747.1670911427752
13.2,749.302051696128
13.4,751.3929164080452
13.6,753.4400990141669
13.8,755.4440072657353
14.0,757.4050427727442
14.2,759.323600858471
14.4,761.2000704250872
14.6,763.0348338300137
14.8,764.8282667726736
15.0,766.580738191268
15.2,768.2926101691911
15.4,769.9642378506796
15.6,771.595969365289
15.8,773.1881457607716
16.0,774.7411009439322
16.2,776.2551616290299
16.4,777.7306472932921
16.6,779.1678701391112
16.8,780.5671350624914
17.0,781.9287396273229
17.2,783.2529740450634
17.4,784.5401211594148
17.6,785.7904564355936
17.8,787.0042479538038
18.0,788.1817564065316
18.2,789.323235099295
18.4,790.4289299544946
18.6,791.4990795180283
18.8,792.5339149683434
19.0,793.5336601276206
19.2,794.4985314747971
19.4,795.4287381601523
19.6,796.3244820211971
19.8,797.1859575996256
20.0,798.0133521590997
20.2,798.8068457036587
20.4,799.5666109965589
20.6,800.2928135793629
20.8,800.9856117911173
21.0,801.6451567874658
21.2,802.2715925595668
21.4,802.8650559526901
21.6,803.4256766843832
21.8,803.953577362112
22.0,804.448873500288
22.2,804.911673536606
22.4,805.342078847626
22.6,805.7401837635425
22.8,806.1060755820911
23.0,806.4398345815495
23.2,806.7415340327996
23.4,807.0112402104172
23.6,807.2490124027693
23.8,807.4549029210932
24.0,807.6289571075462
24.2,807.7712133422081
24.4,807.881703049031
24.6,807.9604507007231
24.8,808.007473822565
25.0,808.0227829951514
25.2,808.0063818560558
25.4,807.9582671004165
25.6,807.8784284804437
25.8,807.7668488038463
26.0,807.6235039311816
26.2,807.4483627721295
26.4,807.2413872806959
26.6,807.0025324493506
26.8,806.7317463021058
27.0,806.428969886548
27.2,806.0941372648344
27.4,805.7271755036695
27.6,805.3280046632822
27.8,804.8965377854282
28.0,804.4326808804461
28.2,803.9363329134044
28.4,803.4073857893779
28.6,802.8457243379073
28.8,802.2512262966936
29.0,801.6237622945987
29.2,800.9631958340234
29.4,800.2693832727527
29.6,799.5421738053622
29.8,798.7814094442967
30.0,797.9869250007434
30.2,797.1585480654321
30.4,796.2960989895145
30.6,795.3993908656842
30.8,794.4682295097182
31.0,793.5024134426313
31.2,792.5017338736563
31.4,791.4659746842744
31.6,790.3949124135405
31.8,789.28831624496
32.0,788.1459479951949
32.2,786.9675621048908
32.4,785.7529056319312
32.6,784.5017182474452
32.8,783.2137322349055
33.0,781.8886724926706
33.2,780.5262565403393
33.4,779.126194529296
33.6,777.688189257839
33.8,776.211936191295
34.0,774.6971234875302
34.2,773.1434320282767
34.4,771.5505354567024
34.6,769.9181002216504
34.8,768.2457856289831
35.0,766.5332439004619
35.2,764.780120240595
35.4,762.9860529118799
35.6,761.1506733188606
35.8,759.2736061014139
36.0,757.3544692376644
36.2,755.3928741569172
36.4,753.388425862977
36.6,751.3407230682085
36.8,749.2493583386658
37.0,747.1139182505996
37.2,744.933983558616
37.4,742.7091293757413
37.6,740.4389253656022
37.8,738.1229359469083
38.0,735.7607205103726
38.2,733.3518336481781
38.4,730.8958253960453
38.6,728.3922414879177
38.8,725.8406236232289
39.0,723.2405097466717
39.2,720.5914343403333
39.4,717.8929287280098
39.6,715.144521391461
39.8,712.3457382983073
40.0,709.4961032412151
40.2,706.5951381879628
40.4,703.6423636419156
40.6,700.6372990123856
40.8,697.5794629942907
41.0,694.4683739564706
41.2,691.3035503379599
41.4,688.0845110514624
41.6,684.8107758932148
41.8,681.481865958375
42.0,678.0973040610186
42.2,674.6566151577739
42.4,671.1593267740859
42.6,667.604969432045
42.8,663.993077078681
43.0,660.323187513585
43.2,656.5948428146787
43.4,652.80758976093
43.6,648.9609802507763
43.8,645.0545717150022
44.0,641.0879275227913
44.2,637.0606173796639
44.4,632.9722177159996
44.6,628.82231206484
44.8,624.6104914276672
45.0,620.3363546268565
45.2,615.9995086435214
45.4,611.5995689394771
45.6,607.1361597620956
45.8,602.6089144308908
46.0,598.0174756048531
46.2,593.3614955300174
46.4,588.6406362679585
46.6,583.8545699089793
46.8,579.0029787811112
47.0,574.0855556826086
47.2,569.1020042004359
47.4,564.0520392451898
47.6,558.935388055185
47.8,553.751792123482
48.0,548.5010107992711
48.2,543.1828277015554
48.4,537.7970614996179
48.6,532.3435829286061
48.8,526.8223399127606
49.0,521.2333921251203
49.2,515.5769550474039
49.4,509.85345162618546
49.6,504.06356726537314
49.8,498.2083017597908
50.0,492.289010613582
