0.0,771.3579212615564
0.2,773.6042071674257
0.4,775.8126647851561
0.6,777.9841412126398
0.8,780.1194591087072
1.0,782.2194160014899
1.2,784.284783708879
1.4,786.3163078724558
1.6,788.3147076054779
1.8,790.2806752547315
2.0,792.214876275286
2.2,794.1179492164428
2.4,795.9905058164426
2.6,797.8331312028063
2.8,799.6463841945308
3.0,801.4307977017509
3.2,803.1868792179171
3.4,804.9151113990296
3.6,806.6159527240161
3.8,808.289838229947
4.0,809.937180315447
4.2,811.5583696053953
4.4,813.1537758697956
4.6,814.7237489895581
4.8,816.2686199618532
5.0,817.7887019376789
5.2,819.284291284327
5.4,820.7556686655329
5.6,822.203100132245
5.8,823.626838217161
6.0,825.0271230264261
6.2,826.40418332219
6.4,827.758237590048
6.6,829.0894950857705
6.8,830.3981568561131
7.0,831.6844167289319
7.2,832.9484622682643
7.4,834.1904756904967
7.6,835.4106347382005
7.8,836.609113508696
8.0,837.7860832348632
8.2,838.9417130161954
8.4,840.0761704985393
8.6,841.189622501415
8.8,842.2822355922348
9.0,843.3541766071529
9.2,844.4056131186619
9.4,845.4367138504188
9.6,846.4476490401182
9.8,847.4385907515473
10.0,848.4097131372255
10.2,849.3611926532997
10.4,850.2932082285738
10.6,851.2059413897521
10.8,852.0995763451317
11.0,852.974300029116
11.2,853.8303021100212
11.4,854.6677749637282
11.6,855.4869136157764
11.8,856.2879156545274
12.0,857.0709811180233
12.2,857.8363123571471
12.4,858.5841138776543
12.6,859.3145921635844
12.8,860.0279554844919
13.0,860.7244136888468
13.2,861.4041779858579
13.4,862.0674607178631
13.6,862.7144751253102
13.8,863.3454351062376
14.0,863.9605549720245
14.2,864.5600492010601
14.4,865.1441321918389
14.6,865.7130180168664
14.8,866.2669201786173
15.0,866.8060513686673
15.2,867.3306232309899
15.4,867.8408461302828
15.6,868.3369289260817
15.8,868.8190787532948
16.0,869.2875008096959
16.2,869.7423981508058
16.4,870.1839714925056
16.6,870.6124190216334
16.8,871.0279362147411
17.0,871.4307156651134
17.2,871.8209469180861
17.4,872.1988163146416
17.6,872.5645068432091
17.8,872.9181979995502
18.0,873.2600656545709
18.2,873.5902819298674
18.4,873.9090150807857
18.6,874.2164293867503
18.8,874.5126850485985
19.0,874.7979380926478
19.2,875.0723402812024
19.4,875.3360390292141
19.6,875.5891773267936
19.8,875.8318936672779
20.0,876.0643219805615
20.2,876.2865915713945
20.4,876.4988270623693
20.6,876.7011483413148
20.8,876.8936705128334
21.0,877.0765038537204
21.2,877.2497537720233
21.4,877.4135207695028
21.6,877.5679004072755
21.8,877.7129832744274
22.0,877.8488549594023
22.2,877.9755960239783
22.4,878.093281979664
22.6,878.2019832663516
22.8,878.3017652330828
23.0,878.3926881207923
23.2,878.4748070469032
23.4,878.5481719916661
23.6,878.6128277861395
23.8,878.668814101721
24.0,878.7161654411498
24.2,878.7549111309135
24.4,878.785075314994
24.6,878.8066769499084
24.8,878.8197298009977
25.0,878.8242424399343
25.2,878.8202182434244
25.4,878.8076553930888
25.6,878.7865468765176
25.8,878.7568804894996
26.0,878.7186388394384
26.2,878.6717993499736
26.4,878.6163342668356
26.6,878.5522106649721
26.8,878.4793904569917
27.0,878.39783040298
27.2,878.3074821217549
27.4,878.2082921036349
27.6,878.1002017248084
27.8,877.9831472633964
28.0,877.8570599173217
28.2,877.7218658240968
28.4,877.5774860826655
28.6,877.4238367774396
28.8,877.2608290046842
29.0,877.0883689014189
29.2,876.9063576770163
29.4,876.7146916476883
29.6,876.5132622740653
29.8,876.3019562020876
30.0,876.0806553074364
30.2,875.8492367437468
30.4,875.607572994856
30.6,875.3555319313458
30.8,875.0929768716561
31.0,874.819766648043
31.2,874.5357556776713
31.4,874.2407940391281
31.6,873.9347275546507
31.8,873.6173978783575
32.0,873.2886425907716
32.2,872.9482952999169
32.4,872.5961857492566
32.6,872.2321399327296
32.8,871.855980217124
33.0,871.4675254719992
33.2,871.0665912073435
33.4,870.6529897191174
33.6,870.2265302427928
33.8,869.7870191149565
34.0,869.3342599429876
34.2,868.8680537827632
34.4,868.3881993242824
34.6,867.8944930850208
34.8,867.3867296107536
35.0,866.8647016834938
35.2,866.3282005361027
35.4,865.777016073026
35.6,865.2109370965044
35.8,864.6297515374953
36.0,864.0332466904212
36.2,863.4212094507424
36.4,862.7934265542208
36.6,862.149684816612
36.8,861.4897713723932
37.0,860.813473911
37.2,860.1205809089103
37.4,859.4108818557872
37.6,858.6841674727589
37.8,857.9402299207946
38.0,857.1788629970215
38.2,856.3998623167085
38.4,855.6030254785607
38.6,854.7881522108663
38.8,853.9550444959798
39.0,853.1035066705599
39.2,852.2333454989479
39.4,851.3443702170528
39.6,850.4363925441161
39.8,849.5092266597516
40.0,848.5626891437129
40.2,847.5965988759207
40.4,846.6107768943847
40.6,845.6050462087971
40.8,844.5792315677343
41.0,843.5331591776046
41.2,842.4666563717049
41.4,841.3795512280011
41.6,840.2716721345442
41.8,839.1428473017378
42.0,837.992904221025
42.2,836.8216690699298
42.4,835.6289660637792
42.6,834.4146167548535
42.8,833.1784392801418
43.0,831.9202475593352
43.2,830.6398504451495
43.4,829.3370508285424
43.6,828.0116447018676
43.8,826.6634201834809
44.0,825.2921565077876
44.2,823.8976229851799
44.4,822.4795779367599
44.6,821.0377676091731
44.8,819.5719250752767
45.0,818.0817691267397
45.2,816.567003165014
45.4,815.0273140974064
45.6,813.4623712452417
45.8,811.8718252713088
46.0,810.2553071339385
46.2,808.6124270751549
46.4,806.9427736503878
46.6,805.245912807204
46.8,803.5213870204374
47.0,801.7687144909454
47.2,799.987388415007
47.4,798.1768763310974
47.6,796.3366195504378
47.8,794.4660326773093
48.0,792.5645032246603
48.2,790.6313913300148
48.4,788.6660295761162
48.6,786.6677229201181
48.8,784.6357487344663
49.0,782.5693569619144
49.2,780.4677703863737
49.4,778.3301850205377
49.6,776.155770610436
49.8,773.9436712562806
50.0,771.6930061481634
