0.0,775.0870707182539
0.2,777.2411543673787
0.4,779.3604690684109
0.6,781.445960105214
0.8,783.4985317504413
1.0,785.519046303351
1.2,787.5083233773628
1.4,789.4671394383267
1.6,791.3962275921774
1.8,793.2962776183966
2.0,795.1679362435266
2.2,797.011807646906
2.4,798.8284541888456
2.6,800.6183973496593
2.8,802.3821188663313
3.0,804.120062052145
3.2,805.8326332833437
3.4,807.5202036358482
3.6,809.1831106542219
3.8,810.8216602344597
4.0,812.436128601788
4.2,814.0267643644814
4.4,815.5937906247473
4.6,817.1374071279598
4.8,818.6577924319712
5.0,820.1551060788321
5.2,821.6294907520418
5.4,823.0810744033691
5.6,824.5099723343498
5.8,825.9162892187305
6.0,827.3001210533879
6.2,828.6615570265864
6.4,830.0006812938109
6.6,831.317574652827
6.8,832.6123161110373
7.0,833.8849843396179
7.2,835.135659010309
7.4,836.3644220120797
7.6,837.5713585461779
7.8,838.7565580993098
8.0,839.9201152958302
8.2,841.0621306308902
8.4,842.1827110874535
8.6,843.2819706409517
8.8,844.360030656113
9.0,845.4170201811514
9.2,846.45307614505
9.4,847.468343464117
9.6,848.4629750643321
9.8,849.4371318262429
10.0,850.3909824593197
10.2,851.3247033127415
10.4,852.2384781295582
10.6,853.1324977510918
10.8,854.0069597782676
11.0,854.862068196358
11.2,855.6980329693481
11.4,856.515069609825
11.6,857.3133987299434
11.8,858.093245578654
12.0,858.8548395699866
12.2,859.598413806775
12.4,860.3242046038055
12.6,861.0324510139503
12.8,861.7233943604527
13.0,862.3972777781224
13.2,863.0543457658196
13.4,863.6948437522411
13.6,864.3190176766689
13.8,864.9271135860137
14.0,865.5193772491866
14.2,866.0960537895487
14.4,866.6573873359321
14.6,867.203620692501
14.8,867.7349950275113
15.0,868.2517495808496
15.2,868.7541213900768
15.4,869.2423450345643
15.6,869.7166523972052
15.8,870.1772724430813
16.0,870.6244310144048
16.2,871.0583506409876
16.4,871.4792503654593
16.6,871.8873455824236
16.8,872.2828478907296
17.0,872.6659649580369
17.2,873.0369003968515
17.4,873.3958536512345
17.6,873.7430198933985
17.8,874.078589929439
18.0,874.402750113478
18.2,874.7156822695308
18.4,875.0175636204472
18.6,875.3085667233131
18.8,875.5888594107405
19.0,875.858604737515
19.2,876.1179609321049
19.4,876.3670813525803
19.6,876.6061144465232
19.8,876.8352037145487
20.0,877.0544876770921
20.2,877.2640998441454
20.4,877.4641686876643
20.6,877.6548176163863
20.8,877.836164952838
21.0,878.0083239123226
21.2,878.1714025837117
21.4,878.3255039118778
21.6,878.4707256816301
21.8,878.6071605030247
22.0,878.7348957979445
22.2,878.8540137878508
22.4,878.9645914826249
22.6,879.0667006704269
22.8,879.16040790851
23.0,879.245774514936
23.2,879.3228565611449
23.4,879.3917048653408
23.6,879.452364986658
23.8,879.5048772200803
24.0,879.5492765920878
24.2,879.585592857011
24.4,879.6138504940759
24.6,879.6340687051248
24.8,879.6462614130027
25.0,879.6504372605995
25.2,879.6465996105412
25.4,879.6347465455267
25.6,879.6148708693056
25.8,879.5869601082987
26.0,879.5509965138594
26.2,879.5069570651833
26.4,879.4548134728676
26.6,879.3945321831305
26.8,879.3260743827013
27.0,879.2493960043929
27.2,879.1644477333745
27.4,879.0711750141666
27.6,878.9695180583809
27.8,878.8594118532361
28.0,878.7407861708849
28.2,878.6135655785957
28.4,878.477669449837
28.6,878.333011976322
28.8,878.1795021810834
29.0,878.0170439326545
29.2,877.8455359604462
29.4,877.6648718714281
29.6,877.4749401682278
29.8,877.2756242687874
30.0,877.0668025277315
30.2,876.8483482596213
30.4,876.6201297642916
30.6,876.3820103544967
30.8,876.1338483861084
31.0,875.8754972911473
31.2,875.606805613955
31.4,875.3276170508461
31.6,875.0377704936167
31.8,874.7371000773197
32.0,874.4254352327569
32.2,874.1026007441742
32.4,873.768416812688
32.6,873.4226991260095
32.8,873.065258935075
33.0,872.6959031382254
33.2,872.314434373622
33.4,871.9206511206124
33.6,871.5143478107998
33.8,871.0953149495898
34.0,870.6633392490164
34.2,870.2182037726575
34.4,869.759688093463
34.6,869.2875684653126
34.8,868.8016180091058
35.0,868.3016069141652
35.2,867.7873026556869
35.4,867.2584702289212
35.6,866.7148724006912
35.8,866.1562699787628
36.0,865.5824220994697
36.2,864.9930865338596
36.4,864.388020012473
36.6,863.7669785686805
36.8,863.129717900303
37.0,862.4759937490034
37.2,861.8055622966841
37.4,861.1181805778428
37.6,860.4136069065304
37.8,859.6916013162277
38.0,858.9519260106073
38.2,858.1943458227723
38.4,857.4186286801817
38.6,856.6245460720694
38.8,855.8118735157553
39.0,854.9803910178342
39.2,854.129883525815
39.4,853.2601413653764
39.6,852.3709606580137
39.8,851.4621437134773
40.0,850.5334993910591
40.2,849.5848434234697
40.4,848.6159986967863
40.6,847.6267954797282
40.8,846.617071595365
41.0,845.5866725282665
41.2,844.5354514600907
41.4,843.4632692266717
41.6,842.3699941898203
41.8,841.2555020173027
42.0,840.1196753648106
42.2,838.9624034541862
42.4,837.7835815427229
42.6,836.5831102790314
42.8,835.3608949417298
43.0,834.1168445580939
43.2,832.8508709007828
43.4,831.5628873618318
43.6,830.2528077042625
43.8,828.9205446929051
44.0,827.5660086073399
44.2,826.1891056412245
44.4,824.7897361936872
44.6,823.3677930598885
44.8,821.9231595292988
45.0,820.4557074016615
45.2,818.9652949320074
45.4,817.4517647174301
45.6,815.9149415396037
45.8,814.3546301782061
46.0,812.7706132114747
46.2,811.1626488210608
46.4,809.5304686191301
46.6,807.8737755162786
46.8,806.1922416492617
47.0,804.4855063877794
47.2,802.7531744395839
47.4,800.9948140729995
47.6,799.2099554755345
47.8,797.3980892666375
48.0,795.5586651818033
48.2,793.6910909441598
48.4,791.7947313383947
48.6,789.8689075003965
48.8,787.9128964343222
49.0,785.925930766971
49.2,783.9071987473584
49.4,781.855844497277
49.6,779.7709685164183
49.8,777.6516284433427
50.0,775.4968400712489
