0.0,790.240398342095
0.2,792.4944368550995
0.4,794.7086883657058
0.6,796.8835348306733
0.8,799.019359198373
1.0,801.1165454600155
1.2,803.1754786954187
1.4,805.1965451131023
1.6,807.1801320845133
1.8,809.1266281722085
2.0,811.0364231518361
2.2,812.9099080277778
2.4,814.747475042335
2.6,816.5495176783623
2.8,818.316430655269
3.0,820.0486099183357
3.2,821.7464526213084
3.4,823.4103571022549
3.6,825.0407228526909
3.8,826.6379504800015
4.0,828.2024416632032
4.2,829.7345991021169
4.4,831.2348264600316
4.6,832.703528299971
4.8,834.1411100146814
5.0,835.5479777504856
5.2,836.9245383251614
5.4,838.2711991400205
5.6,839.5883680863799
5.8,840.8764534466327
6.0,842.1358637901405
6.2,843.3670078641812
6.4,844.5702944802014
6.6,845.7461323956289
6.8,846.8949301915203
7.0,848.0170961463165
7.2,849.1130381059983
7.4,850.1831633509361
7.6,851.2278784597321
7.8,852.2475891703664
8.0,853.242700238954
8.2,854.2136152964283
8.4,855.1607367034675
8.6,856.0844654039785
8.8,856.9852007774589
9.0,857.8633404905496
9.2,858.7192803480926
9.4,859.5534141440058
9.6,860.3661335122788
9.8,861.1578277783931
10.0,861.9288838114617
10.2,862.6796858773747
10.4,863.4106154932358
10.6,864.1220512833575
10.8,864.8143688370828
11.0,865.4879405686851
11.2,866.143135579587
11.4,866.7803195231363
11.6,867.3998544721529
11.8,868.0020987894594
12.0,868.5874070015891
12.2,869.1561296758554
12.4,869.7086133009514
12.6,870.2452001712363
12.8,870.7662282748512
13.0,871.2720311857915
13.2,871.7629379600522
13.4,872.2392730359434
13.6,872.7013561386659
13.8,873.1495021892151
14.0,873.5840212176736
14.2,874.0052182809352
14.4,874.4133933848912
14.6,874.8088414110953
14.8,875.1918520479103
15.0,875.5627097261279
15.2,875.9216935590371
15.4,876.2690772869101
15.6,876.6051292258555
15.8,876.9301122209835
16.0,877.244283603811
16.2,877.5478951538315
16.4,877.8411930641541
16.6,878.1244179111185
16.8,878.3978046277715
17.0,878.6615824810947
17.2,878.9159750528522
17.4,879.1612002239316
17.6,879.3974701620367
17.8,879.6249913125877
18.0,879.8439643926791
18.2,880.0545843879405
18.4,880.2570405521376
18.6,880.4515164093558
18.8,880.6381897585942
19.0,880.817232680606
19.2,880.9888115468109
19.4,881.1530870301102
19.6,881.3102141174309
19.8,881.4603421238245
20.0,881.6036147079519
20.2,881.7401698887784
20.4,881.870140063311
20.6,881.9936520252108
20.8,882.1108269841128
21.0,882.2217805854922
21.2,882.3266229309163
21.4,882.42545859853
21.6,882.5183866636187
21.8,882.6055007191088
22.0,882.6868888958588
22.2,882.76263388261
22.4,882.8328129454632
22.6,882.8974979467617
22.8,882.9567553632611
23.0,883.0106463034755
23.2,883.0592265240995
23.4,883.102546445407
23.6,883.1406511655417
23.8,883.1735804736156
24.0,883.2013688615463
24.2,883.2240455345667
24.4,883.2416344203514
24.6,883.2541541767126
24.8,883.2616181978267
25.0,883.2640346189602
25.2,883.2614063196739
25.4,883.253730925493
25.6,883.2410008080362
25.8,883.223203083612
26.0,883.2003196102931
26.2,883.1723269834919
26.4,883.1391965300664
26.6,883.1008943009994
26.8,883.0573810626933
27.0,883.0086122869425
27.2,882.9545381396441
27.4,882.8951034683208
27.6,882.8302477885367
27.8,882.759905269294
28.0,882.6840047175067
28.2,882.6024695616538
28.4,882.5152178347231
28.6,882.4221621565612
28.8,882.3232097157546
29.0,882.2182622511696
29.2,882.1072160332881
29.4,881.9899618454782
29.6,881.866384965347
29.8,881.7363651463245
30.0,881.599776599634
30.2,881.4564879768087
30.4,881.3063623529133
30.6,881.1492572106381
30.8,880.9850244254317
31.0,880.8135102518413
31.2,880.634555311231
31.4,880.4479945810496
31.6,880.2536573858193
31.8,880.051367390017
32.0,879.8409425930179
32.2,879.6221953262708
32.4,879.3949322528747
32.6,879.1589543697158
32.8,878.9140570123326
33.0,878.6600298626614
33.2,878.39665695982
33.4,878.1237167140731
33.6,877.8409819241274
33.8,877.548219797888
34.0,877.2451919768085
34.2,876.931654563957
34.4,876.6073581559101
34.6,876.2720478785856
34.8,875.9254634271034
35.0,875.5673391097694
35.2,875.1974038962529
35.4,874.8153814700293
35.6,874.4209902851384
35.8,874.013943627306
36.0,873.5939496794584
36.2,873.1607115916497
36.4,872.7139275554089
36.6,872.2532908824991
36.8,871.7784900880723
37.0,871.2892089781819
37.2,870.7851267416112
37.4,870.2659180459513
37.6,869.7312531378582
37.8,869.1807979473981
38.0,868.6142141963774
38.2,868.0311595105397
38.4,867.4312875355006
38.6,866.8142480562717
38.8,866.1796871202191
39.0,865.5272471632791
39.2,864.8565671392487
39.4,864.167282651952
39.6,863.4590260900698
39.8,862.7314267644113
40.0,861.9841110473915
40.2,861.2167025144706
40.4,860.4288220872977
40.6,859.6200881782933
40.8,858.7901168363978
41.0,857.9385218937011
41.2,857.0649151126615
41.4,856.1689063336203
41.6,855.2501036223063
41.8,854.3081134170227
42.0,853.3425406752056
42.2,852.352989019037
42.4,851.3390608797978
42.6,850.3003576406418
42.8,849.2364797774723
43.0,848.1470269976055
43.2,847.0315983759058
43.4,845.8897924880823
43.6,844.7212075408389
43.8,843.5254414985768
44.0,842.3020922063554
44.2,841.0507575088229
44.4,839.7710353648393
44.6,838.462523957523
44.8,837.1248217994606
45.0,835.7575278328379
45.2,834.3602415242534
45.4,832.932562953999
45.6,831.4740928995972
45.8,829.984432913411
46.0,828.4631853941456
46.2,826.9099536520908
46.4,825.3243419679603
46.6,823.7059556452087
46.8,822.0544010557238
47.0,820.3692856788102
47.2,818.6502181334015
47.4,816.896808203456
47.6,815.1086668565171
47.8,813.2854062554314
48.0,811.4266397632467
48.2,809.5319819413271
48.4,807.601048540747
48.6,805.6334564870443
48.8,803.628823858436
49.0,801.586769857615
49.2,799.5069147772749
49.4,797.3888799595211
49.6,795.2322877493511
49.8,793.0367614424036
50.0,790.8019252271934
