0.0,773.0453336722675
0.2,775.1915129187432
0.4,777.2998022039021
0.6,779.3712433221752
0.8,781.4068370955654
1.0,783.4075423419692
1.2,785.374275092214
1.4,787.3079080568687
1.6,789.2092703416129
1.8,791.0791474077043
2.0,792.9182812719213
2.2,794.7273709382961
2.4,796.5070730520143
2.6,798.2580027640645
2.8,799.9807347935948
3.0,801.6758046734944
3.2,803.3437101634647
3.4,804.9849128138102
3.6,806.5998396623515
3.8,808.1888850462562
4.0,809.7524125101908
4.2,811.2907567920265
4.4,812.8042258673738
4.6,814.2931030344511
4.8,815.7576490212352
5.0,817.198104097447
5.2,818.6146901746982
5.4,820.0076128790527
5.6,821.377063581295
5.8,822.7232213713631
6.0,824.0462549646472
6.2,825.3463245291683
6.4,826.6235834240201
6.6,827.8781798408446
6.8,829.1102583415172
7.0,830.3199612866111
7.2,831.5074301505776
7.4,832.6728067209061
7.6,833.8162341798001
7.8,834.9378580681092
8.0,836.03782713238
8.2,837.1162940569284
8.4,838.17341608378
8.6,839.2093555241646
8.8,840.224280165996
9.0,841.2183635823985
9.2,842.1917853468781
9.4,843.1447311611552
9.6,844.0773929020122
9.8,844.9899685937281
10.0,845.8826623128164
10.2,846.7556840318351
10.4,847.6092494090061
10.6,848.4435795302843
10.8,849.2589006103561
11.0,850.0554436588238
11.2,850.8334441175638
11.4,851.5931414749416
11.6,852.3347788622225
11.8,853.058602637149
12.0,853.7648619592749
12.2,854.4538083612433
12.4,855.1256953198011
12.6,855.7807778299344
12.8,856.4193119851165
13.0,857.0415545662742
13.2,857.6477626417001
13.4,858.2381931797896
13.6,858.8131026761376
13.8,859.3727467962207
14.0,859.9173800345918
14.2,860.4472553912543
14.4,860.9626240656303
14.6,861.4637351683266
14.8,861.9508354507026
15.0,862.4241690520768
15.2,862.8839772642605
15.4,863.3304983129852
15.6,863.7639671556814
15.8,864.184615294986
16.0,864.5926706072912
16.2,864.9883571855926
16.4,865.3718951958625
16.6,865.743500746157
16.8,866.1033857676484
17.0,866.4517579067818
17.2,866.7888204277622
17.4,867.1147721245947
17.6,867.4298072419273
17.8,867.7341154039715
18.0,868.0278815508071
18.2,868.311285881419
18.4,868.5845038028447
18.6,868.8477058848531
18.8,869.1010578196149
19.0,869.344720385862
19.2,869.578849417074
19.4,869.8035957732668
19.6,870.0191053159931
19.8,870.2255188862056
20.0,870.4229722846565
20.2,870.6115962545493
20.4,870.7915164661805
20.6,870.962853503339
20.8,871.1257228512566
21.0,871.2802348859243
21.2,871.4264948646135
21.4,871.564602917456
21.6,871.6946540399589
21.8,871.8167380863429
22.0,871.9309397636091
22.2,872.0373386262493
22.4,872.1360090715285
22.6,872.2270203352787
22.8,872.3104364881475
23.0,872.3863164322592
23.2,872.4547138982472
23.4,872.5156774426266
23.6,872.5692504454779
23.8,872.615471108419
24.0,872.6543724528473
24.2,872.6859823184357
24.4,872.710323361868
24.6,872.7274130558073
24.8,872.7372636880864
25.0,872.7398823611161
25.2,872.7352709915082
25.4,872.7234263099103
25.6,872.7043398610551
25.8,872.6779980040213
26.0,872.6443819127146
26.2,872.6034675765719
26.4,872.555225801496
26.6,872.4996222110315
26.8,872.4366172477922
27.0,872.3661661751582
27.2,872.288219079256
27.4,872.2027208712466
27.6,872.1096112899457
27.8,872.008824904806
28.0,871.9002911192974
28.2,871.7839341747249
28.4,871.6596731545359
28.6,871.5274219891687
28.8,871.387089461511
29.0,871.2385792130398
29.2,871.0817897507336
29.4,870.9166144548518
29.6,870.7429415876974
29.8,870.5606543034905
30.0,870.3696306595018
30.2,870.1697436286083
30.4,869.9608611134638
30.6,869.7428459624908
30.8,869.5155559879305
31.0,869.2788439862156
31.2,869.0325577609568
31.4,868.7765401488668
31.6,868.5106290489792
31.8,868.234657455553
32.0,867.9484534950908
32.2,867.6518404679366
32.4,867.3446368949561
32.6,867.0266565698444
32.8,866.6977086176407
33.0,866.3575975600737
33.2,866.0061233883922
33.4,865.6430816443777
33.6,865.2682635102623
33.8,864.8814559083057
34.0,864.4824416108107
34.2,864.0709993613704
34.4,863.6469040081528
34.6,863.2099266500285
34.8,862.7598347963385
35.0,862.2963925410766
35.2,861.8193607522298
35.4,861.3284972769707
35.6,860.8235571633238
35.8,860.3042928988565
36.0,859.7704546668308
36.2,859.2217906201363
36.4,858.6580471731754
36.6,858.0789693117046
36.8,857.4843009204442
37.0,856.87378512805
37.2,856.2471646688009
37.4,855.6041822600898
37.6,854.944580994517
37.8,854.2681047450695
38.0,853.5744985815411
38.2,852.8635091959871
38.4,852.1348853346478
38.6,851.3883782333806
38.8,850.6237420532559
39.0,849.8407343125673
39.2,849.0391163111128
39.4,848.2186535422036
39.6,847.3791160874795
39.8,846.520278989244
40.0,845.6419225946895
40.2,844.7438328660778
40.4,843.825801650673
40.6,842.8876269040023
40.8,841.9291128598582
41.0,840.9500701403507
41.2,839.9503157992929
41.4,838.929673292245
41.6,837.8879723666806
41.8,836.825048865957
42.0,835.7407444410915
42.2,834.6349061647655
42.4,833.5073860424956
42.6,832.3580404165347
42.8,831.1867292587984
43.0,829.9933153499343
43.2,828.7776633425863
43.4,827.5396387079243
43.6,826.2791065656187
43.8,824.9959303986266
44.0,823.6899706554069
44.2,822.3610832434955
44.4,821.0091179197142
44.6,819.6339165836703
44.8,818.2353114825805
45.0,816.8131233368343
45.2,815.3671593970538
45.4,813.8972114447101
45.6,812.4030537495878
45.8,810.8844409985317
46.0,809.3411062109519
46.2,807.7727586574711
46.4,806.1790817988676
46.6,804.559731263078
46.8,802.9143328784457
47.0,801.2424807816581
47.2,799.5437356188422
47.4,797.8176228581403
47.6,796.0636312316959
47.8,794.281211324397
48.0,792.4697743259094
48.2,790.6286909615173
48.4,788.757290616065
48.6,786.854860663874
48.8,784.9206460159184
49.0,782.9538488937771
49.2,780.953628837976
49.4,778.9191029563052
49.6,776.8493464155729
49.8,774.7433931780481
50.0,772.6002369816042
