0.0,826.1950624515546
0.2,828.0617545297725
0.4,829.8789951831469
0.6,831.6467745130237
0.8,833.3651481032492
1.0,835.0342391928511
1.2,836.654240265435
1.4,838.2254140476402
1.6,839.7480939158704
1.8,841.2226837172931
2.0,842.6496570176784
2.2,844.0295557949313
2.4,845.3629886030661
2.6,846.6506282368074
2.8,847.8932089318939
3.0,849.0915231404638
3.2,850.2464179245508
3.4,851.3587910136957
3.6,852.4295865749452
3.8,853.459790745064
4.0,854.4504269756297
4.2,855.4025512418187
4.4,856.317247165162
4.6,857.1956210993847
4.8,858.0387972266742
5.0,858.847912709431
5.2,859.6241129397695
5.4,860.3685469258436
5.6,861.0823628505312
5.8,861.7667038342008
6.0,862.4227039292596
6.2,863.0514843700386
6.4,863.6541500973598
6.6,864.2317865729217
6.8,864.7854568945047
7.0,865.3161992189795
7.2,865.8250244962677
7.4,866.3129145137782
7.6,866.7808202474935
7.8,867.2296605128003
8.0,867.6603209054131
8.2,868.0736530203117
8.4,868.4704739345316
8.6,868.8515659379133
8.8,869.2176764945203
9.0,869.5695184163832
9.2,869.9077702304849
9.4,870.2330767194844
9.6,870.5460496165202
9.8,870.8472684345644
10.0,871.1372814111452
10.2,871.4166065498217
10.4,871.6857327405398
10.6,871.9451209418933
10.8,872.195205409335
11.0,872.436394954504
11.2,872.66907422202
11.4,872.8936049713371
11.6,873.1103273525041
11.8,873.319561165943
12.0,873.5216070976047
12.2,873.7167479220765
12.4,873.9052496673829
12.6,874.0873627363384
12.8,874.2633229803531
13.0,874.4333527225656
13.2,874.5976617280747
13.4,874.7564481198509
13.6,874.9098992396362
13.8,875.0581924537933
14.0,875.201495904624
14.2,875.3399692081626
14.4,875.4737640998634
14.6,875.6030250299343
14.8,875.7278897103452
15.0,875.8484896157443
15.2,875.9649504406758
15.4,876.0773925155902
15.6,876.1859311842018
15.8,876.2906771447665
16.0,876.3917367578389
16.2,876.4892123230258
16.4,876.583202327188
16.6,876.6738016664546
16.8,876.7611018443147
17.0,876.8451911479399
17.2,876.9261548047688
17.4,877.0040751212595
17.6,877.0790316055903
17.8,877.151101075955
18.0,877.2203577559764
18.2,877.2868733586348
18.4,877.3507171599889
18.6,877.4119560638474
18.8,877.4706546584479
19.0,877.5268752660853
19.2,877.5806779865472
19.4,877.632120735113
19.6,877.6812592757965
19.8,877.7281472504366
20.0,877.7728362041643
20.2,877.8153756077161
20.4,877.855812877006
20.6,877.8941933903141
20.8,877.9305605034052
21.0,877.9649555628498
21.2,877.9974179177805
21.4,878.0279849302879
21.6,878.0566919846282
21.8,878.0835724953922
22.0,878.1086579147592
22.2,878.1319777389464
22.4,878.1535595139413
22.6,878.1734288405956
22.8,878.1916093791406
23.0,878.2081228531813
23.2,878.2229890532105
23.4,878.2362258396801
23.6,878.2478491456574
23.8,878.2578729790947
24.0,878.2663094247279
24.2,878.2731686456194
24.4,878.2784588843629
24.6,878.2821864639528
24.8,878.2843557883307
25.0,878.2849693426111
25.2,878.2840276929928
25.4,878.2815294863542
25.6,878.277471449537
25.8,878.2718483883139
26.0,878.2646531860413
26.2,878.2558768019904
26.4,878.2455082693521
26.6,878.2335346929083
26.8,878.2199412463597
27.0,878.2047111692966
27.2,878.1878257637981
27.4,878.1692643906384
27.6,878.1490044650778
27.8,878.1270214522062
28.0,878.1032888618051
28.2,878.0777782426817
28.4,878.0504591764247
28.6,878.0212992705169
28.8,877.9902641507279
29.0,877.9573174526997
29.2,877.9224208126163
29.4,877.8855338568317
29.6,877.8466141903108
29.8,877.8056173837101
30.0,877.7624969588961
30.2,877.7172043726696
30.4,877.669688998427
30.6,877.6198981054475
30.8,877.5677768354485
31.0,877.513268176004
31.2,877.4563129303602
31.4,877.3968496831213
31.6,877.3348147612089
31.8,877.2701421894225
32.0,877.2027636398487
32.2,877.1326083742741
32.4,877.0596031786629
32.6,876.9836722886596
32.8,876.9047373049656
33.0,876.8227170973264
33.2,876.7375276957472
33.4,876.6490821674295
33.6,876.5572904777972
33.8,876.4620593338537
34.0,876.363292007981
34.2,876.260888140173
34.4,876.1547435165728
34.6,876.0447498220723
34.8,875.930794364636
35.0,875.812759768925
35.2,875.6905236367301
35.4,875.5639581716842
35.6,875.4329297657113
35.8,875.2972985446834
36.0,875.1569178708256
36.2,875.011633799503
36.4,874.8612844881814
36.6,874.7056995555599
36.8,874.544699389144
37.0,874.3780943998595
37.2,874.205684222718
37.4,874.0272568630182
37.6,873.8425877881355
37.8,873.6514389655804
38.0,873.4535578487396
38.2,873.2486763125083
38.4,873.0365095419136
38.6,872.8167548777866
38.8,872.5890906245804
39.0,872.3531748265282
39.2,872.1086440194952
39.4,871.8551119670798
39.6,871.5921683907528
39.8,871.3193777050735
40.0,871.0362777702647
40.2,870.7423786756564
40.4,870.437161568677
40.6,870.1200775451844
40.8,869.7905466179349
41.0,869.4479567808738
41.2,869.0916631876728
41.4,868.7209874634892
41.6,868.3352171692774
41.8,867.933605438098
42.0,867.5153708027253
42.2,867.0796972334338
42.4,866.6257344041121
42.6,866.1525982038123
42.8,865.6593715094582
43.0,865.1451052337234
43.2,864.6088196600282
43.4,864.0495060742079
43.6,863.4661286996785
43.8,862.8576269398918
44.0,862.2229179285468
44.2,861.5608993844465
44.4,860.8704527640903
44.6,860.1504467011237
44.8,859.3997407176686
45.0,858.6171891884048
45.2,857.8016455341003
45.4,856.9519666171907
45.6,856.0670173080347
45.8,855.1456751866942
46.0,854.1868353415928
46.2,853.1894152232436
46.4,852.152359508488
46.6,851.0746449284137
46.8,849.9552850113781
47.0,848.7933346914075
47.2,847.5878947317185
47.4,846.3381159132505
47.6,845.0432029389272
47.8,843.7024180059075
48.0,842.3150840003251
48.2,840.8805872719615
48.4,839.3983799499084
48.6,837.8679817645282
48.8,836.2889813458638
49.0,834.6610369740221
49.2,832.9838767628856
49.4,831.2572982647231
49.6,829.4811674897726
49.8,827.6554173415743
50.0,825.780045475628
