0.0,850.2416470503362
0.2,851.041425582418
0.4,851.821954700695
0.6,852.5836560517513
0.8,853.3269435445368
1.0,854.0522231916344
1.2,854.7598929791704
1.4,855.4503427651821
1.6,856.1239542060619
1.8,856.7811007105101
2.0,857.4221474202468
2.2,858.0474512165653
2.4,858.657360751655
2.6,859.2522165034745
2.8,859.8323508528314
3.0,860.3980881812136
3.2,860.9497449878216
3.4,861.4876300241764
3.6,862.0120444446163
3.8,862.5232819709599
4.0,863.0216290695854
4.2,863.5073651391724
4.4,863.9807627073664
4.6,864.4420876346469
4.8,864.8915993237315
5.0,865.3295509328913
5.2,865.7561895916332
5.4,866.1717566172742
5.6,866.5764877310254
5.8,866.9706132722956
6.0,867.3543584100294
6.2,867.7279433499997
6.4,868.0915835370829
6.6,868.4454898516585
6.8,868.7898687993857
7.0,869.1249226937186
7.2,869.4508498306352
7.4,869.76784465515
7.6,870.076097919296
7.8,870.3757968313428
8.0,870.6671251961178
8.2,870.9502635463776
8.4,871.2253892652529
8.6,871.4926766998625
8.8,871.7522972662546
9.0,872.0044195458871
9.2,872.24920937391
9.4,872.4868299195522
9.6,872.7174417589493
9.8,872.9412029407806
10.0,873.1582690450982
10.2,873.3687932357539
10.4,873.5729263068339
10.6,873.7708167235228
10.8,873.9626106578102
11.0,874.1484520194622
11.2,874.3284824826603
11.4,874.5028415087087
11.6,874.6716663651968
11.8,874.8350921419866
12.0,874.99325176438
12.2,875.1462760038035
12.4,875.2942934863263
12.6,875.4374306993129
12.8,875.5758119964842
13.0,875.7095596016478
13.2,875.8387936113359
13.4,875.963631996564
13.6,876.0841906039145
13.8,876.20058315612
14.0,876.3129212523119
14.2,876.4213143680736
14.4,876.5258698554314
14.6,876.6266929428907
14.8,876.7238867356161
15.0,876.8175522158418
15.2,876.9077882435777
15.4,876.9946915576768
15.6,877.0783567773063
15.8,877.1588764038647
16.0,877.2363408233712
16.2,877.3108383093493
16.4,877.382455026217
16.6,877.4512750331904
16.8,877.5173802886989
17.0,877.5808506553071
17.2,877.6417639051352
17.4,877.7001957257571
17.6,877.7562197265627
17.8,877.809907445559
18.0,877.861328356585
18.2,877.9105498769114
18.4,877.9576373751984
18.6,878.002654179773
18.8,878.045661587199
19.0,878.0867188710981
19.2,878.125883291191
19.4,878.1632101025184
19.6,878.1987525648052
19.8,878.2325619519303
20.0,878.2646875614629
20.2,878.2951767242297
20.4,878.3240748138701
20.6,878.351425256347
20.8,878.3772695393739
21.0,878.4016472217191
21.2,878.4245959423565
21.4,878.4461514294223
21.6,878.4663475089482
21.8,878.4852161133334
22.0,878.5027872895289
22.2,878.5190892068969
22.4,878.534148164721
22.6,878.547988599338
22.8,878.5606330908618
23.0,878.5721023694778
23.2,878.5824153212826
23.4,878.5915889936481
23.6,878.599638600088
23.8,878.6065775246101
24.0,878.6124173255367
24.2,878.6171677387797
24.4,878.6208366805548
24.6,878.623430249527
24.8,878.6249527283758
25.0,878.6254065847735
25.2,878.6247924717725
25.4,878.6231092275976
25.6,878.6203538748404
25.8,878.6165216190601
26.0,878.6116058467906
26.2,878.6055981229581
26.4,878.5984881877195
26.6,878.5902639527258
26.8,878.5809114968238
27.0,878.5704150612082
27.2,878.5587570440365
27.4,878.5459179945258
27.6,878.5318766065475
27.8,878.5166097117396
28.0,878.5000922721592
28.2,878.4822973724971
28.4,878.4631962118798
28.6,878.4427580952859
28.8,878.4209504246024
29.0,878.3977386893531
29.2,878.3730864571261
29.4,878.3469553637358
29.6,878.3193051031496
29.8,878.2900934172137
30.0,878.259276085214
30.2,878.2268069133072
30.4,878.1926377238578
30.6,878.1567183447203
30.8,878.1189965985011
31.0,878.0794182918414
31.2,878.0379272047567
31.4,877.9944650800721
31.6,877.948971612992
31.8,877.9013844408394
32.0,877.8516391330056
32.2,877.7996691811442
32.4,877.7454059896438
32.6,877.6887788664171
32.8,877.6297150140333
33.0,877.5681395212308
33.2,877.5039753548327
33.4,877.4371433520934
33.6,877.3675622134992
33.8,877.2951484960405
34.0,877.2198166069709
34.2,877.1414787980655
34.4,877.0600451603807
34.6,876.9754236195188
34.8,876.8875199313876
35.0,876.7962376784434
35.2,876.7014782663955
35.4,876.6031409213415
35.6,876.5011226872949
35.8,876.3953184240537
36.0,876.2856208053504
36.2,876.1719203172099
36.4,876.0541052564276
36.6,875.9320617290691
36.8,875.8056736488737
37.0,875.6748227354321
37.2,875.5393885119892
37.4,875.3992483027023
37.6,875.2542772291753
37.8,875.1043482060585
38.0,874.9493319354922
38.2,874.7890969001487
38.4,874.6235093546051
38.6,874.4524333147613
38.8,874.2757305449951
39.0,874.0932605427262
39.2,873.9048805200414
39.4,873.7104453820152
39.6,873.5098077013424
39.8,873.302817688884
40.0,873.089323159716
40.2,872.8691694942578
40.4,872.642199594054
40.6,872.4082538317749
40.8,872.1671699950077
41.0,871.9187832234097
41.2,871.6629259388122
41.4,871.3994277678744
41.6,871.1281154569134
41.8,870.8488127785623
42.0,870.5613404299472
42.2,870.2655159221139
42.4,869.961153460489
42.6,869.6480638162155
42.8,869.3260541882698
43.0,868.9949280563384
43.2,868.6544850245166
43.4,868.3045206559744
43.6,867.944826298831
43.8,867.5751889035796
44.0,867.1953908325078
44.2,866.8052096616693
44.4,866.4044179760745
44.6,865.9927831588832
44.8,865.5700671755017
45.0,865.1360263535935
45.2,864.6904111601385
45.4,864.2329659767775
45.6,863.7634288747885
45.8,863.2815313911406
46.0,862.7869983071593
46.2,862.2795474314241
46.4,861.7588893885841
46.6,861.2247274158374
46.8,860.6767571688646
47.0,860.1146665390318
47.2,859.5381354836906
47.4,858.9468358713996
47.6,858.3404313438652
47.8,857.7185771963569
48.0,857.0809202782914
48.2,856.4270989156029
48.4,855.7567428564145
48.6,855.0694732414103
48.8,854.3649026001779
49.0,853.6426348746379
49.2,852.9022654705171
49.4,852.1433813376418
49.6,851.3655610796459
49.8,850.5683750934861
50.0,849.7513857389582
