0.0,835.23952925361
0.2,837.1901113521211
0.4,839.0642470392715
0.6,840.8609896047575
0.8,842.5798629468728
1.0,844.2208637378945
1.2,845.7844541942004
1.4,847.2715459212575
1.6,848.6834755560218
1.8,850.0219731474265
2.0,851.2891243918373
2.2,852.4873279692016
2.4,853.6192493040952
2.6,854.687772103458
2.8,855.6959490013319
3.0,856.6469525743628
3.2,857.5440278859735
3.4,858.3904475791296
3.6,859.1894703755896
3.8,859.9443036619787
4.0,860.6580706584308
4.2,861.3337824819337
4.4,861.9743152410934
4.6,862.5823921378898
4.8,863.1605704099313
5.0,863.7112328271428
5.2,864.2365833617139
5.4,864.7386465801876
5.6,865.2192702612125
5.8,865.6801307201711
6.0,866.1227403202641
6.2,866.5484566657345
6.4,866.9584930034626
6.6,867.3539294007504
6.8,867.735724316351
7.0,868.1047262355531
7.2,868.4616850955592
7.4,868.8072632821045
7.6,869.1420460302685
7.8,869.4665511102801
8.0,869.7812377217497
8.2,870.0865145565882
8.4,870.3827470216379
8.6,870.6702636368201
8.8,870.9493616436964
9.0,871.2203118732372
9.2,871.4833629308865
9.4,871.7387447623832
9.6,871.9866716659149
9.8,872.2273448157155
10.0,872.4609543597956
10.2,872.6876811506513
10.4,872.9076981630459
10.6,873.1211716476663
10.8,873.3282620639799
11.0,873.5291248301804
11.2,873.7239109229162
11.4,873.9127673546592
11.6,874.0958375521772
11.8,874.2732616556516
12.0,874.4451767545552
12.2,874.6117170734442
12.4,874.7730141183098
12.6,874.9291967920199
12.8,875.0803914856461
13.0,875.2267221510332
13.2,875.3683103588149
13.4,875.5052753451548
13.6,875.6377340497463
13.8,875.7658011470353
14.0,875.8895890721703
14.2,876.0092080428388
14.4,876.1247660778772
14.6,876.2363690133377
14.8,876.3441205165393
15.0,876.4481220985117
15.2,876.5484731251503
15.4,876.6452708273365
15.6,876.7386103102222
15.8,876.8285845618418
16.0,876.9152844611841
16.2,876.9987987858311
16.4,877.0792142192574
16.6,877.1566153578626
16.8,877.2310847178023
17.0,877.302702741671
17.2,877.3715478050799
17.4,877.437696223167
17.6,877.5012222570718
17.8,877.5621981203958
18.0,877.6206939856673
18.2,877.6767779908281
18.4,877.7305162457457
18.6,877.7819728387616
18.8,877.8312098432724
19.0,877.8782873243457
19.2,877.923263345363
19.4,877.9661939746829
19.6,878.0071332923166
19.8,878.0461333965994
20.0,878.0832444108488
20.2,878.1185144899899
20.4,878.1519898271345
20.6,878.1837146600923
20.8,878.2137312778
21.0,878.2420800266447
21.2,878.2687993166631
21.4,878.2939256275979
21.6,878.317493514788
21.8,878.3395356148749
22.0,878.3600826513036
22.2,878.3791634396001
22.4,878.3968048924027
22.6,878.413032024232
22.8,878.4278679559814
23.0,878.4413339191075
23.2,878.4534492595087
23.4,878.4642314410727
23.6,878.4736960488814
23.8,878.4818567920597
24.0,878.4887255062542
24.2,878.4943121557342
24.4,878.4986248351036
24.6,878.5016697706166
24.8,878.5034513210893
25.0,878.5039719784045
25.2,878.5032323676024
25.4,878.5012312465586
25.6,878.4979655052449
25.8,878.4934301645762
26.0,878.4876183748441
26.2,878.4805214137408
26.4,878.4721286839781
26.6,878.4624277105082
26.8,878.4514041373535
27.0,878.4390417240547
27.2,878.425322341747
27.4,878.4102259688755
27.6,878.393730686565
27.8,878.3758126736551
28.0,878.356446201416
28.2,878.3356036279631
28.4,878.3132553923855
28.6,878.2893700086049
28.8,878.2639140589868
29.0,878.2368521877189
29.2,878.2081470939793
29.4,878.1777595249121
29.6,878.1456482684318
29.8,878.1117701458761
30.0,878.0760800045259
30.2,878.038530710014
30.4,877.9990731386404
30.6,877.957656169612
30.8,877.9142266772276
31.0,877.8687295230192
31.2,877.8211075478691
31.4,877.7713015641154
31.6,877.7192503476556
31.8,877.6648906300601
32.0,877.6081570907007
32.2,877.5489823489002
32.4,877.487296956102
32.6,877.4230293880595
32.8,877.3561060370379
33.0,877.2864512040194
33.2,877.2139870908954
33.4,877.1386337926274
33.6,877.0603092893498
33.8,876.9789294383844
34.0,876.8944079661268
34.2,876.8066564597592
34.4,876.7155843587348
34.6,876.6210989459657
34.8,876.5231053386425
35.0,876.4215064785834
35.2,876.3162031220119
35.4,876.20709382862
35.6,876.0940749497596
35.8,875.9770406155516
36.0,875.855882720666
36.2,875.7304909084478
36.4,875.6007525529802
36.6,875.466552738559
36.8,875.3277742358974
37.0,875.1842974741759
37.2,875.0360005077868
37.4,874.8827589762789
37.6,874.7244460555539
37.8,874.5609323978024
38.0,874.3920860569298
38.2,874.2177723953129
38.4,874.0378539665758
38.6,873.852190367669
38.8,873.6606380518026
39.0,873.463050091707
39.2,873.2592758802059
39.4,873.0491607521662
39.6,872.8325455084952
39.8,872.6092658189833
40.0,872.3791514764463
40.2,872.1420254698389
40.4,871.8977028388787
40.6,871.6459892673438
40.8,871.3866793667975
41.0,871.1195545972624
41.2,870.8443807666711
41.4,870.5609050471255
41.6,870.2688524436105
41.8,869.9679216503447
42.0,869.6577802320609
42.2,869.3380590728192
42.4,869.0083460441573
42.6,868.6681788581329
42.8,868.3170370897014
43.0,867.954333377378
43.2,867.5794038415715
43.4,867.1914977963933
43.6,866.7897668729124
43.8,866.3732537191455
44.0,865.9408804935
44.2,865.4914374224892
44.4,865.0235717483437
44.6,864.5357774452938
44.8,864.0263861319804
45.0,863.4935596485578
45.2,862.9352847972431
45.4,862.3493707609722
45.6,861.7334497131759
45.8,861.0849811096058
46.0,860.4012601082484
46.2,859.6794304941669
46.4,858.9165023920253
46.6,858.1093749307702
46.8,857.2548638844286
47.0,856.3497341536028
47.2,855.3907367787452
47.4,854.3746499947107
47.6,853.298323653538
47.8,852.158726166824
48.0,850.9529929588372
48.2,849.6784752850857
48.4,848.332788166405
48.6,846.9138561228552
48.8,845.4199553705299
49.0,843.8497511717095
49.2,842.2023291064655
49.4,840.4772191612923
49.6,838.6744117046592
49.8,836.7943646351465
50.0,834.8380012374871
