0.0,866.6031020995497
0.2,867.1458416843521
0.4,867.6718215417666
0.6,868.1812398820804
0.8,868.6743031462687
1.0,869.1512260275716
1.2,869.6122314476963
1.4,870.0575504878573
1.6,870.4874222751686
1.8,870.9020938252008
2.0,871.3018198417968
2.2,871.6868624755207
2.4,872.0574910423726
2.6,872.4139817046513
2.8,872.7566171160745
3.0,873.0856860334775
3.2,873.4014828975996
3.4,873.704307385637
3.6,873.994463938382
3.8,874.2722612648939
4.0,874.5380118277384
4.2,874.7920313119048
4.4,875.0346380805598
4.6,875.2661526208137
4.8,875.4868969826739
5.0,875.6971942143366
5.2,875.8973677969118
5.4,876.0877410816125
5.6,876.2686367323411
5.8,876.4403761764977
6.0,876.603279066703
6.2,876.7576627559862
6.4,876.903841788825
6.6,877.0421274102541
6.8,877.1728270950745
7.0,877.2962440990032
7.2,877.412677033407
7.4,877.5224194650547
7.6,877.6257595421185
7.8,877.722979647451
8.0,877.8143560799464
8.2,877.9001587646012
8.4,877.9806509916808
8.6,878.0560891852073
8.8,878.1267227007904
9.0,878.1927936526508
9.2,878.2545367695063
9.4,878.3121792788354
9.6,878.3659408188818
9.8,878.4160333776268
10.0,878.4626612578287
10.2,878.5060210671204
10.4,878.5463017320519
10.6,878.5836845348831
10.8,878.6183431718566
11.0,878.6504438316207
11.2,878.6801452924263
11.4,878.7075990366876
11.6,878.7329493814718
11.8,878.7563336234751
12.0,878.7778821970369
12.2,878.7977188437625
12.4,878.8159607923346
12.6,878.8327189471294
12.8,878.8480980842842
13.0,878.8621970539123
13.2,878.8751089872018
13.4,878.886921507201
13.6,878.8977169421403
13.8,878.9075725402156
14.0,878.9165606848144
14.2,878.9247491092416
14.4,878.9322011100686
14.6,878.9389757582993
14.8,878.9451281076219
15.0,878.9507093990821
15.2,878.9557672615844
15.4,878.9603459076975
15.6,878.9644863243062
15.8,878.9682264577151
16.0,878.9716013928731
16.2,878.9746435264466
16.4,878.9773827335222
16.6,878.9798465277781
16.8,878.9820602150065
17.0,878.9840470399186
17.2,878.9858283262066
17.4,878.9874236098734
17.6,878.9888507658765
17.8,878.9901261281652
18.0,878.9912646032197
18.2,878.9922797772188
18.4,878.9931840169947
18.6,878.993988564945
18.8,878.9947036280854
19.0,878.9953384614506
19.2,878.9959014460468
19.4,878.9964001615788
19.6,878.9968414541726
19.8,878.9972314993228
20.0,878.9975758602923
20.2,878.997879542193
20.4,878.9981470419751
20.6,878.9983823945488
20.8,878.9985892152577
21.0,878.9987707389179
21.2,878.998929855632
21.4,878.999069143577
21.6,878.99919089896
21.8,878.9992971633276
22.0,878.9993897484031
22.2,878.9994702586196
22.4,878.9995401115054
22.6,878.9996005560714
22.8,878.9996526893365
23.0,878.9996974711205
23.2,878.9997357372234
23.4,878.9997682110978
23.6,878.9997955141152
23.8,878.9998181745151
24.0,878.9998366351138
24.2,878.9998512598461
24.4,878.9998623391981
24.6,878.9998700945815
24.8,878.9998746816923
25.0,878.9998761928847
25.2,878.9998746585837
25.4,878.9998700477504
25.6,878.9998622674027
25.8,878.9998511611896
26.0,878.9998365070018
26.2,878.9998180135989
26.4,878.9997953162185
26.6,878.9997679711258
26.8,878.9997354490534
27.0,878.9996971274714
27.2,878.9996522816153
27.4,878.9996000741946
27.6,878.9995395436911
27.8,878.9994695911485
28.0,878.9993889653438
28.2,878.9992962462221
28.4,878.9991898264645
28.6,878.9990678910525
28.8,878.998928394679
29.0,878.9987690368479
29.2,878.9985872344953
29.4,878.9983800919542
29.6,878.9981443680795
29.8,878.9978764403352
30.0,878.9975722656468
30.2,878.9972273378053
30.4,878.9968366412111
30.6,878.9963946007332
30.8,878.9958950274622
31.0,878.9953310601246
31.2,878.9946951019322
31.4,878.9939787526309
31.6,878.9931727355262
31.8,878.9922668192517
32.0,878.9912497340682
32.2,878.9901090824746
32.4,878.98883124393
32.6,878.9874012734975
32.8,878.9858027942348
33.0,878.9840178831744
33.2,878.9820269507593
33.4,878.9798086136256
33.6,878.9773395606466
33.8,878.9745944121906
34.0,878.9715455725769
34.2,878.9681630757502
34.4,878.9644144242408
34.6,878.9602644215207
34.8,878.9556749979151
35.0,878.9506050302812
35.2,878.9450101557228
35.4,878.9388425796676
35.6,878.9320508786968
35.8,878.9245797985775
36.0,878.9163700480211
36.2,878.9073580887525
36.4,878.8974759225493
36.6,878.8866508759809
36.8,878.8748053836445
37.0,878.8618567707721
37.2,878.8477170361465
37.4,878.8322926363386
37.6,878.8154842723404
37.8,878.7971866797346
38.0,878.7772884235999
38.2,878.7556716994052
38.4,878.7322121412
38.6,878.7067786384471
38.8,878.6792331628815
39.0,878.6494306068113
39.2,878.6172186342916
39.4,878.5824375466151
39.6,878.5449201635671
39.8,878.5044917218746
40.0,878.460969792265
40.2,878.4141642165113
40.4,878.3638770657955
40.6,878.3099026216661
40.8,878.2520273807886
41.0,878.1900300846058
41.2,878.1236817749271
41.4,878.0527458763511
41.6,877.9769783063058
41.8,877.8961276133521
42.0,877.8099351442469
42.2,877.7181352401037
42.4,877.6204554618205
42.6,877.5166168447616
42.8,877.4063341824958
43.0,877.2893163391966
43.2,877.1652665901129
43.4,877.0338829893117
43.6,876.8948587636901
43.8,876.7478827320442
44.0,876.5926397477801
44.2,876.4288111636453
44.4,876.2560753166617
44.6,876.0741080312524
44.8,875.8825831383658
45.0,875.6811730082358
45.2,875.469549094249
45.4,875.2473824852527
45.6,875.0143444635002
45.8,874.770107065324
46.0,874.5143436415351
46.2,874.2467294144669
46.4,873.9669420285469
46.6,873.6746620912351
46.8,873.3695737011795
47.0,873.0513649604502
47.2,872.7197284677633
47.4,872.3743617896755
47.6,872.0149679068244
47.8,871.6412556324098
48.0,871.2529400002534
48.2,870.8497426199425
48.4,870.4313919967475
48.6,869.9976238142159
48.8,869.5481811775703
49.0,869.0828148162831
49.2,868.6012832444616
49.4,868.1033528779508
49.6,867.5887981073456
49.8,867.057401326395
50.0,866.5089529155852
