0.0,787.6043474902401
0.2,789.7876665953064
0.4,791.9282388797373
0.6,794.0273683287928
0.8,796.0861412466422
1.0,798.1054552975073
1.2,800.0860563831866
1.4,802.0285768214967
1.6,803.9335697273275
1.8,805.8015367025092
2.0,807.6329480741363
2.2,809.4282564359332
2.4,811.1879049884907
2.6,812.9123322834108
2.8,814.6019747179718
3.0,816.2572677436914
3.2,817.878646397795
3.4,819.4665455041591
3.6,821.0213997232977
3.8,822.543643536747
4.0,824.0337112032803
4.2,825.4920367021801
4.4,826.9190536693551
4.6,828.3151953283904
4.8,829.6808944172901
5.0,831.0165831112225
5.2,832.3226929414517
5.4,833.599654710607
5.6,834.847898404441
5.8,836.0678531002364
6.0,837.2599468720267
6.2,838.4246066928101
6.4,839.56225833394
6.6,840.6733262618854
6.8,841.7582335325615
7.0,842.8174016834349
7.2,843.8512506236174
7.4,844.8601985221629
7.6,845.8446616947892
7.8,846.8050544892484
8.0,847.7417891695707
8.2,848.6552757994124
8.4,849.5459221247334
8.6,850.4141334560377
8.8,851.2603125504017
9.0,852.0848594935192
9.2,852.8881715819882
9.4,853.6706432060622
9.6,854.4326657330845
9.8,855.1746273918206
10.0,855.8969131578984
10.2,856.5999046405616
10.4,857.2839799709349
10.6,857.9495136919917
10.8,858.5968766504129
11.0,859.2264358905093
11.2,859.8385545503813
11.4,860.4335917604757
11.6,861.0119025446902
11.8,861.5738377241704
12.0,862.1197438239323
12.2,862.6499629824324
12.4,863.1648328642015
12.6,863.6646865756429
12.8,864.1498525840901
13.0,864.6206546402044
13.2,865.0774117037848
13.4,865.5204378730526
13.6,865.950042317459
13.8,866.3665292140557
14.0,866.7701976874597
14.2,867.1613417534277
14.4,867.5402502660511
14.6,867.9072068685676
14.8,868.262489947779
15.0,868.6063725920516
15.2,868.9391225528695
15.4,869.2610022098991
15.6,869.572268539515
15.8,869.8731730867298
16.0,870.1639619404599
16.2,870.4448757120533
16.4,870.7161495169981
16.6,870.9780129597193
16.8,871.2306901213716
17.0,871.4743995505215
17.2,871.7093542566142
17.4,871.9357617061071
17.6,872.1538238211548
17.8,872.3637369807193
18.0,872.5656920239784
18.2,872.7598742559014
18.4,872.9464634548568
18.6,873.1256338821157
18.8,873.2975542931105
19.0,873.4623879503077
19.2,873.6202926375538
19.4,873.7714206757478
19.6,873.9159189397004
19.8,874.053928876033
20.0,874.1855865219743
20.2,874.3110225249136
20.4,874.4303621625668
20.6,874.5437253636194
20.8,874.6512267287062
21.0,874.752975551595
21.2,874.8490758404428
21.4,874.9396263389948
21.6,875.0247205476019
21.8,875.1044467439369
22.0,875.1788880032913
22.2,875.2481222183408
22.4,875.3122221182741
22.6,875.3712552871804
22.8,875.4252841816001
23.0,875.4743661471483
23.2,875.5185534341243
23.4,875.5578932120286
23.6,875.5924275829143
23.8,875.6221935935072
24.0,875.6472232460329
24.2,875.6675435076983
24.4,875.6831763187812
24.6,875.694138599289
24.8,875.7004422541522
25.0,875.702094176929
25.2,875.6990962520022
25.4,875.6914453552563
25.6,875.6791333532329
25.8,875.6621471007667
26.0,875.640468437112
26.2,875.6140741805795
26.4,875.5829361217064
26.6,875.5470210149934
26.8,875.5062905692472
27.0,875.4607014365738
27.2,875.4102052000771
27.4,875.3547483603219
27.6,875.294272320625
27.8,875.2287133712524
28.0,875.1580026725956
28.2,875.082066237415
28.4,875.0008249122421
28.6,874.9141943580329
28.8,874.8220850301774
29.0,874.7244021579721
29.2,874.6210457236647
29.4,874.5119104411883
29.6,874.3968857347085
29.8,874.2758557171014
30.0,874.1486991684975
30.2,874.0152895150175
30.4,873.8754948078365
30.6,873.7291777027142
30.8,873.5761954401275
31.0,873.4163998261483
31.2,873.2496372142074
31.4,873.0757484878873
31.6,872.8945690448888
31.8,872.7059287823139
32.0,872.5096520834069
32.2,872.3055578058992
32.4,872.0934592720962
32.6,871.8731642608475
32.8,871.6444750015352
33.0,871.4071881702185
33.2,871.1610948880628
33.4,870.9059807221826
33.6,870.6416256890215
33.8,870.3678042603894
34.0,870.0842853722709
34.2,869.7908324365122
34.4,869.4872033554933
34.6,869.1731505398768
34.8,868.8484209295302
35.0,868.5127560176975
35.2,868.1658918785017
35.4,867.8075591978413
35.6,867.4374833077424
35.8,867.0553842242172
36.0,866.6609766886685
36.2,866.2539702128757
36.4,865.834069127584
36.6,865.4009726347089
36.8,864.9543748631627
37.0,864.493964928293
37.2,864.019426994919
37.4,863.530440343935
37.6,863.0266794424483
37.8,862.5078140173964
38.0,861.9735091325912
38.2,861.4234252691147
38.4,860.8572184089908
38.6,860.27454012204
38.8,859.6750376558158
39.0,859.0583540285137
39.2,858.4241281247292
39.4,857.7719947939361
39.6,857.1015849515435
39.8,856.4125256823827
40.0,855.7044403464648
40.2,854.9769486868439
40.4,854.2296669394086
40.6,853.4622079444225
40.8,852.6741812596217
41.0,851.8651932746761
41.2,851.0348473268091
41.4,850.1827438173719
41.6,849.3084803291594
41.8,848.4116517442486
42.0,847.491850362145
42.2,846.54866601801
42.4,845.5816862007472
42.6,844.5904961707205
42.8,843.5746790768782
43.0,842.5338160730552
43.2,841.4674864332303
43.4,840.3752676655118
43.6,839.2567356246306
43.8,838.1114646227239
44.0,836.939027538193
44.2,835.7389959224256
44.4,834.5109401041792
44.6,833.254429291427
44.8,831.9690316704734
45.0,830.654314502158
45.2,829.3098442149683
45.4,827.9351864949004
45.6,826.5299063719033
45.8,825.0935683027591
46.0,823.625736250251
46.2,822.1259737584356
46.4,820.5938440237255
46.6,819.0289099610677
46.8,817.4307342632713
47.0,815.7988794480975
47.2,814.1329078789528
47.4,812.4323817243887
47.6,810.6968627770672
47.8,808.9259119652816
48.0,807.1190882348958
48.2,805.2759462356379
48.4,803.3960319162832
48.6,801.4788747770359
48.8,799.523975287141
49.0,797.5307860771301
49.2,795.4986862038323
49.4,793.4269491940242
49.6,791.3147075551459
49.8,789.1609184901339
50.0,786.964336889027
