0.0,870.5111904554121
0.2,871.0176823399127
0.4,871.5037341633373
0.6,871.969518374837
0.8,872.4152420577408
1.0,872.8411467973592
1.2,873.2475082481582
1.4,873.6346354077845
1.6,874.0028696089607
1.8,874.3525832436104
2.0,874.6841782366431
2.2,874.9980842896088
2.4,875.2947569168442
2.6,875.5746752987872
2.8,875.8383399787632
3.0,876.0862704307748
3.2,876.3190025265991
3.4,876.5370859308597
3.6,876.7410814526638
3.8,876.9315583819237
4.0,877.1090918376101
4.2,877.2742601539752
4.4,877.4276423292331
4.6,877.5698155593681
4.8,877.7013528776727
5.0,877.8228209183642
5.2,877.9347778202135
5.4,878.0377712836222
5.6,878.1323367920114
5.8,878.218996005823
6.0,878.2982553348864
6.2,878.3706046924424
6.4,878.4365164317534
6.6,878.496444464013
6.8,878.55082355421
7.0,878.600068789739
7.2,878.6445752148933
7.4,878.6847176229234
7.6,878.7208504961351
7.8,878.7533080835043
8.0,878.7824046045171
8.2,878.8084345673974
8.4,878.8316731895441
8.6,878.8523769078574
8.8,878.8707839666737
9.0,878.8871150712337
9.2,878.9015740949615
9.4,878.9143488293096
9.6,878.9256117655146
9.8,878.9355208982824
10.0,878.9442205421641
10.2,878.9518421521808
10.4,878.9585051410759
10.6,878.9643176864187
10.8,878.9693775216218
11.0,878.9737727057667
11.2,878.9775823679331
11.4,878.9808774225012
11.6,878.983721252624
11.8,878.9861703597458
12.0,878.9882749776694
12.2,878.9900796502479
12.4,878.9916237722839
12.6,878.9929420936717
12.8,878.994065187221
13.0,878.9950198809217
13.2,878.9958296557093
13.4,878.9965150100081
13.6,878.9970937925192
13.8,878.9975815048562
14.0,878.9979915757291
14.2,878.9983356084427
14.4,878.9986236034979
14.6,878.9988641580982
14.8,878.9990646443313
15.0,878.999231367764
15.2,878.9993697081252
15.4,878.9994842436876
15.6,878.999578860873
15.8,878.9996568505272
16.0,878.9997209922118
16.2,878.9997736277727
16.4,878.9998167253474
16.6,878.9998519348806
16.8,878.9998806361285
17.0,878.9999039800382
17.2,878.9999229243123
17.4,878.9999382638821
17.6,878.9999506569417
17.8,878.9999606471226
18.0,878.999968682328
18.2,878.9999751306806
18.4,878.99998029399
18.6,878.9999844190897
18.8,878.9999877073575
19.0,878.9999903226825
19.2,878.9999923981189
19.4,878.9999940414232
19.6,878.9999953396506
19.8,878.9999963629606
20.0,878.9999971677588
20.2,878.9999977992825
20.4,878.9999982937234
20.6,878.9999986799666
20.8,878.9999989810096
21.0,878.9999992151182
21.2,878.9999993967641
21.4,878.9999995373861
21.6,878.9999996460031
21.8,878.9999997297093
22.0,878.9999997940711
22.2,878.9999998434456
22.4,878.9999998812349
22.6,878.9999999100887
22.8,878.9999999320654
23.0,878.9999999487601
23.2,878.9999999614047
23.4,878.999999970948
23.6,878.9999999781178
23.8,878.9999999834694
24.0,878.9999999874233
24.2,878.9999999902948
24.4,878.9999999923157
24.6,878.9999999936508
24.8,878.9999999944101
25.0,878.9999999946562
25.2,878.9999999944096
25.4,878.9999999936498
25.6,878.999999992314
25.8,878.9999999902922
26.0,878.9999999874194
26.2,878.9999999834639
26.4,878.9999999781104
26.6,878.999999970938
26.8,878.999999961391
27.0,878.9999999487417
27.2,878.9999999320406
27.4,878.9999999100553
27.6,878.9999998811902
27.8,878.9999998433858
28.0,878.9999997939913
28.2,878.9999997296029
28.4,878.9999996458616
28.6,878.9999995371985
28.8,878.9999993965157
29.0,878.99999921479
29.2,878.999998980577
29.4,878.999998679397
29.6,878.9999982929755
29.8,878.9999977983027
30.0,878.999997166478
30.2,878.9999963612894
30.4,878.9999953374744
30.6,878.9999940385954
30.8,878.9999923944521
31.0,878.9999903179372
31.2,878.9999877012297
31.4,878.9999844111928
31.6,878.9999802838341
31.8,878.9999751176464
32.0,878.9999686656337
32.2,878.9999606257842
32.4,878.999950629723
32.6,878.9999382292335
32.8,878.9999228802953
33.0,878.9999039242335
33.2,878.999880565523
33.4,878.9998518457294
33.6,878.9998166130061
33.8,878.999773486495
34.0,878.9997208149014
34.2,878.9996566284407
34.4,878.9995785832602
34.6,878.9994838973593
34.8,878.9993692769341
35.0,878.9992308319836
35.2,878.9990639799139
35.4,878.9988633357899
35.6,878.9986225877876
35.8,878.9983343563148
36.0,878.9979900351875
36.2,878.9975796131821
36.4,878.9970914742195
36.6,878.9965121744038
36.8,878.9958261941101
37.0,878.9950156633208
37.2,878.9940600584395
37.4,878.9929358688711
37.6,878.9916162317553
37.8,878.9900705333766
38.0,878.988263975959
38.2,878.9861571087765
38.4,878.9837053228034
38.6,878.9808583084501
38.8,878.9775594763374
39.0,878.9737453415031
39.2,878.9693448719515
39.4,878.9642788030234
39.6,878.9584589196886
39.8,878.9517873095463
40.0,878.9441555900396
40.2,878.9354441141709
40.4,878.9255211597958
40.6,878.9142421084168
40.8,878.9014486202259
41.0,878.8869678129967
41.2,878.8706114532481
41.4,878.8521751688952
41.6,878.8314376933483
41.8,878.8081601517008
42.0,878.7820854002305
42.2,878.7529374309242
42.4,878.7204208530908
42.6,878.6842204643306
42.8,878.6440009231821
43.0,878.5994065356168
43.2,878.5500611672275
43.4,878.4955682924065
43.6,878.4355111910478
43.8,878.3694533023231
44.0,878.296938743862
44.2,878.2174930032387
44.4,878.1306238070039
44.6,878.0358221706479
44.8,877.9325636308319
45.0,877.8203096590091
45.2,877.6985092532075
45.4,877.5666007022837
45.6,877.4240135144216
45.8,877.2701704990875
46.0,877.1044899890912
46.2,876.9263881869024
46.4,876.735281616966
46.6,876.5305896635086
46.8,876.3117371712638
47.0,876.0781570847205
47.2,875.8292930999654
47.4,875.5646023019611
47.6,875.2835577592455
47.8,874.9856510475518
48.0,874.6703946737819
48.2,874.3373243721088
48.4,873.9860012447675
48.6,873.6160137213011
48.8,873.2269793116631
49.0,872.8185461306074
49.2,872.3903941732186
49.4,871.9422363241886
49.6,871.4738190865198
49.8,870.9849230186569
50.0,870.4753628725774
