0.0,795.7717545257872
0.2,797.86083359118
0.4,799.9097998332829
0.6,801.919080191916
0.8,803.8891028102946
1.0,805.8202970851313
1.2,807.7130937092284
1.4,809.5679247062845
1.6,811.3852234576719
1.8,813.1654247209636
2.0,814.9089646400301
2.2,816.6162807465471
2.4,818.2878119527956
2.6,819.9239985356623
2.8,821.5252821117846
3.0,823.0921056038135
3.2,824.624913197806
3.4,826.1241502917821
3.6,827.5902634355217
3.8,829.0237002617046
4.0,830.4249094085262
4.2,831.7943404339538
4.4,833.132443721818
4.6,834.4396703799581
4.8,835.7164721306726
5.0,836.9633011937472
5.2,838.1806101623602
5.4,839.3688518721866
5.6,840.5284792640451
5.8,841.6599452404499
6.0,842.7637025164514
6.2,843.8402034651634
6.4,844.889899958389
6.6,845.9132432027762
6.8,846.9106835719363
7.0,847.882670434976
7.2,848.8296519818999
7.4,849.7520750463406
7.6,850.6503849260866
7.8,851.5250252018722
8.0,852.376437554899
8.2,853.2050615835566
8.4,854.0113346198032
8.6,854.7956915456678
8.8,855.5585646103254
9.0,856.3003832481885
9.2,857.0215738984499
9.4,857.7225598265014
9.6,858.403760947639
9.8,859.0655936534506
10.0,859.7084706412716
10.2,860.3328007470716
10.4,860.938988782124
10.6,861.5274353737894
10.8,862.0985368107218
11.0,862.6526848927969
11.2,863.190266786027
11.4,863.7116648827206
11.6,864.2172566671122
11.8,864.7074145866726
12.0,865.1825059292861
12.2,865.6428927064584
12.4,866.0889315426964
12.6,866.5209735711807
12.8,866.9393643358267
13.0,867.3444436998128
13.2,867.7365457606252
13.4,868.115998771655
13.6,868.4831250703575
13.8,868.8382410129656
14.0,869.1816569157263
14.2,869.5136770026136
14.4,869.8345993594498
14.6,870.1447158943508
14.8,870.4443123043919
15.0,870.7336680483755
15.2,871.0130563255668
15.4,871.2827440602475
15.6,871.5429918919249
15.8,871.7940541710194
16.0,872.036178959844
16.2,872.2696080386742
16.4,872.4945769166993
16.6,872.7113148476396
16.8,872.9200448497969
17.0,873.1209837303088
17.2,873.3143421133638
17.4,873.5003244721319
17.6,873.6791291641583
17.8,873.8509484699686
18.0,874.0159686346246
18.2,874.1743699119746
18.4,874.3263266113368
18.6,874.4720071463526
18.8,874.6115740857537
19.0,874.7451842057797
19.2,874.8729885439918
19.4,874.9951324542255
19.6,875.1117556624309
19.8,875.2229923231534
20.0,875.3289710764107
20.2,875.429815104726
20.4,875.5256421900863
20.6,875.6165647705943
20.8,875.7026899965963
21.0,875.7841197860685
21.2,875.8609508790549
21.4,875.9332748909575
21.6,876.0011783644824
21.8,876.0647428200617
22.0,876.1240448045719
22.2,876.17915593818
22.4,876.230142959161
22.6,876.2770677665334
22.8,876.3199874603735
23.0,876.3589543796738
23.2,876.3940161376269
23.4,876.4252156542148
23.6,876.4525911860085
23.8,876.4761763530752
24.0,876.4960001629154
24.2,876.5120870313502
24.4,876.5244568002988
24.6,876.533124752386
24.8,876.5381016223407
25.0,876.5393936051447
25.2,876.5370023609108
25.4,876.5309250164737
25.6,876.5211541636886
25.8,876.5076778544428
26.0,876.4904795923952
26.2,876.4695383214681
26.4,876.4448284111282
26.6,876.4163196384985
26.8,876.3839771673589
27.0,876.3477615240985
27.2,876.3076285706943
27.4,876.2635294748013
27.6,876.2154106770464
27.8,876.1632138556319
28.0,876.1068758883589
28.2,876.0463288121967
28.4,875.9814997805254
28.6,875.9123110181972
28.8,875.8386797745641
29.0,875.7605182746303
29.2,875.6777336684987
29.4,875.5902279792857
29.6,875.4978980496894
29.8,875.4006354874034
30.0,875.2983266095741
30.2,875.1908523865119
30.4,875.0780883848669
30.6,874.9599047104921
30.8,874.836165951219
31.0,874.7067311197808
31.2,874.5714535971185
31.4,874.4301810763146
31.6,874.2827555074003
31.8,874.1290130432875
32.0,873.9687839870797
32.2,873.8018927410177
32.4,873.6281577573183
32.6,873.4473914911658
32.8,873.259400356116
33.0,873.0639846821716
33.2,872.8609386767882
33.4,872.6500503890649
33.6,872.4311016773771
33.8,872.2038681806974
34.0,871.9681192938526
34.2,871.7236181469552
34.4,871.4701215892433
34.6,871.2073801775571
34.8,870.9351381696666
35.0,870.6531335226643
35.2,870.3610978966163
35.4,870.0587566636655
35.6,869.7458289227588
35.8,869.4220275201637
36.0,869.0870590759234
36.2,868.7406240163845
36.4,868.3824166129182
36.6,868.0121250269374
36.8,867.629431361296
37.0,867.2340117181376
37.2,866.8255362632459
37.4,866.4036692969248
37.6,865.968069331421
37.8,865.518389174878
38.0,865.0542760217928
38.2,864.5753715499224
38.4,864.0813120235689
38.6,863.5717284031475
38.8,863.0462464609196
39.0,862.5044869027546
39.2,861.9460654957584
39.4,861.3705932015858
39.6,860.7776763152333
39.8,860.1669166090833
40.0,859.5379114819573
40.2,858.8902541129055
40.4,858.2235336194478
40.6,857.5373352199563
40.8,856.8312403998542
41.0,856.104827081288
41.2,855.3576697959081
41.4,854.5893398603831
41.6,853.799405554256
41.8,852.9874322997351
42.0,852.1529828430012
42.2,851.2956174366034
42.4,850.4148940225042
42.6,849.5103684153258
42.8,848.581594485346
43.0,847.628124340785
43.2,846.6495085089213
43.4,845.6452961155743
43.6,844.6150350624911
43.8,843.5582722021761
44.0,842.4745535097096
44.2,841.3634242511001
44.4,840.2244291477317
44.6,839.057112536469
44.8,837.8610185249995
45.0,836.6356911420011
45.2,835.3806744817413
45.4,834.09551284273
45.6,832.7797508600626
45.8,831.4329336311149
46.0,830.05460683427
46.2,828.6443168403789
46.4,827.2016108166836
46.6,825.7260368229535
46.8,824.2171438996166
47.0,822.6744821476904
47.2,821.0976028003495
47.4,819.4860582859935
47.6,817.8394022827141
47.8,816.1571897640833
48.0,814.4389770362244
48.2,812.6843217661537
48.4,810.892783001416
48.6,809.0639211810651
48.8,807.1972981380795
49.0,805.2924770933266
49.2,803.3490226412279
49.4,801.3665007273038
49.6,799.3444786178098
49.8,797.2825248617022
50.0,795.1802092452054
