0.0,860.6335997103665
0.2,861.2507978322349
0.4,861.8526058139747
0.6,862.4392295862646
0.8,863.0108764115608
1.0,863.5677548706489
1.2,864.1100748426791
1.4,864.6380474786611
1.6,865.1518851684103
1.8,865.6518015009763
2.0,866.1380112186026
2.2,866.6107301643046
2.4,867.0701752231685
2.6,867.5165642575087
2.8,867.9501160360446
3.0,868.3710501572792
3.2,868.779586967289
3.4,869.175947472158
3.6,869.560353245306
3.8,869.9330263299845
4.0,870.2941891372324
4.2,870.644064339599
4.4,870.9828747609592
4.6,871.310843262759
4.8,871.6281926270415
5.0,871.935145436617
5.2,872.2319239527451
5.4,872.5187499907094
5.6,872.7958447936667
5.8,873.0634289051594
6.0,873.3217220406806
6.2,873.5709429586793
6.4,873.8113093314
6.6,874.0430376159359
6.8,874.2663429258821
7.0,874.4814389039603
7.2,874.6885375959843
7.4,874.8878493265229
7.6,875.0795825766099
7.8,875.2639438638346
8.0,875.4411376251364
8.2,875.6113661026152
8.4,875.774829232645
8.6,875.9317245385739
8.8,876.0822470272676
9.0,876.2265890897396
9.2,876.3649404060934
9.4,876.4974878549808
9.6,876.6244154277632
9.8,876.7459041475419
10.0,876.8621319932039
10.2,876.9732738286092
10.4,877.0795013370268
10.6,877.1809829609047
10.8,877.2778838470402
11.0,877.3703657971985
11.2,877.4585872242044
11.4,877.5427031135189
11.6,877.6228649902872
11.8,877.6992208918326
12.0,877.7719153455497
12.2,877.8410893521345
12.4,877.906880374076
12.6,877.9694223293129
12.8,878.028845589951
13.0,878.0852769859179
13.2,878.1388398134243
13.4,878.1896538480839
13.6,878.2378353625392
13.8,878.2834971484237
14.0,878.3267485424902
14.2,878.3676954567185
14.4,878.4064404122171
14.6,878.4430825767201
14.8,878.4777178054809
15.0,878.5104386853559
15.2,878.541334581873
15.4,878.5704916890716
15.6,878.5979930819043
15.8,878.6239187709853
16.0,878.6483457594748
16.2,878.6713481018858
16.4,878.6929969646036
16.6,878.713360687909
16.8,878.7325048492987
17.0,878.7504923279021
17.2,878.7673833697945
17.4,878.7832356540116
17.6,878.7981043590772
17.8,878.8120422298587
18.0,878.8250996445701
18.2,878.8373246817515
18.4,878.8487631870555
18.6,878.8594588396799
18.8,878.869453218292
19.0,878.8787858662974
19.2,878.8874943563087
19.4,878.8956143536813
19.6,878.9031796789877
19.8,878.9102223693081
20.0,878.9167727382217
20.2,878.9228594343905
20.4,878.9285094986338
20.6,878.9337484193977
20.8,878.9386001865286
21.0,878.9430873432672
21.2,878.9472310363864
21.4,878.9510510643995
21.6,878.954565923772
21.8,878.9577928530741
22.0,878.9607478750205
22.2,878.9634458363392
22.4,878.9659004454292
22.6,878.9681243077567
22.8,878.9701289589551
23.0,878.9719248955905
23.2,878.9735216035616
23.4,878.9749275841062
23.6,878.9761503773866
23.8,878.977196583633
24.0,878.978071881825
24.2,878.9787810458936
24.4,878.9793279584283
24.6,878.9797156218798
24.8,878.979946167245
25.0,878.9800208602287
25.2,878.9799401048747
25.4,878.9797034446643
25.6,878.9793095610802
25.8,878.9787562696334
26.0,878.9780405133602
26.2,878.9771583537886
26.4,878.9761049593859
26.6,878.9748745914914
26.8,878.973460587747
27.0,878.9718553430399
27.2,878.9700502879724
27.4,878.9680358648762
27.6,878.9658015013938
27.8,878.9633355816504
28.0,878.9606254150438
28.2,878.9576572026829
28.4,878.95441600151
28.6,878.9508856861427
28.8,878.9470489084796
29.0,878.9428870551153
29.2,878.9383802026151
29.4,878.9335070707051
29.6,878.9282449734388
29.8,878.9225697684046
30.0,878.9164558040458
30.2,878.9098758651699
30.4,878.9028011167281
30.6,878.8952010459573
30.8,878.8870434029719
31.0,878.8782941399148
31.2,878.8689173487677
31.4,878.8588751979395
31.6,878.8481278677493
31.8,878.8366334849347
32.0,878.8243480563161
32.2,878.8112254017599
32.4,878.7972170865859
32.6,878.7822723535742
32.8,878.7663380547301
33.0,878.7493585829753
33.2,878.7312758039359
33.4,878.712028988007
33.6,878.6915547428769
33.8,878.669786946701
34.0,878.6466566821174
34.2,878.6220921713034
34.4,878.5960187122768
34.6,878.5683586166433
34.8,878.539031149003
35.0,878.507952468223
35.2,878.4750355707903
35.4,878.4401902364568
35.6,878.4033229763904
35.8,878.364336984044
36.0,878.3231320889536
36.2,878.2796047136754
36.4,878.2336478340656
36.6,878.1851509431061
36.8,878.1340000184726
37.0,878.0800774940355
37.2,878.0232622354781
37.4,877.9634295202085
37.6,877.9004510217335
37.8,877.8341947986505
38.0,877.7645252884085
38.2,877.6913033059706
38.4,877.6143860475037
38.6,877.5336270992059
38.8,877.4488764513675
39.0,877.3599805177462
39.2,877.2667821603235
39.4,877.1691207194904
39.6,877.0668320496956
39.8,876.9597485605692
40.0,876.8476992635199
40.2,876.7305098237798
40.4,876.608002617861
40.6,876.4799967963544
40.8,876.3463083519975
41.0,876.2067501929065
41.2,876.0611322208509
41.4,875.9092614144342
41.6,875.7509419170145
41.8,875.5859751291913
42.0,875.4141598056526
42.2,875.2352921561705
42.4,875.049165950504
42.6,874.8555726269577
42.8,874.6543014043258
43.0,874.4451393969322
43.2,874.227871732466
43.4,874.0022816722975
43.6,873.7681507339412
43.8,873.5252588153304
44.0,873.2733843205469
44.2,873.0123042866475
44.4,872.7417945112176
44.6,872.4616296802786
44.8,872.1715834961683
45.0,871.8714288050106
45.2,871.5609377233934
45.4,871.239881763869
45.6,870.9080319588946
45.8,870.5651589828356
46.0,870.2110332716585
46.2,869.8454251399484
46.4,869.4681048948926
46.6,869.0788429468846
46.8,868.6774099164155
47.0,868.2635767369298
47.2,867.837114753344
47.4,867.3977958159362
47.6,866.9453923693387
47.8,866.4796775363866
48.0,866.000425196586
48.2,865.5074100590034
48.4,865.0004077293867
48.6,864.4791947713616
48.8,863.9435487615691
49.0,863.3932483386358
49.2,862.8280732458943
49.4,862.2478043678022
49.6,861.6522237600304
49.8,861.0411146732212
50.0,860.4142615704477
