0.0,789.6546118894171
0.2,791.808591886544
0.4,793.9225663265763
0.6,795.9969676756307
0.8,798.0322287626773
1.0,800.0287827946971
1.2,801.9870633674298
1.4,803.9075044715548
1.6,805.7905404941645
1.8,807.6366062153979
2.0,809.4461368001313
2.2,811.2195677846239
2.4,812.957335058048
2.6,814.6598748388375
2.8,816.3276236458156
3.0,817.9610182640752
3.2,819.5604957056025
3.4,821.1264931646544
3.6,822.6594479679152
3.8,824.1597975194769
4.0,825.6279792407022
4.2,827.0644305050486
4.4,828.4695885679457
4.6,829.8438904918363
4.8,831.187773066502
5.0,832.501672724818
5.2,833.7860254540844
5.4,835.041266703106
5.6,836.2678312851968
5.8,837.4661532773033
6.0,838.6366659154485
6.2,839.779801486712
6.4,840.8959912179693
6.6,841.9856651616216
6.8,843.0492520785602
7.0,844.0871793186094
7.2,845.0998726987044
7.4,846.0877563790632
7.6,847.0512527376153
7.8,847.9907822429539
8.0,848.9067633260827
8.2,849.7996122512271
8.4,850.6697429859803
8.6,851.5175670710562
8.8,852.3434934899198
9.0,853.1479285385604
9.2,853.931275695674
9.4,854.6939354935137
9.6,855.4363053896651
9.8,856.1587796399958
10.0,856.8617491730246
10.2,857.5456014659445
10.4,858.210720422531
10.6,858.8574862531558
10.8,859.4862753571163
11.0,860.0974602074855
11.2,860.691409238672
11.4,861.2684867368739
11.6,861.8290527335953
11.8,862.373462902386
12.0,862.9020684589514
12.2,863.4152160647687
12.4,863.9132477343327
12.6,864.3965007461412
12.8,864.8653075575207
13.0,865.319995723376
13.2,865.7608878189379
13.4,866.1883013665705
13.6,866.6025487666831
13.8,867.0039372327856
14.0,867.392768730706
14.2,867.7693399219855
14.4,868.1339421114443
14.6,868.486861198908
14.8,868.82837763507
15.0,869.1587663814499
15.2,869.4782968744058
15.4,869.7872329931367
15.6,870.0858330316128
15.8,870.3743496743512
16.0,870.6530299759524
16.2,870.9221153443018
16.4,871.1818415273286
16.6,871.4324386032137
16.8,871.6741309739233
17.0,871.9071373619456
17.2,872.1316708100917
17.4,872.3479386842273
17.6,872.5561426787885
17.8,872.7564788249326
18.0,872.9491375011704
18.2,873.1343034463263
18.4,873.3121557746605
18.6,873.4828679929973
18.8,873.64660801969
19.0,873.803538205259
19.2,873.9538153545346
19.4,874.0975907501388
19.6,874.2350101771366
19.8,874.3662139486916
20.0,874.4913369325593
20.2,874.6105085782538
20.4,874.7238529447255
20.6,874.8314887283899
20.8,874.9335292913504
21.0,875.0300826896611
21.2,875.1212517014795
21.4,875.207133854962
21.6,875.2878214557609
21.8,875.3634016139866
22.0,875.4339562705014
22.2,875.4995622224188
22.4,875.5602911476872
22.6,875.616209628643
22.8,875.6673791744245
23.0,875.7138562421429
23.2,875.7556922567161
23.4,875.792933629275
23.6,875.8256217740628
23.8,875.8537931237494
24.0,875.8774791430959
24.2,875.8967063409108
24.4,875.9114962802417
24.6,875.9218655867637
24.8,875.9278259553232
25.0,875.9293841546131
25.2,875.9265420299557
25.4,875.9192965041832
25.6,875.9076395766102
25.8,875.8915583201026
26.0,875.8710348762559
26.2,875.8460464486998
26.4,875.816565294561
26.6,875.7825587141165
26.8,875.7439890386844
27.0,875.7008136168002
27.2,875.6529847987413
27.4,875.6004499194632
27.6,875.5431512800257
27.8,875.4810261275842
28.0,875.4140066340428
28.2,875.3420198734558
28.4,875.2649877982867
28.6,875.1828272146294
28.8,875.0954497565064
29.0,875.0027618593666
29.2,874.9046647329077
29.4,874.8010543333536
29.6,874.6918213353255
29.8,874.5768511034477
30.0,874.4560236638329
30.2,874.3292136755977
30.4,874.1962904025612
30.6,874.0571176852845
30.8,873.9115539136088
31.0,873.7594519998555
31.2,873.6006593528518
31.4,873.4350178529469
31.6,873.2623638281859
31.8,873.0825280318079
32.0,872.8953356212348
32.2,872.7006061387206
32.4,872.498153493821
32.6,872.2877859478539
32.8,872.0693061005103
33.0,871.8425108787729
33.2,871.607191528305
33.4,871.363133607456
33.6,871.1101169840391
33.8,870.8479158350195
34.0,870.5762986492567
34.2,870.2950282334308
34.4,870.0038617212833
34.6,869.7025505862887
34.8,869.3908406578723
35.0,869.0684721412795
35.2,868.7351796411903
35.4,868.390692189171
35.6,868.0347332750388
35.8,867.667020882208
36.0,867.2872675270805
36.2,866.8951803025233
36.4,866.4904609254761
36.6,866.0728057887109
36.8,865.6419060167619
37.0,865.1974475260265
37.2,864.7391110890294
37.4,864.2665724028293
37.6,863.7795021615347
37.8,863.2775661328811
38.0,862.760425238815
38.2,862.2277356400091
38.4,861.67914882423
38.6,861.1143116984575
38.8,860.5328666846515
39.0,859.9344518190417
39.2,859.3187008548101
39.4,858.6852433680207
39.6,858.0337048666375
39.8,857.3637069024687
40.0,856.6748671858513
40.2,855.9667997028937
40.4,855.2391148350735
40.6,854.4914194809816
40.8,853.7233171799982
41.0,852.9344082376715
41.2,852.1242898525675
41.4,851.29255624435
41.6,850.4387987828438
41.8,849.5626061178283
42.0,848.6635643093047
42.2,847.741256957976
42.4,846.7952653356749
42.6,845.8251685154726
42.8,844.8305435012026
43.0,843.8109653561288
43.2,842.7660073304909
43.4,841.6952409876614
43.6,840.5982363286481
43.8,839.474561914683
44.0,838.3237849876396
44.2,837.1454715880265
44.4,835.939186670314
44.6,834.7044942153518
44.8,833.4409573396488
45.0,832.1481384012933
45.2,830.8255991022993
45.4,829.4729005871792
45.6,828.0896035375481
45.8,826.6752682625852
46.0,825.2294547851833
46.2,823.7517229236332
46.4,822.2416323687057
46.6,820.698742756004
46.8,819.1226137334804
47.0,817.5128050240206
47.2,815.8688764830193
47.4,814.1903881508846
47.6,812.4769003004258
47.8,810.7279734790986
48.0,808.9431685460938
48.2,807.1220467042767
48.4,805.264169527001
48.6,803.3690989798349
48.8,801.4363974372602
49.0,799.4656276944144
49.2,797.4563529739698
49.4,795.4081369282545
49.6,793.3205436367381
49.8,791.1931375990218
50.0,789.0254837234852
