0.0,855.7419945467964
0.2,856.42343997443
0.4,857.0897045065618
0.6,857.740988789694
0.8,858.3774936653808
1.0,858.9994201449874
1.2,859.6069693826539
1.4,860.2003426464495
1.6,860.779741287709
1.8,861.3453667085536
2.0,861.897420327598
2.2,862.4361035438641
2.4,862.9616176989175
2.6,863.4741640372584
2.8,863.973943665
3.0,864.4611575068777
3.2,864.9360062616366
3.4,865.3986903558529
3.6,865.8494098962494
3.8,866.2883646205731
4.0,866.7157538471067
4.2,867.1317764228917
4.4,867.5366306707477
4.6,867.9305143351744
4.8,868.3136245272273
5.0,868.6861576684671
5.2,869.0483094340792
5.4,869.4002746952685
5.6,869.7422474610352
5.8,870.0744208194412
6.0,870.3969868784776
6.2,870.7101367066455
6.4,871.0140602733665
6.6,871.3089463893361
6.8,871.5949826469366
7.0,871.8723553608254
7.2,872.1412495088153
7.4,872.4018486731603
7.6,872.6543349823621
7.8,872.8988890536106
8.0,873.1356899359682
8.2,873.3649150544085
8.4,873.5867401548123
8.6,873.8013392500304
8.8,874.0088845671078
9.0,874.2095464957705
9.2,874.4034935382665
9.4,874.5908922606511
9.6,874.7719072456008
9.8,874.9467010468389
10.0,875.1154341452461
10.2,875.2782649067285
10.4,875.4353495419102
10.6,875.5868420677095
10.8,875.7328942708555
11.0,875.8736556733951
11.2,876.0092735002349
11.4,876.1398926487559
11.6,876.2656556605361
11.8,876.3867026952071
12.0,876.5031715064657
12.2,876.6151974202595
12.4,876.7229133151521
12.6,876.8264496048778
12.8,876.9259342230787
13.0,877.0214926102243
13.2,877.1132477026945
13.4,877.201319924014
13.6,877.2858271782133
13.8,877.3668848452867
14.0,877.4446057787188
14.2,877.5191003050373
14.4,877.5904762253538
14.6,877.6588388188421
14.8,877.7242908481082
15.0,877.7869325663921
15.2,877.8468617265455
15.4,877.9041735917228
15.6,877.958960947719
15.8,878.0113141168865
16.0,878.0613209735578
16.2,878.1090669609015
16.4,878.1546351091321
16.6,878.1981060549974
16.8,878.2395580624604
17.0,878.2790670444926
17.2,878.3167065858961
17.4,878.3525479670675
17.6,878.3866601886167
17.8,878.4191099967546
18.0,878.4499619093604
18.2,878.479278242639
18.4,878.5071191382847
18.6,878.5335425910549
18.8,878.5586044766742
19.0,878.582358579974
19.2,878.6048566231852
19.4,878.6261482942961
19.6,878.6462812753896
19.8,878.6653012708779
20.0,878.6832520355492
20.2,878.7001754023503
20.4,878.7161113098188
20.6,878.7310978290947
20.8,878.7451711904315
21.0,878.7583658091354
21.2,878.7707143108597
21.4,878.782247556189
21.6,878.7929946644438
21.8,878.8029830366439
22.0,878.812238377569
22.2,878.8207847168579
22.4,878.8286444290934
22.6,878.8358382528164
22.8,878.842385308425
23.0,878.8483031149077
23.2,878.8536076053709
23.4,878.8583131413199
23.6,878.8624325256553
23.8,878.8659770143553
24.0,878.868956326808
24.2,878.8713786547736
24.4,878.8732506699492
24.6,878.8745775301172
24.8,878.8753628838614
25.0,878.8756088738388
25.2,878.8753161385961
25.4,878.8744838129257
25.6,878.8731095267601
25.8,878.8711894026037
26.0,878.8687180515084
26.2,878.8656885676015
26.4,878.8620925211751
26.6,878.8579199503548
26.8,878.8531593513659
27.0,878.8477976674179
27.2,878.8418202762335
27.4,878.8352109762524
27.6,878.8279519715393
27.8,878.8200238554344
28.0,878.811405592984
28.2,878.802074502192
28.4,878.7920062341412
28.6,878.7811747520285
28.8,878.7695523091681
29.0,878.757109426017
29.2,878.743814866277
29.4,878.7296356121384
29.6,878.7145368387233
29.8,878.6984818877968
30.0,878.6814322408133
30.2,878.6633474913675
30.4,878.6441853171237
30.6,878.6239014512981
30.8,878.60244965377
31.0,878.5797816819022
31.2,878.5558472611497
31.4,878.5305940555397
31.6,878.5039676381061
31.8,878.4759114613632
32.0,878.4463668279054
32.2,878.415272861219
32.4,878.3825664767938
32.6,878.3481823536225
32.8,878.3120529061786
33.0,878.2741082569572
33.2,878.2342762096716
33.4,878.1924822231921
33.6,878.1486493863142
33.8,878.1026983934453
34.0,878.0545475212934
34.2,878.0041126066469
34.4,877.9513070253229
34.6,877.8960416723726
34.8,877.8382249436193
35.0,877.7777627186075
35.2,877.7145583450414
35.4,877.6485126247813
35.6,877.5795238014724
35.8,877.5074875498692
36.0,877.4322969669226
36.2,877.353842564686
36.4,877.2720122651015
36.6,877.1866913967148
36.8,877.0977626933683
37.0,877.0051062949187
37.2,876.9085997500146
37.4,876.8081180209715
37.6,876.7035334907752
37.8,876.5947159722347
38.0,876.4815327193076
38.2,876.3638484406123
38.4,876.2415253151345
38.6,876.1144230101323
38.8,875.9823987012394
39.0,875.8453070947562
39.2,875.7030004521187
39.4,875.5553286165228
39.6,875.402139041684
39.8,875.2432768226963
40.0,875.0785847289616
40.2,874.9079032391408
40.4,874.7310705780855
40.6,874.547922755694
40.8,874.3582936076363
41.0,874.1620148378831
41.2,873.9589160629736
41.4,873.7488248579455
41.6,873.531566803853
41.8,873.3069655367904
42.0,873.074842798332
42.2,872.8350184873033
42.4,872.5873107127841
42.6,872.3315358482513
42.8,872.0675085867574
43.0,871.7950419970423
43.2,871.513947580474
43.4,871.2240353287092
43.6,870.9251137819635
43.8,870.6169900877812
44.0,870.2994700601922
44.2,869.9723582391437
44.4,869.6354579500913
44.6,869.2885713636399
44.8,868.9314995551186
45.0,868.5640425639796
45.2,868.185999452911
45.4,867.7971683665537
45.6,867.397346589715
45.8,866.9863306049784
46.0,866.5639161496033
46.2,866.1298982716202
46.4,865.684071385025
46.6,865.2262293239829
46.8,864.756165395954
47.0,864.2736724336604
47.2,863.778542845818
47.4,863.2705686665598
47.6,862.7495416034857
47.8,862.2152530842797
48.0,861.6674943018375
48.2,861.1060562578582
48.4,860.5307298048583
48.6,859.9413056865717
48.8,859.3375745767082
49.0,858.7193271160495
49.2,858.0863539478657
49.4,857.4384457516477
49.6,856.775393275152
49.8,856.0969873647668
50.0,855.4030189942104
