0.0,778.2327570908905
0.2,780.1939036299202
0.4,782.1281968299062
0.6,784.036963117007
0.8,785.9213860306736
1.0,787.7825051994756
1.2,789.6212170450962
1.4,791.4382771611384
1.6,793.2343042824045
1.8,795.009785731992
2.0,796.7650842085758
2.2,798.5004457551937
2.4,800.2160087341442
2.6,801.9118136205478
2.8,803.5878134198405
3.0,805.2438845119555
3.2,806.8798377270517
3.4,808.4954294640913
3.6,810.0903726739294
3.8,811.664347542394
4.0,813.2170117254997
4.2,814.7480100078654
4.4,816.2569832759207
4.6,817.7435767189543
4.8,819.207447192845
5.0,820.6482697028214
5.2,822.0657429822875
5.4,823.4595941641613
5.6,824.8295825588939
5.8,826.1755025690838
6.0,827.4971857841318
6.2,828.7945023095753
6.4,830.0673613945391
6.6,831.315711427171
6.8,832.5395393720725
7.0,833.738869725755
7.2,834.9137630662232
7.4,836.0643142711473
7.6,837.1906504759867
7.8,838.292928839119
8.0,839.3713341757939
8.2,840.4260765168038
8.4,841.4573886414095
8.6,842.465523627485
8.8,843.4507524552558
9.0,844.4133616945701
9.2,845.3536512994996
9.4,846.2719325283375
9.6,847.168526001813
9.8,848.0437599076465
10.0,848.8979683554537
10.2,849.7314898824733
10.4,850.5446661076471
10.6,851.337840529188
10.8,852.111357458901
11.0,852.8655610851315
11.2,853.6007946552521
11.4,854.3173997680055
11.6,855.0157157657612
11.8,855.6960792167386
12.0,856.3588234774688
12.2,857.0042783261596
12.4,857.6327696581382
12.6,858.2446192351603
12.8,858.8401444810297
13.0,859.4196583166708
13.2,859.9834690284905
13.4,860.5318801645525
13.6,861.065190453749
13.8,861.5836937437715
14.0,862.0876789542647
14.2,862.5774300420759
14.4,863.0532259759882
14.6,863.5153407187576
14.8,863.9640432146473
15.0,864.399597380986
15.2,864.8222621025616
15.4,865.2322912279019
15.6,865.6299335667117
15.8,866.0154328878946
16.0,866.3890279177449
16.2,866.7509523380049
16.4,867.1014347835828
16.6,867.4406988398002
16.8,867.768963039099
17.0,868.0864408571841
17.2,868.3933407086131
17.4,868.6898659418692
17.6,868.9762148339693
17.8,869.2525805846742
18.0,869.5191513103732
18.2,869.7761100377156
18.4,870.023634697064
18.6,870.2618981158428
18.8,870.491068011846
19.0,870.7113069865716
19.2,870.9227725186329
19.4,871.1256169573035
19.6,871.3199875162335
19.8,871.506026267379
20.0,871.6838701351718
20.2,871.8536508909566
20.4,872.0154951477124
20.6,872.1695243550735
20.8,872.3158547946581
21.0,872.454597575708
21.2,872.5858586310403
21.4,872.7097387133082
21.6,872.8263333915639
21.8,872.9357330481149
22.0,873.0380228756629
22.2,873.1332828747127
22.4,873.2215878512355
22.6,873.3030074145744
22.8,873.3776059755726
23.0,873.4454427449118
23.2,873.5065717316434
23.4,873.561041741895
23.6,873.608896377741
23.8,873.650174036218
24.0,873.6849079084766
24.2,873.7131259790526
24.4,873.7348510252509
24.6,873.7501006166286
24.8,873.7588871145726
25.0,873.7612176719637
25.2,873.7570942329232
25.4,873.7465135326395
25.6,873.7294670972732
25.8,873.7059412439427
26.0,873.6759170807921
26.2,873.6393705071479
26.4,873.5962722137676
26.6,873.5465876831929
26.8,873.4902771902133
27.0,873.4272958024541
27.2,873.3575933811
27.4,873.2811145817691
27.6,873.1977988555515
27.8,873.1075804502299
28.0,873.0103884116961
28.2,872.9061465855837
28.4,872.7947736191304
28.6,872.6761829632904
28.8,872.55028287511
29.0,872.416976420385
29.2,872.2761614766122
29.4,872.1277307362487
29.6,871.971571710292
29.8,871.8075667321846
30.0,871.6355929620561
30.2,871.4555223912995
30.4,871.2672218474842
30.6,871.0705529996002
30.8,870.8653723636232
31.0,870.6515313083876
31.2,870.4288760617469
31.4,870.1972477169974
31.6,869.9564822395321
31.8,869.7064104736904
32.0,869.4468581497583
32.2,869.1776458910723
32.4,868.8985892211713
32.6,868.6094985709383
32.8,868.3101792856709
33.0,868.0004316320152
33.2,867.6800508046992
33.4,867.3488269330072
33.6,867.0065450869406
33.8,866.6529852830241
34.0,866.2879224897343
34.2,865.9111266325538
34.4,865.5223625986872
34.6,865.1213902415242
34.8,864.7079643849926
35.0,864.2818348280213
35.2,863.8427463494287
35.4,863.3904387136681
35.6,862.9246466780043
35.8,862.4451000018705
36.0,861.9515234593549
36.2,861.4436368560135
36.4,860.921155051483
36.6,860.3837879896975
36.8,859.8312407388855
37.0,859.2632135439454
37.2,858.6794018942685
37.4,858.0794966106073
37.6,857.4631839551507
37.8,856.8301457695876
38.0,856.1800596465869
38.2,855.5125991408021
38.4,854.8274340261976
38.6,854.1242306071736
38.8,853.4026520916265
39.0,852.6623590346751
39.2,851.9030098622958
39.4,851.1242614844903
39.6,850.3257700078291
39.8,849.5071915572081
40.0,848.6681832163955
40.2,847.8084040963603
40.4,846.9275165394241
40.6,846.0251874658978
40.8,845.1010898680188
41.0,844.1549044536387
41.2,843.1863214391992
41.4,842.1950424880425
41.6,841.1807827860321
41.8,840.1432732418205
42.0,839.0822627939152
42.2,837.9975208010272
42.4,836.888839486116
42.6,835.7560363981845
42.8,834.5989568493583
43.0,833.4174762782887
43.2,832.211502484627
43.4,830.980977673459
43.6,829.725880243408
43.8,828.4462262478409
44.0,827.1420704555469
44.2,825.8135069356159
44.4,824.4606690913081
44.6,823.083729069676
44.8,821.6828964777848
45.0,820.2584163427058
45.2,818.8105662611337
45.4,817.3396526955158
45.6,815.8460063869327
45.8,814.3299768705023
46.0,812.7919260965737
46.2,811.2322211801301
46.4,809.6512263212471
46.6,808.0492939606897
46.8,806.4267552562361
47.0,804.7839099865242
47.2,803.1210160094797
47.4,801.4382784210762
47.6,799.7358385766565
47.8,798.0137631506889
48.0,796.272033421094
48.2,794.5105349706539
48.4,792.7290480001201
48.6,790.9272384451804
48.8,789.1046500822908
49.0,787.2606977964934
49.2,785.3946621678839
49.4,783.5056855126383
49.6,781.5927694898826
49.8,779.6547743577585
50.0,777.6904199314885
