0.0,769.0174106870236
0.2,771.2645926294504
0.4,773.4708443079479
0.6,775.6371032750943
0.8,777.7642825698872
1.0,779.8532699628444
1.2,781.9049273135229
1.4,783.9200900419058
1.6,785.8995667143231
1.8,787.8441387437914
2.0,789.7545602038954
2.2,791.63155775458
2.4,793.475830677502
2.6,795.2880510179054
2.8,797.0688638293196
3.0,798.818887516783
3.2,800.5387142737258
3.4,802.2289106071385
3.6,803.8900179451991
3.8,805.5225533211388
4.0,807.1270101267887
4.2,808.7038589289834
4.4,810.2535483417854
4.6,811.7765059473505
4.8,813.2731392581725
5.0,814.743836713425
5.2,816.1889687021563
5.4,817.6088886061909
5.6,819.0039338557408
5.8,820.3744269909306
6.0,821.7206767226927
6.2,823.0429789867751
6.4,824.3416179849398
6.6,825.6168672077894
6.8,826.8689904340555
7.0,828.0982427015969
7.2,829.3048712457922
7.4,830.4891164014613
7.6,831.6512124649079
7.8,832.7913885131402
8.0,833.9098691777868
8.2,835.0068753716854
8.4,836.0826249665696
8.6,837.1373334207206
8.8,838.1712143558628
9.0,839.1844800829963
9.2,840.1773420772313
9.4,841.1500114020505
9.6,842.1026990837566
9.8,843.0356164371649
10.0,843.9489753438766
10.2,844.8429884847172
10.4,845.7178695281378
10.6,846.5738332765645
10.8,847.411095772843
11.0,848.2298743690484
11.2,849.0303877600336
11.4,849.8128559841658
11.6,850.5775003937439
11.8,851.3245435976152
12.0,852.0542093785144
12.2,852.7667225876221
12.4,853.4623090188026
12.6,854.1411952649313
12.8,854.8036085586382
13.0,855.4497765997203
13.2,856.0799273713719
13.4,856.6942889472808
13.6,857.2930892915194
13.8,857.8765560530451
14.0,858.4449163564949
14.2,858.9983965908374
14.4,859.5372221973105
14.6,860.0616174579528
14.8,860.5718052858999
15.0,861.0680070184991
15.2,861.5504422141732
15.4,862.0193284538419
15.6,862.4748811476019
15.8,862.9173133472574
16.0,863.3468355651896
16.2,863.7636555999617
16.4,864.1679783689647
16.6,864.5600057483288
16.8,864.9399364202505
17.0,865.3079657278139
17.2,865.6642855373278
17.4,866.0090841081425
17.6,866.34254596986
17.8,866.6648518068131
18.0,866.9761783496488
18.2,867.2766982738198
18.4,867.5665801047658
18.6,867.8459881295423
18.8,868.1150823146379
19.0,868.3740182297109
19.2,868.6229469769648
19.4,868.8620151258807
19.6,869.0913646530169
19.8,869.3111328865946
20.0,869.5214524555812
20.2,869.722451242998
20.4,869.9142523431785
20.6,870.0969740227149
20.8,870.2707296848395
21.0,870.4356278369962
21.2,870.5917720613722
21.4,870.7392609881663
21.6,870.8781882713886
21.8,871.0086425669913
22.0,871.1307075131513
22.2,871.2444617125278
22.4,871.3499787163415
22.6,871.4473270101217
22.8,871.5365700009912
23.0,871.6177660063632
23.2,871.6909682439356
23.4,871.7562248228842
23.6,871.8135787361609
23.8,871.8630678538171
24.0,871.9047249172792
24.2,871.9385775345161
24.4,871.9646481760449
24.6,871.9829541717289
24.8,871.9935077083363
25.0,871.9963158278287
25.2,871.9913804263622
25.4,871.9786982539907
25.6,871.9582609150671
25.8,871.9300548693492
26.0,871.8940614338225
26.2,871.8502567852615
26.4,871.7986119635597
26.6,871.7390928758651
26.8,871.6716603015693
27.0,871.5962698982029
27.2,871.5128722083062
27.4,871.4214126673448
27.6,871.3218316127563
27.8,871.2140642942211
28.0,871.0980408852622
28.2,870.9736864962903
28.4,870.8409211892174
28.6,870.6996599937812
28.8,870.5498129257261
29.0,870.3912850070076
29.2,870.2239762881887
29.4,870.0477818732203
29.6,869.8625919468004
29.8,869.6682918045275
30.0,869.4647618860679
30.2,869.2518778115746
30.4,869.0295104216032
30.6,868.7975258207817
30.8,868.555785425501
31.0,868.3041460158989
31.2,868.0424597924206
31.4,867.7705744372406
31.6,867.4883331808373
31.8,867.1955748740071
32.0,866.8921340656091
32.2,866.577841086322
32.4,866.2525221386878
32.6,865.9159993937056
32.8,865.5680910942206
33.0,865.2086116653344
33.2,864.8373718320382
33.4,864.4541787442361
33.6,864.0588361092913
33.8,863.6511443321896
34.0,863.2309006633592
34.2,862.7978993541368
34.4,862.3519318198081
34.6,861.8927868100798
34.8,861.4202505867705
35.0,860.9341071084236
35.2,860.434138221456
35.4,859.9201238573668
35.6,859.3918422354246
35.8,858.849070070148
36.0,858.2915827827808
36.2,857.7191547158478
36.4,857.1315593497544
36.6,856.5285695202683
36.8,855.9099576356007
37.0,855.275495891666
37.2,854.6249564839819
37.4,853.9581118145388
37.6,853.2747346918425
37.8,852.5745985222206
38.0,851.8574774903625
38.2,851.1231467269591
38.4,850.3713824612148
38.6,849.6019621559107
38.8,848.8146646226355
39.0,848.0092701147354
39.2,847.1855603954971
39.4,846.3433187790569
39.6,845.4823301415278
39.8,844.6023808998552
40.0,843.7032589559623
40.2,842.7847536038121
40.4,841.846655397114
40.6,840.8887559755259
40.8,839.9108478473552
41.0,838.9127241269509
41.2,837.8941782251825
41.4,836.8550034916489
41.6,835.7949928075291
41.8,834.7139381282827
42.0,833.6116299757389
42.2,832.4878568794554
42.4,831.3424047676137
42.6,830.1750563081027
42.8,828.9855902008657
43.0,827.7737804230114
43.2,826.5393954286365
43.4,825.282197305753
43.6,824.0019408931784
43.8,822.6983728606957
44.0,821.3712307562489
44.2,820.0202420243785
44.4,818.645123000537
44.6,817.2455778863336
44.8,815.8212977111475
45.0,814.3719592859061
45.2,812.8972241551586
45.4,811.396737553857
45.6,809.8701273755103
45.8,808.3170031585776
46.0,806.7369550981117
46.2,805.1295530897728
46.4,803.4943458133637
46.6,801.8308598630257
46.8,800.1385989311566
47.0,798.417043052971
47.2,796.6656479184236
47.4,794.8838442579492
47.6,793.0710373081527
47.8,791.2266063631919
48.0,789.3499044171564
48.2,787.4402579022474
48.4,785.4969665270115
48.6,783.5193032182893
48.8,781.506514169894
49.0,779.4578190003655
49.2,777.3724110214326
49.4,775.2494576180821
49.6,773.0881007403857
49.8,770.8874575064673
50.0,768.6466209152261
