0.0,757.1293447625773
0.2,759.7090871894978
0.4,762.2323405084833
0.6,764.7008177955831
0.8,767.116178132727
1.0,769.4800252318691
1.2,771.7939064199008
1.4,774.0593119803999
1.6,776.2776748435855
1.8,778.4503706114558
2.0,780.5787179010985
2.2,782.663978985645
2.4,784.7073607093648
2.6,786.7100156509933
2.8,788.6730435075893
3.0,790.5974926700295
3.2,792.4843619606601
3.4,794.3346025036145
3.6,796.1491196988304
3.8,797.9287752718092
4.0,799.6743893725933
4.2,801.3867426992359
4.4,803.0665786231082
4.6,804.7146052956878
4.8,806.3314977189038
5.0,807.9178997636177
5.2,809.4744261233348
5.4,811.0016641927011
5.6,812.500175862704
5.8,813.9704992267114
6.0,815.4131501935273
6.2,816.8286240054857
6.4,818.2173966612189
6.6,819.5799262441458
6.8,820.916654158888
7.0,822.2280062787773
7.2,823.51439400835
7.4,824.776215265272
7.6,826.0138553865008
7.8,827.2276879636914
8.0,828.4180756129274
8.2,829.585370683806
8.4,830.7299159127676
8.6,831.8520450253391
8.8,832.9520832916934
9.0,834.0303480396171
9.2,835.0871491286404
9.4,836.1227893887469
9.6,837.1375650267349
9.8,838.1317660029672
10.0,839.1056763809358
10.2,840.0595746517657
10.4,840.9937340355165
10.6,841.9084227608944
10.8,842.8039043247738
11.0,843.6804377327356
11.2,844.5382777216712
11.4,845.3776749653623
11.6,846.1988762638364
11.8,847.002124717201
12.0,847.7876598845919
12.2,848.5557179288088
12.4,849.3065317471742
12.6,850.0403310891157
12.8,850.7573426609572
13.0,851.4577902183826
13.2,852.1418946470408
13.4,852.8098740317477
13.6,853.4619437147496
13.8,854.0983163435143
14.0,854.7192019085171
14.2,855.3248077715028
14.4,855.9153386847015
14.6,856.4909968014847
14.8,857.0519816789516
15.0,857.5984902729376
15.2,858.1307169259344
15.4,858.6488533484139
15.6,859.1530885940451
15.8,859.6436090292816
16.0,860.1205982978017
16.2,860.5842372802641
16.4,861.0347040498411
16.6,861.472173823972
16.8,861.8968189127742
17.0,862.3088086645299
17.2,862.7083094086538
17.4,863.0954843965309
17.6,863.4704937405974
17.8,863.8334943520193
18.0,864.1846398773062
18.2,864.5240806341799
18.4,864.8519635469978
18.6,865.1684320820151
18.8,865.4736261827493
19.0,865.7676822056931
19.2,866.0507328566036
19.4,866.3229071275806
19.6,866.584330235124
19.8,866.8351235593508
20.0,867.0754045845312
20.2,867.3052868410886
20.4,867.5248798491969
20.6,867.7342890640904
20.8,867.9336158231913
21.0,868.1229572951465
21.2,868.3024064308529
21.4,868.4720519165425
21.6,868.6319781289862
21.8,868.7822650928665
22.0,868.9229884403617
22.2,869.0542193729783
22.4,869.176024625658
22.6,869.2884664331833
22.8,869.391602498899
23.0,869.4854859657623
23.2,869.5701653897322
23.4,869.6456847155035
23.6,869.71208325459
23.8,869.7693956657585
24.0,869.8176519378147
24.2,869.8568773747412
24.4,869.887092583184
24.6,869.9083134622896
24.8,869.9205511958908
25.0,869.9238122470385
25.2,869.9180983548822
25.4,869.9034065338977
25.6,869.8797290754652
25.8,869.8470535517965
26.0,869.8053628222195
26.2,869.7546350418177
26.4,869.6948436724335
26.6,869.6259574960375
26.8,869.5479406304685
27.0,869.4607525475498
27.2,869.3643480935834
27.4,869.25867751223
27.6,869.1436864697685
27.8,869.019316082743
28.0,868.8855029479901
28.2,868.7421791750394
28.4,868.5892724208837
28.6,868.4267059270982
28.8,868.2543985592953
29.0,868.0722648488879
29.2,867.8802150371308
29.4,867.6781551214024
29.6,867.4659869036789
29.8,867.2436080411477
30.0,867.0109120988927
30.2,866.7677886045772
30.4,866.514123105036
30.6,866.249797224679
30.8,865.9746887255918
31.0,865.6886715692075
31.2,865.3916159794096
31.4,865.0833885069093
31.6,864.7638520947236
31.8,864.4328661445677
32.0,864.090286583954
32.2,863.7359659337756
32.4,863.3697533761311
32.6,862.9914948221342
32.8,862.6010329794261
33.0,862.1982074190987
33.2,861.7828546417093
33.4,861.3548081420583
33.6,860.913898472375
33.8,860.4599533035449
34.0,859.9927974839937
34.2,859.5122530958241
34.4,859.0181395077914
34.6,858.5102734246844
34.8,857.9884689326691
35.0,857.4525375401378
35.2,856.9022882135971
35.4,856.3375274081218
35.6,855.7580590918888
35.8,855.163684764305
36.0,854.5542034672374
36.2,853.9294117888479
36.4,853.2891038595438
36.6,852.633071339543
36.8,851.9611033975657
37.0,851.272986680163
37.2,850.5685052711929
37.4,849.8474406409651
37.6,849.1095715845693
37.8,848.3546741489071
38.0,847.5825215479475
38.2,846.7928840657119
38.4,845.9855289464907
38.6,845.1602202717688
38.8,844.3167188233134
39.0,843.4547819318351
39.2,842.5741633105819
39.4,841.6746128731589
39.6,840.755876534778
39.8,839.8176959960347
40.0,838.8598085081802
40.2,837.8819466186999
40.4,836.8838378958229
40.6,835.8652046303815
40.8,834.8257635131861
41.0,833.7652252858179
41.2,832.6832943624328
41.4,831.579668419843
41.6,830.4540379527901
41.8,829.3060857909538
42.0,828.1354865738597
42.2,826.9419061794704
42.4,825.7250011018755
42.6,824.4844177731521
42.8,823.2197918241698
43.0,821.9307472788724
43.2,820.6168956764155
43.4,819.2778351154806
43.6,817.9131492151657
43.8,816.5224059870773
44.0,815.1051566136437
44.2,813.6609341282731
44.4,812.1892519937821
44.6,810.6896025765712
44.8,809.1614555153038
45.0,807.6042559843862
45.2,806.017422854319
45.4,804.4003467530217
45.6,802.752388034466
45.8,801.0728746633868
46.0,799.3611000274392
46.2,797.6163206908627
46.4,795.837754106475
46.6,794.0245763055693
46.8,792.1759195879533
47.0,790.2908702368892
47.2,788.3684662859745
47.4,786.4076953669701
47.6,784.407492669162
47.8,782.3667390419548
48.0,780.2842592729703
48.2,778.1588205739254
48.4,775.9891313059203
48.6,773.7738399744754
48.8,771.5115345226956
49.0,769.2007419483122
49.2,766.8399282671046
49.4,764.4274988413562
49.6,761.9617990876404
49.8,759.4411155734324
50.0,756.8636775068957
