0.0,776.6825644895483
0.2,778.7119700210404
0.4,780.7091694152667
0.6,782.6753678809495
0.8,784.6116858720974
1.0,786.5191577445061
1.2,788.3987311798021
1.4,790.2512673671736
1.6,792.0775419224886
1.8,793.8782465146044
2.0,795.6539911594816
2.2,797.4053071344208
2.4,799.1326504574558
2.6,800.8364058707878
2.8,802.5168912622244
3.0,804.1743624549257
3.2,805.8090182934144
3.4,807.4210059527475
3.6,809.0104263979595
3.8,810.577339922303
4.0,812.1217716953533
4.2,813.6437172556024
4.4,815.1431478866355
4.6,816.6200158212062
4.8,818.074259223378
5.0,819.5058069052278
5.2,820.9145827412492
5.4,822.300509750421
5.6,823.6635138227552
5.8,825.003527073896
6.0,826.3204908178653
6.2,827.6143581542508
6.4,828.8850961718952
6.6,830.1326877764183
6.8,831.3571331536043
7.0,832.5584508847836
7.2,833.7366787338053
7.4,834.8918741280215
7.6,836.0241143578909
7.8,837.1334965213752
8.0,838.2201372402837
8.2,839.2841721761457
8.4,840.3257553731172
8.6,841.3450584549076
8.8,842.3422697017926
9.0,843.3175930325356
9.2,844.2712469145214
9.4,845.2034632236769
9.6,846.1144860738684
9.8,847.004570633483
10.0,847.8739819448643
10.2,848.7229937602351
10.4,849.5518874057308
10.6,850.3609506832286
10.8,851.1504768178138
11.0,851.920763456998
11.2,852.6721117262117
11.4,853.4048253436509
11.6,854.1192097962602
11.8,854.8155715775041
12.0,855.4942174865955
12.2,856.1554539880163
12.4,856.7995866294863
12.6,857.4269195159794
12.8,858.0377548369678
13.0,858.6323924437556
13.2,859.2111294735622
13.4,859.7742600168885
13.6,860.3220748246631
13.8,860.8548610516814
14.0,861.3729020329345
14.2,861.8764770895401
14.4,862.3658613611448
14.6,862.8413256618466
14.8,863.303136356883
15.0,863.7515552575385
15.2,864.1868395319367
15.4,864.6092416295962
15.6,865.0190092178369
15.8,865.4163851283251
16.0,865.801607312238
16.2,866.1749088027051
16.4,866.5365176833579
16.6,866.8866570619674
16.8,867.2255450482911
17.0,867.5533947353825
17.2,867.870414183723
17.4,868.1768064076407
17.6,868.4727693635721
17.8,868.7584959397936
18.0,869.0341739473233
18.2,869.2999861117472
18.4,869.5561100657762
18.6,869.8027183423776
18.8,870.0399783683634
19.0,870.2680524583448
19.2,870.4870978089835
19.4,870.697266493494
19.6,870.8987054563588
19.8,871.0915565082402
20.0,871.2759563210687
20.2,871.4520364233066
20.4,871.6199231953811
20.6,871.7797378652908
20.8,871.9315965043858
21.0,872.0756100233268
21.2,872.2118841682284
21.4,872.3405195169883
21.6,872.4616114758076
21.8,872.5752502759043
22.0,872.6815209704206
22.2,872.7805034315259
22.4,872.8722723477135
22.6,872.9568972212913
22.8,873.0344423660612
23.0,873.104966905187
23.2,873.1685247692449
23.4,873.2251646944542
23.6,873.2749302210815
23.8,873.3178596920155
24.0,873.3539862515082
24.2,873.3833378440756
24.4,873.4059372135571
24.6,873.4218019023283
24.8,873.4309442506633
25.0,873.4333713962465
25.2,873.4290852738309
25.4,873.418082615041
25.6,873.4003549483231
25.8,873.3758885990397
26.0,873.3446646897148
26.2,873.3066591404266
26.4,873.261842669356
26.6,873.2101807934911
26.8,873.1516338294938
27.0,873.0861568947331
27.2,873.0136999084914
27.4,872.9342075933464
27.6,872.8476194767388
27.8,872.7538698927285
28.0,872.6528879839453
28.2,872.5445977037418
28.4,872.4289178185509
28.6,872.305761910453
28.8,872.1750383799579
29.0,872.036650449003
29.2,871.8904961641712
29.4,871.7364684001288
29.6,871.5744548632847
29.8,871.4043380956706
30.0,871.2259954790433
30.2,871.0392992392061
30.4,870.8441164505537
30.6,870.6403090408373
30.8,870.4277337961593
31.0,870.2062423662004
31.2,869.975681269695
31.4,869.7358919001722
31.6,869.4867105319925
31.8,869.227968326718
32.0,868.9594913398762
32.2,868.681100528187
32.4,868.3926117573553
32.6,868.0938358105531
32.8,867.7845783977532
33.0,867.4646401661198
33.2,867.133816711704
33.4,866.7918985927556
33.6,866.4386713450283
33.8,866.0739154995294
34.0,865.697406603259
34.2,865.3089152435757
34.4,864.9082070769493
34.6,864.4950428629776
34.8,864.0691785046884
35.0,863.6303650962993
35.2,863.1783489797743
35.4,862.7128718116949
35.6,862.2336706421522
35.8,861.7404780075657
36.0,861.2330220395411
36.2,860.7110265920901
36.4,860.1742113897453
36.6,859.6222921993057
36.8,859.0549810281478
37.0,858.471986352212
37.2,857.8730133769269
37.4,857.2577643344537
37.6,856.6259388207089
37.8,855.9772341756445
38.0,855.3113459102241
38.2,854.6279681834139
38.4,853.9267943322997
38.6,853.207517458131
38.8,852.4698310706794
39.0,851.7134297927444
39.2,850.9380101259666
39.4,850.1432712782901
39.6,849.3289160524374
39.8,848.494651793642
40.0,847.640191393604
40.2,846.7652543462049
40.4,845.8695678489394
40.6,844.9528679423207
40.8,844.014900677685
41.0,843.055423301904
41.2,842.074205445531
41.4,841.0710302988809
41.6,840.0456957585359
41.8,838.9980155247986
42.0,837.9278201287533
42.2,836.8349578658765
42.4,835.7192956116364
42.6,834.5807194932818
42.8,833.4191353911077
43.0,832.2344692419645
43.2,831.0266671176917
43.4,829.7956950515755
43.6,828.5415385868856
43.8,827.2642020230851
44.0,825.9637073374638
44.2,824.6400927627203
44.4,823.2934110044365
44.6,821.9237270864254
44.8,820.5311158165764
45.0,819.1156588710068
45.2,817.6774415000301
45.4,816.216548865559
45.6,814.7330620260057
45.8,813.2270535914071
46.0,811.6985830782731
46.2,810.1476920003844
46.4,808.5743987383426
46.6,806.9786932369143
46.8,805.3605315849991
47.0,803.7198305382159
47.2,802.0564620485177
47.4,800.3702478687703
47.6,798.6609543027496
47.8,796.9282871724216
48.0,795.1718870745947
48.2,793.3913249979998
48.4,791.5860983695535
48.6,789.7556275949667
48.8,787.8992531540117
49.0,786.0162333047143
49.2,784.105742443561
49.4,782.1668701606399
49.6,780.1986210195798
49.8,778.1999150823997
50.0,776.1695891890872
