0.0,857.3630269505803
0.2,858.023258737669
0.4,858.668275422695
0.6,859.2982799414245
0.8,859.9134756568408
1.0,860.5140663366294
1.2,861.1002561279349
1.4,861.672249529365
1.6,862.2302513602367
1.8,862.7744667270664
2.0,863.3051009873157
2.2,863.8223597104188
2.4,864.3264486361257
2.6,864.8175736302062
2.8,865.2959406375709
3.0,865.7617556328752
3.2,866.2152245686808
3.4,866.6565533212607
3.6,867.0859476341408
3.8,867.5036130594815
4.0,867.9097548974107
4.2,868.3045781334255
4.4,868.6882873739884
4.6,869.0610867804537
4.8,869.4231800014596
5.0,869.7747701039319
5.2,870.1160595028497
5.4,870.447249889926
5.6,870.7685421613631
5.8,871.0801363448417
6.0,871.3822315259092
6.2,871.6750257739346
6.4,871.958716067793
6.6,872.2334982214533
6.8,872.499566809633
7.0,872.7571150936917
7.2,873.006334947926
7.4,873.2474167864349
7.6,873.4805494907162
7.8,873.7059203381551
8.0,873.9237149315607
8.2,874.134117129905
8.4,874.3373089804119
8.6,874.5334706521388
8.8,874.7227803711928
9.0,874.9054143577101
9.2,875.0815467647283
9.4,875.2513496190703
9.6,875.4149927643537
9.8,875.5726438062327
10.0,875.7244680599696
10.2,875.8706285004301
10.4,876.0112857145832
10.6,876.1465978565831
10.8,876.2767206055001
11.0,876.4018071257611
11.2,876.5220080303477
11.4,876.6374713467977
11.6,876.748342486044
11.8,876.8547642141148
12.0,876.9568766267164
12.2,877.0548171267054
12.4,877.1487204044537
12.6,877.2387184210988
12.8,877.3249403946677
13.0,877.4075127890493
13.2,877.4865593057896
13.4,877.5622008786713
13.6,877.6345556710365
13.8,877.7037390758019
14.0,877.7698637181094
14.2,877.8330394605532
14.4,877.8933734109117
14.6,877.9509699323136
14.8,878.0059306557586
15.0,878.0583544949092
15.2,878.108337663068
15.4,878.1559736922452
15.6,878.201353454223
15.8,878.244565183519
16.0,878.2856945021437
16.2,878.3248244460491
16.4,878.3620354931621
16.6,878.3974055928907
16.8,878.4310101969953
17.0,878.4629222917118
17.2,878.4932124310119
17.4,878.5219487708888
17.6,878.5491971045533
17.8,878.5750208984246
18.0,878.5994813288032
18.2,878.6226373191114
18.4,878.6445455775876
18.6,878.6652606353235
18.8,878.6848348845325
19.0,878.7033186169392
19.2,878.7207600621833
19.4,878.7372054261317
19.6,878.7526989289927
19.8,878.7672828431347
20.0,878.7809975305051
20.2,878.7938814795566
20.4,878.8059713415839
20.6,878.8173019663815
20.8,878.827906437132
21.0,878.8378161044429
21.2,878.8470606194448
21.4,878.8556679658765
21.6,878.8636644910783
21.8,878.8710749358233
22.0,878.877922462915
22.2,878.8842286844891
22.4,878.890013687955
22.6,878.8952960605197
22.8,878.9000929122395
23.0,878.9044198975478
23.2,878.9082912352127
23.4,878.9117197266793
23.6,878.914716772758
23.8,878.9172923886214
24.0,878.9194552170776
24.2,878.9212125400924
24.4,878.9225702885328
24.6,878.9235330501131
24.8,878.9241040755229
25.0,878.9242852827281
25.2,878.9240772594286
25.4,878.9234792636717
25.6,878.9224892226165
25.8,878.9211037294497
26.0,878.9193180384596
26.2,878.9171260582762
26.4,878.9145203432898
26.6,878.9114920832645
26.8,878.908031091167
27.0,878.9041257892342
27.2,878.8997631933071
27.4,878.8949288954627
27.6,878.889607044979
27.8,878.8837803276704
28.0,878.8774299436388
28.2,878.8705355834844
28.4,878.863075403026
28.6,878.8550259965867
28.8,878.8463623688998
29.0,878.8370579056963
29.2,878.8270843430387
29.4,878.81641173547
29.6,878.8050084230465
29.8,878.7928409973331
30.0,878.7798742664338
30.2,878.7660712191455
30.4,878.7513929883124
30.6,878.7357988134762
30.8,878.7192460029046
31.0,878.7016898950995
31.2,878.6830838198747
31.4,878.6633790591051
31.6,878.6425248072492
31.8,878.6204681317445
32.0,878.5971539333868
32.2,878.5725249067964
32.4,878.5465215010826
32.6,878.5190818808163
32.8,878.4901418874238
33.0,878.4596350011133
33.2,878.4274923034496
33.4,878.3936424406895
33.6,878.3580115879935
33.8,878.3205234146288
34.0,878.2810990502774
34.2,878.2396570525611
34.4,878.1961133759006
34.6,878.1503813418141
34.8,878.1023716107701
35.0,878.0519921557011
35.2,877.9991482372807
35.4,877.9437423810729
35.6,877.885674356647
35.8,877.8248411587613
36.0,877.7611369907038
36.2,877.6944532498809
36.4,877.6246785157405
36.6,877.5516985401059
36.8,877.4753962399991
37.0,877.3956516930215
37.2,877.3123421353565
37.4,877.2253419624517
37.6,877.1345227324341
37.8,877.0397531723019
38.0,876.9408991869317
38.2,876.8378238709354
38.4,876.7303875233862
38.6,876.6184476654348
38.8,876.5018590608239
39.0,876.3804737392998
39.2,876.2541410229184
39.4,876.1227075552277
39.6,875.9860173333075
39.8,875.8439117426288
40.0,875.6962295947031
40.2,875.5428071674644
40.4,875.3834782483343
40.6,875.2180741799058
40.8,875.0464239081704
41.0,874.8683540332125
41.2,874.6836888622827
41.4,874.4922504651519
41.6,874.2938587316487
41.8,874.0883314312676
42.0,873.875484274732
42.2,873.655130977389
42.4,873.4270833243104
42.6,873.1911512369608
42.8,872.947142841296
43.0,872.6948645371481
43.2,872.434121068744
43.4,872.16471559621
43.6,871.8864497679016
43.8,871.5991237934022
44.0,871.3025365170291
44.2,870.9964854916815
44.4,870.6807670528694
44.6,870.3551763927576
44.8,870.0195076340567
45.0,869.673553903604
45.2,869.317107405464
45.4,868.9499594933933
45.6,868.5719007425089
45.8,868.1827210200039
46.0,867.7822095547624
46.2,867.370155005723
46.4,866.9463455288497
46.6,866.5105688425758
46.8,866.0626122915855
47.0,865.6022629088143
47.2,865.1293074755456
47.4,864.6435325795003
47.6,864.1447246708117
47.8,863.6326701157973
48.0,863.1071552484416
48.2,862.5679664195147
48.4,862.0148900432623
48.6,861.447712641611
48.8,860.8662208858436
49.0,860.2702016357096
49.2,859.6594419759455
49.4,859.0337292501923
49.6,858.3928510923058
49.8,857.7365954550662
50.0,857.0647506363075
