0.0,656.388762354444
0.2,661.5099961788412
0.4,666.4884726882066
0.6,671.3282656910554
0.8,676.0333834730933
1.0,680.6077661523719
1.2,685.0552832402924
1.4,689.3797314129358
1.6,693.5848324957458
1.8,697.6742316631338
2.0,701.6514958531512
2.2,705.520112395985
2.4,709.2834878537142
2.6,712.9449470675144
2.8,716.5077324073542
3.0,719.9750032181736
3.2,723.3498354556066
3.4,726.6352215035032
3.6,729.8340701648244
3.8,732.9492068169305
4.0,735.9833737218722
4.2,738.9392304819931
4.4,741.8193546309928
4.6,744.6262423505466
4.8,747.3623093026403
5.0,750.029891567935
5.2,752.6312466807317
5.4,755.1685547514254
5.6,757.6439196677331
5.8,760.0593703664244
6.0,762.4168621677612
6.2,764.7182781653665
6.4,766.9654306647652
6.6,769.1600626643655
6.8,771.3038493731732
7.0,773.3983997600337
7.2,775.4452581296746
7.4,777.4459057212744
7.6,779.4017623256935
7.8,781.3141879178742
8.0,783.1844843012432
8.2,785.0138967612394
8.4,786.8036157253196
8.6,788.5547784269952
8.8,790.2684705716047
9.0,791.9457280016329
9.2,793.5875383594783
9.4,795.1948427456039
9.6,796.7685373700333
9.8,798.3094751951533
10.0,799.8184675677614
10.2,801.296285838274
10.4,802.7436629649687
10.6,804.1612951011061
10.8,805.5498431627341
11.0,806.9099343749581
11.2,808.2421637944409
11.4,809.5470958058953
11.6,810.8252655903464
11.8,812.0771805629687
12.0,813.30332177836
12.2,814.5041453011789
12.4,815.6800835401627
12.6,816.8315465436582
12.8,817.9589232549171
13.0,819.0625827255603
13.2,820.142875285773
13.4,821.2001336699651
13.6,822.2346740968237
13.8,823.2467973028727
14.0,824.2367895288598
14.2,825.2049234584987
14.4,826.151459109297
14.6,827.0766446754143
14.8,827.9807173226903
15.0,828.8639039361901
15.2,829.7264218207986
15.4,830.5684793555795
15.6,831.3902766027896
15.8,832.192005872591
16.0,832.9738522446556
16.2,833.7359940479861
16.4,834.4786033003925
16.6,835.2018461091686
16.8,835.9058830345936
17.0,836.5908694179607
17.2,837.2569556758839
17.4,837.90428756268
17.6,838.5330064026447
17.8,839.1432492940576
18.0,839.735149286749
18.2,840.3088355350496
18.4,840.8644334279209
18.6,841.4020646980324
18.8,841.9218475115083
19.0,842.4238965400182
19.2,842.9083230168277
19.4,843.3752347783656
19.6,843.8247362927956
19.8,844.2569286770114
20.0,844.6719097033986
20.2,845.0697737976358
20.4,845.4506120287266
20.6,845.8145120923833
20.8,846.1615582888016
21.0,846.4918314957956
21.2,846.805409138188
21.4,847.1023651542768
21.6,847.3827699601351
21.8,847.6466904124323
22.0,847.8941897704034
22.2,848.1253276575325
22.4,848.3401600234631
22.6,848.5387391065912
22.8,848.7211133977519
23.0,848.8873276053646
23.2,849.0374226223544
23.4,849.1714354951373
23.6,849.2893993949124
23.8,849.391343591479
24.0,849.4772934297611
24.2,849.5472703091975
24.4,849.6012916661314
24.6,849.6393709593076
24.8,849.6615176585666
25.0,849.6677372368056
25.2,849.6580311652557
25.4,849.6323969121088
25.6,849.5908279445102
25.8,849.5333137339152
26.0,849.4598397647907
26.2,849.3703875466276
26.4,849.2649346292083
26.6,849.1434546210538
26.8,849.0059172109595
27.0,848.852288192496
27.2,848.6825294913361
27.4,848.4965991952382
27.6,848.2944515864816
27.8,848.0760371765288
28.0,847.8413027426384
28.2,847.590191366129
28.4,847.3226424719393
28.6,847.0385918690936
28.8,846.7379717916261
29.0,846.4207109394694
29.2,846.08673451875
29.4,845.7359642808825
29.6,845.3683185597821
29.8,844.9837123064543
30.0,844.5820571201481
30.2,844.1632612751903
30.4,843.7272297425393
30.6,843.2738642050263
30.8,842.8030630651695
31.0,842.3147214443736
31.2,841.8087311722442
31.4,841.2849807646732
31.6,840.7433553892744
31.8,840.1837368166758
32.0,839.6060033561032
32.2,839.0100297736286
32.4,838.3956871913922
32.6,837.7628429660579
32.8,837.1113605447122
33.0,836.4410992963814
33.2,835.751914317315
33.4,835.0436562081628
33.6,834.3161708211721
33.8,833.5692989755368
34.0,832.8028761390499
34.2,832.0167320742489
34.4,831.2106904472896
34.6,830.3845683978533
34.8,829.5381760684679
35.0,828.6713160917252
35.2,827.783783033981
35.4,826.875362794259
35.6,825.9458319572162
35.8,824.9949570991828
36.0,824.022494046458
36.2,823.0281870852244
36.4,822.0117681226293
36.6,820.9729557987808
36.8,819.911454549611
37.0,818.8269536207642
37.2,817.719126032882
37.4,816.5876274988599
37.6,815.4320952938674
37.8,814.2521470791131
38.0,813.0473796805411
38.2,811.8173678238207
38.4,810.5616628271703
38.6,809.2797912537086
38.8,807.9712535251729
39.0,806.6355224989668
39.2,805.2720420106085
39.4,803.8802253837387
39.6,802.4594539099177
39.8,801.0090753004955
40.0,799.5284021128679
40.2,798.0167101534591
40.4,796.4732368597728
40.6,794.8971796638498
40.8,793.2876943394608
41.0,791.6438933353468
41.2,789.9648440968036
41.4,788.2495673778981
41.6,786.4970355466033
41.8,784.7061708851538
42.0,782.8758438879515
42.2,781.0048715594155
42.4,779.0920157142473
42.6,777.1359812827038
42.8,775.1354146236195
43.0,773.0889018481113
43.2,770.9949671571328
43.4,768.852071196306
43.6,766.6586094317856
43.8,764.4129105512484
44.0,762.1132348944996
44.2,759.7577729186025
44.4,757.3446437028921
44.6,754.8718934997008
44.8,752.3374943371124
45.0,749.7393426805463
45.2,747.0752581604617
45.4,744.3429823739406
45.6,741.5401777683463
45.8,738.6644266156629
46.0,735.7132300864686
46.2,732.6840074327885
46.4,729.5740952892836
46.6,726.3807471023639
46.8,723.1011326968431
47.0,719.7323379896836
47.2,716.2713648601895
47.4,712.7151311857049
47.6,709.0604710514477
47.8,705.3041351425519
48.0,701.4427913257198
48.2,697.4730254270855
48.4,693.391342211973
48.6,689.1941665712071
48.8,684.8778449175131
49.0,680.4386467943228
49.2,675.8727666980183
49.4,671.1763261132988
49.6,666.3453757599706
49.8,661.3758980480429
50.0,656.263809736611
