0.0,489.11359430731045
0.2,494.99355731041646
0.4,500.81108823633474
0.6,506.5647014115496
0.8,512.2532877294325
1.0,517.876070920755
1.2,523.4325525812318
1.4,528.9224539562542
1.6,534.3456612545937
1.8,539.7021790028889
2.0,544.992093458426
2.2,550.2155460143085
2.4,555.3727151911255
2.6,560.4638052329875
2.8,565.4890393297336
3.0,570.448655819109
3.2,575.3429061636115
3.4,580.17205390597
3.6,584.9363741224289
3.8,589.6361531059794
4.0,594.2716881412289
4.2,598.8432873046027
4.4,603.3512692604662
4.6,607.7959630413127
4.8,612.17770780796
5.0,616.4968525889544
5.2,620.7537559996616
5.4,624.948785942023
5.6,629.0823192861369
5.8,633.1547415349099
6.0,637.1664464730561
6.2,641.1178358017467
6.4,645.009318760226
6.6,648.8413117357159
6.8,652.6142378629335
7.0,656.3285266145452
7.2,659.9846133838694
7.4,663.5829390611293
7.6,667.1239496045383
7.8,670.6080956074804
8.0,674.0358318630186
8.2,677.4076169269372
8.4,680.723912680487
8.6,683.985183893966
8.8,687.1918977922261
9.0,690.3445236231549
9.2,693.4435322301287
9.4,696.4893956293905
9.6,699.4825865932513
9.8,702.423578239959
10.0,705.3128436310267
10.2,708.1508553767534
10.4,710.9380852506166
10.6,713.6750038131526
10.8,716.3620800458874
11.0,718.9997809958213
11.2,721.5885714309082
11.4,724.1289135069206
11.6,726.6212664460264
11.8,729.0660862273521
12.0,731.4638252897519
12.2,733.814932246946
12.4,736.1198516151425
12.6,738.3790235532058
12.8,740.5928836153869
13.0,742.7618625165826
13.2,744.8863859100527
13.4,746.9668741774746
13.6,749.0037422311831
13.8,750.9973993284038
14.0,752.9482488972538
14.2,754.8566883742541
14.4,756.7231090530685
14.6,758.5478959441614
14.8,760.331427645038
15.0,762.0740762207157
15.2,763.7762070940564
15.4,765.4381789455722
15.6,767.0603436223096
15.8,768.643046055402
16.0,770.1866241858778
16.2,771.6914088983038
16.4,773.1577239618407
16.6,774.5858859782894
16.8,775.9762043367057
17.0,777.3289811741655
17.2,778.6445113422689
17.4,779.9230823789751
17.6,781.1649744853732
17.8,782.3704605069987
18.0,783.5398059193203
18.2,784.6732688170315
18.4,785.7710999067962
18.6,786.8335425031088
18.8,787.8608325269462
19.0,788.8531985069039
19.2,789.8108615825223
19.4,790.7340355095272
19.6,791.6229266667216
19.8,792.4777340642858
20.0,793.2986493532557
20.2,794.0858568359658
20.4,794.8395334772597
20.6,795.5598489162847
20.8,796.2469654787051
21.0,796.9010381891779
21.2,797.5222147839546
21.4,798.1106357234803
21.6,798.6664342048779
21.8,799.1897361742157
22.0,799.6806603384673
22.2,800.1393181770843
22.4,800.5658139531108
22.6,800.9602447237781
22.8,801.322700350527
23.0,801.6532635084121
23.2,801.9520096948479
23.4,802.219007237663
23.6,802.4543173024385
23.8,802.657993899102
24.0,802.8300838877624
24.2,802.9706269837683
24.4,803.079655761979
24.6,803.1571956602365
24.8,803.2032649820333
25.0,803.2178748983695
25.2,803.2010294487948
25.4,803.1527255416361
25.6,803.0729529534065
25.8,802.9616943273985
26.0,802.8189251714645
26.2,802.6446138549844
26.4,802.4387216050319
26.6,802.2012025017405
26.8,801.9320034728831
27.0,801.6310642876774
27.2,801.2983175498291
27.4,800.9336886898368
27.6,800.5370959565773
27.8,800.1084504082031
28.0,799.6476559023816
28.2,799.1546090859185
28.4,798.6291993838086
28.6,798.0713089877694
28.8,797.4808128443182
29.0,796.8575786424633
29.2,796.2014668010896
29.4,795.5123304561286
29.6,794.7900154476158
29.8,794.0343603067481
30.0,793.2451962430686
30.2,792.4223471319167
30.4,791.5656295022986
30.6,790.6748525253439
30.8,789.7498180035334
31.0,788.7903203608934
31.2,787.7961466343704
31.4,786.7670764666176
31.6,785.7028821004346
31.8,784.6033283751252
32.0,783.468172725047
32.2,782.2971651806492
32.4,781.0900483723044
32.6,779.8465575372584
32.8,778.5664205300372
33.0,777.2493578366618
33.2,775.8950825930359
33.4,774.5033006078841
33.6,773.0737103906268
33.8,771.6060031845924
34.0,770.0998630059686
34.2,768.5549666889098
34.4,766.9709839372152
34.6,765.3475773830014
34.8,763.6844026527904
35.0,761.9811084414372
35.2,760.2373365943148
35.4,758.4527221981731
35.6,756.6268936810775
35.8,754.759472921827
36.0,752.8500753692347
36.2,750.8983101716432
36.4,748.9037803170289
36.6,746.8660827840247
36.8,744.7848087041754
37.0,742.6595435357073
37.2,740.4898672490708
37.4,738.275354524479
37.6,736.0155749616333
37.8,733.7100933017954
38.0,731.3584696623162
38.2,728.9602597837012
38.4,726.5150152892392
38.6,724.0222839571843
38.8,721.4816100054237
39.0,718.8925343885205
39.2,716.2545951069667
39.4,713.5673275284262
39.6,710.8302647206968
39.8,708.04293779606
40.0,705.2048762666332
40.2,702.3156084102797
40.4,699.3746616465744
40.6,696.3815629222655
40.8,693.3358391056108
41.0,690.2370173889151
41.2,687.084625698532
41.4,683.8781931115417
41.6,680.617250278258
41.8,677.3013298496672
42.0,673.929966908848
42.2,670.502699405372
42.4,667.0190685916408
42.6,663.4786194600655
42.8,659.8809011799591
43.0,656.2254675329725
43.2,652.5118773458672
43.4,648.739694919394
43.6,644.9084904520143
43.8,641.0178404571834
44.0,637.0673281728924
44.2,633.0565439621593
44.4,628.9850857031445
44.6,624.8525591675683
44.8,620.6585783861068
45.0,616.402765999451
45.2,612.0847535937299
45.4,607.7041820190133
45.6,603.260701689659
45.8,598.7539728653347
46.0,594.1836659117474
46.2,589.5494615405896
46.4,584.851051029512
46.6,580.0881364261736
46.8,575.2604307482196
47.0,570.367658208587
47.2,565.4095545324157
47.4,560.3858675038175
47.6,555.2963580102511
47.8,550.1408020651317
48.0,544.9189946043844
48.2,539.6307562617483
48.4,534.2759447683572
48.6,528.8544729539838
48.8,523.3663353312663
49.0,517.811644668245
49.2,512.1906786150936
49.4,506.50393436837794
49.6,500.7521868628988
49.8,494.9365437221237
50.0,489.0584889703364
