0.0,477.71761805017496
0.2,483.19934272178693
0.4,488.6439586161571
0.6,494.05019695913853
0.8,499.41683477645756
1.0,504.74269588714793
1.2,510.02665175597724
1.4,515.2676222036777
1.6,520.4645759746292
1.8,525.6165311624675
2.0,530.7225554948966
2.2,535.7817664797644
2.4,540.7933314152092
2.6,545.7564672673934
2.8,550.6704404200062
3.0,555.5345663003311
3.2,560.3482088872356
3.4,565.1107801069429
3.6,569.8217391228897
3.8,574.480591526349
4.0,579.086888434821
4.2,583.6402255054346
4.4,588.1402418707974
4.6,592.5866190048486
4.8,596.979079526329
5.0,601.3173859474856
5.2,605.6013393755653
5.4,609.8307781745434
5.6,614.0055765943697
5.8,618.1256433748048
6.0,622.1909203306699
6.2,626.2013809250451
6.4,630.157028836631
6.6,634.0578965271412
6.8,637.9040438142212
7.0,641.6955564550042
7.2,645.432544745011
7.4,649.1151421366926
7.6,652.7435038815026
7.8,656.3178056989725
8.0,659.8382424758541
8.2,663.3050269979964
8.4,666.718388717226
8.6,670.0785725551364
8.8,673.385837745319
9.0,676.6404567152368
9.2,679.8427140086148
9.4,682.9929052489226
9.6,686.0913361442468
9.8,689.1383215335977
10.0,692.134184474458
10.2,695.0792553711805
10.4,697.9738711436491
10.6,700.8183744354621
10.8,703.6131128607497
11.0,706.3584382886244
11.2,709.0547061641589
11.4,711.7022748647094
11.6,714.3015050903358
11.8,716.8527592870296
12.0,719.3564011014216
12.2,721.8127948656318
12.4,724.2223051109122
12.6,726.5852961087418
12.8,728.9021314380469
13.0,731.1731735772441
13.2,733.39878351983
13.4,735.5793204122826
13.6,737.7151412130754
13.8,739.806600371651
14.0,741.8540495262473
14.2,743.857837219519
14.4,745.818308630946
14.6,747.7358053250712
14.8,749.6106650146571
15.0,751.4432213379089
15.2,753.2338036489462
15.4,754.9827368207672
15.6,756.6903410599849
15.8,758.3569317326592
16.0,759.9828192005962
16.2,761.5683086675176
16.4,763.1137000345461
16.6,764.6192877644819
16.8,766.0853607543831
17.0,767.5122022159899
17.2,768.9000895635601
17.4,770.249294308713
17.6,771.560081961898
17.8,772.832711940129
18.0,774.0674374806479
18.2,775.2645055601944
18.4,776.424156819582
18.6,777.5466254932915
18.8,778.6321393438109
19.0,779.6809196004635
19.2,780.6931809024776
19.4,781.6691312460631
19.6,782.6089719352738
19.8,783.5128975364397
20.0,784.3810958359672
20.2,785.2137478013118
20.4,786.0110275449375
20.6,786.7731022910864
20.8,787.5001323451858
21.0,788.192271065734
21.2,788.8496648385074
21.4,789.4724530529427
21.6,790.060768080553
21.8,790.614735255245
22.0,791.1344728554104
22.2,791.6200920876723
22.4,792.0716970721727
22.6,792.4893848292968
22.8,792.8732452677331
23.0,793.2233611737777
23.2,793.5398082017972
23.4,793.8226548657709
23.6,794.0719625318403
23.8,794.2877854118001
24.0,794.470170557474
24.2,794.6191578559213
24.4,794.7347800254304
24.6,794.8170626122622
24.8,794.8660239881119
25.0,794.8816753482632
25.2,794.8640207104212
25.4,794.81305691421
25.6,794.7287736213353
25.8,794.6111533164107
26.0,794.4601713084639
26.2,794.2757957331353
26.4,794.0579875555956
26.6,793.8067005742124
26.8,793.5218814250065
27.0,793.2034695869372
27.2,792.8513973880747
27.4,792.4655900127138
27.6,792.0459655094971
27.8,791.5924348006165
28.0,791.1049016921752
28.2,790.5832628857959
28.4,790.0274079915647
28.6,789.4372195424133
28.8,788.8125730100439
29.0,788.1533368225103
29.2,787.4593723835748
29.4,786.7305340939679
29.6,785.9666693746825
29.8,785.1676186924466
30.0,784.3332155875175
30.2,783.4632867039579
30.4,782.5576518225497
30.6,781.6161238965218
30.8,780.6385090902651
31.0,779.6246068212229
31.2,778.5742098051509
31.4,777.4871041049507
31.6,776.3630691832894
31.8,775.2018779592285
32.0,774.0032968690987
32.2,772.7670859318631
32.4,771.4929988192306
32.6,770.1807829307885
32.8,768.8301794744438
33.0,767.4409235524734
33.2,766.0127442535064
33.4,764.5453647507732
33.6,763.0385024069831
33.8,761.4918688862128
34.0,759.9051702732077
34.2,758.278107200529
34.4,756.6103749840084
34.6,754.901663766996
34.8,753.1516586739241
35.0,751.3600399737467
35.2,749.5264832538439
35.4,747.650659605028
35.6,745.7322358183208
35.8,743.7708745942243
36.0,741.7662347652446
36.2,739.7179715324784
36.4,737.6257367171225
36.6,735.489179027813
36.8,733.3079443447494
37.0,731.0816760216164
37.2,728.8100152063553
37.4,726.4926011818961
37.6,724.129071728001
37.8,721.7190635054154
38.0,719.2622124635664
38.2,716.7581542730796
38.4,714.2065247844196
38.6,711.6069605139772
38.8,708.9590991589487
39.0,706.2625801423483
39.2,703.5170451894998
39.4,700.7221389373278
39.6,697.8775095777403
39.8,694.9828095363504
40.0,692.0376961877197
40.2,689.0418326082242
40.4,685.9948883675502
40.6,682.8965403597012
40.8,679.7464736742629
41.0,676.5443825085048
41.2,673.2899711207181
41.4,669.9829548249783
41.6,666.6230610272868
41.8,663.2100303027984
42.0,659.7436175135555
42.2,656.2235929658564
42.4,652.6497436060594
42.6,649.0218742532855
42.8,645.3398088671214
43.0,641.6033918480487
43.2,637.812489367937
43.4,633.9669907275362
43.6,630.0668097374955
43.8,626.1118861190266
44.0,622.10218691991
44.2,618.0377079411421
44.4,613.9184751691138
44.6,609.744546207826
44.8,605.5160117052792
45.0,601.2329967678213
45.2,596.8956623559255
45.4,592.5042066545739
45.6,588.0588664111779
45.8,583.5599182337576
46.0,579.0076798419341
46.2,574.4025112631854
46.4,569.7448159667505
46.6,565.0350419275716
46.8,560.2736826127191
47.0,555.4612778828708
47.2,550.5984148015997
47.4,545.6857283454714
47.6,540.7239020082781
47.8,535.7136682931035
48.0,530.6558090863617
48.2,525.5511559084572
48.4,520.4005900362678
48.6,515.2050424932746
48.8,509.9654939038204
49.0,504.6829742086922
49.2,499.35856223996774
49.4,493.99338515384824
49.6,488.588617721004
49.8,483.14548147478536
50.0,477.6652437184854
