0.0,469.6694948234029
0.2,474.84750710561434
0.4,479.99686446508167
0.6,485.1165204900517
0.8,490.20545415103845
1.0,495.2626704223151
1.2,500.2872008565584
1.4,505.2781041118073
1.6,510.23446643004814
1.8,515.1554020668941
2.0,520.0400536719781
2.2,524.8875926198352
2.4,529.6972192912003
2.6,534.4681633047979
2.8,539.1996836998495
3.0,543.8910690696695
3.2,548.5416376468587
3.4,553.1507373407451
3.6,557.7177457278484
3.8,562.2420699962759
4.0,566.7231468450714
4.2,571.1604423396587
4.4,575.5534517246216
4.6,579.9016991951639
4.8,584.2047376286889
5.0,588.462148278012
5.2,592.6735404278069
5.4,596.8385510159432
5.6,600.9568442214425
5.8,605.0281110208234
6.0,609.0520687146503
6.2,613.0284604261401
6.4,616.9570545737007
6.6,620.8376443192969
6.8,624.6700469945495
7.0,628.4541035064735
7.2,632.1896777247616
7.4,635.8766558525007
7.6,639.5149457821965
7.8,643.1044764389504
8.0,646.6451971126075
8.2,650.1370767806516
8.4,653.5801034235839
8.6,656.9742833344764
8.8,660.3196404243328
9.0,663.6162155248422
9.2,666.864065690043
9.4,670.0632634983604
9.6,673.2138963564056
9.8,676.316065805869
10.0,679.369886834757
10.2,682.3754871941624
10.4,685.3330067216789
10.6,688.2425966725032
10.8,691.1044190591876
11.0,693.9186460009437
11.2,696.6854590833132
11.4,699.4050487289618
11.6,702.0776135802721
11.8,704.7033598943483
12.0,707.2825009509731
12.2,709.8152564739966
12.4,712.3018520665652
12.6,714.7425186605462
12.8,717.1374919804354
13.0,719.4870120219823
13.2,721.7913225457153
13.4,724.0506705854912
13.6,726.2653059721492
13.8,728.4354808723034
14.0,730.5614493422594
14.2,732.6434668970076
14.4,734.6817900942016
14.6,736.6766761329975
14.8,738.6283824676001
15.0,740.5371664353286
15.2,742.4032848989903
15.4,744.2269939033282
15.6,746.0085483452817
15.8,747.7482016577869
16.0,749.4462055068217
16.2,751.1028095013903
16.4,752.718260916126
16.6,754.2928044261836
16.8,755.8266818540826
17.0,757.3201319281605
17.2,758.7733900522837
17.4,760.1866880864676
17.6,761.5602541380522
17.8,762.8943123630798
18.0,764.1890827775268
18.2,765.4447810780337
18.4,766.6616184717967
18.6,767.8398015152734
18.8,768.9795319613701
19.0,770.0810066147816
19.2,771.1444171951612
19.4,772.1699502078059
19.6,773.1577868215512
19.8,774.108102753578
20.0,775.021068160842
20.2,775.8968475378481
20.4,776.7355996204988
20.6,777.5374772957587
20.8,778.3026275168846
21.0,779.0311912239832
21.2,779.7233032696678
21.4,780.3790923495957
21.6,780.9986809376795
21.8,781.5821852257764
22.0,782.1297150676662
22.2,782.6413739271476
22.4,783.1172588300827
22.6,783.5574603202399
22.8,783.9620624187863
23.0,784.3311425873012
23.2,784.6647716941839
23.4,784.963013984343
23.6,785.2259270520663
23.8,785.4535618169765
24.0,785.6459625029901
24.2,785.803166620208
24.4,785.9252049496736
24.6,786.0121015309439
24.8,786.0638736524344
25.0,786.0805318444976
25.2,786.0620798752185
25.4,786.0085147489053
25.6,785.9198267072763
25.8,785.7959992333448
26.0,785.6370090580168
26.2,785.4428261694272
26.4,785.2134138250458
26.6,784.9487285665991
26.8,784.6487202378595
27.0,784.3133320053655
27.2,783.942500382147
27.4,783.5361552545363
27.6,783.094219912159
27.8,782.6166110812084
28.0,782.1032389611155
28.2,781.5540072647381
28.4,780.9688132622024
28.6,780.347547828542
28.8,779.6900954952886
29.0,778.9963345061776
29.2,778.2661368771468
29.4,777.4993684608124
29.6,776.6958890156197
29.8,775.8555522798755
30.0,774.9782060508808
30.2,774.0636922693908
30.4,773.1118471096432
30.6,772.1225010752017
30.8,771.0954791008755
31.0,770.0306006609841
31.2,768.9276798842459
31.4,767.7865256755795
31.6,766.6069418451152
31.8,765.3887272447233
32.0,764.1316759123727
32.2,762.835577224643
32.4,761.5002160577181
32.6,760.125372957198
32.8,758.710824317067
33.0,757.2563425681664
33.2,755.7616963765187
33.4,754.2266508518558
33.6,752.6509677667023
33.8,751.034405786369
34.0,749.3767207102048
34.2,747.677665724458
34.4,745.9369916670896
34.6,744.1544473048759
34.8,742.3297796231308
35.0,740.462734128366
35.2,738.5530551641982
35.4,736.6004862407926
35.6,734.6047703781244
35.8,732.5656504633102
36.0,730.4828696222494
36.2,728.3561716057844
36.4,726.1853011905682
36.6,723.970004594793
36.8,721.7100299089034
37.0,719.4051275413865
37.2,717.0550506796872
37.4,714.6595557662603
37.6,712.2184029897288
37.8,709.7313567910676
38.0,707.1981863846844
38.2,704.618666294222
38.4,701.9925769028431
38.6,699.3197050177112
38.8,696.5998444483131
39.0,693.8327965982141
39.2,691.0183710697678
39.4,688.1563862812372
39.6,685.2466700957206
39.8,682.2890604611977
40.0,679.2834060609497
40.2,676.2295669735314
40.4,673.1274153413971
40.6,669.9768360472182
40.8,666.777727396849
41.0,663.5300018078289
41.2,660.2335865022366
41.4,656.8884242026401
41.6,653.4944738298171
41.8,650.0517112008538
42.0,646.5601297261609
42.2,643.0197411038916
42.4,639.4305760101746
42.6,635.7926847835298
42.8,632.1061381017778
43.0,628.3710276497077
43.2,624.5874667757245
43.4,620.7555911356626
43.6,616.875559321918
43.8,612.9475534760275
44.0,608.9717798828058
44.2,604.9484695441364
44.4,600.877878730511
44.6,596.7602895084115
44.8,592.5960102416409
45.0,588.3853760647278
45.2,584.1287493265528
45.4,579.8265200023839
45.6,575.4791060725465
45.8,571.0869538660069
46.0,566.6505383672067
46.2,562.1703634845543
46.4,557.6469622790544
46.6,553.0808971516399
46.8,548.4727599878629
47.0,543.8231722587022
47.2,539.1327850763466
47.4,534.4022792039326
47.6,529.6323650183293
47.8,524.8237824251942
48.0,519.9773007256491
48.2,515.0937184340712
48.4,510.1738630466208
48.6,505.21859076028903
48.8,500.2287861423828
49.0,495.20536175052166
49.2,490.149257703373
49.4,485.0614412025033
49.6,479.9429060058792
49.8,474.7946718537037
50.0,469.6177838474277
