0.0,871.6674239252679
0.2,872.1673434692134
0.4,872.6444229223035
0.6,873.0988266307577
0.8,873.5307774662924
1.0,873.9405562779184
1.2,874.3285007103381
1.4,874.695003413349
1.6,875.040509676143
1.8,875.3655145290925
2.0,875.6705593633158
2.2,875.9562281248884
2.4,876.2231431459011
2.6,876.4719606785453
2.8,876.7033662010294
3.0,876.918069565342
3.2,877.1168000567305
3.4,877.3003014332995
3.6,877.4693270114407
3.8,877.6246348590035
4.0,877.766983153335
4.2,877.8971257557032
4.4,878.0158080473585
4.6,878.1237630657273
4.8,878.2217079721677
5.0,878.3103408755077
5.2,878.390338028403
5.4,878.4623514065437
5.6,878.5270066740446
5.8,878.5849015320993
6.0,878.6366044422507
6.2,878.6826537105301
6.4,878.7235569142813
6.6,878.7597906497679
6.8,878.7918005756732
7.0,878.8200017253348
7.2,878.8447790590027
7.4,878.8664882265255
7.6,878.8854565106104
7.8,878.9019839211138
8.0,878.9163444116276
8.2,878.9287871908755
8.4,878.9395381030282
8.6,878.9488010529393
8.8,878.9567594544006
9.0,878.9635776817576
9.2,878.9694025075536
9.4,878.9743645112147
9.6,878.9785794461037
9.8,878.9821495545149
10.0,878.9851648223173
10.2,878.9877041669425
10.4,878.9898365542515
10.6,878.9916220414643
10.8,878.9931127448126
11.0,878.9943537318512
11.2,878.9953838394633
11.4,878.9962364195011
11.6,878.9969400147479
11.8,878.997518968464
12.0,878.9979939712085
12.2,878.9983825489325
12.4,878.9986994965134
12.6,878.9989572609865
12.8,878.9991662787207
13.0,878.9993352707071
13.2,878.9994714999941
13.4,878.9995809951253
13.6,878.9996687432197
13.8,878.9997388560987
14.0,878.9997947126141
14.2,878.9998390800739
14.4,878.999874217406
14.6,878.999901962445
14.8,878.9999238054876
15.0,878.9999409510243
15.2,878.9999543693451
15.4,878.9999648395071
15.6,878.999972984971
15.8,878.999979303042
16.0,878.9999841890998
16.2,878.9999879564606
16.4,878.9999908526007
16.6,878.9999930723546
16.8,878.9999947686142
17.0,878.9999960609672
17.2,878.9999970426492
17.4,878.9999977861142
17.6,878.9999983474848
17.8,878.9999987700928
18.0,878.9999990872859
18.2,878.999999324646
18.4,878.9999995017336
18.6,878.999999633458
18.8,878.9999997311455
19.0,878.9999998033741
19.2,878.9999998566184
19.4,878.9999998957503
19.6,878.9999999244241
19.8,878.9999999453717
20.0,878.9999999606288
20.2,878.9999999717078
20.4,878.9999999797287
20.6,878.9999999855182
20.8,878.9999999896845
21.0,878.9999999926738
21.2,878.999999994812
21.4,878.9999999963368
21.6,878.999999997421
21.8,878.9999999981895
22.0,878.9999999987327
22.2,878.9999999991154
22.4,878.9999999993843
22.6,878.9999999995725
22.8,878.999999999704
23.0,878.9999999997954
23.2,878.9999999998588
23.4,878.9999999999027
23.6,878.9999999999328
23.8,878.9999999999535
24.0,878.9999999999676
24.2,878.999999999977
24.4,878.9999999999832
24.6,878.999999999987
24.8,878.9999999999891
25.0,878.9999999999898
25.2,878.9999999999891
25.4,878.999999999987
25.6,878.9999999999832
25.8,878.999999999977
26.0,878.9999999999676
26.2,878.9999999999535
26.4,878.9999999999328
26.6,878.9999999999027
26.8,878.9999999998588
27.0,878.9999999997954
27.2,878.9999999997038
27.4,878.9999999995724
27.6,878.9999999993842
27.8,878.9999999991153
28.0,878.9999999987325
28.2,878.9999999981893
28.4,878.9999999974206
28.6,878.999999996336
28.8,878.9999999948108
29.0,878.999999992672
29.2,878.9999999896819
29.4,878.9999999855144
29.6,878.9999999797232
29.8,878.9999999716999
30.0,878.9999999606179
30.2,878.9999999453565
30.4,878.999999924403
30.6,878.9999998957209
30.8,878.9999998565772
31.0,878.9999998033168
31.2,878.9999997310658
31.4,878.9999996333473
31.6,878.9999995015805
31.8,878.9999993244345
32.0,878.9999990869949
32.2,878.9999987696932
32.4,878.999998346938
32.6,878.9999977853679
32.8,878.9999970416334
33.0,878.9999960595886
33.2,878.9999947667486
33.4,878.999993069837
33.6,878.9999908492124
33.8,878.999987951913
34.0,878.9999841830131
34.2,878.9999792949175
34.4,878.999972974156
34.6,878.9999648251501
34.8,878.999954350338
35.0,878.9999409259293
35.2,878.9999237724443
35.4,878.9999019190534
35.6,878.9998741605787
35.8,878.9998390058506
36.0,878.9997946159293
36.2,878.999738730492
36.4,878.9996685804748
36.6,878.9995807848227
36.8,878.9994712289576
37.0,878.999334922322
37.2,878.999165832095
37.4,878.9989566899245
37.6,878.9986987682622
37.8,878.9983816226558
38.0,878.9979927961335
38.2,878.9975174816416
38.4,878.9969381383504
38.6,878.9962340575738
38.8,878.9953808740324
39.0,878.9943500182737
39.2,878.993108106239
39.4,878.991616262265
39.6,878.9898293722381
39.8,878.9876952641921
40.0,878.9851538143816
40.2,878.9821359777727
40.4,878.9785627429802
40.6,878.9743440129665
40.8,878.9693774142786
41.0,878.9635470392586
41.2,878.9567221274889
41.4,878.9487556947322
41.6,878.9394831197483
41.8,878.928720701623
42.0,878.9162642025514
42.2,878.9018873933715
42.4,878.8853406214615
42.6,878.8663494228653
42.8,878.8446132026073
43.0,878.8198040090525
43.2,878.7915654297686
43.4,878.7595116375968
43.6,878.7232266164579
43.8,878.6822635967306
44.0,878.6361447297944
44.2,878.5843610304496
44.4,878.5263726143852
44.6,878.4616092556056
44.8,878.3894712857556
45.0,878.3093308535674
45.2,878.2205335582403
45.4,878.1224004654673
45.6,878.0142305091139
45.8,877.8953032753096
46.0,877.7648821590346
46.2,877.622217876283
46.4,877.4665523077186
46.6,877.2971226425375
46.8,877.113165784194
47.0,876.9139229729054
47.2,876.6986445735828
47.4,876.4665949722388
47.6,876.2170575191385
47.8,875.9493394531626
48.0,875.6627767391498
48.2,875.3567387485296
48.4,875.0306327133901
48.6,874.683907885343
48.8,874.3160593331411
49.0,873.9266313169921
49.2,873.5152201828155
49.4,873.0814767262488
49.6,872.6251079839
49.8,872.1458784180095
50.0,871.6436104701621
