0.0,715.7841332658904
0.2,717.4975734351558
0.4,719.3255327440563
0.6,721.2580274849109
0.8,723.2814157344327
1.0,725.3800975108146
1.2,727.5382558912249
1.4,729.7412550669226
1.6,731.9764888917279
1.8,734.2336707349427
2.0,736.5046972771048
2.2,738.7832741722535
2.4,741.0644727437574
2.6,743.3443293809321
2.8,745.6195377486025
3.0,747.8872389120745
3.2,750.1448911340098
3.4,752.390194788671
3.6,754.6210509574056
3.8,756.8355385488945
4.0,759.0319006770972
4.2,761.2085352547614
4.4,763.363987327263
4.6,765.4969420465249
4.8,767.6062178474896
5.0,769.6907596802675
5.2,771.7496322675357
5.4,773.7820133990516
5.6,775.7871872883916
5.8,777.7645380197201
6.0,779.71354311148
6.2,781.6337672217867
6.4,783.5248560178173
6.6,785.386530228859
6.8,787.2185799000295
7.0,789.020858861046
7.2,790.7932794218378
7.4,792.5358073042865
7.6,794.2484568169814
7.8,795.9312862775932
8.0,797.5843936853288
8.2,799.2079126439422
8.4,800.8020085339549
8.6,802.3668749310788
8.8,803.9027302663619
9.0,805.4098147222685
9.2,806.8883873577798
9.4,808.3387234546407
9.6,809.7611120760888
9.8,811.1558538287682
10.0,812.5232588180419
10.2,813.8636447865819
10.4,815.177335425892
10.6,816.4646588503277
10.8,817.7259462231839
11.0,818.9615305245238
11.2,820.1717454506104
11.4,821.356924435056
11.6,822.5173997821225
11.8,823.653501902968
12.0,824.765558646042
12.2,825.8538947132625
12.4,826.9188311540624
12.6,827.9606849298607
12.8,828.9797685419882
13.0,829.9763897165709
13.2,830.9508511403432
13.4,831.9034502418203
13.6,832.8344790127102
13.8,833.7442238648681
14.0,834.6329655185145
14.2,835.5009789178197
14.4,836.3485331703321
14.6,837.1758915070712
14.8,837.9833112604246
15.0,838.7710438572918
15.2,839.5393348251927
15.4,840.2884238093087
15.6,841.0185445986618
15.8,841.729925159844
16.0,842.4227876769023
16.2,843.0973485961612
16.4,843.7538186749134
16.6,844.3924030330573
16.8,845.0133012068769
17.0,845.6167072042775
17.2,846.2028095608842
17.4,846.7717913964998
17.6,847.3238304714951
17.8,847.8590992427703
18.0,848.3777649189874
18.2,848.8799895148234
18.4,849.3659299040389
18.6,849.8357378711963
18.8,850.2895601618928
19.0,850.7275385314067
19.2,851.1498097916743
19.4,851.5565058565411
19.6,851.9477537852435
19.8,852.3236758241006
20.0,852.6843894463964
20.2,853.0300073904544
20.4,853.3606376959104
20.6,853.6763837381963
20.8,853.9773442612523
21.0,854.2636134084973
21.2,854.5352807520783
21.4,854.7924313204327
21.6,855.0351456241962
21.8,855.263499680487
22.0,855.4775650356037
22.2,855.6774087861673
22.4,855.8630935987459
22.6,856.0346777279893
22.8,856.1922150333137
23.0,856.3357549941582
23.2,856.4653427238509
23.4,856.5810189821069
23.6,856.6828201861855
23.8,856.7707784207303
24.0,856.8449214463135
24.2,856.905272706702
24.4,856.9518513348644
24.6,856.9846721577276
24.8,857.0037456997007
25.0,857.0090781849694
25.2,857.0006715385671
25.4,856.9785233862294
25.6,856.9426270530269
25.8,856.8929715607771
26.0,856.8295416242279
26.2,856.7523176460061
26.4,856.6612757103184
26.6,856.5563875753915
26.8,856.4376206646361
27.0,856.3049380565151
27.2,856.1582984730934
27.4,855.9976562672499
27.6,855.8229614085213
27.8,855.6341594675536
28.0,855.4311915991284
28.2,855.2139945237371
28.4,854.9825005076664
28.6,854.7366373415633
28.8,854.4763283174458
29.0,854.2014922041217
29.2,853.9120432209838
29.4,853.6078910101437
29.6,853.2889406068724
29.8,852.9550924083143
30.0,852.6062421404447
30.2,852.2422808232454
30.4,851.8630947340712
30.6,851.4685653691927
30.8,851.0585694035022
31.0,850.6329786483778
31.2,850.19166000771
31.4,849.7344754321076
31.6,849.2612818713114
31.8,848.7719312248597
32.0,848.266270291069
32.2,847.7441407144146
32.4,847.2053789314213
32.6,846.649816115203
32.8,846.0772781188252
33.0,845.4875854177043
33.2,844.8805530513011
33.4,844.2559905644237
33.6,843.6137019485058
33.8,842.9534855833075
34.0,842.2751341795527
34.2,841.5784347231112
34.4,840.8631684214374
34.6,840.1291106530817
34.8,839.3760309212284
35.0,838.6036928123465
35.2,837.8118539612076
35.4,837.0002660236961
35.6,836.1686746590324
35.8,835.3168195232504
36.0,834.4444342760005
36.2,833.5512466030129
36.4,832.6369782568362
36.6,831.7013451187686
36.8,830.7440572852331
37.0,829.7648191821943
37.2,828.7633297115946
37.4,827.7392824341815
37.6,826.6923657935239
37.8,825.6222633864436
38.0,824.5286542855558
38.2,823.4112134200739
38.4,822.2696120215144
38.6,821.1035181414308
38.8,819.9125972487788
39.0,818.696512915006
39.2,817.4549275954207
39.4,816.1875035158397
39.6,814.8939036739357
39.8,813.5737929650784
40.0,812.2268394427942
40.2,810.8527157242394
40.4,809.4511005512753
40.6,808.0216805178533
40.8,806.5641519744353
41.0,805.0782231200869
41.2,803.5636162926768
41.4,802.0200704672777
41.6,800.4473439723888
41.8,798.845217432967
42.0,797.2134969484681
42.2,795.5520175131408
42.4,793.8606466846849
42.6,792.139288506081
42.8,790.3878876839115
43.0,788.6064340248284
43.2,786.7949671299972
43.4,784.9535813453303
43.6,783.082430963187
43.8,781.1817356689013
44.0,779.2517862230891
44.2,777.2929503681555
44.4,775.3056789448187
44.6,773.290512201802
44.8,771.2480862791771
45.0,769.1791398431861
45.2,767.0845208478521
45.4,764.9651933965506
45.6,762.8222446757705
45.8,760.6568919359216
46.0,758.4704895071714
46.2,756.2645358802425
46.4,754.0406809977084
46.6,751.8007341898832
46.8,749.5466738474242
47.0,747.2806612879904
47.2,745.005063823042
47.4,742.7224962259531
47.6,740.4358956505084
47.8,738.1486512845108
48.0,735.8648131204558
48.2,733.5893979603958
48.4,731.328787593546
48.6,729.0911693963964
48.8,726.8869084870531
49.0,724.7286834713552
49.2,722.6311991886336
49.4,720.610344748298
49.6,718.681805958397
49.8,716.8593370952133
50.0,715.1530732819291
