0.0,816.8094105471881
0.2,818.7053057467182
0.4,820.5583315867906
0.6,822.368780381433
0.8,824.1369604365609
1.0,825.8631966938813
1.2,827.5478312812173
1.4,829.1912239665276
1.6,830.7937525135557
1.8,832.3558129377192
2.0,833.877819661522
2.2,835.3602055694463
2.4,836.8034219629457
2.6,838.2079384168148
2.8,839.5742425388364
3.0,840.9028396352218
3.2,842.194252284938
3.4,843.4490198265555
3.6,844.6676977617676
3.8,845.8508570801928
4.0,846.9990835104976
4.2,848.1129767032568
4.4,849.1931493512893
4.6,850.2402262534922
4.8,851.2548433284169
5.0,852.2376465840058
5.2,853.1892910500299
5.4,854.1104396798358
5.6,855.0017622280307
5.8,855.8639341106988
6.0,856.6976352546695
6.2,857.5035489422249
6.4,858.2823606574729
6.6,859.0347569403983
6.8,859.7614242543639
7.0,860.4630478725473
7.2,861.1403107884962
7.4,861.7938926556419
7.6,862.4244687602587
7.8,863.0327090319731
8.0,863.6192770955364
8.2,864.1848293671711
8.4,864.73001419839
8.6,865.2554710697716
8.8,865.7618298367632
9.0,866.2497100291716
9.2,866.7197202055956
9.4,867.1724573636654
9.6,867.6085064065688
9.8,868.0284396659773
10.0,868.4328164811426
10.2,868.822182833597
10.4,869.1970710365888
10.6,869.5579994780952
10.8,869.9054724159965
11.0,870.2399798237533
11.2,870.5619972847192
11.4,870.8719859330344
11.6,871.1703924388838
11.8,871.4576490357643
12.0,871.734173587297
12.2,872.0003696910338
12.4,872.2566268166383
12.6,872.5033204757862
12.8,872.740812421104
13.0,872.9694508714695
13.2,873.1895707610114
13.4,873.4014940091866
13.6,873.6055298093598
13.8,873.801974933381
14.0,873.9911140497314
14.2,874.1732200529019
14.4,874.348554401766
14.6,874.5173674648173
14.8,874.6798988702564
15.0,874.8363778590334
15.2,874.9870236390759
15.4,875.1320457390555
15.6,875.2716443601803
15.8,875.4060107246229
16.0,875.5353274193254
16.2,875.6597687340455
16.4,875.7795009926344
16.6,875.8946828766528
16.8,876.0054657405511
17.0,876.1119939177496
17.2,876.214405017059
17.4,876.3128302089858
17.6,876.4073945015589
17.8,876.4982170054028
18.0,876.5854111878682
18.2,876.6690851161038
18.4,876.7493416890253
18.6,876.826278858199
18.8,876.8999898377187
19.0,876.9705633032023
19.2,877.0380835800818
19.4,877.1026308213995
19.6,877.1642811753594
19.8,877.223106942908
20.0,877.2791767256493
20.2,877.3325555644091
20.4,877.3833050687887
20.6,877.4314835380526
20.8,877.4771460737046
21.0,877.5203446841093
21.2,877.5611283815183
21.4,877.5995432718585
21.6,877.6356326376316
21.8,877.6694370142718
22.0,877.7009942602956
22.2,877.7303396215688
22.4,877.7575057900027
22.6,877.7825229569777
22.8,877.8054188617741
23.0,877.826218835282
23.2,877.8449458392332
23.4,877.8616205011915
23.6,877.8762611455118
23.8,877.8888838204616
24.0,877.8995023216814
24.2,877.9081282121361
24.4,877.9147708386929
24.6,877.919437345441
24.8,877.922132683846
25.0,877.9228596198126
25.2,877.921618737708
25.4,877.9184084413794
25.6,877.9132249521763
25.8,877.9060623039672
26.0,877.8969123351249
26.2,877.8857646774233
26.4,877.8726067417824
26.6,877.8574237007635
26.8,877.8401984677065
27.0,877.8209116723763
27.2,877.7995416329653
27.4,877.7760643242832
27.6,877.7504533419389
27.8,877.7226798623086
28.0,877.6927125980595
28.2,877.6605177489838
28.4,877.6260589478786
28.6,877.5892972011957
28.8,877.5501908241622
29.0,877.5086953700686
29.2,877.4647635533986
29.4,877.4183451664738
29.6,877.3693869892694
29.8,877.3178326920535
30.0,877.263622730499
30.2,877.2066942329124
30.4,877.1469808792256
30.6,877.0844127714016
30.8,877.0189162949107
31.0,876.9504139709446
31.2,876.8788242990537
31.4,876.8040615899092
31.6,876.7260357879164
31.8,876.6446522834342
32.0,876.559811714392
32.2,876.4714097571319
32.4,876.3793369063483
32.6,876.2834782440545
32.8,876.1837131975543
33.0,876.0799152864639
33.2,875.9719518589012
33.4,875.8596838170301
33.6,875.7429653322324
33.8,875.6216435502673
34.0,875.4955582868716
34.2,875.3645417143549
34.4,875.2284180398469
34.6,875.0870031759684
34.8,874.9401044048051
35.0,874.78752003619
35.2,874.629039061417
35.4,874.4644408036326
35.6,874.2934945662851
35.8,874.1159592811276
36.0,873.9315831574083
36.2,873.7401033339987
36.4,873.5412455363381
36.6,873.3347237401905
36.8,873.1202398443214
37.0,872.8974833543128
37.2,872.6661310798299
37.4,872.4258468477453
37.6,872.1762812336019
37.8,871.9170713139638
38.0,871.6478404422542
38.2,871.3681980507141
38.4,871.0777394811374
38.6,870.7760458470326
38.8,870.4626839298469
39.0,870.1372061118421
39.2,869.799150348154
39.4,869.4480401804743
39.6,869.0833847946894
39.8,868.704679124671
40.0,868.3114040042562
40.2,867.9030263692699
40.4,867.4789995112297
40.6,867.0387633841416
40.8,866.5817449655328
41.0,866.1073586725898
41.2,865.6150068339591
41.4,865.104080217447
41.6,864.5739586135097
41.8,864.0240114740598
42.0,863.453598605741
42.2,862.862070916432
42.4,862.2487712133415
42.6,861.6130350506504
42.8,860.9541916242471
43.0,860.2715647106905
43.2,859.5644736471321
43.4,858.8322343485265
43.6,858.0741603580716
43.8,857.2895639264459
44.0,856.4777571150559
44.2,855.6380529181723
44.4,854.7697663985282
44.6,853.8722158306747
44.8,852.9447238461478
45.0,851.9866185742914
45.2,850.9972347724166
45.4,849.9759149388543
45.6,848.9220104023756
45.8,847.8348823814272
46.0,846.7139030066467
46.2,845.5584563001856
46.4,844.3679391054972
46.6,843.1417619614048
46.8,841.8793499145037
47.0,840.5801432642108
47.2,839.2435982351087
47.4,837.8691875715983
47.6,836.4564010502969
47.8,835.004745906076
48.0,833.5137471681392
48.2,831.9829479030797
48.4,830.4119093624277
48.6,828.8002110327997
48.8,827.1474505873879
49.0,825.4532437381708
49.2,823.717223988882
49.4,821.939042289442
49.6,820.1183665932239
49.8,818.2548813191873
50.0,816.3482867215745
