0.0,774.9301543795234
0.2,777.020502072705
0.4,779.0752857432763
0.6,781.095618618144
0.8,783.0825571564942
1.0,785.0370998419185
1.2,786.9601863866361
1.4,788.8526973467783
1.6,790.7154541431835
1.8,792.5492194777863
2.0,794.3546981315202
2.2,796.1325381257712
2.4,797.8833322258516
2.6,799.6076197617775
2.8,801.3058887388507
3.0,802.9785782082133
3.2,804.6260808656667
3.4,806.2487458456627
3.6,807.8468816764606
3.8,809.4207593620295
4.0,810.970615556311
4.2,812.4966557959626
4.4,813.9990577586203
4.6,815.4779745150342
4.8,816.9335377451002
5.0,818.3658608897916
5.2,819.7750422132425
5.4,821.1611677516984
5.6,822.5243141286907
5.8,823.8645512185403
6.0,825.1819446431266
6.2,826.4765580897033
6.4,827.7484554403775
6.6,828.9977027066285
6.8,830.2243697649109
7.0,831.4285318919179
7.2,832.610271100446
7.4,833.769677278986
7.6,834.9068491401346
7.8,836.0218949846743
8.0,837.114933289691
8.2,838.186093130385
8.4,839.2355144462805
8.6,840.263348163357
8.8,841.2697561842233
9.0,842.2549112588323
9.2,843.2189967484168
9.4,844.1622062953207
9.6,845.0847434112321
9.8,845.9868209959963
10.0,846.8686607987464
10.2,847.730492832521
10.4,848.572554752893
10.6,849.3950912104101
10.8,850.1983531858755
11.0,850.9825973166862
11.2,851.7480852216187
11.4,852.4950828306191
11.6,853.2238597253317
11.8,853.934688495291
12.0,854.6278441139339
12.2,855.3036033378495
12.4,855.9622441319924
12.6,856.6040451229425
12.8,857.22928508171
13.0,857.8382424370483
13.2,858.4311948197573
13.4,859.0084186380495
13.6,859.5701886836757
13.8,860.1167777682007
14.0,860.6484563885617
14.2,861.1654924208228
14.4,861.668150840878
14.6,862.1566934707214
14.8,862.6313787488203
15.0,863.0924615230623
15.2,863.5401928647248
15.4,863.9748199019083
15.6,864.3965856708974
15.8,864.805728983943
16.0,865.2024843120178
16.2,865.587081681153
16.4,865.9597465810391
16.6,866.3206998846483
16.8,866.6701577777203
17.0,867.0083316970344
17.2,867.3354282764769
17.4,867.6516492999946
17.6,867.9571916606081
17.8,868.2522473247358
18.0,868.5370033011545
18.2,868.8116416139973
18.4,869.0763392792451
18.6,869.3312682842455
18.8,869.5765955698332
19.0,869.8124830146911
19.2,870.0390874216286
19.4,870.2565605055036
19.6,870.4650488825483
19.8,870.6646940608944
20.0,870.8556324321218
20.2,871.0379952636849
20.4,871.2119086920901
20.6,871.377493716719
20.8,871.5348661942096
21.0,871.6841368333252
21.2,871.8254111902451
21.4,871.9587896642331
21.6,872.0843674936407
21.8,872.2022347522103
22.0,872.3124763456553
22.2,872.4151720084927
22.4,872.5103963011096
22.6,872.5982186070539
22.8,872.6787031305329
23.0,872.7519088941143
23.2,872.81788973662
23.4,872.8766943112089
23.6,872.928366083642
23.8,872.9729433307275
24.0,873.0104591389419
24.2,873.0409414032263
24.4,873.0644128259531
24.6,873.080890916066
24.8,873.0903879883876
25.0,873.0929111630983
25.2,873.0884623653824
25.4,873.0770383252458
25.6,873.0586305775015
25.8,873.0332254619266
26.0,873.0008041235909
26.2,872.9613425133593
26.4,872.9148113885684
26.6,872.8611763138824
26.8,872.8003976623285
27.0,872.7324306165166
27.2,872.6572251700476
27.4,872.5747261291142
27.6,872.4848731142998
27.8,872.3876005625838
28.0,872.282837729559
28.2,872.1705086918722
28.4,872.0505323498995
28.6,871.9228224306696
28.8,871.7872874910513
29.0,871.643830921229
29.2,871.4923509484854
29.4,871.3327406413285
29.6,871.1648879139925
29.8,870.9886755313622
30.0,870.8039811143731
30.2,870.6106771459483
30.4,870.4086309775549
30.6,870.1977048364676
30.8,869.9777558338499
31.0,869.7486359737851
31.2,869.5101921634065
31.4,869.2622662243076
31.6,869.0046949054434
31.8,868.7373098977616
32.0,868.4599378508499
32.2,868.1724003919197
32.4,867.8745141474983
32.6,867.5660907682517
32.8,867.2469369574161
33.0,866.9168545033795
33.2,866.5756403170177
33.4,866.2230864744618
33.6,865.8589802660472
33.8,865.4831042522732
34.0,865.095236327682
34.2,864.6951497936494
34.4,864.2826134411623
34.6,863.8573916447411
34.8,863.419244468748
35.0,862.967927787395
35.2,862.5031934198386
35.4,862.0247892818101
35.6,861.5324595552785
35.8,861.0259448776801
36.0,860.5049825522682
36.2,859.9693067811311
36.4,859.4186489223986
36.6,858.8527377731028
36.8,858.2712998790664
37.0,857.6740598730697
37.2,857.0607408423755
37.4,856.4310647264883
37.6,855.7847527457594
37.8,855.1215258611453
38.0,854.4411052650629
38.2,853.7432129028741
38.4,853.0275720240531
38.6,852.2939077615666
38.8,851.5419477374153
39.0,850.7714226916459
39.2,849.9820671314601
39.4,849.1736199963188
39.6,848.3458253341693
39.8,847.4984329831306
40.0,846.6311992521522
40.2,845.7438875933373
40.4,844.8362692577988
40.6,843.9081239261156
40.8,842.9592403036881
41.0,841.9894166705739
41.2,840.9984613747404
41.4,839.9861932571137
41.6,838.9524419963528
41.8,837.8970483609577
42.0,836.8198643561424
42.2,835.720753252903
42.4,834.5995894868703
42.6,833.4562584149205
42.8,832.290655918092
43.0,831.1026878401603
43.2,829.8922692522561
43.4,828.6593235351784
43.6,827.4037812725487
43.8,826.1255789496804
44.0,824.8246574549798
44.2,823.5009603828446
44.4,822.1544321393603
44.6,820.7850158545917
44.8,819.3926511078942
45.0,817.9772714754
45.2,816.5388019116278
45.4,815.0771559799743
45.6,813.5922329496412
45.8,812.0839147792684
46.0,810.5520630101503
46.2,808.9965155943521
46.4,807.4170836852592
46.6,805.8135484200609
46.8,804.1856577253176
47.0,802.5331231780641
47.2,800.8556169558254
47.4,799.1527689094103
47.6,797.4241637924108
47.8,795.6693386809214
48.0,793.8877806161066
48.2,792.0789245008863
48.4,790.2421512801683
48.6,788.3767864317649
48.8,786.4820987923947
49.0,784.5572997400375
49.2,782.6015427504008
49.4,780.6139233414322
49.6,778.593479415719
49.8,776.5391920063141
50.0,774.4499864270772
