0.0,713.2169742629559
0.2,716.4504582331889
0.4,719.6252003736354
0.6,722.7421535907715
0.8,725.8022618805086
1.0,728.8064599712886
1.2,731.7556729830833
1.4,734.6508161027779
1.6,737.4927942763651
1.8,740.2825019183205
2.0,743.0208226384734
2.2,745.7086289866304
2.4,748.346782215152
2.6,750.9361320596297
2.8,753.4775165377496
3.0,755.9717617663774
3.2,758.4196817968462
3.4,760.8220784683712
3.6,763.1797412794667
3.8,765.4934472771936
4.0,767.7639609640078
4.2,769.9920342219444
4.4,772.1784062538212
4.6,774.3238035411033
4.8,776.4289398180335
5.0,778.494516061593
5.2,780.5212204968232
5.4,782.5097286170068
5.6,784.4607032181759
5.8,786.3747944473903
6.0,788.2526398642005
6.2,790.0948645146956
6.4,791.9020810175113
6.6,793.6748896611606
6.8,795.4138785120387
7.0,797.119623532439
7.2,798.7926887079165
7.4,800.4336261833233
7.6,802.0429764068456
7.8,803.6212682813668
8.0,805.1690193224913
8.2,806.6867358225594
8.4,808.1749130200029
8.6,809.6340352733923
8.8,811.0645762395425
9.0,812.4669990550574
9.2,813.8417565207099
9.4,815.189291288068
9.6,816.5100360478037
9.8,817.8044137191315
10.0,819.0728376398542
10.2,820.3157117565121
10.4,821.5334308141521
10.6,822.7263805452641
10.8,823.8949378574504
11.0,825.0394710194242
11.2,826.1603398449554
11.4,827.2578958744082
11.6,828.3324825535441
11.8,829.3844354092863
12.0,830.414082222167
12.2,831.4217431952095
12.4,832.4077311190161
12.6,833.372351532862
12.8,834.3159028816169
13.0,835.2386766683419
13.2,836.1409576024297
13.4,837.023023743181
13.6,837.8851466387292
13.8,838.7275914602459
14.0,839.5506171313824
14.2,840.3544764529163
14.4,841.1394162225929
14.6,841.9056773501679
14.8,842.6534949676721
15.0,843.3830985349326
15.2,844.0947119404018
15.4,844.7885535973545
15.6,845.4648365355259
15.8,846.1237684882744
16.0,846.7655519753621
16.2,847.3903843814526
16.4,847.9984580304367
16.6,848.589960255699
16.8,849.165073466446
17.0,849.7239752102209
17.2,850.2668382317363
17.4,850.7938305281511
17.6,851.3051154009312
17.8,851.8008515044269
18.0,852.2811928913039
18.2,852.7462890549655
18.4,853.1962849691002
18.6,853.6313211244931
18.8,854.0515335632327
19.0,854.4570539104467
19.2,854.8480094036956
19.4,855.2245229201534
19.6,855.5867130016964
19.8,855.9346938780238
20.0,856.2685754879269
20.2,856.5884634988189
20.4,856.894459324637
20.6,857.1866601422212
20.8,857.4651589062711
21.0,857.7300443629769
21.2,857.981401062418
21.4,858.2193093698168
21.6,858.4438454757302
21.8,858.6550814052574
22.0,858.8530850263395
22.2,859.0379200572185
22.4,859.209646073122
22.6,859.3683185122343
22.8,859.5139886810067
23.0,859.6467037588646
23.2,859.7665068023514
23.4,859.8734367487583
23.6,859.9675284192753
23.8,860.0488125216976
24.0,860.1173156527207
24.2,860.1730602998466
24.4,860.2160648429276
24.6,860.2463435553618
24.8,860.2639066049584
25.0,860.2687600544807
25.2,860.2609058618754
25.4,860.2403418801896
25.6,860.2070618571759
25.8,860.1610554345798
26.0,860.1023081471014
26.2,860.0308014210201
26.4,859.9465125724639
26.6,859.849414805305
26.8,859.7394772086585
27.0,859.6166647539543
27.2,859.4809382915528
27.4,859.3322545468674
27.6,859.1705661159549
27.8,858.9958214605294
28.0,858.8079649023526
28.2,858.6069366169484
28.4,858.3926726265844
28.6,858.1651047924623
28.8,857.9241608060493
29.0,857.6697641794841
29.2,857.4018342349824
29.4,857.1202860931644
29.6,856.8250306602232
29.8,856.5159746138451
30.0,856.1930203877934
30.2,855.8560661550601
30.4,855.5050058094848
30.6,855.1397289457379
30.8,854.7601208375629
31.0,854.3660624141627
31.2,853.9574302346191
31.4,853.5340964602239
31.6,853.095928824602
31.8,852.6427906015019
32.0,852.1745405701266
32.2,851.6910329778748
32.4,851.1921175003628
32.6,850.6776391985934
32.8,850.1474384731401
33.0,849.6013510152096
33.2,849.0392077544535
33.4,848.4608348033917
33.6,847.8660533983187
33.8,847.2546798365638
34.0,846.6265254099754
34.2,845.9813963345099
34.4,845.3190936758043
34.6,844.6394132706201
34.8,843.9421456440507
35.0,843.2270759223911
35.2,842.4939837415805
35.4,841.7426431511302
35.6,840.9728225134678
35.8,840.1842843986311
36.0,839.376785474264
36.2,838.550076390876
36.4,837.7039016623417
36.6,836.8379995416311
36.8,835.952101891782
37.0,835.0459340521334
37.2,834.1192146998686
37.4,833.1716557069277
37.6,832.2029619923712
37.8,831.2128313702997
38.0,830.2009543934522
38.2,829.1670141926343
38.4,828.1106863121416
38.6,827.0316385413804
38.8,825.9295307428984
39.0,824.8040146770745
39.2,823.6547338237363
39.4,822.481323201
39.6,821.2834091816575
39.8,820.0606093074557
40.0,818.812532101644
40.2,817.5387768801901
40.4,816.2389335620884
40.6,814.912582479213
40.8,813.5592941861917
41.0,812.178629270799
41.2,810.7701381653933
41.4,809.3333609599403
41.6,807.8678272171926
41.8,806.3730557906102
42.0,804.8485546456244
42.2,803.2938206848709
42.4,801.7083395780248
42.6,800.0915855968921
42.8,798.4430214564137
43.0,796.7620981622592
43.2,795.0482548656836
43.4,793.3009187263324
43.6,791.5195047836808
43.8,789.7034158377905
44.0,787.8520423400685
44.2,785.9647622947026
44.4,784.0409411714467
44.6,782.0799318304083
44.8,780.0810744594871
45.0,778.043696525089
45.2,775.9671127367247
45.4,773.8506250260771
45.6,771.6935225410982
45.8,769.4950816556668
46.0,767.2545659953062
46.2,764.9712264794302
46.4,762.644301380548
46.6,760.2730164008161
46.8,757.8565847662919
47.0,755.3942073391892
47.2,752.8850727484007
47.4,750.3283575384955
47.6,747.7232263373554
47.8,745.0688320425588
48.0,742.3643160265701
48.2,739.6088083607361
48.4,736.8014280580358
48.6,733.9412833344732
48.8,731.0274718889475
49.0,728.0590812013731
49.2,725.0351888487676
49.4,721.9548628389654
49.6,718.8171619615615
49.8,715.6211361556254
50.0,712.3658268936755
