0.0,874.6979771760974
0.2,875.1927493023891
0.4,875.6491584547371
0.6,876.0675441609505
0.8,876.4486033063936
1.0,876.7933703292126
1.2,877.1031881495026
1.4,877.3796712625063
1.6,877.6246627313734
1.8,877.8401870114158
2.0,878.0284006179081
2.2,878.1915426148245
2.4,878.3318867622075
2.6,878.4516969317324
2.8,878.5531871050779
3.0,878.6384869324633
3.2,878.7096134743235
3.4,878.7684494013555
3.6,878.8167276077104
3.8,878.8560219152075
4.0,878.8877433242159
4.2,878.9131411051461
4.4,878.9333079240996
4.6,878.9491881536242
4.8,878.9615885277954
5.0,878.9711903507582
5.2,878.9785625490017
5.4,878.9841749593586
5.6,878.9884113570436
5.8,878.9915818422548
6.0,878.9939343128901
6.2,878.9956648495829
6.4,878.9969269241517
6.6,878.9978394119709
6.8,878.9984934424226
7.0,878.9989581602684
7.2,878.9992854960667
7.4,878.9995140576871
7.6,878.9996722597684
7.8,878.9997808058412
8.0,878.9998546308514
8.2,878.9999044017285
8.4,878.9999376619229
8.6,878.999959693608
8.8,878.9999741593332
9.0,878.9999835738655
9.2,878.9999896471013
9.4,878.9999935304065
9.6,878.9999959915691
9.8,878.9999975376572
10.0,878.9999985003358
10.2,878.9999990944633
10.4,878.9999994578993
10.6,878.9999996782552
10.8,878.9999998106798
11.0,878.9999998895586
11.2,878.9999999361274
11.4,878.9999999633782
11.6,878.9999999791835
11.8,878.9999999882695
12.0,878.9999999934466
12.2,878.9999999963705
12.4,878.9999999980072
12.6,878.9999999989152
12.8,878.9999999994146
13.0,878.9999999996868
13.2,878.9999999998339
13.4,878.9999999999127
13.6,878.9999999999544
13.8,878.9999999999764
14.0,878.9999999999878
14.2,878.9999999999937
14.4,878.9999999999967
14.6,878.9999999999983
14.8,878.9999999999992
15.0,878.9999999999998
15.2,879.0
15.4,879.0
15.6,879.0
15.8,879.0
16.0,879.0
16.2,879.0
16.4,879.0
16.6,879.0
16.8,879.0
17.0,879.0
17.2,879.0
17.4,879.0
17.6,879.0
17.8,879.0
18.0,879.0
18.2,879.0
18.4,879.0
18.6,879.0
18.8,879.0
19.0,879.0
19.2,879.0
19.4,879.0
19.6,879.0
19.8,879.0
20.0,879.0
20.2,879.0
20.4,879.0
20.6,879.0
20.8,879.0
21.0,879.0
21.2,879.0
21.4,879.0
21.6,879.0
21.8,879.0
22.0,879.0
22.2,879.0
22.4,879.0
22.6,879.0
22.8,879.0
23.0,879.0
23.2,879.0
23.4,879.0
23.6,879.0
23.8,879.0
24.0,879.0
24.2,879.0
24.4,879.0
24.6,879.0
24.8,879.0
25.0,879.0
25.2,879.0
25.4,879.0
25.6,879.0
25.8,879.0
26.0,879.0
26.2,879.0
26.4,879.0
26.6,879.0
26.8,879.0
27.0,879.0
27.2,879.0
27.4,879.0
27.6,879.0
27.8,879.0
28.0,879.0
28.2,879.0
28.4,879.0
28.6,879.0
28.8,879.0
29.0,879.0
29.2,879.0
29.4,879.0
29.6,879.0
29.8,879.0
30.0,879.0
30.2,879.0
30.4,879.0
30.6,879.0
30.8,879.0
31.0,879.0
31.2,879.0
31.4,879.0
31.6,879.0
31.8,879.0
32.0,879.0
32.2,879.0
32.4,879.0
32.6,879.0
32.8,879.0
33.0,879.0
33.2,879.0
33.4,879.0
33.6,879.0
33.8,879.0
34.0,879.0
34.2,879.0
34.4,879.0
34.6,879.0
34.8,879.0
35.0,878.9999999999998
35.2,878.9999999999992
35.4,878.9999999999983
35.6,878.9999999999966
35.8,878.9999999999936
36.0,878.9999999999876
36.2,878.9999999999761
36.4,878.9999999999542
36.6,878.9999999999125
36.8,878.9999999998337
37.0,878.9999999996866
37.2,878.9999999994144
37.4,878.999999998915
37.6,878.999999998007
37.8,878.9999999963703
38.0,878.9999999934462
38.2,878.9999999882687
38.4,878.9999999791817
38.6,878.9999999633749
38.8,878.9999999361214
39.0,878.9999998895478
39.2,878.9999998106609
39.4,878.999999678222
39.6,878.9999994578417
39.8,878.9999990943641
40.0,878.9999985001663
40.2,878.99999753737
40.4,878.9999959910862
40.6,878.9999935296007
40.8,878.9999896457676
41.0,878.9999835716757
41.2,878.9999741557665
41.4,878.9999596878455
41.6,878.9999376526873
41.8,878.9999043870446
42.0,878.9998546076898
42.2,878.9997807695964
42.4,878.9996722034965
42.6,878.9995139710065
42.8,878.9992853635861
43.0,878.9989579593602
43.2,878.9984931400963
43.4,878.9978389605272
43.6,878.9969262551939
43.8,878.9956638658435
44.0,878.9939328771783
44.2,878.9915797626495
44.4,878.9884083672432
44.6,878.9841706928435
44.8,878.9785565053803
45.0,878.9711818523404
45.2,878.9615766640811
45.4,878.9491717110062
45.6,878.9332852976805
45.8,878.9131101891571
46.0,878.8877013771245
46.2,878.8559653952365
46.4,878.8166519741715
46.6,878.7683488769641
46.8,878.7094807635314
47.0,878.6383128908457
47.2,878.552960354975
47.4,878.4514034196852
47.6,878.3315092542738
47.8,878.1910601266077
48.0,878.0277877770965
48.2,877.839413351791
48.4,877.6236919185911
48.6,877.3784602534422
48.8,877.1016862885559
49.0,876.7915183866086
49.2,876.4463324651679
49.4,876.064774960872
49.6,875.6457997028548
49.8,875.1886969611247
50.0,874.6931132407773
