0.0,831.7754402861888
0.2,833.6748074094116
0.4,835.513220656438
0.6,837.2902115487746
0.8,839.0055108086692
1.0,840.6590525754712
1.2,842.2509758858123
1.4,843.7816234529421
1.6,845.251537831613
1.8,846.6614551027996
2.0,848.0122962560902
2.2,849.3051564858185
2.4,850.5412926490612
2.6,851.7221091589383
2.8,852.8491426047932
3.0,853.9240454016535
3.2,854.9485687749227
3.4,855.924545382799
3.6,856.8538718689055
3.8,857.7384916216706
4.0,858.5803779958769
4.2,859.3815182263522
4.4,860.1438982349537
4.6,860.8694885007458
4.8,861.5602311305792
5.0,862.218028234068
5.2,862.8447316741298
5.4,863.4421342325855
5.6,864.0119622005335
5.8,864.5558693758796
6.0,865.0754324260068
6.2,865.572147552425
6.4,866.047428376583
6.6,866.502604951922
6.8,866.9389237967066
7.0,867.3575488350531
7.2,867.7595631296898
7.4,868.1459712890604
7.6,868.5177024330958
7.8,868.875613605972
8.0,869.2204935300674
8.2,869.5530666027386
8.4,869.8739970460776
8.6,870.1838931291384
8.8,870.4833113918716
9.0,870.772760809918
9.2,871.0527068491805
9.4,871.3235753685323
9.6,871.5857563379324
9.8,871.8396073474613
10.0,872.085456890283
10.2,872.3236074091978
10.4,872.5543381022633
10.6,872.7779074879112
10.8,872.9945557341093
11.0,873.2045067594423
11.2,873.4079701165781
11.4,873.6051426705029
11.6,873.796210085232
11.8,873.9813481335037
12.0,874.1607238443163
12.2,874.334496503156
12.4,874.5028185194462
12.6,874.6658361751958
12.8,874.8236902680983
13.0,874.9765166614831
13.2,875.1244467525838
13.4,875.267607869622
13.6,875.4061236072168
13.8,875.5401141086675
14.0,875.669696302719
14.2,875.7949841015424
14.4,875.9160885658279
14.6,876.0331180421366
14.8,876.1461782769605
15.0,876.255372511315
15.2,876.3608015591388
15.4,876.4625638722753
15.6,876.5607555943874
15.8,876.6554706057786
16.0,876.7468005607677
16.2,876.8348349189943
16.4,876.9196609717883
16.6,877.001363864544
16.8,877.0800266158648
17.0,877.1557301341095
17.2,877.2285532318504
17.4,877.2985726386594
17.6,877.3658630125547
17.8,877.4304969503793
18.0,877.4925449973257
18.2,877.5520756557778
18.4,877.6091553936076
18.6,877.6638486520318
18.8,877.7162178531132
19.0,877.7663234069707
19.2,877.8142237187468
19.4,877.8599751953703
19.6,877.9036322521398
19.8,877.9452473191474
20.0,877.9848708475536
20.2,878.0225513157213
20.4,878.05833523521
20.6,878.0922671566296
20.8,878.1243896753498
21.0,878.154743437058
21.2,878.1833671431598
21.4,878.2102975560103
21.6,878.2355695039663
21.8,878.2592158862493
22.0,878.2812676776058
22.2,878.3017539327541
22.4,878.3207017906043
22.6,878.3381364782396
22.8,878.3540813146465
23.0,878.3685577141829
23.2,878.3815851897714
23.4,878.3931813558083
23.6,878.403361930777
23.8,878.4121407395567
24.0,878.419529715417
24.2,878.425538901693
24.4,878.4301764531297
24.6,878.4334486368926
24.8,878.4353598332415
25.0,878.4359125358559
25.2,878.4351073518187
25.4,878.43294300125
25.6,878.4294163165912
25.8,878.4245222415417
26.0,878.4182538296484
26.2,878.4106022425505
26.4,878.401556747883
26.6,878.3911047168452
26.8,878.379231621437
27.0,878.3659210313722
27.2,878.3511546106747
27.4,878.3349121139677
27.6,878.3171713824624
27.8,878.2979083396588
28.0,878.277096986767
28.2,878.2547093978621
28.4,878.2307157147817
28.6,878.2050841417798
28.8,878.1777809399482
29.0,878.1487704214161
29.2,878.1180149433434
29.4,878.0854749017133
29.6,878.0511087249413
29.8,878.0148728673059
30.0,877.9767218022126
30.2,877.9366080152967
30.4,877.8944819973739
30.6,877.8502922372384
30.8,877.8039852143111
31.0,877.755505391135
31.2,877.7047952057104
31.4,877.651795063657
31.6,877.5964433301835
31.8,877.5386763218386
32.0,877.4784282980045
32.2,877.4156314520847
32.4,877.3502159023196
32.6,877.282109682147
32.8,877.2112387299998
33.0,877.1375268784042
33.2,877.060895842209
33.4,876.9812652057294
33.6,876.8985524085361
33.8,876.8126727295597
34.0,876.7235392690942
34.2,876.6310629281945
34.4,876.5351523848402
34.6,876.4357140661054
34.8,876.3326521154021
35.0,876.225868353671
35.2,876.115262233159
35.4,876.0007307821472
35.6,875.8821685386745
35.8,875.7594674709318
36.0,875.632516881575
36.2,875.5012032927185
36.4,875.3654103078222
36.6,875.2250184460677
36.8,875.0799049441338
37.0,874.9299435195347
37.2,874.7750040888612
37.4,874.614952433397
37.6,874.4496498036569
37.8,874.2789524534401
38.0,874.1027110930177
38.2,873.9207702501158
38.4,873.7329675264322
38.6,873.5391327365852
38.8,873.3390869156765
39.0,873.1326411811008
39.2,872.9195954339311
39.4,872.6997368851888
39.6,872.4728383926648
39.8,872.2386565947471
40.0,871.9969298290265
40.2,871.7473758253429
40.4,871.4896891655089
40.6,871.2235385052272
40.8,870.9485635578087
41.0,870.6643718441845
41.2,870.3705352194635
41.4,870.0665861928702
41.6,869.7520140653079
41.8,869.4262609169486
42.0,869.0887174860665
42.2,868.7387189896568
42.4,868.3755409460607
42.6,867.9983950695979
42.8,867.6064253168681
43.0,867.1987041735943
43.2,866.7742292793256
43.4,866.3319204946475
43.6,865.8706175213648
43.8,865.389078190072
44.0,864.8859775312159
44.2,864.3599077448325
44.4,863.8093791802994
44.6,863.2328224303938
44.8,862.6285916335161
45.0,861.9949690639891
45.2,861.3301710728659
45.4,860.632355420771
45.6,859.8996300201583
45.8,859.13006307734
46.0,858.3216945951777
46.2,857.4725491660079
46.4,856.580649951899
46.6,855.644033716499
46.8,854.6607667403916
47.0,853.6289614209804
47.2,852.5467933294195
47.4,851.4125184719445
47.6,850.2244904820828
47.8,848.9811774544521
48.0,847.6811781209674
48.2,846.3232370668678
48.4,844.906258687493
48.6,843.4293195974535
48.8,841.8916792217914
49.0,840.2927883237641
49.2,838.6322952556014
49.4,836.9100497564036
49.6,835.1261041644203
49.8,833.2807119583309
50.0,831.3743235926355
