0.0,868.4642385986148
0.2,868.9875492925896
0.4,869.4928963657811
0.6,869.9804682851607
0.8,870.4504690565827
1.0,870.903118242697
1.2,871.3386508793985
1.4,871.7573172919724
1.6,872.1593828129387
1.8,872.5451274044293
2.0,872.9148451887118
2.2,873.2688438912162
2.4,873.6074442011117
2.6,873.9309790551016
2.8,874.2397928506717
3.0,874.5342405955131
3.2,874.8146870002539
3.4,875.0815055219721
3.6,875.3350773662117
3.8,875.5757904553998
4.0,875.8040383716478
4.2,876.0202192819373
4.4,876.2247348536102
4.6,876.4179891679494
4.8,876.6003876394111
5.0,876.7723359477947
5.2,876.9342389902807
5.4,877.0864998598773
5.6,877.2295188563604
5.8,877.3636925353002
6.0,877.4894128002461
6.2,877.6070660425789
6.4,877.7170323329706
6.6,877.8196846678015
6.8,877.9153882732913
7.0,878.0044999695042
7.2,878.0873675958061
7.4,878.1643294987776
7.6,878.2357140830316
7.8,878.301839424857
8.0,878.3630129481107
8.2,878.4195311613084
8.4,878.4716794544364
8.6,878.5197319536143
8.8,878.5639514313827
9.0,878.6045892700846
9.2,878.6418854755372
9.4,878.6760687379729
9.6,878.7073565370413
9.8,878.73595528753
10.0,878.7620605223592
10.2,878.7858571093494
10.4,878.8075194982385
10.6,878.8272119944326
10.8,878.8450890560225
11.0,878.8612956106723
11.2,878.8759673890777
11.4,878.8892312718222
11.6,878.9012056465937
11.8,878.9120007728893
12.0,878.9217191514989
12.2,878.9304558962507
12.4,878.9382991056855
12.6,878.9453302325228
12.8,878.951624448986
13.0,878.9572510062428
13.2,878.9622735864217
13.4,878.9667506458542
13.6,878.9707357483815
13.8,878.9742778877435
14.0,878.9774217982394
14.2,878.9802082530175
14.4,878.9826743494941
14.6,878.9848537815573
14.8,878.9867770983296
15.0,878.9884719493922
15.2,878.9899633164789
15.4,878.9912737317419
15.6,878.9924234827844
15.8,878.9934308047227
16.0,878.9943120596101
16.2,878.9950819036072
16.4,878.9957534423277
16.6,878.9963383748283
16.8,878.9968471267357
17.0,878.9972889730261
17.2,878.997672150986
17.4,878.99800396389
17.6,878.9982908759343
17.8,878.9985385989609
18.0,878.9987521714988
18.2,878.9989360306416
18.4,878.9990940772611
18.6,878.9992297350459
18.8,878.9993460038302
19.0,878.9994455076617
19.2,878.9995305380344
19.4,878.9996030926877
19.6,878.9996649103539
19.8,878.9997175018127
20.0,878.9997621775856
20.2,878.9998000725838
20.4,878.9998321679983
20.6,878.9998593107024
20.8,878.9998822304124
21.0,878.9999015548349
21.2,878.9999178230106
21.4,878.9999314970436
21.6,878.9999429723911
21.8,878.9999525868693
22.0,878.9999606285222
22.2,878.9999673424765
22.4,878.9999729369029
22.6,878.9999775881854
22.8,878.999981445392
23.0,878.9999846341275
23.2,878.9999872598441
23.4,878.9999894106725
23.6,878.999991159828
23.8,878.9999925676461
24.0,878.9999936832824
24.2,878.9999945461186
24.4,878.9999951869048
24.6,878.9999956286578
24.8,878.9999958873423
25.0,878.9999959723448
25.2,878.9999958867546
25.4,878.9999956274561
25.6,878.9999951850349
25.8,878.9999945434968
26.0,878.9999936797919
26.2,878.9999925631334
26.4,878.9999911540954
26.6,878.9999894034714
26.8,878.9999872508668
27.0,878.9999846229935
27.2,878.9999814316358
27.4,878.999977571239
27.6,878.9999729160755
27.8,878.9999673169309
28.0,878.9999605972449
28.2,878.9999525486367
28.4,878.999942925728
28.6,878.9999314401748
28.8,878.9999177538032
29.0,878.9999014707299
29.2,878.9998821283448
29.4,878.9998591870061
29.6,878.9998320182947
29.8,878.999799891651
30.0,878.9997619592054
30.2,878.9997172385905
30.4,878.9996645935092
30.6,878.9996027118095
30.8,878.9995300807956
31.0,878.9994449594876
31.2,878.9993453475137
31.4,878.9992289503007
31.6,878.9990931402043
31.8,878.9989349131965
32.0,878.9987508407058
32.2,878.9985370161827
32.4,878.9982889959423
32.6,878.9980017338145
32.8,878.997669509113
33.0,878.9972858474192
33.2,878.9968434336613
33.4,878.9963340169581
33.6,878.9957483066905
33.8,878.9950758592587
34.0,878.994304954986
34.2,878.9934224646371
34.4,878.992413705032
34.6,878.9912622832557
34.8,878.9899499289935
35.0,878.9884563145575
35.2,878.9867588622133
35.4,878.9848325384694
35.6,878.9826496350607
35.8,878.9801795364253
36.0,878.9773884735667
36.2,878.9742392642823
36.4,878.9706910398544
36.6,878.9666989584157
36.8,878.9622139053309
37.0,878.9571821810829
37.2,878.9515451772971
37.4,878.94523904171
37.6,878.9381943330491
37.8,878.9303356669817
38.0,878.9215813544691
38.2,878.9118430340611
38.4,878.9010252998592
38.6,878.8890253270761
38.8,878.8757324973202
39.0,878.8610280259227
39.2,878.8447845938248
39.4,878.8268659867173
39.6,878.8071267443036
39.8,878.7854118227107
40.0,878.7615562732187
40.2,878.7353849406015
40.4,878.7067121844677
40.6,878.6753416270694
40.8,878.6410659310864
41.0,878.6036666109119
41.2,878.5629138809389
41.4,878.5185665442935
41.6,878.4703719253611
41.8,878.4180658493154
42.0,878.3613726716834
42.2,878.3000053607509
42.4,878.2336656353568
42.6,878.1620441603092
42.8,878.08482080131
43.0,878.0016649408841
43.2,877.9122358563782
43.4,877.8161831606284
43.6,877.7131473054023
43.8,877.6027601471865
44.0,877.4846455743468
44.2,877.3584201941129
44.4,877.2236940772569
44.6,877.0800715577446
44.8,876.9271520840434
45.0,876.7645311181866
45.2,876.5918010781199
45.4,876.4085523183011
45.6,876.2143741429991
45.8,876.0088558462498
46.0,875.7915877719728
46.2,875.5621623873573
46.4,875.3201753622789
46.6,875.0652266472239
46.8,874.7969215419851
47.0,874.5148717472423
47.2,874.2186963910751
47.4,873.9080230224597
47.6,873.5824885638938
47.8,873.2417402154598
48.0,872.885436302891
48.2,872.5132470625357
48.4,872.1248553565276
48.6,871.7199573119542
48.8,871.2982628783744
49.0,870.8594962986613
49.2,870.4033964888267
49.4,869.9297173232255
49.6,869.4382278223161
49.8,868.9287122409737
50.0,868.4009700562033
