0.0,863.1325079394984
0.2,863.7172930327542
0.4,864.286371893824
0.6,864.8399502177401
0.8,865.378236531574
1.0,865.9014421928707
1.2,866.4097813745619
1.4,866.9034710363296
1.6,867.382730882461
1.8,867.8477833063027
2.0,868.2988533214829
2.2,868.7361684801391
2.4,869.1599587784499
2.6,869.5704565498244
2.8,869.9678963461683
3.0,870.3525148076965
3.2,870.7245505218112
3.4,871.0842438716204
3.6,871.431836874709
3.8,871.7675730128219
4.0,872.091697053153
4.2,872.4044548619659
4.4,872.7060932113045
4.6,872.9968595795748
4.8,873.2770019467962
5.0,873.5467685853405
5.2,873.8064078469861
5.4,874.056167947119
5.6,874.296296746919
5.8,874.5270415343612
6.0,874.7486488048611
6.2,874.9613640423784
6.4,875.1654315017773
6.6,875.3610939932302
6.8,875.5485926694154
7.0,875.7281668162506
7.2,875.9000536478591
7.4,876.0644881064428
7.6,876.2217026676996
7.8,876.3719271523811
8.0,876.5153885445549
8.2,876.6523108170857
8.4,876.7829147648135
8.6,876.9074178458598
8.8,877.0260340314464
9.0,877.1389736645699
9.2,877.2464433278234
9.4,877.348645720615
9.6,877.4457795459838
9.8,877.5380394071685
10.0,877.62561571404
10.2,877.7086945994638
10.4,877.787457845615
10.6,877.8620828202272
10.8,877.9327424227165
11.0,877.9996050400811
11.2,878.0628345124446
11.4,878.1225901080717
11.6,878.1790265076543
11.8,878.2322937976364
12.0,878.2825374723164
12.2,878.3298984444398
12.4,878.3745130639745
12.6,878.4165131447352
12.8,878.4560259985091
13.0,878.4931744763173
13.2,878.528077016433
13.4,878.5608476987653
13.6,878.5915963052112
13.8,878.6204283855683
14.0,878.6474453285999
14.2,878.6727444378396
14.4,878.6964190117216
14.6,878.7185584276285
14.8,878.7392482294489
15.0,878.7585702182404
15.2,878.7766025456077
15.4,878.7934198094058
15.6,878.8090931513926
15.8,878.8236903564663
16.0,878.8372759531319
16.2,878.8499113148576
16.4,878.861654761994
16.6,878.8725616639431
16.8,878.8826845412797
17.0,878.8920731675457
17.2,878.9007746704475
17.4,878.9088336322114
17.6,878.9162921888603
17.8,878.9231901281959
18.0,878.9295649862854
18.2,878.9354521422682
18.4,878.9408849113128
18.6,878.9458946355697
18.8,878.950510772985
19.0,878.954760983845
19.2,878.9586712149479
19.4,878.9622657813019
19.6,878.9655674452679
19.8,878.9685974930753
20.0,878.9713758086501
20.2,878.9739209447084
20.4,878.9762501910734
20.6,878.9783796401887
20.8,878.9803242498059
21.0,878.9820979028325
21.2,878.9837134643367
21.4,878.9851828357048
21.6,878.9865170059613
21.8,878.9877261002599
22.0,878.9888194255598
22.2,878.9898055135061
22.4,878.9906921605374
22.6,878.9914864652375
22.8,878.9921948629622
23.0,878.9928231577629
23.2,878.9933765516344
23.4,878.9938596711098
23.6,878.9942765912323
23.8,878.9946308569218
24.0,878.9949255017654
24.2,878.9951630642455
24.4,878.99534560143
24.6,878.9954747001361
24.8,878.9955514855848
25.0,878.9955766275525
25.2,878.9955503440318
25.4,878.9954724024011
25.6,878.9953421181076
25.8,878.9951583508605
26.0,878.9949194983279
26.2,878.9946234873313
26.4,878.9942677625231
26.6,878.9938492725366
26.8,878.9933644535874
27.0,878.9928092105096
27.2,878.9921788952029
27.4,878.99146828247
27.6,878.9906715432159
27.8,878.9897822149848
28.0,878.9887931698075
28.2,878.9876965793316
28.4,878.9864838772097
28.6,878.9851457187174
28.8,878.9836719375786
29.0,878.9820514999744
29.2,878.9802724557177
29.4,878.978321886576
29.6,878.976185851731
29.8,878.973849330367
30.0,878.9712961613877
30.2,878.9685089802647
30.4,878.965469153029
30.6,878.9621567074258
30.8,878.9585502612608
31.0,878.9546269479722
31.2,878.9503623394797
31.4,878.9457303663647
31.6,878.9407032354543
31.8,878.935251344887
32.0,878.9293431967594
32.2,878.9229453074564
32.4,878.9160221157916
32.6,878.9085358890912
32.8,878.9004466273744
33.0,878.8917119657972
33.2,878.8822870755421
33.4,878.8721245633528
33.6,878.861174369929
33.8,878.849383667412
34.0,878.8366967562094
34.2,878.823054961424
34.4,878.8083965291634
34.6,878.7926565230296
34.8,878.7757667210964
35.0,878.7576555137018
35.2,878.7382478023934
35.4,878.7174649003792
35.6,878.6952244348505
35.8,878.6714402515488
36.0,878.6460223219655
36.2,878.6188766535668
36.4,878.5899052034458
36.6,878.5590057958074
36.8,878.5260720436984
37.0,878.4909932753925
37.2,878.4536544658465
37.4,878.4139361736347
37.6,878.3717144837698
37.8,878.3268609568108
38.0,878.2792425846493
38.2,878.2287217533533
38.4,878.1751562134388
38.6,878.1183990579189
38.8,878.0582987084648
39.0,877.9946989099916
39.2,877.9274387339575
39.4,877.8563525906435
39.6,877.781270250649
39.8,877.702016875808
40.0,877.6184130597036
40.2,877.5302748779179
40.4,877.4374139481223
40.6,877.3396375000729
40.8,877.2367484555359
41.0,877.1285455181272
41.2,877.0148232730071
41.4,876.8953722963258
41.6,876.7699792742753
41.8,876.6384271315488
42.0,876.5004951689746
42.2,876.3559592100335
42.4,876.204591755931
42.6,876.0461621488487
42.8,875.8804367429484
43.0,875.7071790826682
43.2,875.526150087798
43.4,875.3371082447865
43.6,875.1398098036902
43.8,874.9340089801381
44.0,874.7194581616504
44.2,874.4959081176196
44.4,874.2631082122283
44.6,874.0208066195594
44.8,873.7687505401237
45.0,873.5066864180181
45.2,873.2343601579062
45.4,872.9515173410073
45.6,872.6579034392695
45.8,872.3532640269008
46.0,872.0373449884336
46.2,871.7098927225045
46.4,871.3706543405422
46.6,871.0193778595695
46.8,870.6558123883476
47.0,870.279708306113
47.2,869.8908174331859
47.4,869.4888931927638
47.6,869.0736907632464
47.8,868.6449672204836
48.0,868.2024816693792
48.2,867.7459953643322
48.4,867.2752718180503
48.6,866.790076898321
48.8,866.2901789123855
49.0,865.7753486786208
49.2,865.2453595852924
49.4,864.6999876362082
49.6,864.1390114831659
49.8,863.5622124451503
50.0,862.9693745143079
