0.0,754.1938916609121
0.2,756.8585606934078
0.4,759.4645096522255
0.6,762.0133727224627
0.8,764.5067434043314
1.0,766.9461732506022
1.2,769.3331708092181
1.4,771.6692007719548
1.6,773.9556833280533
1.8,776.1939937198692
2.0,778.3854619957915
2.2,780.5313729540047
2.4,782.632966269145
2.6,784.6914367925102
2.8,786.7079350152933
3.0,788.6835676832832
3.2,790.6193985506555
3.4,792.5164492598412
3.6,794.3757003340316
3.8,796.1980922686338
4.0,797.984526707931
4.2,799.7358676933221
4.4,801.4529429697906
4.6,803.1365453376756
4.8,804.787434037378
5.0,806.4063361552923
5.2,807.9939480400167
5.4,809.5509367187298
5.6,811.0779413044984
5.8,812.5755743862129
6.0,814.0444233937835
6.2,815.48505193217
6.4,816.8980010787543
6.6,818.283790639462
6.8,819.6429203599088
7.0,820.9758710886621
7.2,822.283105890474
7.4,823.5650711080418
7.6,824.8221973714861
7.8,826.0549005553098
8.0,827.2635826830924
8.2,828.4486327806184
8.4,829.6104276784866
8.6,830.7493327655673
8.8,831.8657026948978
9.0,832.9598820438101
9.2,834.0322059302069
9.4,835.0830005869996
9.6,836.1125838967693
9.8,837.1212658887309
10.0,838.1093492000591
10.2,839.0771295036043
10.4,840.0248959039629
10.6,840.9529313037957
10.8,841.861512742199
11.0,842.750911706848
11.2,843.6213944215245
11.4,844.473222110552
11.6,845.3066512415537
11.8,846.1219337478602
12.0,846.9193172317947
12.2,847.6990451499786
12.4,848.4613569817191
12.6,849.2064883814618
12.8,849.9346713162226
13.0,850.6461341888523
13.2,851.3411019479264
13.4,852.0197961850049
13.6,852.6824352199628
13.8,853.3292341750501
14.0,853.9604050383051
14.2,854.5761567169193
14.4,855.1766950811204
14.6,855.7622229991193
14.8,856.3329403636476
15.0,856.8890441105914
15.2,857.4307282302159
15.4,857.9581837714543
15.6,858.4715988397293
15.8,858.9711585887551
16.0,859.4570452067617
16.2,859.9294378975692
16.4,860.3885128569293
16.6,860.8344432445393
16.8,861.2673991521219
17.0,861.6875475679553
17.2,862.0950523382221
17.4,862.490074125536
17.6,862.8727703649923
17.8,863.2432952180748
18.0,863.6017995247381
18.2,863.9484307539734
18.4,864.2833329531496
18.6,864.6066466964085
18.8,864.9185090323788
19.0,865.2190534314648
19.2,865.5084097329403
19.4,865.7867040920779
19.6,866.054058927521
19.8,866.310592869096
20.0,866.5564207062497
20.2,866.7916533372806
20.4,867.0163977195264
20.6,867.2307568206504
20.8,867.4348295711657
21.0,867.6287108183182
21.2,867.8124912814429
21.4,867.9862575088974
21.6,868.1500918366658
21.8,868.3040723487159
22.0,868.4482728391904
22.2,868.5827627764961
22.4,868.7076072693543
22.6,868.8228670348664
22.8,868.9285983686423
23.0,869.0248531170358
23.2,869.1116786515207
23.4,869.1891178452438
23.6,869.2572090517792
23.8,869.3159860861134
24.0,869.3654782078751
24.2,869.4057101068337
24.4,869.4367018906776
24.6,869.4584690750866
24.8,869.4710225761077
25.0,869.4743687048418
25.2,869.4685091644502
25.4,869.4534410494815
25.6,869.4291568475244
25.8,869.3956444431865
26.0,869.3528871243981
26.2,869.3008635910384
26.4,869.2395479658803
26.6,869.1689098078477
26.8,869.0889141275736
27.0,868.9995214052532
27.2,868.9006876107719
27.4,868.7923642260964
27.6,868.6744982699049
27.8,868.547032324434
28.0,868.4099045645128
28.2,868.2630487887516
28.4,868.1063944528464
28.6,867.9398667049555
28.8,867.7633864230969
29.0,867.5768702545112
29.2,867.3802306569237
29.4,867.1733759416363
29.6,866.9562103183649
29.8,866.728633941736
30.0,866.4905429593423
30.2,866.2418295612476
30.4,865.9823820308225
30.6,865.7120847967788
30.8,865.430818486261
31.0,865.138459978841
31.2,864.8348824612463
31.4,864.5199554826467
31.6,864.1935450103015
31.8,863.855513485364
32.0,863.5057198786232
32.2,863.144019745946
32.4,862.7702652831765
32.6,862.3843053802265
32.8,861.9859856740828
33.0,861.5751486004434
33.2,861.1516334436742
33.4,860.7152763847736
33.6,860.2659105470109
33.8,859.8033660388958
34.0,859.32746999412
34.2,858.8380466081019
34.4,858.3349171707508
34.6,857.8179000950547
34.8,857.2868109410831
35.0,856.7414624349854
35.2,856.1816644825504
35.4,855.6072241768801
35.6,855.0179457997182
35.8,854.413630815958
36.0,853.794077860839
36.2,853.1590827193262
36.4,852.5084382971423
36.6,851.8419345829086
36.8,851.1593586008178
37.0,850.460494353243
37.2,849.7451227526493
37.4,849.0130215421401
37.6,848.2639652039325
37.8,847.4977248550034
38.0,846.7140681291036
38.2,845.9127590442683
38.4,845.0935578548957
38.6,844.2562208873859
38.8,843.4005003582542
39.0,842.5261441735461
39.2,841.632895708282
39.4,840.7204935645683
39.6,839.7886713068924
39.8,838.8371571730218
40.0,837.8656737588038
40.2,836.8739376750569
40.4,835.8616591746294
40.6,834.8285417475943
40.8,833.7742816824572
41.0,832.6985675911618
41.2,831.6010798956138
41.4,830.4814902733982
41.6,829.3394610603427
41.8,828.1746446075958
42.0,826.9866825909401
42.2,825.7752052701538
42.4,824.5398306963857
42.6,823.2801638657036
42.8,821.9957958172458
43.0,820.6863026747296
43.2,819.3512446304699
43.4,817.9901648715368
43.6,816.6025884482226
43.8,815.1880210856139
44.0,813.7459479397609
44.2,812.2758323007052
44.4,810.7771142454635
44.6,809.2492092449617
44.8,807.6915067298643
45.0,806.1033686212364
45.2,804.4841278329931
45.4,802.8330867541314
45.6,801.1495157197687
45.8,799.4326514810285
46.0,797.6816956847861
46.2,795.8958133752037
46.4,794.0741315298196
46.6,792.215737643686
46.8,790.319678375665
47.0,788.3849582714615
47.2,786.4105385782794
47.4,784.3953361661205
47.6,782.3382225706904
47.8,780.238023172612
48.0,778.0935165271791
48.2,775.9034338581979
48.4,773.6664587285669
48.6,771.381226899132
48.8,769.0463263860493
49.0,766.66029772538
49.2,764.2216344519694
49.4,761.728783797836
49.6,759.1801476133375
49.8,756.5740835123252
50.0,753.9089062403685
