0.0,635.1658730286805
0.2,640.2684744116025
0.4,645.2508347412869
0.6,650.1167689020564
0.8,654.8699572622513
1.0,659.513942673031
1.2,664.0521283999543
1.4,668.4877769831583
1.6,672.8240100106175
1.8,677.063808778064
2.0,681.2100157988564
2.2,685.2653371175893
2.4,689.232345372665
2.6,693.1134835455526
2.8,696.9110693281204
3.0,700.6273000343415
3.2,704.2642579788733
3.4,707.8239162425299
3.6,711.3081447434954
3.8,714.7187165332308
4.0,718.0573142373636
4.2,721.3255365643213
4.4,724.524904807999
4.6,727.6568692752137
4.8,730.7228155739714
5.0,733.7240707045147
5.2,736.6619089016036
5.4,739.5375571833375
5.6,742.352200568941
5.8,745.106986935141
6.0,747.803031487945
6.2,750.441420833651
6.4,753.0232166396822
6.6,755.5494588822228
6.8,758.0211686835752
7.0,760.4393507475736
7.2,762.8049954062265
7.4,765.1190802949894
7.6,767.3825716776566
7.8,769.5964254447957
8.0,771.7615878119557
8.2,773.8789957455434
8.4,775.9495771453444
8.6,777.9742508131743
8.8,779.9539262371483
9.0,781.8895032205871
9.2,783.7818713836956
9.4,785.6319095649249
9.6,787.4404851473903
9.8,789.2084533339579
10.0,790.9366563926613
10.2,792.6259228920343
10.4,794.2770669437954
10.6,795.8908874681342
10.8,797.4681674946812
11.0,799.0096735101145
11.2,800.5161548613157
11.4,801.9883432210444
11.6,803.4269521212872
11.8,804.8326765577639
12.0,806.2061926675552
12.2,807.5481574804523
12.4,808.859208743435
12.6,810.1399648166439
12.8,811.3910246383386
13.0,812.6129677556031
13.2,813.8063544169788
13.4,814.9717257227575
13.6,816.1096038283396
13.8,817.2204921958496
14.0,818.3048758890844
14.2,819.363221906845
14.4,820.395979549748
14.6,821.4035808157238
14.8,822.3864408195763
15.0,823.3449582321779
15.2,824.2795157351234
15.4,825.1904804869191
15.6,826.0782045970731
15.8,826.9430256047343
16.0,827.7852669588328
16.2,828.6052384969553
16.4,829.403236920487
16.6,830.1795462638286
16.8,830.9344383557622
17.0,831.6681732713009
17.2,832.3809997725938
17.4,833.0731557376839
17.6,833.7448685761259
17.8,834.3963556306629
18.0,835.0278245643357
18.2,835.6394737325583
18.4,836.2314925398399
18.6,836.8040617809565
18.8,837.3573539664967
19.0,837.8915336328025
19.2,838.4067576364184
19.4,838.9031754332347
19.6,839.3809293425805
19.8,839.8401547965793
20.0,840.2809805751192
20.2,840.7035290268393
20.4,841.1079162765571
20.6,841.4942524195881
20.8,841.862641703426
21.0,842.2131826972673
21.2,842.5459684498661
21.4,842.8610866362103
21.6,843.1586196935095
21.8,843.4386449469771
22.0,843.7012347258807
22.2,843.9464564703266
22.4,844.1743728292236
22.6,844.3850417498609
22.8,844.5785165595098
23.0,844.754846039443
23.2,844.9140744917397
23.4,845.0562417992209
23.6,845.1813834788338
23.8,845.2895307287795
24.0,845.380710469644
24.2,845.4549453797729
24.4,845.512253925093
24.6,845.5526503835563
24.8,845.5761448643527
25.0,845.5827433220035
25.2,845.5724475654168
25.4,845.5452552619589
25.6,845.501159936552
25.8,845.4401509657907
26.0,845.3622135670269
26.2,845.2673287823438
26.4,845.1554734573117
26.6,845.0266202143794
26.8,844.8807374207307
27.0,844.717789150401
27.2,844.5377351404189
27.4,844.3405307407124
27.6,844.1261268574849
27.8,843.894469889745
28.0,843.6455016586418
28.2,843.3791593292391
28.4,843.0953753243319
28.6,842.7940772298932
28.8,842.4751876917134
29.0,842.1386243027807
29.2,841.7842994809372
29.4,841.4121203363254
29.6,841.0219885281397
29.8,840.6138001101839
30.0,840.1874453647373
30.2,839.742808624231
30.4,839.2797680802449
30.6,838.798195579344
30.8,838.2979564052928
31.0,837.7789090472072
31.2,837.2409049532366
31.4,836.683788269401
31.6,836.1073955632635
31.8,835.5115555321639
32.0,834.8960886958116
32.2,834.2608070731088
32.4,833.6055138431665
32.6,832.9300029905717
32.8,832.234058935083
33.0,831.5174561460584
33.2,830.7799587420621
33.4,830.0213200762594
33.6,829.2412823083802
33.8,828.4395759642277
34.0,827.6159194839177
34.2,826.7700187602521
34.4,825.9015666688849
34.6,825.0102425921793
34.8,824.095711938937
35.0,823.1576256624521
35.2,822.1956197796359
35.4,821.209314894253
35.6,820.1983157276012
35.8,819.1622106602648
36.0,818.1005712888456
36.2,817.0129520018473
36.4,815.8988895791274
36.6,814.7579028195371
36.8,813.5894922015384
37.0,812.3931395817019
37.2,811.1683079360316
37.4,809.9144411490482
37.6,808.6309638554411
37.8,807.3172813388929
38.0,805.9727794923543
38.2,804.5968248436042
38.4,803.1887646493481
38.6,801.7479270603864
38.8,800.2736213595068
39.0,798.7651382727253
39.2,797.2217503533032
39.4,795.6427124366121
39.6,794.0272621624023
39.8,792.3746205593613
40.0,790.6839926850392
40.2,788.9545683122794
40.4,787.1855226512562
40.6,785.376017094094
40.8,783.5251999668818
41.0,781.632207271711
41.2,779.69616339922
41.4,777.7161817900543
41.6,775.6913655217033
41.8,773.620807795417
42.0,771.5035922963665
42.2,769.3387933989933
42.4,767.1254761886001
42.6,764.862696269778
42.8,762.5494993322526
43.0,760.1849204452493
43.2,757.7679830525456
43.4,755.2976976420483
43.6,752.7730600660249
43.8,750.1930494910519
44.0,747.5566259603237
44.2,744.8627275551803
44.4,742.1102671475447
44.6,739.2981287403647
44.8,736.4251633990832
45.0,733.4901847835356
45.2,730.4919642964229
45.4,727.4292258715159
45.6,724.3006404319152
45.8,721.1048200558887
46.0,717.8403118949012
46.2,714.5055918953058
46.4,711.0990583816299
46.6,707.6190255653285
46.8,704.0637170481366
47.0,700.4312593936106
47.2,696.7196758439674
47.4,692.926880261804
47.6,689.0506713776085
47.8,685.0887274240807
48.0,681.0386012371077
48.2,676.8977159007666
48.4,672.6633610099291
48.6,668.3326896189654
48.8,663.9027159387141
49.0,659.370313836401
49.2,654.7322161846328
49.4,649.9850150961076
49.6,645.1251630704102
49.8,640.1489750683708
50.0,635.0526315181515
