0.0,551.3168828829997
0.2,557.4121979231776
0.4,563.3758294612151
0.6,569.2068440502767
0.8,574.9048591311785
1.0,580.4700407186501
1.2,585.9030940315625
1.4,591.2052473217703
1.6,596.3782292770378
1.8,601.4242404843661
2.0,606.3459195384489
2.2,611.1463044638676
2.4,615.828790187342
2.6,620.3970828467061
2.8,624.8551517555929
3.0,629.2071798568967
3.2,633.4575134942623
3.4,637.6106123098723
3.6,641.6710000398701
3.8,645.6432169274357
4.0,649.5317744096728
4.2,653.3411126602082
4.4,657.075561486987
4.6,660.7393049965825
4.8,664.3363503447639
5.0,667.8705008004515
5.2,671.3453332587285
5.4,674.7641802503244
5.6,678.1301164117574
5.8,681.4459493036895
6.0,684.714214396288
6.2,687.9371739804835
6.4,691.1168197136524
6.6,694.2548784678
6.8,697.3528211178948
7.0,700.4118738874063
7.2,703.4330318569678
7.4,706.4170742397727
7.6,709.3645810330829
7.8,712.2759506681563
8.0,715.1514183000118
8.2,717.9910744026889
8.4,720.7948833639634
8.6,723.562701804801
8.8,726.2942963821474
9.0,728.989360868024
9.2,731.6475323324431
9.4,734.2684062916197
9.6,736.8515507156568
9.8,739.3965188207686
10.0,741.9028605997469
10.2,744.3701330704095
10.4,746.7979092450103
10.6,749.1857858438557
10.8,751.5333897936648
11.0,753.8403835655283
11.2,756.1064694187814
11.4,758.3313926258552
11.6,760.5149437593917
11.8,762.6569601268517
12.0,764.7573264397143
12.2,766.8159748044634
12.4,768.8328841211026
12.6,770.8080789722084
12.8,772.741628081762
13.0,774.6336424184198
13.2,776.4842730127049
13.4,778.2937085520242
13.6,780.0621728115931
13.8,781.7899219734442
14.0,783.4772418798261
14.2,785.1244452615697
14.4,786.731868976488
14.6,788.2998712876633
14.8,789.8288292065906
15.0,791.3191359216349
15.2,792.771198328139
15.4,794.1854346727883
15.6,795.5622723215145
15.8,796.9021456572752
16.0,798.205494111478
16.2,799.4727603306011
16.4,800.7043884776797
16.6,801.9008226667423
16.8,803.0625055269883
17.0,804.1898768924427
17.2,805.2833726120095
17.4,806.3434234742181
17.6,807.3704542405167
17.8,808.3648827806709
18.0,809.327119303664
18.2,810.2575656774437
18.4,811.1566148309005
18.6,812.024650231578
18.8,812.8620454327956
19.0,813.6691636840837
19.2,814.4463575990981
19.4,815.1939688754667
19.6,815.9123280613256
19.8,816.601754363621
20.0,817.2625554935715
20.2,817.8950275450095
20.4,818.4994549016321
20.6,819.0761101695033
20.8,819.6252541314426
21.0,820.147135720224
21.2,820.6419920077766
21.4,821.1100482078327
21.6,821.5515176897154
21.8,821.9666020011729
22.0,822.3554908983839
22.2,822.7183623814467
22.4,823.0553827338427
22.6,823.3667065645338
22.8,823.6524768514976
23.0,823.9128249856448
23.2,824.1478708141894
23.4,824.3577226826555
23.6,824.542477474807
23.8,824.7022206498868
24.0,824.8370262766332
24.2,824.9469570636228
24.4,825.0320643855641
24.6,825.0923883052291
24.8,825.127957590776
25.0,825.1387897282749
25.2,825.1248909293013
25.4,825.0862561335198
25.6,825.0228690062305
25.8,824.934701930903
26.0,824.8217159967761
26.2,824.6838609816551
26.4,824.5210753300934
26.6,824.333286127205
26.8,824.1204090684174
27.0,823.8823484255392
27.2,823.6189970095935
27.4,823.3302361309445
27.6,823.0159355573325
27.8,822.6759534705272
28.0,822.3101364224143
28.2,821.9183192914434
28.4,821.5003252404925
28.6,821.0559656773403
28.8,820.5850402190886
29.0,820.0873366620414
29.2,819.5626309587245
29.4,819.0106872039239
29.6,818.4312576318285
29.8,817.8240826265882
30.0,817.1888907488374
30.2,816.5253987809921
30.4,815.8333117943927
30.6,815.1123232416586
30.8,814.3621150779088
31.0,813.5823579148158
31.2,812.7727112117745
31.4,811.9328235087881
31.6,811.0623327059909
31.8,810.1608663950523
32.0,809.2280422480027
32.2,808.2634684693179
32.4,807.2667443173533
32.6,806.2374607014501
32.8,805.1752008612094
33.0,804.0795411345468
33.2,802.9500518211815
33.4,801.7862981481601
33.6,800.587841343857
33.8,799.3542398265959
34.0,798.0850505135946
34.2,796.779830255315
34.4,795.4381373994762
34.6,794.059533487947
34.8,792.6435850884276
35.0,791.1898657612578
35.2,789.6979581597996
35.4,788.1674562606299
35.6,786.5979677172126
35.8,784.9891163277708
36.0,783.340544604765
36.2,781.6519164296449
36.4,779.9229197724321
36.6,778.1532694511758
36.8,776.3427099014434
37.0,774.4910179207981
37.2,772.5980053477033
37.4,770.6635216285733
37.6,768.6874562208175
37.8,766.6697407738195
38.0,764.6103510239836
38.2,762.5093083343917
38.4,760.366680804448
38.6,758.1825838703074
38.8,755.9571803131145
39.0,753.6906795893503
39.2,751.3833363961354
39.4,749.0354483844222
39.6,746.6473529348955
39.8,744.2194229153262
40.0,741.7520613443531
40.2,739.2456948954075
40.4,736.7007661859509
40.6,734.1177248115132
40.8,731.4970171012955
41.0,728.8390745923684
41.2,726.1443012427186
41.4,723.4130594294261
41.6,720.6456548068811
41.8,717.8423201308224
42.0,715.0031981866688
42.2,712.128323994561
42.4,709.2176064980631
42.6,706.2708099778295
42.8,703.2875354648432
43.0,700.2672024591421
43.2,697.2090312882351
43.4,694.1120264636471
43.6,690.9749614131263
43.8,687.7963649789739
44.0,684.5745100787187
44.2,681.3074049220525
44.4,677.992787166804
44.6,674.6281213761512
44.8,671.210600108842
45.0,667.7371489337711
45.2,664.2044356099044
45.4,660.6088836126728
45.6,656.9466901192176
45.8,653.2138484882662
46.0,649.4061751872254
46.2,645.5193410308568
46.4,641.54890650448
46.6,637.4903608520642
46.8,633.3391645180443
47.0,629.0907944435551
47.2,624.7407916354039
47.4,620.2848103518701
47.6,615.7186681855948
47.8,611.0383962725202
48.0,606.2402888189246
48.2,601.3209511176349
48.4,596.2773452206806
48.6,591.1068324497334
48.8,585.8072119579872
49.0,580.3767546074656
49.2,574.8142314934256
49.4,569.1189365313796
49.6,563.2907026206334
49.8,557.3299110090383
50.0,551.2374936044381
