0.0,797.8212042409594
0.2,799.8888634070785
0.4,801.9163424681818
0.6,803.9040650166148
0.8,805.8524562494329
1.0,807.7619430354554
1.2,809.6329539732104
1.4,811.4659194394374
1.6,813.261271627848
1.8,815.0194445778881
2.0,816.7408741932788
2.2,818.4259982501559
2.4,820.0752563946662
2.6,821.6890901299232
2.8,823.2679427922594
3.0,824.8122595167599
3.2,826.3224871920979
3.4,827.7990744047352
3.6,829.24247137259
3.8,830.6531298683141
4.0,832.0315031323574
4.2,833.378045776038
4.4,834.6932136748696
4.6,835.9774638524332
4.8,837.2312543551135
5.0,838.4550441180511
5.2,839.6492928226913
5.4,840.8144607463385
5.6,841.9510086041513
5.8,843.0593973840344
6.0,844.1400881749094
6.2,845.1935419888624
6.4,846.2202195776837
6.6,847.2205812443328
6.8,848.1950866498698
7.0,849.1441946164069
7.2,850.0683629266438
7.4,850.9680481205489
7.6,851.8437052897608
7.8,852.6957878702761
8.0,853.5247474339953
8.2,854.3310334796904
8.4,855.1150932239533
8.6,855.8773713926764
8.8,856.618310013606
9.0,857.3383482104983
9.2,858.0379219993919
9.4,858.7174640874968
9.6,859.3774036751842
9.8,860.0181662615379
10.0,860.6401734539129
10.2,861.2438427819229
10.4,861.8295875162564
10.6,862.3978164926965
10.8,862.9489339416975
11.0,863.4833393238433
11.2,864.0014271714887
11.4,864.503586936855
11.6,864.99020284683
11.8,865.4616537646899
12.0,865.9183130589339
12.2,866.3605484794006
12.4,866.7887220407986
12.6,867.2031899137653
12.8,867.6043023235354
13.0,867.9924034562766
13.2,868.3678313731235
13.4,868.7309179319154
13.6,869.0819887166191
13.8,869.421362974392
14.0,869.7493535602217
14.2,870.0662668890525
14.4,870.3724028952875
14.6,870.6680549995384
14.8,870.9535100824725
15.0,871.2290484655889
15.2,871.4949438987396
15.4,871.7514635541943
15.6,871.9988680270343
15.8,872.2374113416454
16.0,872.4673409640681
16.2,872.6888978199541
16.4,872.9023163178643
16.6,873.1078243776361
16.8,873.3056434635437
17.0,873.4959886219619
17.2,873.6790685232442
17.4,873.8550855075173
17.6,874.0242356340949
17.8,874.1867087342082
18.0,874.3426884667499
18.2,874.4923523767304
18.4,874.6358719561408
18.6,874.7734127069253
18.8,874.9051342057603
19.0,875.0311901703483
19.2,875.1517285269309
19.4,875.2668914787379
19.6,875.376815575085
19.8,875.4816317808479
20.0,875.5814655460405
20.2,875.6764368752338
20.4,875.7666603965595
20.6,875.8522454300495
20.8,875.9332960550712
21.0,876.0099111766259
21.2,876.0821845902873
21.4,876.1502050455647
21.6,876.2140563074871
21.8,876.273817216211
22.0,876.3295617444649
22.2,876.3813590526565
22.4,876.4292735414739
22.6,876.4733649018218
22.8,876.5136881619512
23.0,876.5502937316405
23.2,876.5832274433039
23.4,876.6125305899105
23.6,876.6382399596062
23.8,876.6603878669434
24.0,876.6790021806332
24.2,876.6941063477403
24.4,876.7057194142606
24.6,876.7138560420207
24.8,876.7185265218575
25.0,876.7197367830397
25.2,876.7174883989087
25.4,876.7117785887214
25.6,876.7026002156923
25.8,876.689941781238
26.0,876.6737874154404
26.2,876.654116863754
26.4,876.6309054699927
26.6,876.6041241556413
26.8,876.5737393955476
27.0,876.5397131900625
27.2,876.5020030337004
27.4,876.4605618804105
27.6,876.4153381055522
27.8,876.3662754646812
28.0,876.3133130492646
28.2,876.2563852394497
28.4,876.1954216540245
28.6,876.1303470977144
28.8,876.0610815059753
29.0,875.9875398874448
29.2,875.9096322642321
29.4,875.827263610229
29.6,875.7403337876407
29.8,875.6487374819358
30.0,875.5523641354365
30.2,875.451097879764
30.4,875.3448174673764
30.6,875.2333962024342
30.8,875.1167018712447
31.0,874.9945966725377
31.2,874.866937147835
31.4,874.7335741121856
31.6,874.5943525855375
31.8,874.4491117250315
32.0,874.2976847584986
32.2,874.1398989194564
32.4,873.9755753838942
32.6,873.8045292091468
32.8,873.6265692751563
33.0,873.4414982284221
33.2,873.2491124289417
33.4,873.0492019004421
33.6,872.8415502842042
33.8,872.6259347967762
34.0,872.4021261918699
34.2,872.1698887267333
34.4,871.9289801332806
34.6,871.6791515942602
34.8,871.4201477247317
35.0,871.1517065591112
35.2,870.8735595440405
35.4,870.5854315373182
35.6,870.2870408131218
35.8,869.9780990737382
36.0,869.6583114680001
36.2,869.3273766166136
36.4,868.9849866445479
36.6,868.6308272206319
36.8,868.2645776044923
37.0,867.8859107009425
37.2,867.4944931219125
37.4,867.0899852559845
37.6,866.6720413455841
37.8,866.2403095718415
38.0,865.7944321471242
38.2,865.3340454152108
38.4,864.8587799590489
38.6,864.3682607160216
38.8,863.8621071006097
39.0,863.3399331343198
39.2,862.801347582715
39.4,862.2459540993597
39.6,861.6733513764639
39.8,861.0831333019846
40.0,860.4748891229142
40.2,859.8482036144618
40.4,859.2026572548045
40.6,858.5378264050659
40.8,857.853283494146
41.0,857.1485972080142
41.2,856.4233326830445
41.4,855.6770517029587
41.6,854.909312898917
41.8,854.1196719522824
42.0,853.3076817995637
42.2,852.4728928390304
42.4,851.6148531384741
42.6,850.7331086435863
42.8,849.8272033864027
43.0,848.8966796932671
43.2,847.9410783917518
43.4,846.9599390159769
43.6,845.9528000097591
43.8,844.9191989270316
44.0,843.8586726289724
44.2,842.7707574772868
44.4,841.6549895230945
44.6,840.5109046908862
44.8,839.338038957023
45.0,838.1359285222659
45.2,836.9041099778445
45.4,835.6421204645859
45.6,834.349497824652
45.8,833.0257807454541
46.0,831.6705088953381
46.2,830.2832230506641
46.4,828.8634652139291
46.6,827.410778722616
46.8,825.9247083484843
47.0,824.404800387048
47.2,822.8506027370265
47.4,821.2616649695885
47.6,819.6375383872476
47.8,817.9777760723019
48.0,816.2819329247603
48.2,814.5495656897239
48.4,812.7802329742407
48.6,810.9734952536911
48.8,809.1289148677968
49.0,807.2460560063912
49.2,805.3244846851265
49.4,803.3637687113329
49.6,801.3634776402815
49.8,799.3231827221447
50.0,797.2424568399779
