0.0,688.1334393447689
0.2,692.4644774546153
0.4,696.6546033265836
0.6,700.7081357025851
0.8,704.6294241477971
1.0,708.4228468890136
1.2,712.0928069055811
1.4,715.6437263093334
1.6,719.0800390914486
1.8,722.4061823532239
2.0,725.626586173358
2.2,728.7456622955352
2.4,731.7677918461721
2.6,734.6973123125088
2.8,737.5385040254241
3.0,740.2955763992035
3.2,742.9726541819895
3.4,745.573763965958
3.6,748.1028211957592
3.8,750.5636178979195
4.0,752.959811333382
4.2,755.2949137509038
4.4,757.5722833914384
4.6,759.7951168638164
4.8,761.9664429808383
5.0,764.0891181132241
5.2,766.1658230875424
5.4,768.1990616240473
5.6,770.1911602819738
5.8,772.1442698538821
6.0,774.0603681275761
6.2,775.9412639143228
6.4,777.7886022258165
6.6,779.6038704697017
6.8,781.3884055244969
7.0,783.1434015493961
7.2,784.8699183824597
7.4,786.5688903819215
7.6,788.2411355694044
7.8,789.8873649404036
8.0,791.5081918160677
8.2,793.1041411206769
8.4,794.6756584808824
8.6,796.2231190553123
8.8,797.7468360162039
9.0,799.2470686179313
9.2,800.7240298003358
9.4,802.1778932873785
9.6,803.608800153569
9.8,805.0168648417076
10.0,806.4021806255676
10.2,807.7648245201318
10.4,809.1048616498476
10.6,810.4223490920208
10.8,811.7173392179824
11.0,812.9898825590415
11.2,814.2400302275482
11.4,815.4678359257281
11.6,816.6733575763778
11.8,817.8566586101574
12.0,819.0178089441513
12.2,820.1568856857361
12.4,821.2739735946571
12.6,822.3691653347012
12.8,823.4425615445363
13.0,824.4942707552613
13.2,825.5244091800381
13.4,826.5331003989384
13.6,827.5204749598744
13.8,828.4866699142588
14.0,829.4318283038689
14.2,830.3560986133301
14.4,831.2596342006854
14.6,832.1425927167082
14.8,833.0051355219522
15.0,833.8474271090154
15.2,834.6696345361355
15.4,835.4719268770119
15.6,836.2544746906855
15.8,837.0174495143644
16.0,837.7610233812751
16.2,838.4853683649253
16.4,839.1906561505791
16.6,839.8770576342533
16.8,840.5447425491401
17.0,841.1938791190344
17.2,841.8246337380814
17.4,842.4371706759596
17.6,843.0316518074578
17.8,843.6082363652978
18.0,844.1670807149773
18.2,844.7083381503643
18.4,845.2321587087536
18.6,845.7386890040962
18.8,846.2280720771284
19.0,846.7004472611579
19.2,847.1559500623008
19.4,847.5947120530101
19.6,848.016860777789
19.8,848.4225196700366
20.0,848.8118079790269
20.2,849.1848407060872
20.4,849.5417285490938
20.6,849.8825778544606
20.8,850.207490575858
21.0,850.5165642389468
21.2,850.8098919114675
21.4,851.0875621780765
21.6,851.3496591193676
21.8,851.596262294561
22.0,851.8274467273894
22.2,852.0432828947452
22.4,852.2438367176977
22.6,852.4291695545221
22.8,852.5993381954124
23.0,852.7543948585901
23.2,852.8943871875422
23.4,853.0193582491564
23.6,853.1293465325422
23.8,853.2243859483542
24.0,853.3045058284597
24.2,853.3697309258068
24.4,853.4200814143798
24.6,853.4555728891404
24.8,853.4762163658786
25.0,853.4820182809104
25.2,853.4729804905832
25.4,853.4491002705604
25.6,853.4103703148821
25.8,853.3567787348079
26.0,853.288309057473
26.2,853.2049402244013
26.4,853.106646589938
26.6,852.9933979196873
26.8,852.8651593890526
27.0,852.721891582004
27.2,852.5635504902144
27.4,852.3900875127308
27.6,852.2014494563697
27.8,851.9975785370484
28.0,851.7784123822979
28.2,851.5438840352211
28.4,851.2939219602014
28.6,851.0284500506895
28.8,850.747387639438
29.0,850.4506495115855
29.2,850.1381459210334
29.4,849.8097826106001
29.6,849.4654608364795
29.8,849.1050773975791
30.0,848.7285246703622
30.2,848.3356906498693
30.4,847.9264589976453
30.6,847.5007090973609
30.8,847.0583161189682
31.0,846.5991510922912
31.2,846.1230809910147
31.4,845.6299688280867
31.6,845.1196737636208
31.8,844.592051226427
32.0,844.0469530503655
32.2,843.4842276267581
32.4,842.9037200741368
32.6,842.3052724266392
32.8,841.6887238423789
33.0,841.0539108331222
33.2,840.4006675165866
33.4,839.7288258926294
33.6,839.0382161445326
33.8,838.3286669664733
34.0,837.600005918124
34.2,836.852059807128
34.4,836.0846550999344
34.6,835.2976183611577
34.8,834.490776721221
35.0,833.6639583715596
35.2,832.8169930860788
35.4,831.949712766866
35.6,831.0619520113563
35.8,830.1535486972106
36.0,829.2243445801035
36.2,828.2741858983975
36.4,827.302923977322
36.6,826.3104158237658
36.8,825.2965247011181
37.0,824.2611206717913
37.2,823.2040810931013
37.4,822.1252910501179
37.6,821.0246437069233
37.8,819.9020405554743
38.0,818.7573915389966
38.2,817.5906150245731
38.4,816.4016375974002
38.6,815.1903936471302
38.8,813.9568247148705
39.0,812.7008785678504
39.2,811.4225079675955
39.4,810.1216690967534
39.6,808.7983196096003
39.8,807.4524162718311
40.0,806.0839121565934
40.2,804.6927533659778
40.4,803.2788752504025
40.6,801.8421981026158
40.8,800.3826223084444
41.0,798.9000229429763
41.2,797.3942438086052
41.4,795.8650909202414
41.6,794.3123254529773
41.8,792.7356561784765
42.0,791.1347314281936
42.2,789.5091306340591
42.4,787.858355510228
42.6,786.1818209526527
42.8,784.4788457462565
43.0,782.7486431820253
43.2,780.9903116980202
43.4,779.2028256687441
43.6,777.3850264760565
43.8,775.535614001534
44.0,773.6531386844173
44.2,771.7359942907117
44.4,769.7824115373146
44.6,767.7904527099763
44.8,765.7580074052778
45.0,763.6827895145614
45.2,761.5623355518861
45.4,759.3940044087246
45.6,757.1749785955175
45.8,754.9022670047185
46.0,752.5727092020686
46.2,750.1829812231072
46.4,747.7296028210699
46.6,745.2089460810599
46.8,742.6172452845801
47.0,739.9506078790018
47.2,737.2050263792335
47.4,734.3763910045675
47.6,731.4605028332679
47.8,728.453087241628
48.0,725.3498073836303
48.2,722.1462774624632
48.4,718.8380755463619
48.6,715.4207556886868
48.8,711.889859125866
49.0,708.2409243465661
49.2,704.4694958508579
49.4,700.5711314486139
49.6,696.5414079811833
49.8,692.375925388629
50.0,688.070309085466
