0.0,506.9717698728789
0.2,512.8559891646473
0.4,518.6685683885765
0.6,524.4095089632756
0.8,530.0788345870214
1.0,535.6765917143334
1.2,541.2028499529638
1.4,546.6577023806236
1.6,552.0412657811278
1.8,557.353680800015
2.0,562.595112020064
2.2,567.7657479574855
2.4,572.8658009799265
2.6,577.8955071477645
2.8,582.8551259805078
3.0,587.7449401504284
3.2,592.5652551058694
3.4,597.3163986269469
3.6,601.9987203166395
3.8,606.6125910305036
4.0,611.1584022484842
4.2,615.6365653924878
4.4,620.04751109357
4.6,624.3916884127441
4.8,628.6695640195474
5.0,632.8816213326089
5.2,637.0283596265402
5.4,641.1102931095273
5.6,645.1279499760269
5.8,649.0818714389801
6.0,652.9726107459275
6.2,656.8007321833713
6.4,660.5668100736581
6.6,664.2714277685669
6.8,667.915176643676
7.0,671.4986550974477
7.2,675.022467558826
7.4,678.4872235069699
7.6,681.8935365065644
7.8,685.2420232619558
8.0,688.5333026931485
8.2,691.7679950364826
8.4,694.9467209725784
8.6,698.0701007839065
8.8,701.1387535440954
9.0,704.1532963408467
9.2,707.1143435340816
9.4,710.0225060506934
9.6,712.8783907170408
9.8,715.6825996300672
10.0,718.4357295676992
10.2,721.1383714389394
10.4,723.7911097738486
10.6,726.3945222533891
10.8,728.9491792788989
11.0,731.4556435807611
11.2,733.9144698656548
11.4,736.3262045015904
11.6,738.6913852397763
11.8,741.0105409722108
12.0,743.28419152376
12.2,745.5128474773593
12.4,747.697010030866
12.6,749.8371708840041
12.8,751.933812153754
13.0,753.9874063164797
13.2,755.9984161750335
13.4,757.9672948490394
13.6,759.8944857865305
13.8,761.780422795105
14.0,763.6255300907636
14.2,765.4302223626036
14.4,767.1949048515644
14.6,768.919973441456
14.8,770.6058147605391
15.0,772.2528062919797
15.2,773.8613164915545
15.4,775.4317049110576
15.6,776.9643223259214
15.8,778.4595108656474
16.0,779.9176041457242
16.2,781.3389273997949
16.4,782.7237976109259
16.6,784.072523640921
16.8,785.3854063567152
17.0,786.6627387529818
17.2,787.9048060701746
17.4,789.1118859073244
17.6,790.2842483290034
17.8,791.4221559659541
18.0,792.5258641089799
18.2,793.5956207957728
18.4,794.6316668904363
18.6,795.6342361555498
18.8,796.6035553166862
19.0,797.5398441193757
19.2,798.4433153785704
19.4,799.3141750207304
19.6,800.1526221187088
19.8,800.9588489196694
20.0,801.7330408663157
20.2,802.4753766117572
20.4,803.1860280283737
20.6,803.8651602110772
20.8,804.5129314753929
21.0,805.1294933508101
21.2,805.7149905698716
21.4,806.2695610534804
21.6,806.7933358929172
21.8,807.2864393290652
22.0,807.7489887293384
22.2,808.1810945628089
22.4,808.5828603740181
22.6,808.9543827559502
22.8,809.2957513226291
23.0,809.6070486817825
23.2,809.888350407997
23.4,810.1397250167643
23.6,810.3612339397935
23.8,810.5529315019337
24.0,810.7148649000228
24.2,810.8470741839444
24.4,810.9495922401411
24.6,811.0224447777965
24.8,811.0656503178633
25.0,811.0792201850708
25.2,811.0631585030147
25.4,811.0174621923879
25.6,810.9421209723699
25.8,810.8371173651574
26.0,810.7024267035757
26.2,810.5380171416715
26.4,810.3438496681505
26.6,810.119878122483
26.8,809.8660492134666
27.0,809.582302539997
27.2,809.2685706137638
27.4,808.9247788835573
27.6,808.5508457608408
27.8,808.1466826462137
28.0,807.7121939563658
28.2,807.2472771510993
28.4,806.7518227599736
28.6,806.2257144081129
28.8,805.6688288406975
29.0,805.0810359456555
29.2,804.4621987740579
29.4,803.8121735577234
29.6,803.1308097235315
29.8,802.417949903958
30.0,801.6734299433488
30.2,800.8970788994638
30.4,800.0887190398457
30.6,799.2481658325837
30.8,798.3752279310819
31.0,797.4697071524655
31.2,796.5313984493022
31.4,795.5600898743586
31.6,794.5555625381604
31.8,793.5175905591775
32.0,792.4459410065143
32.2,791.3403738350495
32.4,790.2006418130364
32.6,789.0264904422464
32.8,787.8176578708162
33.0,786.5738747990368
33.2,785.2948643784075
33.4,783.9803421043641
33.6,782.6300157031786
33.8,781.2435850136208
34.0,779.820741864061
34.2,778.3611699457928
34.4,776.8645446834414
34.6,775.330533103426
34.8,773.7587937015279
35.0,772.1489763107166
35.2,770.5007219704679
35.4,768.8136627989004
35.6,767.0874218691323
35.8,765.321613091344
36.0,763.5158411021
36.2,761.669701162549
36.4,759.7827790671839
36.6,757.8546510648869
36.8,755.8848837940337
37.0,753.8730342334576
37.2,751.8186496710998
37.4,749.7212676921824
37.6,747.5804161887381
37.8,745.3956133923226
38.0,743.1663679317061
38.2,740.8921789173048
38.4,738.5725360540608
38.6,736.2069197844115
38.8,733.7948014629151
39.0,731.3356435639973
39.2,728.8288999241852
39.4,726.2740160200656
39.6,723.6704292830734
39.8,721.0175694520645
40.0,718.3148589644668
40.2,715.5617133866268
40.4,712.7575418837838
40.6,709.901747729903
40.8,706.9937288573964
41.0,704.0328784465353
41.2,701.0185855541397
41.4,697.9502357808925
41.6,694.8272119763903
41.8,691.6488949808002
42.0,688.4146644017458
42.2,685.1238994247996
42.4,681.7759796557123
42.6,678.3702859922672
42.8,674.9062015234025
43.0,671.3831124530152
43.2,667.8004090456285
43.4,664.157486590886
43.6,660.4537463836281
43.8,656.6885967161081
44.0,652.8614538787268
44.2,648.9717431654925
44.4,645.018899880268
44.6,641.0023703397311
44.8,636.9216128688674
45.0,632.776098784722
45.2,628.5653133640656
45.4,624.2887567905927
45.6,619.9459450772409
45.8,615.5364109592269
46.0,611.0597047534282
46.2,606.5153951797816
46.4,601.9030701404665
46.6,597.2223374527274
46.8,592.4728255313382
47.0,587.6541840168551
47.2,582.766084345989
47.4,577.8082202606342
47.6,572.7803082523125
47.8,567.682087939044
48.0,562.5133223719198
48.2,557.2737982689438
48.4,551.9633261740098
48.6,546.5817405392036
48.8,541.1288997289507
49.0,535.6046859448744
49.2,530.0090050705836
49.4,524.3417864359709
49.6,518.6029825009662
49.8,512.7925684590565
50.0,506.9105417612591
