0.0,867.5176647216155
0.2,868.0504698040296
0.4,868.566008342446
0.6,869.0644743805582
0.8,869.546073114939
1.0,870.0110209193992
1.2,870.4595453031416
1.4,870.8918848032093
1.6,871.3082888122234
1.8,871.7090173428705
2.0,872.0943407310726
2.2,872.4645392802009
2.4,872.8199028491129
2.6,873.1607303871718
2.8,873.4873294197635
3.0,873.8000154881333
3.2,874.0991115476519
3.4,874.3849473288483
3.6,874.6578586657512
3.8,874.918186796226
4.0,875.1662776391087
4.2,875.402481053005
4.4,875.6271500816418
4.6,875.8406401906454
4.8,876.0433085005551
5.0,876.2355130207874
5.2,876.4176118891271
5.4,876.5899626211512
5.6,876.7529213737914
5.8,876.9068422270055
6.0,877.0520764872751
6.2,877.188972016366
6.4,877.3178725884871
6.6,877.4391172786734
6.8,877.5530398848914
7.0,877.6599683860322
7.2,877.7602244376194
7.4,877.8541229067185
7.6,877.9419714472021
7.8,878.024070116187
8.0,878.100711032139
8.2,878.1721780748329
8.4,878.2387466270453
8.6,878.3006833575848
8.8,878.3582460449934
9.0,878.4116834410041
9.2,878.4612351726178
9.4,878.507131681452
9.6,878.5495941988363
9.8,878.5888347549649
10.0,878.6250562202817
10.2,878.6584523771581
10.4,878.6892080198323
10.6,878.7174990805071
10.8,878.7434927794585
11.0,878.7673477969744
11.2,878.7892144649372
11.4,878.8092349758733
11.6,878.8275436073154
11.8,878.8442669593705
12.0,878.8595242034368
12.2,878.8734273400826
12.4,878.8860814641832
12.6,878.8975850354905
12.8,878.9080301529189
13.0,878.9175028309216
13.2,878.9260832764494
13.4,878.933846165085
13.6,878.9408609150706
13.8,878.9471919580506
14.0,878.9528990054717
14.2,878.9580373096968
14.4,878.9626579189929
14.6,878.9668079256721
14.8,878.9705307067595
15.0,878.9738661566696
15.2,878.9768509114635
15.4,878.9795185643532
15.6,878.9818998721986
15.8,878.984022952831
16.0,878.9859134730972
16.2,878.9875948275976
16.4,878.9890883081433
16.6,878.9904132640171
16.8,878.991587253167
17.0,878.9926261845113
17.2,878.9935444515619
17.4,878.9943550576131
17.6,878.9950697327633
17.8,878.9956990430646
18.0,878.9962524921071
18.2,878.9967386153629
18.4,878.997165067621
18.6,878.9975387038521
18.8,878.9978656538435
19.0,878.998151390945
19.2,878.9984007952664
19.4,878.9986182116554
19.6,878.998807502787
19.8,878.9989720976796
20.0,878.9991150359476
20.2,878.999239008087
20.4,878.9993463920806
20.6,878.999439286593
20.8,878.9995195410181
21.0,878.9995887826249
21.2,878.9996484410308
21.4,878.9996997702265
21.6,878.9997438683534
21.8,878.9997816954283
22.0,878.9998140891897
22.2,878.9998417792373
22.4,878.9998653996104
22.6,878.9998854999519
22.8,878.9999025553831
23.0,878.9999169752066
23.2,878.9999291105465
23.4,878.9999392610193
23.6,878.9999476805215
23.8,878.9999545822126
24.0,878.9999601427586
24.2,878.9999645058941
24.4,878.9999677853546
24.6,878.9999700672182
24.8,878.9999714116941
25.0,878.9999718543786
25.2,878.9999714070022
25.4,878.9999700576752
25.6,878.9999677706373
25.8,878.9999644855068
26.0,878.9999601160174
26.2,878.9999545482269
26.4,878.9999476381686
26.6,878.9999392089126
26.8,878.9999290469968
27.0,878.9999168981755
27.2,878.9999024624277
27.4,878.9998853881591
27.6,878.999865265519
27.8,878.9998416187482
28.0,878.9998138974596
28.2,878.9997814667466
28.4,878.9997435959997
28.6,878.9996994463037
28.8,878.999648056275
29.0,878.9995883261826
29.2,878.9995190001919
29.4,878.999438646547
29.6,878.9993456355041
29.8,878.9992381148061
30.0,878.9991139824813
30.2,878.9989708567326
30.4,878.9988060426684
30.6,878.9986164956164
30.8,878.998398780745
31.0,878.9981490287073
31.2,878.9978628870067
31.4,878.9975354667765
31.6,878.9971612846532
31.8,878.9967341994145
32.0,878.9962473430472
32.2,878.995693045906
32.4,878.9950627556171
32.6,878.9943469493866
32.8,878.9935350393704
33.0,878.992615270773
33.2,878.9915746123452
33.4,878.9903986389734
33.6,878.9890714060599
33.8,878.9875753154242
34.0,878.985890972475
34.2,878.9839970344392
34.4,878.9818700494691
34.6,878.9794842864904
34.8,878.9768115557048
35.0,878.9738210197125
35.2,878.9704789952832
35.4,878.9667487458677
35.6,878.962590265018
35.8,878.95796005096
36.0,878.9528108726477
36.2,878.9470915277197
36.4,878.9407465928725
36.6,878.933716167266
36.8,878.9259356096807
37.0,878.9173352702558
37.2,878.9078402177446
37.4,878.8973699633437
37.6,878.8858381822592
37.8,878.873152434294
38.0,878.8592138848495
38.2,878.8439170278497
38.4,878.8271494122009
38.6,878.808791373504
38.8,878.7887157728353
39.0,878.7667877444951
39.2,878.7428644547099
39.4,878.716794873336
39.6,878.6884195606723
39.8,878.6575704715322
40.0,878.6240707787496
40.2,878.5877347183061
40.4,878.5483674582566
40.6,878.505764993605
40.8,878.4597140692347
41.0,878.4099921329265
41.2,878.3563673204095
41.4,878.2985984742749
41.6,878.2364351984482
41.8,878.1696179497565
42.0,878.0978781679414
42.2,878.0209384452744
42.4,877.9385127366938
42.6,877.8503066111482
42.8,877.7560175445577
43.0,877.6553352545293
43.2,877.5479420766585
43.4,877.4335133819444
43.6,877.3117180345179
43.8,877.1822188885556
44.0,877.044673322916
44.2,876.8987338116947
44.4,876.7440485285617
44.6,876.5802619824078
44.8,876.4070156815052
45.0,876.2239488230744
45.2,876.0306990048505
45.4,875.8269029549652
45.6,875.6121972762006
45.8,875.3862192004443
46.0,875.1486073489691
46.2,874.8990024939927
46.4,874.6370483168349
46.6,874.3623921578904
46.8,874.0746857535786
47.0,873.7735859554067
47.2,873.458755426309
47.4,873.12986330949
47.6,872.7865858651046
47.8,872.4286070702635
48.0,872.0556191780445
48.2,871.6673232314241
48.4,871.2634295283231
48.6,870.8436580342692
48.8,870.40773873953
49.0,869.9554119579514
49.2,869.4864285651443
49.4,869.0005501741009
49.6,868.497549246776
49.8,867.9772091406446
50.0,867.4393240897341
