0.0,778.1173495519611
0.2,780.0854575836477
0.4,782.0289193018701
0.6,783.9489753777916
0.8,785.8467237980677
1.0,787.7231188833247
1.2,789.5789720425252
1.4,791.4149542099864
1.6,793.2315998806774
1.8,795.0293126309348
2.0,796.8083719865947
2.2,798.5689414793343
2.4,800.3110777151531
2.6,802.0347402667301
2.8,803.7398021939837
3.0,805.4260609945469
3.2,807.0932497878854
3.4,808.7410485431628
3.6,810.3690951712848
3.8,811.9769963153467
4.0,813.5643376903918
4.2,815.1306938423378
4.4,816.6756372165144
4.6,818.1987464477897
4.8,819.6996138061613
5.0,821.1778517533004
5.2,822.6330985863652
5.4,824.0650231649473
5.6,825.4733287348843
5.8,826.8577558785695
6.0,828.2180846350728
6.2,829.5541358447242
6.4,830.8657717817543
6.6,832.1528961451438
6.8,833.4154534820968
7.0,834.6534281206781
7.2,835.8668426883087
7.4,837.055756291256
7.6,838.2202624271999
7.8,839.3604866986946
8.0,840.476584390129
8.2,841.5687379648691
8.4,842.6371545329048
8.6,843.6820633327263
8.8,844.7037132645402
9.0,845.7023705054504
9.2,846.6783162310509
9.4,847.6318444620812
9.6,848.5632600494993
9.8,849.4728768065702
10.0,850.361015792388
10.2,851.2280037476623
10.4,852.0741716805929
10.6,852.8998535982087
10.8,853.7053853766279
11.0,854.491103762255
11.2,855.2573454949256
11.4,856.0044465433828
11.6,856.7327414431664
11.8,857.4425627269709
12.0,858.1342404377212
12.2,858.808101714983
12.4,859.4644704458252
12.6,860.103666971848
12.8,860.7260078447374
13.0,861.331805623401
13.2,861.9213687064238
13.4,862.495001194275
13.6,863.0530027763492
13.8,863.5956686385483
14.0,864.1232893876955
14.2,864.6361509895966
14.4,865.1345347180514
14.6,865.6187171125496
14.8,866.0889699427593
15.0,866.5455601782636
15.2,866.9887499622769
15.4,867.4187965883297
15.6,867.8359524791214
15.8,868.240465166914
16.0,868.6325772749899
16.2,869.0125264998229
16.4,869.3805455937013
16.6,869.7368623476318
16.8,870.0816995744104
17.0,870.4152750917953
17.2,870.7378017057587
17.4,871.0494871938185
17.6,871.350534288473
17.8,871.6411406607741
18.0,871.9214989040862
18.2,872.1917965180786
18.4,872.452215893005
18.6,872.7029342943206
18.8,872.944123847684
19.0,873.1759515243925
19.2,873.3985791272884
19.4,873.6121632771725
19.6,873.8168553997566
19.8,874.0128017131788
20.0,874.2001432161018
20.2,874.3790156764085
20.4,874.5495496205061
20.6,874.7118703232413
20.8,874.8660977984309
21.0,875.0123467900038
21.2,875.1507267637477
21.4,875.2813418996539
21.6,875.4042910848462
21.8,875.5196679070842
22.0,875.62756064882
22.2,875.728052281799
22.4,875.8212204621818
22.6,875.9071375261705
22.8,875.9858704861223
23.0,876.0574810271305
23.2,876.1220255040548
23.4,876.179554938983
23.6,876.2301150191072
23.8,876.2737460949985
24.0,876.3104831792647
24.2,876.3403559455771
24.4,876.3633887280546
24.6,876.3796005209934
24.8,876.3890049789352
25.0,876.3916104170628
25.2,876.3874198119224
25.4,876.3764308024645
25.6,876.3586356914041
25.8,876.3340214468998
26.0,876.3025697045542
26.2,876.2642567697374
26.4,876.2190536202423
26.6,876.166925909278
26.8,876.1078339688082
27.0,876.0417328132488
27.2,875.9685721435341
27.4,875.8882963515645
27.6,875.8008445250535
27.8,875.7061504527842
28.0,875.6041426302941
28.2,875.4947442660043
28.4,875.3778732878078
28.6,875.2534423501339
28.8,875.1213588415052
29.0,874.9815248926003
29.2,874.8338373848374
29.4,874.678187959489
29.6,874.5144630273414
29.8,874.3425437789028
30.0,874.1623061951689
30.2,873.9736210589455
30.4,873.7763539667279
30.6,873.5703653411318
30.8,873.3555104438647
31.0,873.1316393892239
31.2,872.8985971581016
31.4,872.6562236124705
31.6,872.4043535103208
31.8,872.1428165210101
32.0,871.8714372409852
32.2,871.5900352098278
32.4,871.2984249265712
32.6,870.9964158662323
32.8,870.6838124964972
33.0,870.3604142945039
33.2,870.0260157636577
33.4,869.6804064504297
33.6,869.3233709610871
33.8,868.9546889783263
34.0,868.5741352777934
34.2,868.1814797445057
34.4,867.77648738923
34.6,867.3589183649145
34.8,866.9285279833417
35.0,866.4850667322447
35.2,866.028280293232
35.4,865.5579095609842
35.6,865.0736906643415
35.8,864.5753549900696
36.0,864.0626292103152
36.2,863.5352353150015
36.4,862.9928906507157
36.6,862.4353079679687
36.8,861.862195479097
37.0,861.2732569295076
37.2,860.6681916854545
37.4,860.0466948420689
37.6,859.4084573559494
37.8,858.7531662072494
38.0,858.0805045968555
38.2,857.390152184947
38.4,856.6817853779194
38.6,855.9550776713484
38.8,855.2097000573327
39.0,854.4453215051452
39.2,853.6616095246359
39.4,852.8582308221947
39.6,852.0348520592859
39.8,851.1911407235343
40.0,850.3267661220463
40.2,849.4414005060149
40.4,848.5347203346544
40.6,847.606407685053
40.8,846.65615181261
41.0,845.6836508642563
41.2,844.6886137436343
41.4,843.6707621238055
41.6,842.629832598843
41.8,841.5655789608885
42.0,840.4777745839133
42.2,839.3662148896009
42.4,838.2307198645447
42.6,837.0711365914294
42.8,835.8873417502137
43.0,834.6792440386852
43.2,833.4467864553634
43.4,832.1899483817724
43.6,830.9087473958526
43.8,829.6032407439959
44.0,828.2735263961233
44.2,826.9197436066519
44.4,825.5420729043663
44.6,824.140735436353
44.8,822.715991595449
45.0,821.2681388672744
45.2,819.7975088419166
45.4,818.3044633467645
45.6,816.7893896707653
45.8,815.252694866394
46.0,813.694799133615
46.2,812.1161283098096
46.4,810.5171055106035
46.6,808.8981419883054
46.8,807.2596272967024
47.0,805.6019188726514
47.2,803.9253311656231
47.4,802.2301244654333
47.6,800.516493595191
47.8,798.7845566503711
48.0,797.0343439753101
48.2,795.2657875748345
48.4,793.4787111607491
48.6,791.6728210302675
48.8,789.847697965994
49.0,788.0027903347687
49.2,786.1374085457012
49.4,784.2507210063407
49.6,782.3417516906067
49.8,780.4093794034003
50.0,778.452338795445
