0.0,801.2627672067856
0.2,803.3592060311087
0.4,805.4148862214273
0.6,807.4301875302808
0.8,809.4054932251023
1.0,811.3411902384742
1.2,813.237669302776
1.4,815.0953250686405
1.6,816.914556206696
1.8,818.6957654921496
2.0,820.4393598718294
2.2,822.145750513386
2.4,823.8153528364201
2.6,825.4485865253782
2.8,827.0458755241382
3.0,828.6076480122733
3.2,830.1343363630625
3.4,831.6263770833837
3.6,833.0842107357013
3.8,834.508281842426
4.0,835.8990387729938
4.2,837.2569336140772
4.4,838.5824220234038
4.6,839.8759630677165
4.8,841.1380190454681
5.0,842.369055294896
5.2,843.569539988171
5.4,844.7399439123642
5.6,845.8807402380127
5.8,846.9924042761083
6.0,848.0754132243655
6.2,849.1302459036508
6.4,850.1573824854893
6.6,851.157304211576
6.8,852.1304931062431
7.0,853.0774316828401
7.2,853.9986026449998
7.4,854.894488583756
7.6,855.7655716714875
7.8,856.6123333536506
8.0,857.4352540392583
8.2,858.2348127910483
8.4,859.0114870162648
8.6,859.7657521589633
8.8,860.4980813947145
9.0,861.2089453285687
9.2,861.8988116970992
9.4,862.5681450753209
9.6,863.2174065892381
9.8,863.8470536347405
10.0,864.457539603528
10.2,865.0493136166976
10.4,865.6228202665916
10.6,866.1784993674516
10.8,866.7167857153865
11.0,867.2381088581083
11.2,867.7428928748493
11.4,868.2315561668217
11.6,868.7045112585367
11.8,869.1621646102503
12.0,869.6049164417594
12.2,870.0331605677196
12.4,870.4472842446181
12.6,870.847668029483
12.8,871.2346856503711
13.0,871.6087038886334
13.2,871.9700824729135
13.4,872.3191739847996
13.6,872.6563237760076
13.8,872.9818698969427
14.0,873.296143036446
14.2,873.5994664725063
14.4,873.8921560336854
14.6,874.1745200709748
14.8,874.4468594397788
15.0,874.7094674916941
15.2,874.962630075734
15.4,875.2066255486251
15.6,875.4417247937918
15.8,875.6681912486192
16.0,875.8862809395837
16.2,876.0962425248191
16.4,876.298317343684
16.6,876.4927394728858
16.8,876.6797357887127
17.0,876.8595260349207
17.2,877.0323228958222
17.4,877.1983320741224
17.6,877.3577523730502
17.8,877.5107757823351
18.0,877.6575875675852
18.2,877.7983663626261
18.4,877.9332842643701
18.6,878.062506929789
18.8,878.1861936745795
19.0,878.3044975731087
19.2,878.4175655592536
19.4,878.5255385277434
19.6,878.6285514356384
19.8,878.726733403585
20.0,878.8202078164986
20.2,878.9090924233477
20.4,878.9934994357121
20.6,879.073535624818
20.8,879.1493024167515
21.0,879.2208959855806
21.2,879.2884073441147
21.4,879.3519224320587
21.6,879.4115222013223
21.8,879.467282698265
22.0,879.5192751426677
22.2,879.5675660032368
22.4,879.6122170694596
22.6,879.6532855196415
22.8,879.6908239849706
23.0,879.7248806094658
23.2,879.7554991056771
23.4,879.7827188060188
23.6,879.806574709629
23.8,879.8270975246569
24.0,879.8443137058963
24.2,879.8582454876869
24.4,879.8689109120235
24.6,879.876323851817
24.8,879.8804940292675
25.0,879.8814270293137
25.2,879.8791243081379
25.4,879.8735831967138
25.6,879.8647968993944
25.8,879.8527544875461
26.0,879.837440888248
26.2,879.8188368680807
26.4,879.7969190120444
26.6,879.7716596976522
26.8,879.7430270642542
27.0,879.7109849776622
27.2,879.6754929901534
27.4,879.6365062959395
27.6,879.5939756822031
27.8,879.547847475812
28.0,879.4980634858324
28.2,879.4445609419782
28.4,879.3872724291379
28.6,879.326125818141
28.8,879.2610441929335
29.0,879.1919457743435
29.2,879.1187438406367
29.4,879.0413466450689
29.6,878.9596573306552
29.8,878.8735738423991
30.0,878.7829888372232
30.2,878.6877895918687
30.4,878.5878579090398
30.6,878.4830700220824
30.8,878.3732964985012
31.0,878.2584021426329
31.2,878.138245897805
31.4,878.012680748324
31.6,877.8815536216481
31.8,877.7447052911141
32.0,877.6019702795945
32.2,877.4531767644783
32.4,877.2981464843753
32.6,877.1366946479528
32.8,876.9686298453249
33.0,876.7937539624197
33.2,876.6118620987577
33.4,876.4227424890795
33.6,876.2261764292648
33.8,876.0219382069872
34.0,875.8097950375529
34.2,875.5895070053666
34.4,875.3608270114697
34.6,875.123500727593
34.8,874.8772665571552
35.0,874.621855603638
35.2,874.3569916467545
35.4,874.0823911268187
35.6,873.7977631377111
35.8,873.5028094288162
36.0,873.197224416298
36.2,872.8806952040499
36.4,872.5529016146447
36.6,872.2135162305767
36.8,871.8622044460693
37.0,871.4986245296897
37.2,871.1224276979839
37.4,870.7332582003125
37.6,870.3307534150346
37.8,869.9145439571497
38.0,869.4842537974737
38.2,869.0395003933812
38.4,868.5798948311093
38.6,868.1050419795739
38.8,867.614540655609
39.0,867.1079838004912
39.2,866.5849586675704
39.4,866.0450470207783
39.6,865.487825343743
39.8,864.912865059189
40.0,864.319732758255
40.2,863.707990439318
40.4,863.077195755862
40.6,862.4269022728859
40.8,861.7566597312999
41.0,861.066014319718
41.2,860.3545089530046
41.4,859.621683556903
41.6,858.8670753580249
41.8,858.0902191784469
42.0,857.290647734127
42.2,856.4678919363179
42.4,855.6214811951265
42.6,854.7509437243447
42.8,853.8558068466466
43.0,852.9355972982377
43.2,851.989841532012
43.4,851.0180660182762
43.6,850.0197975420753
43.8,848.9945634961605
44.0,847.9418921686381
44.2,846.8613130243351
44.4,845.7523569789336
44.6,844.6145566649332
44.8,843.4474466885205
45.0,842.2505638764413
45.2,841.0234475120031
45.4,839.7656395593593
45.6,838.4766848752639
45.8,837.1561314075227
46.0,835.8035303794094
46.2,834.4184364593607
46.4,833.0004079153149
46.6,831.5490067531106
46.8,830.0637988384217
47.0,828.5443540017606
47.2,826.9902461261472
47.4,825.4010532171053
47.6,823.7763574547151
47.8,822.1157452275207
48.0,820.4188071481609
48.2,818.6851380506655
48.4,816.9143369694326
48.6,815.1060070999732
48.8,813.2597557415872
49.0,811.3751942222074
49.2,809.4519378057182
49.4,807.489605582135
49.6,805.4878203410932
49.8,803.4462084291727
50.0,801.364399591645
