0.0,835.5845057063594
0.2,837.6671258898408
0.4,839.6684575905218
0.6,841.5873120546339
0.8,843.4230198598757
1.0,845.1754338590628
1.2,846.8449218516904
1.4,848.4323494832315
1.6,849.9390541462374
1.8,851.3668108949493
2.0,852.7177915778524
2.2,853.9945185345096
2.4,855.1998142907493
2.6,856.3367487191746
2.8,857.4085851118581
3.0,858.4187265431298
3.2,859.3706637886768
3.4,860.2679259203384
3.6,861.1140345226382
3.8,861.9124622863562
4.0,862.6665965354207
4.2,863.3797080447537
4.4,864.0549253162267
4.6,864.6952143042208
4.8,865.3033634267081
5.0,865.881973566065
5.2,866.4334526582815
5.4,866.9600143906874
5.6,867.4636804763315
5.8,867.9462859461578
6.0,868.409486895679
6.2,868.8547701378662
6.4,869.2834642449694
6.6,869.6967515053003
6.8,870.0956803730394
7.0,870.4811780464383
7.2,870.8540628693315
7.4,871.2150563099716
7.6,871.5647943277161
7.8,871.9038379903494
8.0,872.2326832516502
8.2,872.5517698394847
8.4,872.8614892389195
8.6,873.1621917826027
8.8,873.4541928822621
9.0,873.737778451096
9.2,874.01320957772
9.4,874.2807265188684
9.6,874.5405520809724
9.8,874.7928944607638
10.0,875.0379496128448
10.2,875.2759032083428
10.4,875.5069322438516
10.6,875.731206354303
10.8,875.9488888775702
11.0,876.1601377127643
11.2,876.3651060085613
11.4,876.5639427126266
11.6,876.7567930083871
11.8,876.9437986610961
12.0,877.1250982913376
12.2,877.300827590839
12.4,877.4711194926574
12.6,877.6361043054512
12.8,877.795909819588
13.0,877.9506613912286
13.2,878.1004820092235
13.4,878.2454923486002
13.6,878.3858108135842
13.8,878.5215535724334
14.0,878.6528345858508
14.2,878.7797656303323
14.4,878.902456317503
14.6,879.0210141102493
14.8,879.1355443362829
15.0,879.2461501996264
15.2,879.352932790409
15.4,879.4559910932841
15.6,879.5554219947167
15.8,879.6513202893443
16.0,879.7437786855793
16.2,879.8328878105933
16.4,879.918736214803
16.6,880.0014103759553
16.8,880.0809947029028
17.0,880.1575715391369
17.2,880.2312211661476
17.4,880.3020218066613
17.6,880.3700496278016
17.8,880.435378744214
18.0,880.4980812211835
18.2,880.5582270777736
18.4,880.615884290004
18.6,880.6711187940846
18.8,880.7239944897146
19.0,880.7745732434553
19.2,880.8229148921754
19.4,880.869077246572
19.6,880.9131160947614
19.8,880.9550852059331
20.0,880.9950363340575
20.2,881.0330192216388
20.4,881.0690816034958
20.6,881.1032692105597
20.8,881.1356257736729
21.0,881.1661930273684
21.2,881.1950107136167
21.4,881.2221165855198
21.6,881.2475464109325
21.8,881.2713339759953
22.0,881.2935110885571
22.2,881.3141075814708
22.4,881.3331513157425
22.6,881.3506681835162
22.8,881.3666821108787
23.0,881.381215060464
23.2,881.3942870338456
23.4,881.4059160736984
23.6,881.4161182657188
23.8,881.4249077402869
24.0,881.4322966738632
24.2,881.4382952901043
24.4,881.4429118606929
24.6,881.4461527058713
24.8,881.448022194672
25.0,881.448522744841
25.2,881.4476548224494
25.4,881.4454169411921
25.6,881.4418056613697
25.8,881.4368155885579
26.0,881.4304393719638
26.2,881.4226677024727
26.4,881.4134893103925
26.6,881.4028909628986
26.8,881.39085746119
27.0,881.3773716373639
27.2,881.3624143510207
27.4,881.3459644856084
27.6,881.327998944523
27.8,881.3084926469747
28.0,881.2874185236403
28.2,881.2647475121111
28.4,881.2404485521604
28.6,881.2144885808436
28.8,881.1868325274513
29.0,881.1574433083341
29.2,881.1262818216197
29.4,881.0933069418409
29.6,881.0584755144957
29.8,881.0217423505602
30.0,880.9830602209724
30.2,880.9423798511103
30.4,880.8996499152795
30.6,880.8548170312323
30.8,880.8078257547359
31.0,880.7586185742039
31.2,880.7071359054104
31.4,880.653316086297
31.6,880.5970953718878
31.8,880.5384079293194
32.0,880.4771858329971
32.2,880.4133590598785
32.4,880.3468554848891
32.6,880.2776008764672
32.8,880.2055188922328
33.0,880.1305310747738
33.2,880.0525568475312
33.4,879.9715135107697
33.6,879.8873162376065
33.8,879.799878070069
34.0,879.709109915145
34.2,879.6149205407788
34.4,879.5172165717617
34.6,879.4159024854486
34.8,879.3108806072266
35.0,879.2020511056386
35.2,879.0893119870492
35.4,878.9725590897126
35.6,878.8516860770692
35.8,878.7265844300528
36.0,878.5971434381336
36.2,878.4632501887456
36.4,878.3247895546435
36.6,878.1816441786011
36.8,878.0336944546855
37.0,877.8808185051064
37.2,877.7228921513354
37.4,877.5597888777927
37.6,877.3913797858883
37.8,877.2175335355494
38.0,877.0381162705419
38.2,876.8529915228467
38.4,876.6620200900663
38.6,876.4650598782396
38.8,876.2619657005087
39.0,876.0525890197523
39.2,875.8367776205264
39.4,875.6143751924133
39.6,875.3852208031245
39.8,875.1491482354419
40.0,874.9059851573157
40.2,874.6555520892315
40.4,874.3976611273863
40.6,874.1321143754407
40.8,873.8587020318274
41.0,873.5772000741008
41.2,873.287367476936
41.4,872.9889428965981
41.6,872.6816407525116
41.8,872.3651466365608
42.0,872.0391119836316
42.2,871.7031479433437
42.4,871.356818403654
42.6,870.9996321327367
42.8,870.631034026861
43.0,870.2503954793929
43.2,869.8570039198249
43.4,869.4500516119084
43.6,869.0286238462012
43.8,868.5916867139592
44.0,868.1380747051198
44.2,867.6664784315018
44.4,867.1754328351647
44.6,866.6633062984856
44.8,866.1282911239157
45.0,865.5683958941717
45.2,864.9814402542565
45.4,864.3650526715458
45.6,863.716671725809
45.8,863.0335514543913
46.0,862.3127712264479
46.2,861.5512505425665
46.4,860.7457690518752
46.6,859.8929919486636
46.8,858.9895007568924
47.0,858.031829337476
47.2,857.0165047651128
47.4,855.9400925252393
47.6,854.7992452851404
47.8,853.5907543048748
48.0,852.3116023824933
48.2,850.9590170830396
48.4,849.5305228905411
48.6,848.0239908541427
48.8,846.4376842797244
49.0,844.7702990508894
49.2,843.0209972499197
49.4,841.1894328895092
49.6,839.2757687564874
49.8,837.2806836034983
50.0,835.2053691955101
