0.0,788.8598526942385
0.2,791.0762458368521
0.4,793.2524407870392
0.6,795.3888446296348
0.8,797.4858652926857
1.0,799.5439115811181
1.2,801.5633932053051
1.4,803.5447208043436
1.6,805.4883059638612
1.8,807.3945612281982
2.0,809.2639001068221
2.2,811.0967370748534
2.4,812.8934875676034
2.6,814.6545679690367
2.8,816.3803955941002
3.0,818.07138866487
3.2,819.727966280498
3.4,821.3505483809497
3.6,822.9395557045526
3.8,824.4954097393887
4.0,826.0185326685864
4.2,827.5093473095866
4.4,828.9682770474747
4.6,830.3957457624884
4.8,831.7921777518321
5.0,833.1579976459401
5.2,834.4936303193535
5.4,835.7995007963875
5.6,837.0760341517811
5.8,838.323655406537
6.0,839.5427894191729
6.2,840.7338607726153
6.4,841.897293656983
6.6,843.0335117485122
6.8,844.1429380848919
7.0,845.2259949372803
7.2,846.2831036792866
7.4,847.3146846532011
7.6,848.3211570337743
7.8,849.3029386898363
8.0,850.2604460440626
8.2,851.1940939311872
8.4,852.1042954549715
8.6,852.9914618442315
8.8,853.8560023082299
9.0,854.6983238917363
9.2,855.5188313300554
9.4,856.3179269043201
9.6,857.0960102973421
9.8,857.8534784503067
10.0,858.5907254205914
10.2,859.3081422409822
10.4,860.0061167805529
10.6,860.6850336074624
10.8,861.3452738539195
11.0,861.9872150835496
11.2,862.6112311613911
11.4,863.2176921267356
11.6,863.8069640690164
11.8,864.3794090069339
12.0,864.9353847709995
12.2,865.4752448896611
12.4,865.9993384791636
12.6,866.5080101372815
12.8,867.0015998410512
13.0,867.4804428486129
13.2,867.9448696052576
13.4,868.3952056537665
13.6,868.831771549108
13.8,869.2548827775511
14.0,869.6648496802347
14.2,870.0619773812223
14.4,870.4465657200554
14.6,870.818909188809
14.8,871.1792968736348
15.0,871.5280124007709
15.2,871.8653338869799
15.4,872.1915338943672
15.6,872.5068793895208
15.8,872.8116317068999
16.0,873.1060465163926
16.2,873.3903737949497
16.4,873.6648578021948
16.6,873.9297370598997
16.8,874.1852443352067
17.0,874.4316066274697
17.2,874.6690451585837
17.4,874.8977753666561
17.6,875.1180069028794
17.8,875.3299436314467
18.0,875.5337836323553
18.2,875.729719206937
18.4,875.9179368859454
18.6,876.098617440036
18.8,876.2719358924618
19.0,876.438061533816
19.2,876.5971579386425
19.4,876.7493829837389
19.6,876.8948888679773
19.8,877.0338221334638
20.0,877.1663236878627
20.2,877.2925288277119
20.4,877.4125672625545
20.6,877.5265631397199
20.8,877.6346350695832
21.0,877.7368961511424
21.2,877.8334539977509
21.4,877.9244107628481
21.6,878.0098631655402
21.8,878.0899025158802
22.0,878.1646147397076
22.2,878.2340804029124
22.4,878.2983747349911
22.6,878.3575676517751
22.8,878.4117237772111
23.0,878.4609024640846
23.2,878.505157813584
23.4,878.5445386936099
23.6,878.5790887557407
23.8,878.6088464507746
24.0,878.6338450427778
24.2,878.654112621571
24.4,878.6696721136027
24.6,878.6805412911589
24.8,878.6867327798715
25.0,878.6882540644956
25.2,878.6851074929326
25.4,878.677290278488
25.6,878.6647945003575
25.8,878.6476071023482
26.0,878.6257098898459
26.2,878.5990795250515
26.4,878.5676875205171
26.6,878.5315002310201
26.8,878.4904788438229
27.0,878.4445793673734
27.2,878.3937526185128
27.4,878.3379442082592
27.6,878.2770945262481
27.8,878.211138723921
28.0,878.1400066965508
28.2,878.0636230642127
28.4,877.9819071518054
28.6,877.8947729682427
28.8,877.8021291849352
29.0,877.7038791136933
29.2,877.5999206841851
29.4,877.490146421091
29.6,877.3744434210982
29.8,877.2526933298892
30.0,877.1247723192748
30.2,876.9905510646347
30.4,876.8498947228245
30.6,876.7026629107178
30.8,876.5487096845485
31.0,876.3878835202264
31.2,876.2200272947961
31.4,876.044978269214
31.6,875.862568072616
31.8,875.6726226882505
32.0,875.4749624412503
32.2,875.2694019884152
32.4,875.0557503101768
32.6,874.8338107049151
32.8,874.6033807857907
33.0,874.3642524802576
33.2,874.1162120324144
33.4,873.8590400083477
33.6,873.5925113046187
33.8,873.3163951600344
34.0,873.0304551708418
34.2,872.7344493094758
34.4,872.4281299469826
34.6,872.1112438792345
34.8,871.7835323570426
35.0,871.4447311202645
35.2,871.0945704359931
35.4,870.7327751409077
35.6,870.3590646878515
35.8,869.9731531966919
36.0,869.57474950951
36.2,869.1635572501496
36.4,868.7392748881484
36.6,868.301595807057
36.8,867.850208377143
37.0,867.3847960324607
37.2,866.905037352256
37.4,866.4106061466604
37.6,865.9011715466157
37.8,865.3763980979589
38.0,864.8359458595781
38.2,864.2794705055419
38.4,863.7066234310861
38.6,863.1170518623338
38.8,862.5103989696037
39.0,861.8863039841551
39.2,861.2444023182023
39.4,860.5843256880149
39.6,859.9057022399172
39.8,859.2081566789755
40.0,858.4913104001622
40.2,857.7547816217681
40.4,856.9981855208229
40.6,856.2211343702797
40.8,855.4232376777052
41.0,854.6041023252088
41.2,853.7633327103413
41.4,852.9005308876783
41.6,852.0152967108071
41.8,851.1072279744205
42.0,850.1759205562261
42.2,849.2209685583681
42.4,848.241964448063
42.6,847.238499197142
42.8,846.2101624201997
43.0,845.1565425110434
43.2,844.0772267771418
43.4,842.9718015717733
43.6,841.8398524235798
43.8,840.6809641632324
44.0,839.4947210469257
44.2,838.280706876422
44.4,837.0385051153731
44.6,835.7676990016607
44.8,834.4678716554998
45.0,833.1386061830673
45.2,831.7794857754242
45.4,830.3900938025145
45.6,828.9700139020397
45.8,827.5188300630159
46.0,826.036126703844
46.2,824.5214887447323
46.4,822.9745016743299
46.6,821.394751610449
46.8,819.7818253547666
47.0,818.1353104414192
47.2,816.4547951794202
47.4,814.7398686888497
47.6,812.9901209307855
47.8,811.2051427309627
48.0,809.3845257971715
48.2,807.5278627304193
48.4,805.6347470299074
48.6,803.7047730918875
48.8,801.7375362024857
49.0,799.7326325246006
49.2,797.6896590790021
49.4,795.6082137197741
49.6,793.4878951042633
49.8,791.3283026577162
50.0,789.1290365328003
