0.0,809.7600887366743
0.2,811.7847662998447
0.4,813.76758698837
0.6,815.7088760701375
0.8,817.6089673823124
1.0,819.4682036975761
1.2,821.2869370494044
1.4,823.0655290149605
1.6,824.8043509544076
1.8,826.5037842056731
2.0,828.1642202339308
2.2,829.786060735307
2.4,831.36971769455
2.6,832.915613396638
2.8,834.424180392542
3.0,835.8958614195752
3.2,837.3311092770022
3.4,838.7303866577834
3.6,840.0941659375518
3.8,841.4229289221097
4.0,842.7171665549314
4.2,843.9773785863296
4.4,845.2040732061147
4.6,846.3977666417236
4.8,847.5589827239396
5.0,848.6882524224436
5.2,849.7861133535495
5.4,850.8531092625694
5.6,851.8897894833306
5.8,852.8967083774313
6.0,853.8744247558648
6.2,854.8235012856745
6.4,855.7445038843164
6.6,856.6380011044007
6.8,857.5045635114769
7.0,858.3447630574864
7.2,859.1591724524693
7.4,859.9483645370545
7.6,860.7129116581856
7.8,861.4533850504625
8.0,862.1703542253814
8.2,862.8643863706518
8.4,863.5360457616632
8.6,864.1858931870507
8.8,864.8144853901847
9.0,865.4223745282784
9.2,866.0101076506668
9.4,866.5782261976753
9.6,867.1272655213471
9.8,867.6577544291592
10.0,868.1702147517043
10.2,868.6651609351755
10.4,869.1430996593427
10.6,869.6045294815664
10.8,870.0499405072565
11.0,870.4798140870442
11.2,870.8946225408039
11.4,871.2948289085325
11.6,871.680886727974
11.8,872.0532398387556
12.0,872.4123222126984
12.2,872.7585578098517
12.4,873.0923604597172
12.6,873.414133767026
12.8,873.7242710413612
13.0,874.0231552498386
13.2,874.3111589919915
13.4,874.5886444959539
13.6,874.855963634975
13.8,875.1134579632663
14.0,875.3614587701388
14.2,875.6002871513596
14.4,875.830254096645
14.6,876.0516605921806
14.8,876.2647977370586
15.0,876.469946872521
15.2,876.6673797228957
15.4,876.8573585471311
15.6,877.040136299838
15.8,877.2159568007806
16.0,877.3850549117708
16.2,877.5476567199519
16.4,877.703979726492
16.6,877.8542330397355
16.8,877.9986175719029
17.0,878.1373262384647
17.2,878.2705441593595
17.4,878.3984488612645
17.6,878.5212104801748
17.8,878.6389919635878
18.0,878.7519492716377
18.2,878.8602315765655
18.4,878.9639814599581
18.6,879.0633351072338
18.8,879.1584224988922
19.0,879.2493675980917
19.2,879.336288534159
19.4,879.4192977816728
19.6,879.4985023348049
19.8,879.5740038766382
20.0,879.6458989432149
20.2,879.7142790821017
20.4,879.779231005293
20.6,879.8408367362979
20.8,879.8991737512863
21.0,879.9543151141964
21.2,880.0063296057243
21.4,880.0552818461405
21.6,880.1012324118982
21.8,880.1442379460107
22.0,880.184351262193
22.2,880.2216214427756
22.4,880.2560939304067
22.6,880.287810613573
22.8,880.3168099059683
23.0,880.3431268197555
23.2,880.3667930327614
23.4,880.3878369496518
23.6,880.4062837571356
23.8,880.4221554732422
24.0,880.435470990722
24.2,880.4462461146095
24.4,880.4544935939916
24.6,880.4602231480167
24.8,880.4634414861747
25.0,880.4641523228757
25.2,880.4623563863449
25.4,880.4580514218501
25.6,880.4512321892674
25.8,880.4418904549866
26.0,880.4300149781515
26.2,880.4155914912233
26.4,880.3986026748493
26.6,880.379028127015
26.8,880.35684432645
27.0,880.3320245902592
27.2,880.3045390257396
27.4,880.2743544763483
27.6,880.2414344617812
27.8,880.205739112121
28.0,880.1672250960203
28.2,880.1258455428767
28.4,880.0815499589739
28.6,880.0342841375574
28.8,879.9839900628241
29.0,879.930605807817
29.2,879.8740654262209
29.4,879.8142988380721
29.6,879.7512317094053
29.8,879.6847853258829
30.0,879.614876460463
30.2,879.5414172351904
30.4,879.4643149772087
30.6,879.3834720691278
30.8,879.298785793894
31.0,879.2101481743508
31.2,879.1174458076999
31.4,879.0205596951116
31.6,878.9193650667632
31.8,878.8137312026216
32.0,878.7035212493254
32.2,878.5885920335594
32.4,878.4687938723547
32.6,878.3439703807908
32.8,878.2139582776178
33.0,878.0785871893588
33.2,877.9376794534982
33.4,877.7910499214048
33.6,877.6385057616823
33.8,877.4798462646804
34.0,877.3148626489501
34.2,877.143337870456
34.4,876.9650464354112
34.6,876.7797542176282
34.8,876.587218281323
35.0,876.387186710335
35.2,876.179398444765
35.4,875.9635831260498
35.6,875.739460951525
35.8,875.5067425395383
36.0,875.2651288061951
36.2,875.0143108548245
36.4,874.753969879258
36.6,874.4837770820105
36.8,874.2033936084499
37.0,873.9124704980151
37.2,873.6106486535363
37.4,873.2975588296703
37.6,872.9728216414354
37.8,872.636047593783
38.0,872.2868371330961
38.2,871.9247807214447
38.4,871.549458934363
38.6,871.1604425828394
38.8,870.7572928601309
39.0,870.3395615139223
39.2,869.9067910442591
39.4,869.4585149275764
39.6,868.9942578670397
39.8,868.5135360692965
40.0,868.015857547619
40.2,867.5007224512859
40.4,866.9676234209287
40.6,866.4160459694232
40.8,865.845468887776
41.0,865.2553646753111
41.2,864.6451999933163
41.4,864.0144361411707
41.6,863.3625295538249
41.8,862.6889323193659
42.0,861.9930927152566
42.2,861.2744557616975
42.4,860.53246379043
42.6,859.7665570271656
42.8,858.9761741857016
43.0,858.1607530716698
43.2,857.3197311937525
43.4,856.4525463801002
43.6,855.5586373975951
43.8,854.637444571525
44.0,853.6884104031612
44.2,852.7109801826838
44.4,851.7046025948448
44.6,850.6687303147429
44.8,849.6028205910557
45.0,848.5063358140867
45.2,847.3787440659908
45.4,846.2195196505777
45.6,845.028143600136
45.8,843.8041041567844
46.0,842.546897225935
46.2,841.2560267995427
46.4,839.9310053469292
46.6,838.5713541710895
46.8,837.1766037285282
47.0,835.7462939108249
47.2,834.2799742862918
47.4,832.7772043002667
47.6,831.2375534327672
47.8,829.6606013124389
48.0,828.0459377859298
48.2,826.3931629420451
48.4,824.7018870902558
48.6,822.971730693363
48.8,821.2023242543522
49.0,819.3933081577042
49.2,817.5443324656652
49.4,815.6550566702136
49.6,813.7251494016896
49.8,811.7542880952885
50.0,809.7421586168349
