0.0,603.2992978874124
0.2,609.2668593011223
0.4,615.0967560200936
0.6,620.7921053414822
0.8,626.3559805624964
1.0,631.7914091754648
1.2,637.1013712069736
1.4,642.2887977024686
1.6,647.3565693570979
1.8,652.307515292952
2.0,657.1444119822467
2.2,661.869982315381
2.4,666.4868948122136
2.6,670.997762974315
2.8,675.405144775402
3.0,679.7115422866244
3.2,683.9194014328716
3.4,688.0311118757944
3.6,692.0490070187988
3.8,695.9753641288729
4.0,699.8124045697472
4.2,703.5622941405699
4.4,707.2271435140103
4.6,710.8090087674682
4.8,714.3098920008894
5.0,717.7317420345436
5.2,721.076455180033
5.4,724.3458760777447
5.6,727.5417985939611
5.8,730.6659667708743
6.0,733.7200758228313
6.2,736.7057731722482
6.4,739.6246595187885
6.6,742.478289935583
6.8,745.2681749864844
7.0,747.9957818585955
7.2,750.6625355045809
7.4,753.2698197895569
7.6,755.8189786376711
7.8,758.3113171738029
8.0,760.7481028561543
8.2,763.1305665958461
8.4,765.4599038599841
8.6,767.7372757550175
8.8,769.9638100875586
9.0,772.1406024001881
9.2,774.2687169801136
9.4,776.3491878388825
9.6,778.3830196616786
9.8,780.3711887250446
10.0,782.3146437821691
10.2,784.214306915165
10.4,786.0710743540255
10.6,787.8858172621981
10.8,789.6593824889414
11.0,791.3925932888413
11.2,793.0862500090509
11.4,794.741130744988
11.6,796.3579919653721
11.8,797.9375691076128
12.0,799.4805771446682
12.2,800.9877111245855
12.4,802.4596466840011
12.6,803.8970405369411
12.8,805.3005309402884
13.0,806.6707381373157
13.2,808.00826478068
13.4,809.3136963362771
13.6,810.587601469328
13.8,811.8305324140433
14.0,813.0430253281714
14.2,814.2256006336866
14.4,815.3787633448197
14.6,816.5030033845671
14.8,817.5987958907543
15.0,818.6666015126518
15.2,819.7068666990724
15.4,820.7200239787999
15.6,821.7064922341241
15.8,822.6666769681801
16.0,823.6009705667122
16.2,824.5097525548085
16.4,825.393389849081
16.6,826.2522370056911
16.8,827.0866364645576
17.0,827.896918790018
17.2,828.6834029081521
17.4,829.4463963409231
17.6,830.1861954372387
17.8,830.9030856009813
18.0,831.5973415160237
18.2,832.2692273681943
18.4,832.9189970641295
18.6,833.5468944469185
18.8,834.1531535084151
19.0,834.7379985980731
19.2,835.3016446281396
19.4,835.8442972750261
19.6,836.3661531766661
19.8,836.8674001256567
20.0,837.3482172579769
20.2,837.8087752370724
20.4,838.249236433094
20.6,838.6697550970799
20.8,839.0704775298711
21.0,839.4515422455586
21.2,839.813080129263
21.4,840.155214589057
21.6,840.4780617018457
21.8,840.7817303530323
22.0,841.0663223698049
22.2,841.331932647887
22.4,841.578649271609
22.6,841.8065536271641
22.8,842.015720508926
23.0,842.2062182187109
23.2,842.3781086578815
23.4,842.5314474121977
23.6,842.6662838293275
23.8,842.7826610889421
24.0,842.880616265329
24.2,842.9601803824621
24.4,843.0213784614799
24.6,843.0642295605271
24.8,843.0887468069257
25.0,843.0949374216472
25.2,843.0828027360642
25.4,843.0523382009688
25.6,843.0035333878504
25.8,842.9363719824315
26.0,842.8508317704709
26.2,842.746884615844
26.4,842.6244964309245
26.6,842.4836271392912
26.8,842.3242306307993
27.0,842.1462547090526
27.2,841.9496410313325
27.4,841.7343250410369
27.6,841.5002358927003
27.8,841.2472963696645
28.0,840.9754227944888
28.2,840.6845249321892
28.4,840.3745058864092
28.6,840.0452619886362
28.8,839.6966826805801
29.0,839.3286503898487
29.2,838.9410403990568
29.4,838.5337207085187
29.6,838.1065518926805
29.8,837.6593869504585
30.0,837.192071149656
30.2,836.7044418656359
30.4,836.1963284144351
30.6,835.6675518805075
30.8,835.1179249392858
31.0,834.5472516747537
31.2,833.9553273922168
31.4,833.3419384264564
31.6,832.7068619454484
31.8,832.0498657498126
32.0,831.3707080681535
32.2,830.669137348432
32.4,829.9448920454914
32.6,829.1977004048396
32.8,828.4272802427589
33.0,827.6333387227891
33.2,826.8155721285892
33.4,825.9736656331536
33.6,825.1072930643027
33.8,824.2161166663338
34.0,823.299786857659
34.2,822.3579419842021
34.4,821.3902080682711
34.6,820.3961985525581
34.8,819.3755140388507
35.0,818.3277420209749
35.2,817.2524566114132
35.4,816.1492182609729
35.6,815.017573470804
35.8,813.8570544959886
36.0,812.6671790398563
36.2,811.4474499380979
36.4,810.1973548316862
36.6,808.9163658275382
36.8,807.603939145794
37.0,806.259514752524
37.2,804.882515976625
37.4,803.4723491096212
37.6,802.0284029870459
37.8,800.550048550057
38.0,799.0366383859182
38.2,797.4875062459788
38.4,795.9019665397898
38.6,794.2793138040228
38.8,792.6188221448933
39.0,790.9197446528499
39.2,789.1813127883611
39.4,787.4027357377273
39.6,785.583199737954
39.8,783.7218673698513
40.0,781.817876818679
40.2,779.8703411018246
40.4,777.8783472631902
40.6,775.8409555341785
40.8,773.7571984613933
41.0,771.6260800014213
41.2,769.4465745833287
41.4,767.2176261397839
41.6,764.9381471080254
41.8,762.6070174021969
42.0,760.2230833589051
42.2,757.7851566581837
42.4,755.292013222395
42.6,752.742392095947
42.8,750.1349943090561
43.0,747.468481729136
43.2,744.7414759037451
43.4,741.9525568993641
43.6,739.1002621406126
43.8,736.1830852548361
44.0,733.1994749272976
44.2,730.1478337725003
44.4,727.0265172274325
44.6,723.8338324727654
44.8,720.568037388252
45.0,717.2273395487523
45.2,713.8098952674624
45.4,710.3138086930368
45.6,706.7371309673665
45.8,703.0778594508091
46.0,699.3339370216596
46.2,695.5032514565984
46.4,691.5836348987555
46.6,687.5728634198908
46.8,683.4686566830012
47.0,679.2686777114357
47.2,674.9705327703227
47.4,670.571771365795
47.6,666.0698863671356
47.8,661.4623142565681
48.0,656.746435510975
48.2,651.9195751193539
48.4,646.9790032393174
48.6,641.921935995406
48.8,636.7455364214236
49.0,631.4469155484308
49.2,626.023133639427
49.4,620.4712015711491
49.6,614.7880823627966
49.8,608.9706928508718
50.0,603.0159055087116
