0.0,875.4203626163971
0.2,875.9587896198656
0.4,876.4680170694069
0.6,876.9481814765514
0.8,877.3995489828179
1.0,877.8225127484917
1.2,878.2175884488546
1.4,878.5854080016585
1.6,878.9267116884619
1.8,879.2423388658441
2.0,879.5332174895207
2.2,879.8003526943438
2.4,880.0448146856713
2.6,880.2677262025255
2.8,880.4702498104933
3.0,880.6535752728881
3.2,880.8189072329392
3.4,880.96745341858
3.6,881.1004135557404
3.8,881.2189691470362
4.0,881.3242742415277
4.2,881.417447288926
4.4,881.4995641393758
4.6,881.5716522187299
4.8,881.6346858799471
5.0,881.6895829046355
5.2,881.7372021053978
5.4,881.7783419599352
5.6,881.8137401920491
5.8,881.8440742028448
6.0,881.8699622474942
6.2,881.8919652486697
6.4,881.9105891369073
6.6,881.926287610295
6.8,881.9394652105907
7.0,881.9504806196474
7.2,881.9596500884016
7.4,881.9672509201715
7.6,881.9735249401768
7.8,881.9786818936291
8.0,881.982902725077
8.2,881.9863427016622
8.4,881.9891343522658
8.6,881.9913902030688
8.8,881.9932052976546
9.0,881.994659496397
9.2,881.995819555474
9.4,881.9967409904368
9.6,881.9974697328973
9.8,881.9980435916344
10.0,881.9984935313602
10.2,881.9988447836178
10.4,881.9991178049106
10.6,881.9993290972839
10.8,881.9994919063013
11.0,881.9996168107667
11.2,881.9997122177165
11.4,881.999784775225
11.6,881.9998397144957
11.8,881.999881131585
12.0,881.9999122179889
12.2,881.9999354482336
12.4,881.9999527315755
12.6,881.9999655339532
12.8,881.999974975452
13.0,881.9999819077486
13.2,881.9999869752955
13.4,881.9999906633856
13.6,881.9999933356969
13.8,881.9999952634579
14.0,881.9999966479761
14.2,881.9999976379472
14.4,881.9999983426787
14.6,881.9999988421391
14.8,881.9999991945537
15.0,881.9999994421138
15.2,881.9999996152475
15.4,881.9999997357941
15.6,881.9999998193546
15.8,881.9999998770203
16.0,881.9999999166396
16.2,881.9999999437392
16.4,881.9999999621932
16.6,881.9999999747041
16.8,881.9999999831482
17.0,881.9999999888221
17.2,881.9999999926176
17.4,881.9999999951456
17.6,881.9999999968217
17.8,881.999999997928
18.0,881.9999999986549
18.2,881.9999999991304
18.4,881.9999999994402
18.6,881.999999999641
18.8,881.9999999997707
19.0,881.999999999854
19.2,881.9999999999073
19.4,881.9999999999412
19.6,881.9999999999628
19.8,881.9999999999765
20.0,881.999999999985
20.2,881.9999999999906
20.4,881.9999999999941
20.6,881.9999999999962
20.8,881.9999999999977
21.0,881.9999999999987
21.2,881.9999999999994
21.4,881.9999999999999
21.6,882.0
21.8,882.0
22.0,882.0
22.2,882.0
22.4,882.0
22.6,882.0
22.8,882.0
23.0,882.0
23.2,882.0
23.4,882.0
23.6,882.0
23.8,882.0
24.0,882.0
24.2,882.0
24.4,882.0
24.6,882.0
24.8,882.0
25.0,882.0
25.2,882.0
25.4,882.0
25.6,882.0
25.8,882.0
26.0,882.0
26.2,882.0
26.4,882.0
26.6,882.0
26.8,882.0
27.0,882.0
27.2,882.0
27.4,882.0
27.6,882.0
27.8,882.0
28.0,882.0
28.2,882.0
28.4,882.0
28.6,881.9999999999999
28.8,881.9999999999994
29.0,881.9999999999987
29.2,881.9999999999977
29.4,881.9999999999962
29.6,881.9999999999941
29.8,881.9999999999906
30.0,881.999999999985
30.2,881.9999999999765
30.4,881.9999999999628
30.6,881.9999999999412
30.8,881.9999999999073
31.0,881.9999999998539
31.2,881.9999999997706
31.4,881.9999999996409
31.6,881.99999999944
31.8,881.9999999991301
32.0,881.9999999986544
32.2,881.9999999979273
32.4,881.9999999968207
32.6,881.9999999951443
32.8,881.9999999926158
33.0,881.9999999888192
33.2,881.9999999831439
33.4,881.9999999746976
33.6,881.9999999621832
33.8,881.9999999437241
34.0,881.9999999166167
34.2,881.9999998769858
34.4,881.9999998193027
34.6,881.9999997357166
34.8,881.9999996151322
35.0,881.9999994419429
35.2,881.9999991943014
35.4,881.9999988417686
35.6,881.9999983421365
35.8,881.999997637157
36.0,881.9999966468288
36.2,881.9999952617989
36.4,881.9999933333081
36.6,881.9999906599598
36.8,881.9999869704025
37.0,881.9999819007882
37.2,881.9999749655907
37.4,881.9999655200379
37.6,881.9999527120186
37.8,881.9999354208579
38.0,881.9999121798214
38.2,881.9998810785833
38.4,881.9998396411862
38.6,881.9997846742282
38.8,881.9997120791248
39.0,881.9996166213339
39.2,881.9994916483919
39.4,881.9993287475178
39.6,881.9991173324204
39.8,881.9988441478214
40.0,881.9984926791254
40.2,881.9980424536863
40.4,881.9974682192864
40.6,881.9967389848526
40.8,881.9958169081385
41.0,881.9946560152265
41.2,881.9932007373183
41.4,881.9913842515083
41.6,881.989126614161
41.8,881.9863326782479
42.0,881.9828897896175
42.2,881.9786652617585
42.4,881.9735036341939
42.6,881.967223726259
42.8,881.9596155056081
43.0,881.9504367993279
43.2,881.9394098848592
43.4,881.9262180078914
43.6,881.9105018847267
43.8,881.8918562570551
44.0,881.8698265772407
44.2,881.8439059117286
44.4,881.8135321585609
44.6,881.7780856817932
44.8,881.7368874703185
45.0,881.6891979307809
45.2,881.6342164234356
45.4,881.5710816456015
45.6,881.49887295945
45.8,881.4166127490846
46.0,881.3232698760978
46.2,881.2177642831456
46.4,881.0989727717732
46.6,880.9657359541657
46.8,880.816866349278
47.0,880.6511575626374
47.2,880.4673944569101
47.4,880.2643641880845
47.6,880.0408679509383
47.8,879.7957332484777
48.0,879.5278264744032
48.2,879.2360655764619
48.4,878.9194325528089
48.6,878.5769855240503
48.8,878.2078701211516
49.0,877.8113299343
49.2,877.3867157802584
49.4,876.933493565651
49.6,876.4512505505627
49.8,875.939699850145
50.0,875.3986830506627
