0.0,752.3861149356392
0.2,754.6482179019835
0.4,756.9095975542349
0.6,759.1711160017317
0.8,761.4323740660567
1.0,763.6918500392006
1.2,765.9470906436883
1.4,768.1949366143899
1.6,770.4317635966107
1.8,772.65371953236
2.0,774.8569421211182
2.2,777.0377437839044
2.4,779.1927561836247
2.6,781.3190310943495
2.8,783.4140986861842
3.0,785.4759876794433
3.2,787.5032140956974
3.4,789.4947464595153
3.6,791.4499554063419
3.8,793.3685549568033
4.0,795.2505415009963
4.2,797.0961350693607
4.4,798.9057259795693
4.6,800.6798286092861
4.8,802.4190429527804
5.0,804.1240238143848
5.2,805.7954569655475
5.4,807.434041305948
5.6,809.0404759689075
5.8,810.6154513404483
6.0,812.1596430689257
6.2,813.6737082873954
6.4,815.1582834245603
6.6,816.6139831237155
6.8,818.0413999127572
7.0,819.4411043685292
7.2,820.8136455961143
7.4,822.1595519009492
7.6,823.4793315725339
7.8,824.7734737268005
8.0,826.0424491732167
8.2,827.2867112851582
8.4,828.50669686007
8.6,829.7028269609733
8.8,830.8755077340061
9.0,832.025131198642
9.2,833.1520760084521
9.4,834.2567081810648
9.6,835.3393817965099
9.8,836.4004396635054
10.0,837.4402139535298
10.2,838.4590268027455
10.4,839.4571908820224
10.6,840.435009935467
10.8,841.3927792879954
11.0,842.3307863225983
11.2,843.2493109280465
11.4,844.14862591786
11.6,845.028997421437
11.8,845.8906852482817
12.0,846.7339432263196
12.2,847.5590195153113
12.4,848.3661568963997
12.6,849.1555930388311
12.8,849.9275607448988
13.0,850.6822881741483
13.2,851.4199990478747
13.4,852.1409128349271
13.6,852.8452449198152
13.8,853.5332067540876
14.0,854.2050059919294
14.2,854.860846610892
14.4,855.5009290186428
14.6,856.1254501465884
14.8,856.7346035311951
15.0,857.3285793837938
15.2,857.9075646496289
15.4,858.4717430568753
15.6,859.0212951563184
15.8,859.5563983523563
16.0,860.0772269259598
16.2,860.5839520501912
16.4,861.0767417988566
16.6,861.555761148838
16.8,862.0211719766297
17.0,862.4731330495702
17.2,862.9118000122431
17.4,863.337325368498
17.6,863.7498584595137
17.8,864.1495454383133
18.0,864.5365292411143
18.2,864.91094955588
18.4,865.2729427884223
18.6,865.622642026382
18.8,865.960177001405
19.0,866.2856740498077
19.2,866.5992560720152
19.4,866.9010424910391
19.6,867.1911492102475
19.8,867.4696885706662
20.0,867.7367693080367
20.2,867.9924965098453
20.4,868.2369715725222
20.6,868.4702921590023
20.8,868.6925521568239
21.0,868.9038416369337
21.2,869.1042468133527
21.4,869.2938500038521
21.6,869.4727295917747
21.8,869.6409599891288
22.0,869.7986116010729
22.2,869.9457507919051
22.4,870.0824398526502
22.6,870.2087369703484
22.8,870.3246961991223
23.0,870.430367433107
23.2,870.5257963813107
23.4,870.6110245444713
23.6,870.686089193969
23.8,870.7510233528412
24.0,870.8058557789504
24.2,870.8506109503408
24.4,870.8853090528169
24.6,870.9099659697748
24.8,870.9245932743045
25.0,870.929198223582
25.2,870.9237837555623
25.4,870.9083484879792
25.6,870.8828867196511
25.8,870.8473884340914
26.0,870.8018393054109
26.2,870.7462207064985
26.4,870.6805097194585
26.6,870.6046791482801
26.8,870.518697533707
27.0,870.4225291702692
27.2,870.316134125435
27.4,870.1994682608339
27.6,870.0724832554938
27.8,869.9351266310341
28.0,869.7873417787425
28.2,869.6290679884622
28.4,869.4602404792079
28.6,869.2807904314186
28.8,869.0906450207516
29.0,868.8897274533093
29.2,868.677957002188
29.4,868.4552490452221
29.6,868.221515103795
29.8,867.9766628825721
30.0,867.720596310006
30.2,867.4532155794514
30.4,867.1744171907167
30.6,866.8840939918699
30.8,866.5821352211002
31.0,866.26842654843
31.2,865.9428501170559
31.4,865.6052845840832
31.6,865.2556051604093
31.8,864.8936836494895
32.0,864.5193884847105
32.2,864.1325847650769
32.4,863.7331342888999
32.6,863.3208955851604
32.8,862.8957239422003
33.0,862.4574714333763
33.2,862.0059869392885
33.4,861.5411161661781
33.6,861.0627016600615
33.8,860.570582816149
34.0,860.0645958830645
34.2,859.5445739613665
34.4,859.0103469958306
34.6,858.4617417609352
34.8,857.8985818389555
35.0,857.3206875900398
35.2,856.727876113612
35.4,856.1199612004046
35.6,855.4967532743963
35.8,854.8580593238855
36.0,854.2036828208991
36.2,853.5334236280919
36.4,852.8470778922573
36.6,852.1444379235286
36.8,851.4252920593113
37.0,850.689424511949
37.2,849.9366151990899
37.4,849.1666395556824
37.6,848.3792683264999
37.8,847.5742673380613
38.0,846.7513972487927
38.2,845.9104132762498
38.4,845.0510649002127
38.6,844.1730955404537
38.8,843.2762422079767
39.0,842.3602351285448
39.2,841.4247973373244
39.4,840.4696442435134
39.6,839.4944831638601
39.8,838.4990128240447
40.0,837.4829228269673
40.2,836.445893087076
40.4,835.3875932299859
40.6,834.3076819567626
40.8,833.205806372402
41.0,832.081601278214
41.2,830.9346884280296
41.4,829.7646757484047
41.6,828.5711565233071
41.8,827.3537085441873
42.0,826.1118932268985
42.2,824.8452546977624
42.4,823.5533188523456
42.6,822.2355923925004
42.8,820.891561850404
43.0,819.5206926133977
43.2,818.1224279714401
43.4,816.6961882214548
43.6,815.2413698818578
43.8,813.7573450987804
44.0,812.2434613663129
44.2,810.69904174019
44.4,809.1233858014352
44.6,807.5157717263469
44.8,805.8754599424177
45.0,804.2016989928189
45.2,802.4937343851689
45.4,800.750821344947
45.6,798.9722425009841
45.8,797.1573315593486
46.0,795.3055039218793
46.2,793.4162949201786
46.4,791.489405811325
46.6,789.5247568792615
46.8,787.5225458977363
47.0,785.4833088758302
47.2,783.4079785253329
47.4,781.2979344277377
47.6,779.1550376666361
47.8,776.9816419991971
48.0,774.7805737424175
48.2,772.5550736729028
48.4,770.3086965056228
48.6,768.0451668929213
48.8,765.7681951446306
49.0,763.4812605934713
49.2,761.1873751379078
49.4,758.8888433233546
49.6,756.5870377280195
49.8,754.2822088944715
50.0,751.9733473279205
