0.0,805.4775056859963
0.2,807.5366425573716
0.4,809.5545927222046
0.6,811.531714742538
0.8,813.4683726176501
1.0,815.3649360175951
1.2,817.2217804921983
1.4,819.039287654608
1.6,820.8178453386278
1.8,822.5578477291747
2.0,824.2596954653309
2.2,825.9237957155874
2.4,827.5505622250025
2.6,829.140415334125
2.8,830.6937819696635
3.0,832.211095607005
3.2,833.6927962048121
3.4,835.1393301120522
3.6,836.551149947926
3.8,837.9287144552835
4.0,839.2724883282198
4.2,840.5829420146565
4.4,841.8605514948061
4.6,843.1057980365194
4.8,844.3191679285975
5.0,845.5011521932341
5.2,846.6522462788308
5.4,847.7729497344872
5.6,848.8637658675357
5.8,849.9252013855354
6.0,850.957766024188
6.2,851.9619721626707
6.4,852.9383344279107
6.6,853.8873692893436
6.8,854.8095946457129
7.0,855.705529405465
7.2,856.5756930622998
7.4,857.4206052674151
7.6,858.2407853999724
7.8,859.0367521372815
8.0,859.8090230261715
8.2,860.5581140569763
8.4,861.2845392415164
8.6,861.9888101964153
8.8,862.6714357330236
9.0,863.3329214551753
9.2,863.9737693659285
9.4,864.5944774843807
9.6,865.1955394735742
9.8,865.7774442804376
10.0,866.3406757886314
10.2,866.8857124850865
10.4,867.4130271409521
10.6,867.9230865075823
10.8,868.4163510281163
11.0,868.8932745651248
11.2,869.3543041447167
11.4,869.7998797174215
11.6,870.230433936087
11.8,870.6463919509536
12.0,871.0481712219957
12.2,871.4361813485508
12.4,871.8108239161824
12.6,872.1724923606644
12.8,872.5215718489083
13.0,872.8584391765945
13.2,873.1834626822165
13.4,873.4970021771899
13.6,873.7994088916362
13.8,874.0910254353995
14.0,874.3721857738182
14.2,874.6432152177354
14.4,874.9044304271997
14.6,875.1561394282776
14.8,875.3986416423734
15.0,875.632227927433
15.2,875.8571806303901
15.4,876.0737736501964
15.6,876.2822725107711
15.8,876.4829344431946
16.0,876.6760084764691
16.2,876.8617355361681
16.4,877.040348550298
16.6,877.2120725616999
16.8,877.37712484633
17.0,877.5357150367612
17.2,877.688045250266
17.4,877.8343102208523
17.6,877.97469743464
17.8,878.1093872679814
18.0,878.2385531277525
18.2,878.362361593256
18.4,878.4809725592022
18.6,878.5945393792545
18.8,878.7032090096466
19.0,878.8071221524065
19.2,878.9064133977387
19.4,879.001211365146
19.6,879.0916388428925
19.8,879.1778129254325
20.0,879.2598451484528
20.2,879.3378416212033
20.4,879.4119031558057
20.6,879.4821253932573
20.8,879.5485989258669
21.0,879.6114094158783
21.2,879.670637710059
21.4,879.7263599500496
21.6,879.7786476782852
21.8,879.827567939322
22.0,879.8731833764132
22.2,879.9155523231968
22.4,879.9547288903711
22.6,879.9907630472468
22.8,880.0237006980772
23.0,880.0535837530797
23.2,880.0804501940718
23.4,880.1043341346559
23.6,880.125265874894
23.8,880.143271950423
24.0,880.1583751759706
24.2,880.1705946832333
24.4,880.1799459530914
24.6,880.1864408421355
24.8,880.1900876034881
25.0,880.1908909019081
25.2,880.1888518231691
25.4,880.1839678777098
25.6,880.1762329985563
25.8,880.1656375335236
26.0,880.1521682317032
26.2,880.1358082242538
26.4,880.1165369995136
26.6,880.0943303724569
26.8,880.0691604485243
27.0,880.0409955818639
27.2,880.0098003280209
27.4,879.9755353911254
27.6,879.9381575656341
27.8,879.8976196726868
28.0,879.8538704911515
28.2,879.8068546834386
28.4,879.756512716176
28.6,879.7027807758479
28.8,879.6455906795121
29.0,879.5848697807234
29.2,879.520540870806
29.4,879.4525220756303
29.6,879.380726748066
29.8,879.3050633563004
30.0,879.2254353682312
30.2,879.1417411321526
30.4,879.053873753984
30.6,878.9617209713018
30.8,878.8651650244597
31.0,878.7640825251026
31.2,878.6583443224021
31.4,878.5478153673619
31.6,878.4323545755651
31.8,878.3118146887601
32.0,878.1860421356993
32.2,878.0548768926741
32.4,877.9181523442079
32.6,877.7756951443921
32.8,877.6273250793735
33.0,877.4728549315198
33.2,877.3120903458142
33.4,877.1448296990458
33.6,876.9708639723815
33.8,876.7899766279244
34.0,876.6019434898758
34.2,876.4065326309321
34.4,876.2035042645609
34.6,875.9926106438087
34.8,875.7735959672979
35.0,875.546196293081
35.2,875.3101394610134
35.4,875.0651450243122
35.6,874.8109241909614
35.8,874.5471797756144
36.0,874.2736061626396
36.2,873.9898892809343
36.4,873.6957065911187
36.6,873.3907270856997
36.8,873.0746113027669
37.0,872.7470113537569
37.2,872.4075709657865
37.4,872.0559255390224
37.6,871.6917022195095
37.8,871.3145199878396
38.0,870.9239897639935
38.2,870.5197145286342
38.4,870.1012894610793
38.6,869.6683020941182
38.8,869.2203324857761
39.0,868.7569534080681
39.2,868.2777305527118
39.4,867.7822227537011
39.6,867.2699822265698
39.8,866.7405548240981
40.0,866.1934803081418
40.2,865.6282926371825
40.4,865.0445202691224
40.6,864.4416864787667
40.8,863.8193096893577
41.0,863.1769038174486
41.2,862.5139786303223
41.4,861.8300401150906
41.6,861.12459085853
41.8,860.39713043664
42.0,859.6471558128378
42.2,858.8741617436435
42.4,858.0776411906377
42.6,857.2570857374214
42.8,856.4119860102552
43.0,855.5418321009982
43.2,854.6461139909331
43.4,853.7243219740179
43.6,852.7759470780812
43.8,851.8004814824445
44.0,850.7974189304458
44.2,849.7662551353203
44.4,848.706488177897
44.6,847.6176188945689
44.8,846.4991512540099
45.0,845.3505927211309
45.2,844.1714546067919
45.4,842.9612524018305
45.6,841.7195060939991
45.8,840.4457404664682
46.0,839.1394853765986
46.2,837.8002760137638
46.4,836.4276531350708
46.6,835.0211632779097
46.8,833.5803589483518
47.0,832.1047987845084
47.2,830.5940476940633
47.4,829.047676965295
47.6,827.4652643510161
47.8,825.8463941249735
48.0,824.1906571103655
48.2,822.4976506802593
48.4,820.7669787298117
48.6,818.9982516203222
48.8,817.1910860952752
49.0,815.3451051686526
49.2,813.4599379859279
49.4,811.5352196582745
49.6,809.5705910706473
49.8,807.5656986645172
50.0,805.5201941961561
