0.0,818.6815767092172
0.2,820.6544793786211
0.4,822.5826015312134
0.6,824.4661247902258
0.8,826.3052554236026
1.0,828.10022533676
1.2,829.8512929149077
1.4,831.558743710775
1.6,833.2228909747491
1.8,834.8440760256061
2.0,836.4226684611968
2.2,837.9590662096164
2.4,839.4536954225313
2.6,840.9070102134586
2.8,842.3194922448589
3.0,843.691650168933
3.2,845.0240189279731
3.4,846.3171589210143
3.6,847.5716550443564
3.8,848.7881156142633
4.0,849.9671711808022
4.2,851.10947324235
4.4,852.2156928707676
4.6,853.2865192576161
4.8,854.3226581920702
5.0,855.3248304813718
5.2,856.2937703247532
5.4,857.2302236517601
5.6,858.1349464358101
5.8,859.0087029936448
6.0,859.8522642810772
6.2,860.6664061950962
6.4,861.4519078919916
6.6,862.2095501306854
6.8,862.94011364994
7.0,863.64437758753
7.2,864.3231179488521
7.4,864.9771061317957
7.6,865.6071075140128
7.8,866.2138801080329
8.0,866.7981732889532
8.2,867.3607265987217
8.4,867.9022686303122
8.6,868.423515994386
8.8,868.9251723703459
9.0,869.4079276430098
9.2,869.8724571254903
9.4,870.3194208682481
9.6,870.7494630537008
9.8,871.1632114752268
10.0,871.5612770988973
10.2,871.9442537058044
10.4,872.3127176124352
10.6,872.6672274661702
10.8,873.0083241126524
11.0,873.3365305314978
11.2,873.6523518365746
11.4,873.9562753368973
11.6,874.2487706540254
11.8,874.5302898917574
12.0,874.8012678538468
12.2,875.062122305433
12.4,875.3132542738996
12.6,875.5550483849048
12.8,875.787873229408
13.0,876.0120817576106
13.2,876.2280116958585
13.4,876.435985982693
13.6,876.6363132204068
13.8,876.8292881386371
14.0,877.0151920667196
14.2,877.1942934117332
14.4,877.3668481393711
14.6,877.5331002549875
14.8,877.693282282391
15.0,877.8476157381667
15.2,877.9963115995298
15.4,878.1395707639215
15.6,878.27758449877
15.8,878.4105348800359
16.0,878.5385952183569
16.2,878.6619304717917
16.4,878.7806976443387
16.6,878.895046169568
16.8,879.0051182788626
17.0,879.1110493539069
17.2,879.2129682631952
17.4,879.3109976824503
17.6,879.4052543989561
17.8,879.4958495999068
18.0,879.5828891449606
18.2,879.6664738232681
18.4,879.746699595309
18.6,879.8236578199325
18.8,879.8974354670427
19.0,879.9681153164133
19.2,880.0357761431468
19.4,880.1004928903179
19.6,880.1623368293626
19.8,880.2213757087789
20.0,880.2776738917213
20.2,880.3312924830625
20.4,880.3822894464993
20.6,880.4307197122689
20.8,880.4766352760313
21.0,880.5200852894602
21.2,880.5611161430676
21.4,880.599771541769
21.6,880.6360925736742
21.8,880.6701177725697
22.0,880.7018831745318
22.2,880.7314223690881
22.4,880.7587665453207
22.6,880.7839445332767
22.8,880.8069828410308
23.0,880.8279056877154
23.2,880.8467350328115
23.4,880.863490601967
23.6,880.8781899095862
23.8,880.8908482784072
24.0,880.9014788562639
24.2,880.910092630201
24.4,880.9166984380927
24.6,880.921302977886
24.8,880.923910814576
25.0,880.924524384988
25.2,880.9231440004272
25.4,880.9197678472333
25.6,880.9143919852502
25.8,880.9070103442075
26.0,880.897614717983
26.2,880.8861947566945
26.4,880.872737956551
26.6,880.8572296473628
26.8,880.8396529776011
27.0,880.8199888968583
27.2,880.7982161355527
27.4,880.7743111816884
27.6,880.7482482544599
27.8,880.7199992744681
28.0,880.6895338302896
28.2,880.6568191411166
28.4,880.621820015157
28.6,880.5844988034673
28.8,880.5448153488559
29.0,880.502726929478
29.2,880.4581881967159
29.4,880.411151106915
29.6,880.3615648465217
29.8,880.3093757501515
30.0,880.2545272110925
30.2,880.1969595837315
30.4,880.136610077373
30.6,880.0734126409093
30.8,880.007297837789
31.0,879.9381927107205
31.2,879.8660206355491
31.4,879.7907011637418
31.6,879.7121498529251
31.8,879.6302780849279
32.0,879.5449928708036
32.2,879.4561966423285
32.4,879.3637870295026
32.6,879.2676566236258
32.8,879.1676927255608
33.0,879.0637770788612
33.2,878.9557855875038
33.4,878.8435880180397
33.6,878.7270476860721
33.8,878.6060211270604
34.0,878.4803577515585
34.2,878.3498994851185
34.4,878.2144803932199
34.6,878.0739262917223
34.8,877.9280543434959
35.0,877.7766726420471
35.2,877.6195797831236
35.4,877.4565644254728
35.6,877.2874048421097
35.8,877.1118684636551
36.0,876.9297114155038
36.2,876.7406780507941
36.4,876.544500481361
36.6,876.3408981090674
36.8,876.1295771601257
37.0,875.9102302252252
37.2,875.6825358084944
37.4,875.4461578885202
37.6,875.2007454948366
37.8,874.9459323034724
38.0,874.6813362553073
38.2,874.406559201126
38.4,874.121186577387
38.6,873.8247871168138
38.8,873.5169125979904
39.0,873.1970976381813
39.2,872.8648595336066
39.4,872.5196981513732
39.6,872.1610958771987
39.8,871.7885176229629
40.0,871.4014108979709
40.2,870.9992059476283
40.4,870.5813159629922
40.6,870.1471373643826
40.8,869.6960501619171
41.0,869.2274183954631
41.2,868.740590656082
41.4,868.234900690589
41.6,867.7096680903502
41.8,867.1641990648953
42.0,866.5977873003569
42.2,866.0097149021288
42.4,865.3992534205057
42.6,864.7656649573971
42.8,864.108203351529
43.0,863.4261154388491
43.2,862.718642384146
43.4,861.9850210791868
43.6,861.2244856019748
43.8,860.4362687310439
44.0,859.6196035080286
44.2,858.7737248411162
44.4,857.89787114137
44.6,856.9912859833528
44.8,856.0532197809557
45.0,855.082931468885
45.2,854.0796901798507
45.4,853.0427769071795
45.6,851.9714861423176
45.8,850.8651274765142
46.0,849.7230271558864
46.2,848.5445295790705
46.4,847.3289987267489
46.6,846.0758195125305
46.8,844.7843990449413
47.0,843.4541677906503
47.2,842.0845806295333
47.4,840.6751177927246
47.6,839.2252856754639
47.8,837.7346175172739
48.0,836.2026739428179
48.2,834.6290433576702
48.4,833.0133421941918
48.6,831.3552150037058
48.8,829.6543343922372
49.0,827.9104007981797
49.2,826.1231421113888
49.4,824.2923131343522
49.6,822.417694887256
49.8,820.4990937599266
50.0,818.5363405147807
