0.0,869.6137697901836
0.2,870.1800051800144
0.4,870.7284207758754
0.6,871.259183010711
0.8,871.7724714557536
1.0,872.2684788644204
1.2,872.7474111429408
1.4,873.2094872482362
1.6,873.6549390141141
1.8,874.0840109073415
2.0,874.4969597156654
2.2,874.8940541703201
2.4,875.2755745060051
2.6,875.6418119617354
2.8,875.9930682263462
3.0,876.3296548327754
3.2,876.6518925055516
3.4,876.9601104661746
3.6,877.254645701292
3.8,877.5358421987445
4.0,877.8040501566778
4.2,878.0596251709961
4.4,878.3029274064653
4.6,878.5343207567595
4.8,878.7541719986887
5.0,878.9628499457455
5.2,879.1607246059712
5.4,879.3481663489636
5.6,879.52554508664
5.8,879.693229472126
6.0,879.8515861208678
6.2,880.0009788577773
6.4,880.1417679938953
6.6,880.2743096357317
6.8,880.3989550300945
7.0,880.5160499468607
7.2,880.6259341017831
7.4,880.7289406210663
7.6,880.825395549077
7.8,880.9156174002036
8.0,880.9999167555252
8.2,881.0785959046157
8.4,881.1519485324819
8.6,881.2202594513274
8.8,881.2838043765387
9.0,881.3428497460268
9.2,881.3976525818001
9.4,881.4484603924202
9.6,881.4955111147893
9.8,881.539033093538
10.0,881.5792450961201
10.2,881.6163563616014
10.4,881.650566681011
10.6,881.6820665070437
10.8,881.7110370908448
11.0,881.7376506435628
11.2,881.7620705203411
11.4,881.7844514244224
11.6,881.8049396290563
11.8,881.8236732149405
12.0,881.8407823209744
12.2,881.8563894061759
12.4,881.870609520684
12.6,881.8835505838634
12.8,881.8953136676251
13.0,881.9059932831774
13.2,881.9156776695406
13.4,881.9244490822706
13.6,881.9323840809519
13.8,881.9395538141498
14.0,881.9460243006239
14.2,881.9518567057319
14.4,881.9571076120648
14.6,881.9618292834792
14.8,881.9660699217966
15.0,881.9698739155515
15.2,881.9732820802772
15.4,881.9763318899079
15.6,881.9790576989792
15.8,881.9814909553852
16.0,881.9836604035388
16.2,881.9855922778517
16.4,881.9873104865195
16.6,881.9888367856588
16.8,881.9901909438973
17.0,881.9913908975683
17.2,881.9924528967015
17.4,881.993391642041
17.6,881.9942204133529
17.8,881.9949511893084
18.0,881.9955947592542
18.2,881.9961608271958
18.4,881.9966581083299
18.6,881.9970944184781
18.8,881.9974767567713
19.0,881.997811381939
19.2,881.9981038825601
19.4,881.998359241623
19.6,881.99858189574
19.8,881.9987757893545
20.0,881.9989444242666
20.2,881.9990909047965
20.4,881.9992179788896
20.6,881.9993280754576
20.8,881.9994233382337
21.0,881.9995056564106
21.2,881.9995766923098
21.4,881.9996379063226
21.6,881.9996905793444
21.8,881.9997358329131
22.0,881.9997746472454
22.2,881.9998078773522
22.4,881.9998362674017
22.6,881.9998604634858
22.8,881.9998810249285
23.0,881.9998984342707
23.2,881.9999131060441
23.4,881.9999253944454
23.6,881.9999356000027
23.8,881.9999439753211
24.0,881.9999507299814
24.2,881.9999560346571
24.4,881.9999600245052
24.6,881.999962801878
24.8,881.9999644383921
25.0,881.9999649763848
25.2,881.9999644297784
25.4,881.9999627843644
25.6,881.9999599975105
25.8,881.999955997289
26.0,881.9999506810116
26.2,881.9999439131504
26.4,881.999935522617
26.6,881.9999252993595
26.8,881.9999129902346
27.0,881.9998982940942
27.2,881.9998808560243
27.4,881.9998602606606
27.6,881.9998360244953
27.8,881.9998075870786
28.0,881.9997743010096
28.2,881.9997354205956
28.4,881.9996900890542
28.6,881.9996373241092
28.8,881.9995760018315
29.0,881.9995048385514
29.2,881.9994223706631
29.4,881.9993269321244
29.6,881.9992166294408
29.8,881.9990893139111
30.0,881.9989425508945
30.2,881.9987735858452
30.4,881.9985793068496
30.6,881.9983562033815
30.8,881.9981003209831
31.0,881.9978072115634
31.2,881.9974718789935
31.4,881.9970887196698
31.6,881.9966514577061
31.8,881.9961530744051
32.0,881.9955857316577
32.2,881.9949406889118
32.4,881.9942082133549
32.6,881.99337748295
32.8,881.9924364819766
33.0,881.9913718887323
33.2,881.9901689550632
33.4,881.9888113774097
33.6,881.987281159074
33.8,881.9855584634414
34.0,881.9836214579195
34.2,881.9814461483946
34.4,881.9790062040498
34.6,881.9762727724345
34.8,881.9732142847305
35.0,881.9697962512242
35.2,881.9659810470556
35.4,881.9617276883939
35.6,881.9569915992671
35.8,881.951724369359
36.0,881.9458735031816
36.2,881.9393821611264
36.4,881.9321888930033
36.6,881.924227364782
36.8,881.9154260793678
37.0,881.9057080923516
37.2,881.8949907238025
37.4,881.8831852672823
37.6,881.8701966973887
37.8,881.8559233772532
38.0,881.8402567675356
38.2,881.8230811385785
38.4,881.8042732874923
38.6,881.7837022620507
38.8,881.761229093371
39.0,881.7367065394483
39.2,881.7099788416891
39.4,881.6808814966553
39.6,881.6492410452871
39.8,881.6148748819066
40.0,881.5775910853295
40.2,881.5371882744114
40.4,881.4934554903405
40.6,881.4461721079526
40.8,881.3951077782796
41.0,881.340022404467
41.2,881.2806661530858
41.4,881.216779502736
41.6,881.1480933316875
41.8,881.0743290461197
42.0,880.9951987503292
42.2,880.91040546004
42.4,880.8196433597099
42.6,880.7225981044555
42.8,880.6189471669288
43.0,880.5083602291738
43.2,880.390499619168
43.4,880.265020791418
43.6,880.1315728506302
43.8,879.9897991171258
44.0,879.8393377323041
44.2,879.679822302104
44.4,879.5108825760473
44.6,879.3321451590973
44.8,879.143234253221
45.0,878.9437724252105
45.2,878.7333813970074
45.4,878.5116828544769
45.6,878.2782992703098
45.8,878.0328547364901
46.0,877.7749758015533
46.2,877.5042923076861
46.4,877.2204382225765
46.6,876.9230524608259
46.8,876.6117796896764
47.0,876.28627111379
47.2,875.9461852338519
47.4,875.5911885738392
47.6,875.2209563719257
47.8,874.8351732301535
48.0,874.4335337182241
48.2,874.0157429270122
48.4,873.581516967705
48.6,873.1305834128152
48.8,872.6626816756866
49.0,872.1775633255256
49.2,871.6749923354357
49.4,871.1547452613978
49.6,870.6166113506339
49.8,870.0603925783003
50.0,869.4859036119816
