0.0,840.8534647431861
0.2,843.0742603813057
0.4,845.1555614007344
0.6,847.0957799527814
0.8,848.8957446565881
1.0,850.5585557697916
1.2,852.0893447484823
1.4,853.4949585047768
1.6,854.7835927167826
1.8,855.9644002038624
2.0,857.0470996763794
2.2,858.0416073932641
2.4,858.9577099052456
2.6,859.8047907386625
2.8,860.5916182265045
3.0,861.326196308579
3.2,862.015675472925
3.4,862.6663174109445
3.6,863.2835045565753
3.8,863.8717844674734
4.0,864.4349388517402
4.2,864.9760677321051
4.4,865.4976805155814
4.6,866.0017873440622
4.8,866.4899858124238
5.0,866.9635397752784
5.2,867.4234483971029
5.4,867.8705047631682
5.6,868.3053442377332
5.8,868.7284833443824
6.0,869.1403502878605
6.2,869.5413083861259
6.4,869.9316736874788
6.6,870.31172795871
6.8,870.6817280869438
7.0,871.0419127716267
7.2,871.3925072161186
7.4,871.7337263745769
7.6,872.0657771767295
7.8,872.3888600433615
8.0,872.7031699183566
8.2,873.0088969765399
8.4,873.3062271171448
8.6,873.5953423170472
8.8,873.8764208928245
9.0,874.1496377034765
9.2,874.4151643141026
9.4,874.6731691332584
9.6,874.9238175318569
9.8,875.1672719484308
10.0,875.4036919836935
10.2,875.6332344862145
10.4,875.8560536303523
10.6,876.0723009872174
10.8,876.2821255892168
11.0,876.4856739886227
11.2,876.6830903105418
11.4,876.874516300637
11.6,877.0600913679307
11.8,877.2399526230181
12.0,877.4142349120068
12.2,877.5830708464968
12.4,877.7465908299104
12.6,877.9049230804691
12.8,878.058193651113
13.0,878.2065264466427
13.2,878.3500432383546
13.4,878.4888636764312
13.6,878.6231053003299
13.8,878.7528835474077
14.0,878.8783117599955
14.2,878.9995011911351
14.4,879.116561009164
14.6,879.2295983013294
14.8,879.3387180765934
15.0,879.4440232677804
15.2,879.5456147332022
15.4,879.6435912578861
15.6,879.7380495545154
15.8,879.8290842641828
16.0,879.9167879570444
16.2,880.0012511329508
16.4,880.0825622221223
16.6,880.1608075859257
16.8,880.2360715178002
17.0,880.3084362443723
17.2,880.3779819267922
17.4,880.4447866623142
17.6,880.5089264861427
17.8,880.5704753735524
18.0,880.62950524229
18.2,880.6860859552603
18.4,880.7402853234913
18.6,880.7921691093723
18.8,880.8418010301535
19.0,880.889242761694
19.2,880.9345539424395
19.4,880.9777921776118
19.6,881.0190130435886
19.8,881.058270092449
20.0,881.0956148566617
20.2,881.1310968538883
20.4,881.1647635918769
20.6,881.1966605734164
20.8,881.226831301325
21.0,881.2553172834441
21.2,881.2821580376092
21.4,881.3073910965704
21.6,881.3310520128341
21.8,881.3531743633993
22.0,881.3737897543601
22.2,881.3929278253514
22.4,881.4106162538089
22.6,881.4268807590234
22.8,881.4417451059626
23.0,881.4552311088406
23.2,881.4673586344151
23.4,881.4781456049905
23.6,881.4876080011117
23.8,881.4957598639301
24.0,881.5026132972285
24.2,881.5081784690918
24.4,881.5124636132091
24.6,881.5154750298011
24.8,881.5172170861618
25.0,881.5176922168093
25.2,881.5169009232402
25.4,881.514841773285
25.6,881.5115114000624
25.8,881.5069045005359
26.0,881.5010138336701
26.2,881.4938302181959
26.4,881.485342529987
26.6,881.4755376990566
26.8,881.4644007061843
27.0,881.4519145791824
27.2,881.4380603888161
27.4,881.422817244391
27.6,881.4061622890238
27.8,881.388070694614
28.0,881.3685156565351
28.2,881.3474683880657
28.4,881.3248981145824
28.6,881.3007720675365
28.8,881.2750554782396
29.0,881.2477115714825
29.2,881.2187015590133
29.4,881.1879846329028
29.6,881.155517958823
29.8,881.1212566692681
30.0,881.0851538567474
30.2,881.0471605669777
30.4,881.007225792105
30.6,880.9652964639852
30.8,880.9213174475523
31.0,880.8752315343029
31.2,880.8269794359255
31.4,880.7764997781011
31.6,880.7237290945005
31.8,880.6686018210071
32.0,880.6110502901824
32.2,880.5510047260007
32.4,880.4883932388689
32.6,880.4231418209511
32.8,880.355174341807
33.0,880.28441254436
33.2,880.2107760411966
33.4,880.1341823112051
33.6,880.0545466965466
33.8,879.971782399955
34.0,879.8858004823527
34.2,879.7965098607646
34.4,879.7038173065051
34.6,879.6076274436075
34.8,879.5078427474577
35.0,879.404363543585
35.2,879.297088006555
35.4,879.1859121589031
35.6,879.0707298700324
35.8,878.9514328549969
36.0,878.8279106730736
36.2,878.7000507260235
36.4,878.5677382559246
36.6,878.4308563424532
36.8,878.2892858994752
37.0,878.1429056708007
37.2,877.9915922249409
37.4,877.8352199486965
37.6,877.6736610393955
37.8,877.5067854955863
38.0,877.3344611059832
38.2,877.15655343645
38.4,876.9729258147995
38.6,876.783439313177
38.8,876.5879527277916
39.0,876.3863225557491
39.2,876.1784029687367
39.4,875.9640457833069
39.6,875.7431004274952
39.8,875.5154139035059
40.0,875.2808307461753
40.2,875.0391929768928
40.4,874.790340052599
40.6,874.5341088093587
40.8,874.270333399794
41.0,873.9988452232831
41.2,873.7194728471642
41.4,873.432041916068
41.6,873.1363750446359
41.8,872.8322916858617
42.0,872.5196079624828
42.2,872.1981364413563
42.4,871.8676858193363
42.6,871.528060472141
42.8,871.1790597928914
43.0,870.8204772117381
43.2,870.4520987391263
43.4,870.0737008094334
43.6,869.685047115729
43.8,869.2858840179139
44.0,868.8759339749381
44.2,868.4548862998232
44.4,868.0223843711422
44.6,867.5780082703059
44.8,867.1212516723639
45.0,866.6514917300964
45.2,866.1679506971408
45.4,865.6696481834074
45.6,865.1553432763187
45.8,864.6234663427427
46.0,864.0720411851158
46.2,863.4985993740711
46.4,862.9000899963767
46.6,862.2727896721204
46.8,861.6122193858268
47.0,860.9130762645706
47.2,860.1691896971219
47.4,859.3735118684242
47.6,858.5181526311807
47.8,857.5944674384908
48.0,856.5932046880099
48.2,855.5047152714332
48.4,854.3192225288446
48.6,853.0271454870938
48.8,851.619462680713
49.0,850.0880985948909
49.2,848.4263104670887
49.4,846.6290504420026
49.6,844.693277380259
49.8,842.6181942607204
50.0,840.405391115613
