0.0,471.53777556406027
0.2,476.7539568711558
0.4,481.9394182279928
0.6,487.0931743468233
0.8,492.21426458237823
1.0,497.30175353263763
1.2,502.35473159350823
1.4,507.3723154665993
1.6,512.353648619438
1.8,517.2979016976157
2.0,522.2042728885126
2.2,527.0719882363937
2.4,531.900301908825
2.6,536.6884964145033
2.8,541.4358827727415
3.0,546.1418006349904
3.2,550.8056183589222
3.4,555.4267330357286
3.6,560.0045704714214
3.8,564.5385851230437
4.0,569.028259990819
4.2,573.4731064673759
4.4,577.8726641452915
4.6,582.2265005842937
4.8,586.5342110395492
5.0,590.7954181525523
5.2,595.0097716061965
5.4,599.176947745681
5.6,603.2966491669615
5.8,607.3686042745026
6.0,611.3925668101308
6.2,615.3683153548219
6.4,619.2956528052775
6.6,623.1744058271665
6.8,627.0044242869142
7.0,630.785580663922
7.2,634.5177694451
7.4,638.2009065035734
7.6,641.8349284634132
7.8,645.41979205221
8.0,648.9554734432776
8.2,652.441967589239
8.4,655.8792875487018
8.6,659.2674638076827
8.8,662.6065435973888
9.0,665.8965902099079
9.2,669.137682313299
9.4,672.3299132675133
9.6,675.4733904425099
9.8,678.5682345398609
10.0,681.614578919075
10.2,684.6125689297954
10.4,687.562361250955
10.6,690.4641232379026
10.8,693.3180322784407
11.0,696.1242751586387
11.2,698.883047439221
11.4,701.5945528432493
11.6,704.2590026557585
11.8,706.876615135926
12.0,709.4476149422952
12.2,711.9722325715057
12.4,714.4507038109188
12.6,716.8832692054661
12.8,719.2701735389907
13.0,721.6116653302937
13.2,723.9079963440464
13.4,726.1594211166739
13.6,728.3661964972717
13.8,730.5285812035701
14.0,732.6468353929155
14.2,734.7212202482037
14.4,736.7519975786586
14.6,738.7394294353162
14.8,740.6837777410453
15.0,742.5853039349047
15.2,744.4442686306123
15.4,746.2609312888775
15.6,748.0355499033286
15.8,749.7683806997469
16.0,751.4596778483055
16.2,753.1096931884947
16.4,754.718675966407
16.6,756.2868725840422
16.8,757.8145263602892
17.0,759.301877303232
17.2,760.7491618934253
17.4,762.1566128777825
17.6,763.5244590737187
17.8,764.8529251831876
18.0,766.1422316162617
18.2,767.3925943238983
18.4,768.6042246395436
18.6,769.7773291292324
18.8,770.9121094498421
19.0,772.0087622151734
19.2,773.0674788695295
19.4,774.0884455684807
19.6,775.0718430665039
19.8,776.0178466112013
20.0,776.9266258438051
20.2,777.7983447056915
20.4,778.6331613506318
20.6,779.4312280625232
20.8,780.1926911783477
21.0,780.9176910161212
21.2,781.6063618076054
21.4,782.2588316355628
21.6,782.8752223753512
21.8,783.4556496406569
22.0,784.0002227331864
22.2,784.509044596137
22.4,784.9822117712849
22.6,785.4198143595368
22.8,785.8219359847999
23.0,786.1886537610399
23.2,786.5200382624024
23.4,786.8161534962867
23.6,787.0770568792683
23.8,787.3027992157796
24.0,787.4934246794652
24.2,787.648970797139
24.4,787.7694684352828
24.6,787.8549417890304
24.8,787.9054083735969
25.0,787.9208790181166
25.2,787.9013578618689
25.4,787.846842352874
25.6,787.757323248858
25.8,787.6327846205876
26.0,787.4732038575906
26.2,787.2785516762881
26.4,787.0487921305668
26.6,786.7838826248401
26.8,786.4837739296454
27.0,786.1484101998443
27.2,785.7777289954948
27.4,785.3716613054805
27.6,784.930131573986
27.8,784.4530577299223
28.0,783.940351219414
28.2,783.3919170414714
28.4,782.8076537869784
28.6,782.187453681142
28.8,781.5312026295536
29.0,780.8387802680309
29.2,780.1100600164091
29.4,779.3449091364731
29.6,778.543188794222
29.8,777.7047541266746
30.0,776.8294543134343
30.2,775.9171326532397
30.4,774.9676266457407
30.6,773.9807680787495
30.8,772.9563831212262
31.0,771.8942924222677
31.2,770.7943112163817
31.4,769.6562494353337
31.6,768.4799118268667
31.8,767.2650980806012
32.0,766.0116029614328
32.2,764.7192164507491
32.4,763.3877238958008
32.6,762.0169061675633
32.8,760.6065398274335
33.0,759.1563973031108
33.2,757.6662470740157
33.4,756.1358538666027
33.6,754.5649788599229
33.8,752.9533799017997
34.0,751.3008117359689
34.2,749.6070262405444
34.4,747.8717726781571
34.6,746.094797958113
34.8,744.2758469109106
35.0,742.4146625754444
35.2,740.510986499212
35.4,738.5645590518297
35.6,736.5751197521424
35.8,734.542407609198
36.0,732.4661614773357
36.2,730.3461204256133
36.4,728.1820241217711
36.6,725.9736132309057
36.8,723.720629828995
37.0,721.4228178313731
37.2,719.0799234362323
37.4,716.6916955831742
37.6,714.2578864268015
37.8,711.7782518252856
38.0,709.2525518438084
38.2,706.6805512727153
38.4,704.0620201601693
38.6,701.3967343590356
38.8,698.6844760876744
39.0,695.9250345042456
39.2,693.1182062940802
39.4,690.2637962695983
39.6,687.3616179821885
39.8,684.4114943453985
40.0,681.41325826871
40.2,678.3667533011059
40.4,675.2718342835622
40.6,672.128368009526
40.8,668.9362338923686
41.0,665.6953246387285
41.2,662.4055469265901
41.4,659.0668220868706
41.6,655.6790867872209
41.8,652.2422937166748
42.0,648.7564122697211
42.2,645.2214292283036
42.4,641.6373494402004
42.6,638.0041964921746
42.8,634.3220133762369
43.0,630.5908631473137
43.2,626.8108295705698
43.4,622.9820177565992
43.6,619.1045547826633
43.8,615.1785902981311
44.0,611.2042971122574
44.2,607.1818717624182
44.4,603.1115350609208
44.6,598.9935326185072
44.8,594.8281353426743
45.0,590.6156399089559
45.2,586.3563692033363
45.4,582.050672733992
45.6,577.6989270106084
45.8,573.3015358895605
46.0,568.8589308833067
46.2,564.3715714324121
46.4,559.8399451386886
46.6,555.2645679580232
46.8,550.6459843515559
47.0,545.9847673939619
47.2,541.281518837703
47.4,536.5368691322192
47.6,531.7514773971518
47.8,526.9260313488119
48.0,522.061247179239
48.2,517.1578693873254
48.4,512.2166705616249
48.6,507.2384511146041
48.8,502.22403896824
49.0,497.17428919101866
49.2,492.090083586538
49.4,486.97233023406784
49.6,481.82196298157584
49.8,476.6399408918766
50.0,471.4272476427125
