0.0,779.2001990375485
0.2,781.0924785267263
0.4,782.9703623366808
0.6,784.8352355451361
0.8,786.6881777330333
1.0,788.5299662767593
1.2,790.3610852644244
1.4,792.1817396376775
1.6,793.9918740136864
1.8,795.7911955197824
2.0,797.5791998801355
2.2,799.3551999324222
2.4,801.1183557238428
2.6,802.8677053395232
2.8,804.6021956502436
3.0,806.3207122272349
3.2,808.0221077550742
3.4,809.7052283743404
3.6,811.3689374981083
3.8,813.012136764898
4.0,814.633783909932
4.2,816.2329074514993
4.4,817.8086181956451
4.6,819.3601176568426
4.8,820.8867035722943
5.0,822.3877727514921
5.2,823.8628215500582
5.4,825.3114442878843
5.6,826.7333299471718
5.8,828.1282574876428
6.0,829.4960901059172
6.2,830.8367687460062
6.4,832.150305140395
6.6,833.4367746285436
6.8,834.6963089639804
7.0,835.9290892844168
7.2,837.1353393831236
7.4,838.3153193854969
7.6,839.4693199033092
7.8,840.5976567112781
8.0,841.7006659666862
8.2,842.7786999729882
8.4,843.83212347259
8.6,844.8613104420369
8.8,845.8666413543649
9.0,846.8485008679147
9.2,847.8072758980345
9.4,848.7433540273092
9.6,849.6571222108222
9.8,850.5489657350436
10.0,851.4192673918777
10.2,852.2684068328819
10.4,853.0967600724131
10.6,853.9046991122674
10.8,854.6925916640968
11.0,855.4608009493869
11.2,856.209685560014
11.4,856.9395993652903
11.6,857.6508914539713
11.8,858.343906101913
12.0,859.018982757962
12.2,859.6764560422505
12.4,860.3166557523897
12.6,860.9399068741373
12.8,861.5465295939861
13.0,862.1368393118205
13.2,862.7111466523374
13.4,863.2697574743556
13.6,863.8129728774679
13.8,864.3410892057377
14.0,864.8543980483274
14.2,865.3531862370813
14.4,865.8377358411818
14.6,866.3083241590607
14.8,866.7652237077942
15.0,867.2087022102334
15.2,867.6390225801326
15.4,868.0564429055462
15.6,868.461216430754
15.8,868.8535915369732
16.0,869.233811722097
16.2,869.6021155796896
16.4,869.9587367774478
16.6,870.3039040353299
16.8,870.6378411035248
17.0,870.960766740428
17.2,871.2728946907686
17.4,871.5744336640188
17.6,871.8655873131981
17.8,872.1465542141743
18.0,872.4175278455466
18.2,872.6786965691839
18.4,872.9302436114798
18.6,873.1723470453722
18.8,873.4051797731692
19.0,873.6289095102074
19.2,873.8436987693664
19.4,874.0497048464476
19.6,874.2470798064275
19.8,874.4359704705776
20.0,874.6165184044494
20.2,874.7888599067078
20.4,874.9531259987962
20.6,875.1094424154135
20.8,875.2579295957763
21.0,875.3987026756404
21.2,875.5318714800507
21.4,875.6575405167882
21.6,875.7758089704822
21.8,875.8867706973508
22.0,875.99051422054
22.2,876.0871227260214
22.4,876.1766740590192
22.6,876.2592407209286
22.8,876.3348898666954
23.0,876.4036833026239
23.2,876.4656774845815
23.4,876.5209235165731
23.6,876.5694671496568
23.8,876.6113487811754
24.0,876.6466034542821
24.2,876.6752608577377
24.4,876.697345325963
24.6,876.7128758393287
24.8,876.7218660246707
25.0,876.7243241560205
25.2,876.7202531555422
25.4,876.7096505946707
25.6,876.6925086954515
25.8,876.6688143320789
26.0,876.638549032641
26.2,876.6016889810724
26.4,876.5582050193282
26.6,876.5080626497881
26.8,876.4512220379077
27.0,876.3876380151296
27.2,876.3172600820797
27.4,876.240032412063
27.6,876.1558938548893
27.8,876.0647779410491
28.0,875.9666128862708
28.2,875.8613215964848
28.4,875.7488216732272
28.6,875.6290254195126
28.8,875.5018398462082
29.0,875.3671666789426
29.2,875.224902365579
29.4,875.074938084289
29.6,874.9171597522532
29.8,874.7514480350243
30.0,874.5776783565786
30.2,874.3957209100828
30.4,874.2054406694016
30.6,874.0066974013682
30.8,873.7993456788327
31.0,873.5832348945047
31.2,873.3582092755983
31.4,873.124107899282
31.6,872.8807647089307
31.8,872.6280085311708
32.0,872.3656630937005
32.2,872.0935470438576
32.4,871.8114739679012
32.6,871.5192524109616
32.8,871.2166858976005
33.0,870.9035729529135
33.2,870.5797071240929
33.4,870.2448770023582
33.6,869.8988662451404
33.8,869.5414535984
34.0,869.1724129189332
34.2,868.7915131965127
34.4,868.3985185756858
34.6,867.9931883770381
34.8,867.5752771177132
35.0,867.1445345309594
35.2,866.7007055844624
35.4,866.2435304972015
35.6,865.7727447545598
35.8,865.2880791214043
36.0,864.7892596528527
36.2,864.2760077024386
36.4,863.7480399274078
36.6,863.205068290894
36.8,862.6468000607732
37.0,862.0729378050545
37.2,861.483179383768
37.4,860.8772179374389
37.6,860.25474187243
37.8,859.6154348436799
38.0,858.9589757356982
38.2,858.2850386431123
38.4,857.5932928526081
38.6,856.8834028288188
38.8,856.1550282075914
39.0,855.4078238011491
39.2,854.6414396210034
39.4,853.8555209260695
39.6,853.0497083053477
39.8,852.2236378067668
40.0,851.3769411263656
40.2,850.5092458749107
40.4,849.6201759422945
40.6,848.7093519835983
40.8,847.7763920544405
41.0,846.820912427076
41.2,845.8425286224813
41.4,844.8408566971691
41.6,843.8155148264353
41.8,842.7661252278515
42.0,841.6923164696839
42.2,840.5937262081427
42.4,839.4700043944613
42.6,838.320816987325
42.8,837.1458501976263
43.0,835.9448152804963
43.2,834.7174538737075
43.4,833.463543861608
43.6,832.1829057196913
43.8,830.8754092668507
44.0,829.5409807207227
44.2,828.1796099169824
44.4,826.7913575170176
44.6,825.3763619914178
44.8,823.934846130818
45.0,822.4671228027833
45.2,820.9735996457533
45.4,819.454782370902
45.6,817.9112763324256
45.8,816.343786028473
46.0,814.7531122106274
46.2,813.1401463110816
46.4,811.5058619443762
46.6,809.8513033050106
46.8,808.1775703627869
47.0,806.485800852859
47.2,804.7771491646063
47.4,803.0527623492144
47.6,801.3137535858962
47.8,799.5611735660484
48.0,797.7959803678275
48.2,796.0190084949425
48.4,794.2309378373172
48.6,792.4322633724701
48.8,790.6232664605834
49.0,788.8039885899058
49.2,786.9742084002974
49.4,785.1334227508657
49.6,783.2808325038234
49.8,781.4153335736888
50.0,779.5355136430315
