0.0,765.444317372892
0.2,767.7630402848771
0.4,770.0412413085545
0.6,772.2797159004389
0.8,774.4792434058852
1.0,776.6405865300557
1.2,778.7644908684217
1.4,780.8516844978728
1.6,782.9028776291642
1.8,784.918762321093
2.0,786.9000122564549
2.2,788.8472825794962
2.4,790.7612097942493
2.6,792.642411722822
2.8,794.4914875223959
3.0,796.3090177594057
3.2,798.0955645390798
3.4,799.8516716882696
3.6,801.5778649892454
3.8,803.2746524619166
4.0,804.9425246917298
4.2,806.5819552003206
4.4,808.1934008558394
4.6,809.7773023197335
4.8,811.3340845266688
5.0,812.8641571941823
5.2,814.3679153586036
5.4,815.8457399337435
5.6,817.2979982888405
5.8,818.7250448422662
6.0,820.1272216675245
6.2,821.5048591081348
6.4,822.8582763980673
6.6,824.1877822844887
6.8,825.4936756496933
7.0,826.776246129222
7.2,828.0357747233116
7.4,829.272534398976
7.6,830.4867906801867
7.8,831.6788022237982
8.0,832.8488213790457
8.2,833.9970947286345
8.4,835.1238636096397
8.6,836.2293646126245
8.8,837.313830057593
9.0,838.3774884455881
9.2,839.4205648849409
9.4,840.443281491376
9.6,841.445857761364
9.8,842.4285109182955
10.0,843.3914562312295
10.2,844.3349073061363
10.4,845.259076349719
10.6,846.1641744060438
10.8,847.0504115663554
11.0,847.9179971525804
11.2,848.7671398751444
11.4,849.5980479658365
11.6,850.4109292865504
11.8,851.20599141482
12.0,851.9834417071402
12.2,852.7434873411285
12.4,853.4863353376343
12.6,854.2121925639456
12.8,854.9212657192736
13.0,855.6137613037197
13.2,856.2898855719376
13.4,856.9498444727127
13.6,857.5938435756693
13.8,858.2220879863108
14.0,858.8347822505742
14.2,859.4321302500558
14.4,860.0143350890351
14.6,860.5815989743835
14.8,861.1341230894109
15.0,861.672107462649
15.2,862.1957508325314
15.4,862.7052505088741
15.6,863.2008022320118
15.8,863.682600030388
16.0,864.1508360773462
16.2,864.6057005478118
16.4,865.0473814755
16.6,865.4760646112308
16.8,865.8919332828796
17.0,866.2951682574351
17.2,866.6859476055919
17.4,867.0644465692494
17.6,867.430837432245
17.8,867.7852893946025
18.0,868.1279684505362
18.2,868.4590372704045
18.4,868.7786550867779
18.6,869.0869775847419
18.8,869.3841567965284
19.0,869.6703410005339
19.2,869.9456746247612
19.4,870.2102981546898
19.6,870.464348045561
19.8,870.7079566390443
20.0,870.9412520842291
20.2,871.164358262877
20.4,871.37739471885
20.6,871.5804765916223
20.8,871.7737145537751
21.0,871.9572147523611
21.2,872.1310787540253
21.4,872.2954034937621
21.6,872.450281227185
21.8,872.5957994861853
22.0,872.7320410378586
22.2,872.8590838465715
22.4,872.9770010390533
22.6,873.0858608723927
22.8,873.1857267048265
23.0,873.2766569692138
23.2,873.3587051490907
23.4,873.4319197572108
23.6,873.4963443164805
23.8,873.552017343207
24.0,873.5989723325836
24.2,873.6372377463445
24.4,873.6668370025305
24.6,873.6877884673157
24.8,873.7001054488509
25.0,873.7037961930923
25.2,873.6988638815915
25.4,873.6853066312289
25.6,873.6631174958878
25.8,873.6322844700695
26.0,873.5927904944608
26.2,873.5446134634774
26.4,873.487726234811
26.6,873.422096641018
26.8,873.3476875031995
27.0,873.2644566468263
27.2,873.1723569197719
27.4,873.0713362126286
27.6,872.961337481381
27.8,872.842298772529
28.0,872.7141532507477
28.2,872.5768292291863
28.4,872.430250202511
28.6,872.2743348827995
28.8,872.1089972384016
29.0,871.9341465358823
29.2,871.7496873851669
29.4,871.5555197880066
29.6,871.3515391898856
29.8,871.137636535489
30.0,870.9136983278459
30.2,870.6796066912599
30.4,870.4352394381348
30.6,870.180470139791
30.8,869.9151682013644
31.0,869.6391989408627
31.2,869.352423672446
31.4,869.054699793978
31.6,868.7458808788803
31.8,868.4258167722977
32.0,868.0943536915647
32.2,867.7513343309333
32.4,867.3965979704973
32.6,867.0299805892181
32.8,866.6513149819202
33.0,866.2604308800951
33.2,865.8571550763078
33.4,865.4413115519646
33.6,865.0127216081536
33.8,864.5712039992274
34.0,864.1165750687481
34.2,863.6486488873653
34.4,863.1672373921481
34.6,862.6721505268367
34.8,862.163196382431
35.0,861.640181337471
35.2,861.1029101973169
35.4,860.5511863316774
35.6,859.9848118095804
35.8,859.4035875309294
36.0,858.807313353733
36.2,858.195788216049
36.4,857.5688102516333
36.6,856.9261768982426
36.8,856.267684997497
37.0,855.5931308851749
37.2,854.902310470779
37.4,854.1950193051896
37.6,853.4710526352023
37.8,852.7302054437334
38.0,851.9722724744747
38.2,851.1970482397833
38.4,850.4043270106049
38.6,849.5939027872521
38.8,848.7655692498907
39.0,847.919119687633
39.2,847.0543469051861
39.4,846.1710431060734
39.6,845.2689997515189
39.8,844.3480073941735
40.0,843.4078554859617
40.2,842.4483321594352
40.4,841.4692239821434
40.6,840.4703156836624
40.8,839.4513898550659
41.0,838.4122266207751
41.2,837.3526032828873
41.4,836.2722939382533
41.6,835.1710690687502
41.8,834.0486951053872
42.0,832.9049339670652
42.2,831.739542575015
42.4,830.5522723441287
42.6,829.3428686526089
42.8,828.1110702915516
43.0,826.856608896287
43.2,825.5792083614898
43.4,824.2785842422734
43.6,822.9544431436575
43.8,821.6064821009836
44.0,820.2343879540168
44.2,818.8378367176325
44.4,817.416492952127
44.6,815.9700091363196
44.8,814.4980250467294
45.0,813.0001671462016
45.2,811.4760479854343
45.4,809.9252656209105
45.6,808.3474030527776
45.8,806.7420276862221
46.0,805.1086908198778
46.2,803.4469271647691
46.4,801.7562543972292
46.6,800.0361727491473
46.8,798.2861646387912
47.0,796.505694345312
47.2,794.6942077298842
47.4,792.8511320062481
47.6,790.975875563219
47.8,789.0678278414972
48.0,787.1263592668729
48.2,785.1508212416459
48.4,783.1405461958019
48.6,781.094847699188
48.8,779.013020635617
49.0,776.8943414395062
49.2,774.7380683953269
49.4,772.5434419997961
49.6,770.309685386406
49.8,768.0360048115357
50.0,765.7215902010471
