0.0,779.5319807881169
0.2,781.9439046310699
0.4,784.3064902106352
0.6,786.6207215460039
0.8,788.8875638818581
1.0,791.107962907301
1.2,793.2828440929136
1.4,795.4131121478018
1.6,797.4996505971594
1.8,799.5433214795431
2.0,801.5449651617973
2.2,803.5054002683486
2.4,805.4254237204797
2.6,807.3058108801703
2.8,809.1473157921847
3.0,810.9506715173102
3.2,812.7165905489933
3.4,814.4457653051139
3.6,816.1388686862595
3.8,817.7965546916214
4.0,819.4194590835366
4.2,821.0082000917151
4.4,822.5633791483442
4.6,824.0855816455081
4.8,825.5753777067181
5.0,827.0333229647845
5.2,828.4599593387755
5.4,829.8558158033761
5.6,831.2214091445792
5.8,832.5572446962889
6.0,833.8638170530794
6.2,835.1416107550306
6.4,836.3911009412269
6.6,837.6127539691588
6.8,838.8070279978946
7.0,839.974373533486
7.2,841.115233935628
7.4,842.230045885107
7.6,843.3192398120366
7.8,844.3832402852988
8.0,845.4224663639718
8.2,846.4373319118401
8.4,847.42824587635
8.6,848.3956125335849
8.8,849.3398317010085
9.0,850.2612989198509
9.2,851.1604056090946
9.4,852.037539193078
9.6,852.893083204745
9.8,853.727417366565
10.0,854.5409176511138
10.2,855.333956323254
10.4,856.1069019657805
10.6,856.8601194903189
10.8,857.5939701351687
11.0,858.3088114516836
11.2,859.0049972806779
11.4,859.6828777202431
11.6,860.3427990862465
11.8,860.985103866686
12.0,861.6101306709662
12.2,862.2182141750637
12.4,862.8096850634585
12.6,863.3848699686113
12.8,863.9440914086935
13.0,864.4876677241871
13.2,865.0159130139089
13.4,865.5291370709416
13.6,866.0276453188961
13.8,866.5117387488732
14.0,866.9817138574426
14.2,867.4378625859124
14.4,867.8804722611223
14.6,868.3098255379551
14.8,868.7262003437306
15.0,869.1298698246152
15.2,869.5211022941555
15.4,869.9001611840216
15.6,870.267304997022
15.8,870.622787262438
16.0,870.9668564937048
16.2,871.299756148456
16.4,871.6217245909313
16.6,871.9329950567383
16.8,872.2337956199472
17.0,872.5243491624892
17.2,872.8048733458211
17.4,873.0755805848081
17.6,873.3366780237748
17.8,873.5883675146655
18.0,873.8308455972501
18.2,874.0643034813075
18.4,874.2889270307134
18.6,874.5048967493573
18.8,874.7123877688092
19.0,874.9115698376543
19.2,875.1026073124093
19.4,875.285659149938
19.6,875.4608789012748
19.8,875.628414706769
20.0,875.7884092924616
20.2,875.9409999676008
20.4,876.0863186232125
20.6,876.2244917316287
20.8,876.3556403468923
21.0,876.4798801059442
21.2,876.5973212305099
21.4,876.7080685295999
21.6,876.8122214025384
21.8,876.9098738424416
22.0,877.0011144400664
22.2,877.0860263879534
22.4,877.1646874847904
22.6,877.2371701399276
22.8,877.3035413779778
23.0,877.3638628434376
23.2,877.4181908052733
23.4,877.4665761614127
23.6,877.509064443095
23.8,877.5456958190302
24.0,877.5765050993278
24.2,877.6015217391546
24.4,877.6207698420917
24.6,877.6342681631613
24.8,877.6420301114989
25.0,877.6440637526555
25.2,877.6403718105149
25.4,877.6309516688179
25.6,877.6157953722915
25.8,877.5948896273833
26.0,877.5682158026113
26.2,877.5357499285384
26.4,877.4974626973894
26.6,877.4533194623339
26.8,877.4032802364608
27.0,877.3472996914775
27.2,877.2853271561684
27.4,877.2173066146548
27.6,877.1431767045038
27.8,877.0628707147309
28.0,876.976316583755
28.2,876.883436897362
28.4,876.784148886738
28.6,876.6783644266375
28.8,876.5659900337561
29.0,876.4469268653783
29.2,876.321070718376
29.4,876.1883120286323
29.6,876.0485358709752
29.8,875.9016219596969
30.0,875.7474446497463
30.2,875.5858729386787
30.4,875.4167704694472
30.6,875.2399955341263
30.8,875.0554010786516
31.0,874.8628347086669
31.2,874.6621386965647
31.4,874.4531499898071
31.6,874.2357002206162
31.8,874.0096157171171
32.0,873.7747175160187
32.2,873.5308213769146
32.4,873.2777377982823
32.6,873.0152720352587
32.8,872.7432241192669
33.0,872.4613888795603
33.2,872.1695559667539
33.4,871.8675098784014
33.6,871.5550299866736
33.8,871.2318905681877
34.0,870.8978608360311
34.2,870.5527049740119
34.4,870.1961821731661
34.6,869.8280466705343
34.8,869.4480477902175
35.0,869.0559299867045
35.2,868.6514328904511
35.4,868.2342913556773
35.6,867.8042355103314
35.8,867.36099080815
36.0,866.904278082721
36.2,866.4338136034359
36.4,865.9493091331846
36.6,865.4504719876226
36.8,864.9370050957993
37.0,864.4086070619046
37.2,863.864972227841
37.4,863.30579073629
37.6,862.7307485938792
37.8,862.1395277340075
38.0,861.5318060788148
38.2,860.9072575997174
38.4,860.2655523758531
38.6,859.6063566496967
38.8,858.9293328790195
39.0,858.2341397842723
39.2,857.5204323903723
39.4,856.7878620617677
39.6,856.0360765295486
39.8,855.2647199092589
40.0,854.4734327079547
40.2,853.6618518189365
40.4,852.8296105024817
40.6,851.9763383507893
40.8,851.1016612352573
41.0,850.2052012341256
41.2,849.2865765384421
41.4,848.3454013342542
41.6,847.3812856588972
41.8,846.3938352292404
42.0,845.3826512397703
42.2,844.3473301284531
42.4,843.2874633084035
42.6,842.2026368635287
42.8,841.0924312064939
43.0,839.9564206975866
43.2,838.7941732233395
43.4,837.6052497341012
43.6,836.3892037401399
43.8,835.1455807662998
44.0,833.8739177657288
44.2,832.5737424937435
44.4,831.2445728434807
44.6,829.8859161456264
44.8,828.4972684351728
45.0,827.0781136888486
45.2,825.6279230375757
45.4,824.1461539590216
45.6,822.6322494560188
45.8,821.0856372273139
46.0,819.5057288377609
46.2,817.8919188956773
46.4,816.2435842456231
46.6,814.5600831853282
46.8,812.8407547158669
47.0,811.0849178344426
47.2,809.2918708792994
47.4,807.4608909363012
47.6,805.5912333166044
47.8,803.6821311145974
48.0,801.7327948548793
48.2,799.7424122365042
48.4,797.7101479820246
48.6,795.6351437980386
48.8,793.5165184529785
49.0,791.3533679767993
49.2,789.1447659860329
49.4,786.8897641363952
49.6,784.5873927037787
49.8,782.2366612930658
50.0,779.8365596727652
