0.0,860.8995509389879
0.2,861.5603720608505
0.4,862.205903578756
0.6,862.8363319631025
0.8,863.4518449717261
1.0,864.0526316417762
1.2,864.638882276503
1.4,865.2107884269254
1.6,865.7685428683664
1.8,866.3123395718573
2.0,866.8423736704407
2.2,867.358841420412
2.4,867.8619401575643
2.6,868.3518682485159
2.8,868.8288250372198
3.0,869.2930107867721
3.2,869.744626616651
3.4,870.1838744355371
3.6,870.6109568698791
3.8,871.0260771883867
4.0,871.42943922264
4.2,871.8212472840285
4.4,872.2017060772332
4.6,872.5710206104868
4.8,872.9293961028479
5.0,873.2770378887435
5.2,873.6141513200349
5.4,873.940941665873
5.6,874.2576140106139
5.8,874.5643731500711
6.0,874.8614234863825
6.2,875.1489689217758
6.4,875.4272127515161
6.6,875.6963575563183
6.8,875.9566050945093
7.0,876.2081561942215
7.2,876.451210645895
7.4,876.6859670953656
7.6,876.9126229378081
7.8,877.1313742127988
8.0,877.342415500756
8.2,877.5459398210088
8.4,877.7421385317361
8.6,877.9312012320087
8.8,878.1133156661576
9.0,878.2886676306827
9.2,878.4574408839012
9.4,878.6198170585287
9.6,878.7759755773677
9.8,878.9260935722726
10.0,879.0703458065424
10.2,879.2089046008788
10.4,879.3419397630399
10.6,879.4696185212995
10.8,879.5921054618096
11.0,879.7095624699558
11.2,879.8221486757724
11.4,879.9300204034778
11.6,880.0333311251725
11.8,880.1322314187319
12.0,880.2268689299106
12.2,880.3173883386614
12.4,880.4039313296641
12.6,880.4866365670385
12.8,880.5656396732145
13.0,880.6410732119097
13.2,880.7130666751641
13.4,880.781746474362
13.6,880.8472359351671
13.8,880.9096552962843
14.0,880.9691217119541
14.2,881.0257492580753
14.4,881.0796489418437
14.6,881.1309287147925
14.8,881.1796934891021
15.0,881.2260451570539
15.2,881.2700826134877
15.4,881.3119017811202
15.6,881.3515956385797
15.8,881.3892542510048
16.0,881.4249648030545
16.2,881.458811634173
16.4,881.4908762759505
16.6,881.5212374914198
16.8,881.5499713161274
17.0,881.577151100819
17.2,881.6028475555738
17.4,881.6271287952302
17.6,881.6500603859396
17.8,881.6717053926895
18.0,881.6921244276388
18.2,881.7113756991072
18.4,881.7295150610676
18.6,881.7465960629892
18.8,881.7626699998829
19.0,881.7777859624049
19.2,881.7919908868768
19.4,881.8053296050837
19.6,881.8178448937169
19.8,881.829577523332
20.0,881.8405663066933
20.2,881.8508481463887
20.4,881.8604580815905
20.6,881.8694293338566
20.8,881.8777933518585
21.0,881.8855798549359
21.2,881.8928168753768
21.4,881.8995307993309
21.6,881.9057464062643
21.8,881.9114869068725
22.0,881.9167739793714
22.2,881.9216278040885
22.4,881.9260670962864
22.6,881.930109137149
22.8,881.9337698028713
23.0,881.9370635917936
23.2,881.9400036495277
23.4,881.9426017920255
23.6,881.9448685265471
23.8,881.9468130704887
24.0,881.9484433680319
24.2,881.9497661045862
24.4,881.950786718994
24.6,881.9515094134788
24.8,881.9519371613123
25.0,881.9520717121907
25.2,881.9519135953037
25.4,881.9514621200946
25.6,881.9507153747027
25.8,881.9496702220943
26.0,881.9483222938825
26.2,881.9466659818492
26.4,881.9446944271775
26.6,881.942399507416
26.8,881.939771821193
27.0,881.9368006707073
27.2,881.9334740420248
27.4,881.9297785832139
27.6,881.9256995803582
27.8,881.9212209314892
28.0,881.9163251184825
28.2,881.9109931769732
28.4,881.9052046643418
28.6,881.8989376258315
28.8,881.8921685588633
29.0,881.8848723756143
29.2,881.877022363936
29.4,881.8685901466895
29.6,881.8595456395796
29.8,881.8498570075781
30.0,881.8394906200266
30.2,881.8284110045149
30.4,881.8165807996404
30.6,881.8039607067517
30.8,881.7905094407879
31.0,881.7761836803307
31.2,881.7609380169877
31.4,881.7447249042314
31.6,881.7274946058242
31.8,881.7091951439594
32.0,881.6897722472557
32.2,881.6691692987488
32.4,881.6473272840161
32.6,881.624184739592
32.8,881.5996777018139
33.0,881.5737396562587
33.2,881.5463014879226
33.4,881.5172914323006
33.6,881.4866350275264
33.8,881.4542550677332
34.0,881.4200715577961
34.2,881.3840016696173
34.4,881.3459597001182
34.6,881.3058570310991
34.8,881.2636020911259
35.0,881.2191003196044
35.2,881.1722541332006
35.4,881.122962894759
35.6,881.0711228848736
35.8,881.0166272762576
36.0,880.9593661110574
36.2,880.8992262812494
36.4,880.8360915122537
36.6,880.7698423498919
36.8,880.7003561508121
37.0,880.6275070764934
37.2,880.5511660909374
37.4,880.4712009621437
37.6,880.3874762674628
37.8,880.2998534028998
38.0,880.2081905964445
38.2,880.1123429254854
38.4,880.0121623383557
38.6,879.9074976800507
38.8,879.7981947221405
39.0,879.6840961968912
39.2,879.5650418355987
39.4,879.4408684111189
39.6,879.3114097845747
39.8,879.1764969561962
40.0,879.0359581202472
40.2,878.8896187239718
40.4,878.7373015304817
40.6,878.5788266854919
40.8,878.4140117878025
41.0,878.2426719634028
41.2,878.0646199430697
41.4,877.8796661433116
41.6,877.687618750503
41.8,877.4882838080374
42.0,877.2814653063165
42.2,877.066965275382
42.4,876.8445838799859
42.6,876.6141195168817
42.8,876.3753689141151
43.0,876.1281272320762
43.2,875.8721881660736
43.4,875.607344050179
43.6,875.3333859620869
43.8,875.0501038287246
44.0,874.7572865323483
44.2,874.4547220168519
44.4,874.142197394014
44.6,873.8194990494096
44.8,873.486412747706
45.0,873.1427237370699
45.2,872.7882168524069
45.4,872.4226766171636
45.6,872.0458873434198
45.8,871.6576332300087
46.0,871.2576984584036
46.2,870.8458672861194
46.4,870.4219241373856
46.6,869.9856536908535
46.8,869.5368409641118
47.0,869.0752713947961
47.2,868.6007309180906
47.4,868.1130060404282
47.6,867.6118839092155
47.8,867.0971523784182
48.0,866.5686000698608
48.2,866.0260164301093
48.4,865.4691917828204
48.6,864.897917376461
48.8,864.3119854273166
49.0,863.7111891577265
49.2,863.095322829502
49.4,862.4641817725015
49.6,861.8175624083543
49.8,861.155262269348
50.0,860.4770800125073
