0.0,784.4747968142843
0.2,786.7796574966733
0.4,789.0379333205681
0.6,791.2507306825908
0.8,793.4191097708042
1.0,795.5440835685084
1.2,797.6266175010284
1.4,799.6676296993924
1.6,801.6679918391353
1.8,803.6285304990721
2.0,805.550028974246
2.2,807.4332294696227
2.4,809.2788355966345
2.6,811.0875150932966
2.8,812.8599026901283
3.0,814.5966030481901
3.2,816.2981937017446
3.4,817.9652279458899
3.6,819.598237618467
3.8,821.1977357350949
4.0,822.7642189458587
4.2,824.2981697915507
4.4,825.800058746075
4.6,827.2703460394424
4.8,828.7094832624849
5.0,830.1179147599506
5.2,831.496078822951
5.4,832.8444086948803
5.6,834.1633334070011
5.8,835.4532784610026
6.0,836.714666376159
6.2,837.9479171183756
6.4,839.1534484275815
6.6,840.331676058746
6.8,841.4830139503875
7.0,842.6078743329265
7.2,843.7066677876842
7.4,844.7798032658317
7.6,845.8276880751745
7.8,846.8507278413771
8.0,847.8493264490811
8.2,848.8238859673734
8.4,849.7748065632079
8.6,850.7024864056718
8.8,851.6073215633927
9.0,852.4897058969071
9.2,853.3500309474259
9.4,854.1886858231275
9.6,855.0060570838755
9.8,855.8025286250722
10.0,856.5784815612186
10.2,857.3342941096504
10.4,858.0703414748326
10.6,858.7869957335423
10.8,859.4846257212165
11.0,860.1635969197138
11.2,860.8242713467064
11.4,861.4670074469022
11.6,862.0921599852774
11.8,862.7000799424841
12.0,863.2911144125884
12.2,863.8656065032794
12.4,864.4238952386797
12.6,864.9663154648787
12.8,865.4931977582972
13.0,866.0048683369865
13.2,866.5016489749476
13.4,866.9838569195534
13.6,867.451804812144
13.8,867.9058006118536
14.0,868.346147522719
14.2,868.7731439241126
14.4,869.1870833045255
14.6,869.5882541987257
14.8,869.9769401283006
15.0,870.353419545583
15.2,870.7179657809586
15.4,871.070846993531
15.6,871.4123261251244
15.8,871.7426608575879
16.0,872.0621035733556
16.2,872.3709013192187
16.4,872.6692957732445
16.6,872.9575232147821
16.8,873.2358144974788
17.0,873.5043950252293
17.2,873.7634847309733
17.4,874.0132980582495
17.6,874.2540439454089
17.8,874.4859258123862
18.0,874.7091415499247
18.2,874.9238835111418
18.4,875.130338505323
18.6,875.3286877938276
18.8,875.5191070879835
19.0,875.7017665488509
19.2,875.8768307887314
19.4,876.0444588742937
19.6,876.2048043311917
19.8,876.3580151500457
20.0,876.5042337936612
20.2,876.6435972053557
20.4,876.7762368182681
20.6,876.9022785655246
20.8,877.0218428911379
21.0,877.1350447615151
21.2,877.241993677458
21.4,877.3427936865338
21.6,877.4375433957053
21.8,877.5263359841094
22.0,877.6092592158725
22.2,877.6863954528649
22.4,877.7578216672897
22.6,877.8236094540163
22.8,877.8838250425633
23.0,877.9385293086516
23.2,877.9877777852422
23.4,878.0316206729908
23.6,878.0701028500458
23.8,878.1032638811299
24.0,878.1311380258489
24.2,878.1537542461768
24.4,878.1711362130743
24.6,878.1833023122024
24.8,878.1902656487018
25.0,878.192034051014
25.2,878.1886100737258
25.4,878.1799909994273
25.6,878.1661688395807
25.8,878.1471303344011
26.0,878.1228569517621
26.2,878.0933248851392
26.4,878.0585050506179
26.6,878.0183630829946
26.8,877.9728593310072
27.0,877.9219488517386
27.2,877.8655814042438
27.4,877.803701442453
27.6,877.7362481074159
27.8,877.6631552189533
28.0,877.5843512667873
28.2,877.4997594012328
28.4,877.4092974235306
28.6,877.3128777759123
28.8,877.2104075314912
29.0,877.1017883840769
29.2,876.9869166380148
29.4,876.865683198159
29.6,876.737973560086
29.8,876.6036678006637
30.0,876.4626405690906
30.2,876.3147610785244
30.4,876.1598930984204
30.6,875.9978949477006
30.8,875.8286194888799
31.0,875.6519141232718
31.2,875.4676207873997
31.4,875.2755759507396
31.6,875.0756106149191
31.8,874.8675503144964
32.0,874.6512151194454
32.2,874.4264196394646
32.4,874.1929730302339
32.6,873.9506790017336
32.8,873.6993358287419
33.0,873.4387363636212
33.2,873.1686680515019
33.4,872.8889129479649
33.6,872.5992477393239
33.8,872.2994437655998
34.0,871.9892670462752
34.2,871.6684783089125
34.4,871.3368330207103
34.6,870.9940814230691
34.8,870.6399685692277
35.0,870.2742343650264
35.2,869.8966136128428
35.4,869.5068360587429
35.6,869.1046264428752
35.8,868.6897045531329
36.0,868.2617852820972
36.2,867.8205786872677
36.4,867.3657900545734
36.6,866.8971199651533
36.8,866.4142643653809
37.0,865.9169146401019
37.2,865.4047576890408
37.4,864.8774760063242
37.6,864.3347477630599
37.8,863.7762468928976
38.0,863.2016431804894
38.2,862.6106023527603
38.4,862.0027861728821
38.6,861.377852536845
38.8,860.7354555724976
39.0,860.0752457409294
39.2,859.3968699400475
39.4,858.6999716101951
39.6,857.9841908416422
39.8,857.2491644837676
40.0,856.4945262557286
40.2,855.7199068584002
40.4,854.9249340873298
40.6,854.1092329464229
40.8,853.2724257620264
41.0,852.4141322970097
41.2,851.533969864365
41.4,850.6315534397298
41.6,849.7064957720925
41.8,848.7584074917424
42.0,847.7868972142824
42.2,846.7915716391932
42.4,845.7720356410373
42.6,844.7278923508777
42.8,843.6587432248668
43.0,842.564188096198
43.2,841.4438252057113
43.4,840.2972512053875
43.6,839.124061127746
43.8,837.9238483128022
44.0,836.6962042827389
44.2,835.4407185528597
44.4,834.1569783657461
44.6,832.8445683339369
44.8,831.5030699749574
45.0,830.1320611212712
45.2,828.7311151868525
45.4,827.2998002717218
45.6,825.8376780861246
45.8,824.3443026772244
46.0,822.8192189433751
46.2,821.2619609243834
46.4,819.6720498607497
46.6,818.0489920207339
46.8,816.39227630122
47.0,814.7013716166254
47.2,812.9757240993524
47.4,811.2147541452193
47.6,809.4178533475592
47.8,807.5843813738114
48.0,805.7136628479162
48.2,803.8049843101389
48.4,801.8575913325151
48.6,799.87068587243
48.8,797.8434239484361
49.0,795.7749137209497
49.2,793.6642140557057
49.4,791.5103336397627
49.6,789.3122307085453
49.8,787.0688134282026
50.0,784.7789409609431
