0.0,860.0773446906886
0.2,860.7480256987714
0.4,861.4034792416792
0.6,862.0438915297757
0.8,862.6694498178639
1.0,863.2803423944727
1.2,863.8767585669739
1.4,864.4588886424991
1.6,865.026923904642
1.8,865.5810565859463
2.0,866.1214798361995
2.2,866.6483876865586
2.4,867.1619750095599
2.6,867.6624374750705
2.8,868.1499715022599
3.0,868.6247742076804
3.2,869.087043349561
3.4,869.5369772684322
3.6,869.9747748242094
3.8,870.4006353298793
4.0,870.8147584819407
4.2,871.217344287765
4.4,871.6085929900503
4.6,871.9887049885529
4.8,872.3578807592878
5.0,872.7163207714005
5.2,873.0642254019144
5.4,873.4017948485699
5.6,873.7292290409724
5.8,874.0467275502726
6.0,874.3544894976072
6.2,874.652713461528
6.4,874.9415973846515
6.6,875.2213384797619
6.8,875.4921331356005
7.0,875.7541768225714
7.2,876.007663998596
7.4,876.2527880153432
7.6,876.4897410250609
7.8,876.7187138882286
8.0,876.9398960822485
8.2,877.1534756113848
8.4,877.3596389181577
8.6,877.5585707963883
8.8,877.7504543060863
9.0,877.9354706903639
9.2,878.1137992945489
9.4,878.2856174876646
9.6,878.4511005864315
9.8,878.6104217819382
10.0,878.7637520691181
10.2,878.9112601791591
10.4,879.0531125149599
10.6,879.1894730897409
10.8,879.3205034689001
11.0,879.4463627152027
11.2,879.5672073373692
11.4,879.6831912421286
11.6,879.7944656897837
11.8,879.901179253327
12.0,880.0034777811356
12.2,880.1015043632619
12.4,880.195399301325
12.6,880.2853000819996
12.8,880.3713413540872
13.0,880.453654909147
13.2,880.532369665647
13.4,880.6076116566
13.6,880.679504020624
13.8,880.7481669963717
14.0,880.8137179202572
14.2,880.8762712274041
14.4,880.9359384557301
14.6,880.9928282530767
14.8,881.0470463872886
15.0,881.0986957591354
15.2,881.1478764179706
15.4,881.1946855800107
15.6,881.2392176491177
15.8,881.28156423996
16.0,881.321814203428
16.2,881.3600536541719
16.4,881.3963660001317
16.6,881.4308319739232
16.8,881.4635296659435
17.0,881.4945345590594
17.2,881.5239195647379
17.4,881.5517550604803
17.6,881.5781089284212
17.8,881.60304659495
18.0,881.6266310712189
18.2,881.6489229943965
18.4,881.6699806695325
18.6,881.6898601118967
18.8,881.7086150896577
19.0,881.7262971667717
19.2,881.7429557459507
19.4,881.7586381115833
19.6,881.7733894724846
19.8,881.7872530043546
20.0,881.8002698918244
20.2,881.8124793699803
20.4,881.8239187652499
20.6,881.8346235355461
20.8,881.8446273095627
21.0,881.8539619251236
21.2,881.8626574664886
21.4,881.8707423005224
21.6,881.8782431116416
21.8,881.8851849354539
22.0,881.8915911910099
22.2,881.8974837115911
22.4,881.9028827739666
22.6,881.9078071260451
22.8,881.9122740128663
23.0,881.9162992008676
23.2,881.9198970003753
23.4,881.9230802862684
23.6,881.9258605167715
23.8,881.9282477503323
24.0,881.9302506605493
24.2,881.9318765491166
24.4,881.9331313567552
24.6,881.9340196721083
24.8,881.9345447385804
25.0,881.9347084591035
25.2,881.9345113988193
25.4,881.9339527856699
25.6,881.9330305088944
25.8,881.9317411154302
26.0,881.9300798042281
26.2,881.928040418487
26.4,881.9256154358238
26.6,881.9227959563971
26.8,881.9195716890039
27.0,881.9159309351799
27.2,881.9118605713311
27.4,881.9073460289326
27.6,881.9023712728341
27.8,881.8969187777165
28.0,881.8909695027448
28.2,881.8845028644736
28.4,881.8774967080572
28.6,881.8699272768287
28.8,881.8617691803122
29.0,881.8529953607365
29.2,881.8435770581245
29.4,881.8334837740368
29.6,881.822683234052
29.8,881.8111413490676
30.0,881.7988221755148
30.2,881.7856878745804
30.4,881.771698670533
30.6,881.7568128082586
30.8,881.7409865101085
31.0,881.7241739321723
31.2,881.7063271200872
31.4,881.6873959644998
31.6,881.6673281563039
31.8,881.6460691417726
32.0,881.6235620777132
32.2,881.5997477867734
32.4,881.5745647130284
32.6,881.5479488779837
32.8,881.5198338371256
33.0,881.49015063716
33.2,881.4588277740739
33.4,881.4257911521597
33.6,881.3909640441425
33.8,881.3542670525496
34.0,881.3156180724613
34.2,881.2749322557836
34.4,881.2321219771808
34.6,881.1870968018046
34.8,881.1397634549566
35.0,881.0900257938157
35.2,881.0377847813639
35.4,880.9829384626361
35.6,880.9253819434185
35.8,880.8650073715188
36.0,880.8017039207199
36.2,880.7353577775332
36.4,880.6658521308528
36.6,880.593067164615
36.8,880.5168800535529
37.0,880.4371649621373
37.2,880.3537930467814
37.4,880.266632461382
37.6,880.1755483662631
37.8,880.0804029405774
38.0,879.9810553982128
38.2,879.8773620072426
38.4,879.7691761129483
38.6,879.6563481644347
38.8,879.5387257448457
39.0,879.41615360518
39.2,879.2884737016958
39.4,879.1555252368811
39.6,879.0171447039576
39.8,878.8731659348746
40.0,878.7234201517363
40.2,878.567736021599
40.4,878.4059397145592
40.6,878.237854965047
40.8,878.0633031362233
41.0,877.8821032873759
41.2,877.6940722441897
41.4,877.4990246717656
41.6,877.2967731502456
41.8,877.0871282528951
42.0,876.8698986264845
42.2,876.6448910738015
42.4,876.4119106381197
42.6,876.1707606894371
42.8,875.9212430122975
43.0,875.6631578949934
43.2,875.396304219948
43.4,875.1204795550678
43.6,874.8354802458517
43.8,874.5411015080365
44.0,874.2371375205599
44.2,873.9233815186186
44.4,873.5996258865913
44.6,873.2656622506054
44.8,872.9212815705182
45.0,872.5662742310889
45.2,872.2004301321156
45.4,871.8235387773195
45.6,871.435389361754
45.8,871.0357708575297
46.0,870.6244720976426
46.2,870.2012818577081
46.4,869.7659889353977
46.6,869.3183822273988
46.8,868.8582508037106
47.0,868.3853839791083
47.2,867.8995713816156
47.4,867.4006030178326
47.6,866.888269334981
47.8,866.3623612795392
48.0,865.8226703523512
48.2,865.2689886601073
48.4,864.7011089631079
48.6,864.1188247192333
48.8,863.5219301240606
49.0,862.9102201470783
49.2,862.2834905639688
49.4,861.6415379849377
49.6,860.9841598790917
49.8,860.3111545948744
50.0,859.6223213765882
