0.0,782.0333094272419
0.2,784.3935614724572
0.4,786.705546419824
0.6,788.9702999950279
0.8,791.1888310301456
1.0,793.3621205024291
1.2,795.4911208041507
1.4,797.576755243585
1.6,799.6199177736501
1.8,801.6214729413582
2.0,803.5822560481171
2.2,805.5030735081228
2.4,807.3847033896751
2.6,809.2278961222327
2.8,811.0333753504657
3.0,812.8018389154546
3.2,814.5339599425215
3.4,816.2303880149681
3.6,817.8917504131937
3.8,819.5186533992475
4.0,821.1116835277883
4.2,822.6714089656407
4.4,824.1983808035841
4.6,825.6931343456431
4.8,827.1561903629145
5.0,828.5880563007946
5.2,829.9892274303428
5.4,831.3601879363465
5.6,832.7014119364417
5.8,834.0133644273213
6.0,835.2965021556247
6.2,836.5512744125186
6.4,837.7781237522357
6.6,838.9774866359256
6.8,840.1497940030932
7.0,841.2954717736474
7.2,842.4149412841741
7.4,843.5086196624836
7.6,844.5769201447799
7.8,845.6202523399725
8.0,846.639022445713
8.2,847.6336334207133
8.4,848.6044851177878
8.6,849.5519743819015
8.8,850.4764951172774
9.0,851.37843832738
9.2,852.2581921313017
9.4,853.1161417598066
9.6,853.9526695339847
9.8,854.7681548291921
10.0,855.5629740266671
10.2,856.337500454954
10.4,857.092104323015
10.6,857.8271526466821
10.8,858.543009169891
11.0,859.2400342819509
11.2,859.9185849319307
11.4,860.5790145410944
11.6,861.2216729141828
11.8,861.8469061502245
12.0,862.4550565534552
12.2,863.046462544839
12.4,863.6214585746092
12.6,864.1803750361814
12.8,864.7235381817361
13.0,865.2512700397218
13.2,865.7638883344879
13.4,866.2617064082248
13.6,866.7450331453546
13.8,867.2141728994958
14.0,867.669425423098
14.2,868.1110857998289
14.4,868.5394443797719
14.6,868.9547867174875
14.8,869.3573935129663
15.0,869.7475405554994
15.2,870.125498670476
15.4,870.4915336691079
15.6,870.8459063010724
15.8,871.1888722100558
16.0,871.5206818921708
16.2,871.8415806572136
16.4,872.1518085927213
16.6,872.451600530778
16.8,872.7411860175181
17.0,873.020789285263
17.2,873.2906292272277
17.4,873.5509193747208
17.6,873.8018678767664
17.8,874.0436774820604
18.0,874.2765455231792
18.2,874.5006639029502
18.4,874.7162190828885
18.6,874.9233920736069
18.8,875.1223584270961
19.0,875.3132882307764
19.2,875.4963461032171
19.4,875.6716911914158
19.6,875.8394771695349
19.8,875.9998522389859
20.0,876.152959129754
20.2,876.2989351028571
20.4,876.4379119538298
20.6,876.5700160171273
20.8,876.6953681713422
21.0,876.8140838451322
21.2,876.9262730237535
21.4,877.0320402561022
21.6,877.1314846621625
21.8,877.2246999407706
22.0,877.3117743775979
22.2,877.3927908532661
22.4,877.4678268515094
22.6,877.536954467301
22.8,877.6002404148664
23.0,877.6577460355102
23.2,877.7095273051881
23.4,877.7556348417594
23.6,877.7961139118605
23.8,877.8310044373459
24.0,877.8603410012474
24.2,877.8841528532087
24.4,877.9024639143549
24.6,877.9152927815693
24.8,877.9226527311447
25.0,877.9245517217937
25.2,877.9209923969989
25.4,877.9119720866972
25.6,877.8974828082908
25.8,877.8775112669922
26.0,877.8520388555079
26.2,877.8210416530767
26.4,877.7844904238824
26.6,877.7423506148682
26.8,877.694582352982
27.0,877.6411404418911
27.2,877.5819743582105
27.4,877.5170282472884
27.6,877.4462409186079
27.8,877.3695458408589
28.0,877.286871136744
28.2,877.1981395775883
28.4,877.1032685778227
28.6,877.0021701894187
28.8,876.8947510963557
29.0,876.7809126092022
29.2,876.6605506599035
29.4,876.5335557968609
29.6,876.3998131804019
29.8,876.2592025787334
30.0,876.1115983644803
30.2,875.9568695119073
30.4,875.7948795949283
30.6,875.625486786007
30.8,875.4485438560517
31.0,875.2638981754128
31.2,875.0713917160847
31.4,874.8708610552212
31.6,874.6621373800671
31.8,874.445046494411
32.0,874.2194088266626
32.2,873.9850394396539
32.4,873.7417480422658
32.6,873.4893390029763
32.8,873.2276113654219
33.0,872.9563588660684
33.2,872.6753699540722
33.4,872.3844278134201
33.6,872.0833103874251
33.8,871.7717904056517
34.0,871.4496354133431
34.2,871.11660780341
34.4,870.7724648510435
34.6,870.4169587510012
34.8,870.0498366576136
35.0,869.6708407275489
35.2,869.2797081653671
35.4,868.8761712718874
35.6,868.4599574953834
35.8,868.030789485613
36.0,867.5883851506787
36.2,867.132457716705
36.4,866.6627157903073
36.6,866.1788634238172
36.8,865.6806001832093
37.0,865.1676212186663
37.2,864.6396173376967
37.4,864.0962750807032
37.6,863.5372767988736
37.8,862.9623007342419
38.0,862.3710211017378
38.2,861.7631081730023
38.4,861.1382283617097
38.6,860.4960443100854
38.8,859.8362149762478
39.0,859.1583957219412
39.2,858.4622384001406
39.4,857.7473914419195
39.6,857.0134999418688
39.8,856.2602057412256
40.0,855.4871475077331
40.2,854.6939608110955
40.4,853.8802781927078
40.6,853.0457292281424
40.8,852.1899405806516
41.0,851.3125360437047
41.2,850.4131365703107
41.4,849.4913602866066
41.6,848.5468224868871
41.8,847.5791356069586
42.0,846.5879091723853
42.2,845.5727497178964
42.4,844.5332606739329
42.6,843.4690422160462
42.8,842.3796910726313
43.0,841.2648002863
43.2,840.1239589240864
43.4,838.9567517316443
43.6,837.7627587266669
43.8,836.5415547269421
44.0,835.2927088087737
44.2,834.0157836919634
44.4,832.7103350481736
44.6,831.3759107302891
44.8,830.0120499213681
45.0,828.6182822029343
45.2,827.1941265436898
45.4,825.7390902112327
45.6,824.2526676110211
45.8,822.734339058608
46.0,821.1835694930581
46.2,819.5998071414148
46.4,817.9824821460529
46.6,816.3310051687072
46.8,814.6447659868268
47.0,812.9231320996444
47.2,811.1654473628786
47.4,809.3710306722774
47.6,807.5391747171794
47.8,805.6691448258882
48.0,803.7601779248627
48.2,801.811481633493
48.4,799.8222335155316
48.6,797.7915805070694
48.8,795.7186385392821
49.0,793.6024923720408
49.2,791.4421956519143
49.4,789.2367712051183
49.6,786.9852115726677
49.8,784.6864797914006
50.0,782.3395104207759
