0.0,877.2682609101295
0.2,877.808673083021
0.4,878.3076114380572
0.6,878.7653939325206
0.8,879.1827283939051
1.0,879.5606912972474
1.2,879.9006966031587
1.4,880.2044561710662
1.6,880.4739335870138
1.8,880.7112934560055
2.0,880.9188482974537
2.2,881.0990051501482
2.4,881.2542138501404
2.6,881.3869187080838
2.8,881.4995150042633
3.0,881.5943113652542
3.2,881.6734987121783
3.4,881.7391261018487
3.6,881.7930834405515
3.8,881.8370907531865
4.0,881.8726934500553
4.2,881.9012628563419
4.4,881.9240011565997
4.6,881.9419498550803
4.8,881.9560008556181
5.0,881.9669093126294
5.2,881.9753074867782
5.4,881.9817189439053
5.6,881.9865725533532
5.8,881.9902158625358
6.0,881.9929275408658
6.2,881.9949286922487
6.4,881.996392927452
6.6,881.9974551637166
6.8,881.9982191784613
7.0,881.9987639875055
7.2,881.9991491474037
7.4,881.9994190983266
7.6,881.999606670721
7.8,881.9997358780787
8.0,881.999824111704
8.2,881.9998838433315
8.4,881.9999239293691
8.6,881.9999505977144
8.8,881.9999681854184
9.0,881.999979683588
9.2,881.9999871352198
9.4,881.9999919223382
9.6,881.9999949708953
9.8,881.9999968953575
10.0,881.999998099609
10.2,881.9999988466006
10.4,881.999999305908
10.6,881.9999995858568
10.8,881.9999997549943
11.0,881.9999998562889
11.2,881.9999999164226
11.4,881.9999999518086
11.6,881.9999999724496
11.8,881.9999999843842
12.0,881.9999999912244
12.2,881.9999999951104
12.4,881.999999997299
12.6,881.9999999985207
12.8,881.9999999991967
13.0,881.9999999995675
13.2,881.9999999997692
13.4,881.9999999998778
13.6,881.9999999999358
13.8,881.9999999999666
14.0,881.9999999999826
14.2,881.9999999999909
14.4,881.9999999999953
14.6,881.9999999999976
14.8,881.9999999999987
15.0,881.9999999999994
15.2,881.9999999999999
15.4,882.0
15.6,882.0
15.8,882.0
16.0,882.0
16.2,882.0
16.4,882.0
16.6,882.0
16.8,882.0
17.0,882.0
17.2,882.0
17.4,882.0
17.6,882.0
17.8,882.0
18.0,882.0
18.2,882.0
18.4,882.0
18.6,882.0
18.8,882.0
19.0,882.0
19.2,882.0
19.4,882.0
19.6,882.0
19.8,882.0
20.0,882.0
20.2,882.0
20.4,882.0
20.6,882.0
20.8,882.0
21.0,882.0
21.2,882.0
21.4,882.0
21.6,882.0
21.8,882.0
22.0,882.0
22.2,882.0
22.4,882.0
22.6,882.0
22.8,882.0
23.0,882.0
23.2,882.0
23.4,882.0
23.6,882.0
23.8,882.0
24.0,882.0
24.2,882.0
24.4,882.0
24.6,882.0
24.8,882.0
25.0,882.0
25.2,882.0
25.4,882.0
25.6,882.0
25.8,882.0
26.0,882.0
26.2,882.0
26.4,882.0
26.6,882.0
26.8,882.0
27.0,882.0
27.2,882.0
27.4,882.0
27.6,882.0
27.8,882.0
28.0,882.0
28.2,882.0
28.4,882.0
28.6,882.0
28.8,882.0
29.0,882.0
29.2,882.0
29.4,882.0
29.6,882.0
29.8,882.0
30.0,882.0
30.2,882.0
30.4,882.0
30.6,882.0
30.8,882.0
31.0,882.0
31.2,882.0
31.4,882.0
31.6,882.0
31.8,882.0
32.0,882.0
32.2,882.0
32.4,882.0
32.6,882.0
32.8,882.0
33.0,882.0
33.2,882.0
33.4,882.0
33.6,882.0
33.8,882.0
34.0,882.0
34.2,882.0
34.4,882.0
34.6,882.0
34.8,881.9999999999999
35.0,881.9999999999994
35.2,881.9999999999987
35.4,881.9999999999976
35.6,881.9999999999953
35.8,881.9999999999909
36.0,881.9999999999826
36.2,881.9999999999666
36.4,881.9999999999358
36.6,881.9999999998778
36.8,881.9999999997692
37.0,881.9999999995675
37.2,881.9999999991966
37.4,881.9999999985206
37.6,881.9999999972988
37.8,881.99999999511
38.0,881.9999999912233
38.2,881.9999999843822
38.4,881.9999999724458
38.6,881.999999951802
38.8,881.9999999164108
39.0,881.9999998562682
39.2,881.999999754958
39.4,881.9999995857935
39.6,881.9999993057987
39.8,881.9999988464134
40.0,881.9999980992905
40.2,881.9999968948199
40.4,881.9999949699956
40.6,881.9999919208442
40.8,881.9999871327587
41.0,881.9999796795663
41.2,881.9999681788988
41.4,881.9999505872288
41.6,881.9999239126385
41.8,881.9998838168465
42.0,881.9998240701057
42.2,881.9997358132531
42.4,881.9996065704845
42.6,881.9994189445365
42.8,881.9991489132668
43.0,881.9987636337804
43.2,881.9982186481469
43.4,881.997454374694
43.6,881.996391762382
43.8,881.9949269848298
44.0,881.992925057315
44.2,881.9902122768577
44.4,881.9865674146198
44.6,881.9817116333659
44.8,881.9752971621544
45.0,881.9668948364368
45.2,881.955980703787
45.4,881.9419220015392
45.6,881.9239629288509
45.8,881.9012107564183
46.0,881.8726229346255
46.2,881.8369959660015
46.4,881.7929568899506
46.6,881.7389582756747
46.8,881.6732776222709
47.0,881.5940220137109
47.2,881.4991387639293
47.4,881.3864326102916
47.6,881.2535897735911
47.8,881.0982089060187
48.0,880.9178386073385
48.2,880.7100208211342
48.4,880.4723390492982
48.6,880.2024699688686
48.8,879.8982367271764
49.0,879.5576619544864
49.2,879.1790183902843
49.4,878.7608749870967
49.6,878.302136444102
49.8,877.8020743331028
50.0,877.2603483038764
