0.0,797.0961653932562
0.2,799.2316644389394
0.4,801.3266810705315
0.6,803.3816086073085
0.8,805.3968426388492
1.0,807.3727811208412
1.2,809.3098244604995
1.4,811.208375591204
1.6,813.068840035999
1.8,814.8916259596439
2.0,816.6771442089438
2.2,818.4258083411383
2.4,820.1380346401661
2.6,821.8142421206728
2.8,823.454852519675
3.0,825.060290275836
3.2,826.630982496359
3.4,828.1673589115455
3.6,829.6698518171131
3.8,831.1388960044102
4.0,832.57492867871
4.2,833.9783893658057
4.4,835.3497198071705
4.6,836.6893638439865
4.8,837.9977672903835
5.0,839.2753777962629
5.2,840.5226447001172
5.4,841.7400188722904
5.6,842.9279525491477
5.8,844.086899158656
6.0,845.2173131379012
6.2,846.3196497430873
6.4,847.3943648525865
6.6,848.4419147636264
6.8,849.4627559832138
7.0,850.4573450139084
7.2,851.4261381350696
7.4,852.3695911802077
7.6,853.2881593110728
7.8,854.1822967891197
8.0,855.0524567449854
8.2,855.8990909466135
8.4,856.7226495666532
8.6,857.5235809497555
8.8,858.302331380375
9.0,859.0593448516806
9.2,859.7950628361554
9.4,860.5099240584575
9.6,861.2043642710925
9.8,861.8788160334267
10.0,862.5337084945529
10.2,863.1694671804959
10.4,863.7865137862173
10.6,864.3852659728615
10.8,864.9661371706518
11.0,865.5295363878181
11.2,866.0758680259165
11.4,866.6055317018629
11.6,867.1189220769801
11.8,867.6164286933254
12.0,868.098435817537
12.2,868.5653222924049
12.4,869.0174613963446
12.6,869.455220710923
12.8,869.8789619965496
13.0,870.2890410764265
13.2,870.685807728813
13.4,871.0696055876375
13.6,871.4407720514619
13.8,871.7996382007719
14.0,872.1465287235478
14.2,872.4817618490392
14.4,872.8056492896469
14.6,873.1184961907895
14.8,873.420601088614
15.0,873.7122558753834
15.2,873.9937457723619
15.4,874.2653493099916
15.6,874.5273383151476
15.8,874.7799779052322
16.0,875.0235264888611
16.2,875.2582357728821
16.4,875.484350775448
16.6,875.7021098448621
16.8,875.9117446839031
17.0,876.1134803793233
17.2,876.3075354362174
17.4,876.4941218169421
17.6,876.6734449842704
17.8,876.8457039484596
18.0,877.0110913179038
18.2,877.169793353053
18.4,877.3219900232651
18.6,877.4678550662726
18.8,877.6075560499376
19.0,877.7412544359765
19.2,877.8691056453374
19.4,877.9912591249179
19.6,878.107858415316
19.8,878.2190412193142
20.0,878.3249394707996
20.2,878.4256794038326
20.4,878.5213816215869
20.6,878.6121611648832
20.8,878.6981275800573
21.0,878.7793849859056
21.2,878.8560321394623
21.4,878.9281625003733
21.6,878.9958642936399
21.8,879.0592205705171
22.0,879.11830926736
22.2,879.1732032622239
22.4,879.2239704290341
22.6,879.2706736891523
22.8,879.3133710601754
23.0,879.352115701818
23.2,879.3869559587371
23.4,879.4179354001698
23.6,879.4450928562677
23.8,879.4684624510205
24.0,879.488073631674
24.2,879.5039511945599
24.4,879.516115307264
24.6,879.5245815270713
24.8,879.5293608156394
25.0,879.5304595498632
25.2,879.5278795289007
25.4,879.5216179773458
25.6,879.511667544545
25.8,879.4980163000632
26.0,879.4806477253168
26.2,879.4595407014059
26.4,879.4346694931832
26.6,879.4060037296134
26.8,879.3735083804879
27.0,879.3371437295649
27.2,879.2968653442267
27.4,879.2526240417458
27.6,879.2043658522708
27.8,879.1520319786522
28.0,879.0955587532349
28.2,879.0348775917631
28.4,878.9699149445476
28.6,878.9005922450589
28.8,878.8268258561214
29.0,878.748527013893
29.2,878.6656017698231
29.4,878.5779509307998
29.6,878.4854699976958
29.8,878.3880491025437
30.0,878.285572944573
30.2,878.177920725355
30.4,878.0649660833077
30.6,877.9465770278243
30.8,877.8226158732956
31.0,877.6929391733036
31.2,877.5573976552727
31.4,877.4158361558699
31.6,877.2680935574543
31.8,877.1140027258763
32.0,876.953390449938
32.2,876.7860773828273
32.4,876.6118779858392
32.6,876.4306004747062
32.8,876.2420467688548
33.0,876.0460124439102
33.2,875.8422866877694
33.4,875.6306522605611
33.6,875.4108854588096
33.8,875.1827560841152
34.0,874.9460274166591
34.2,874.7004561938371
34.4,874.4457925943146
34.6,874.1817802277947
34.8,873.9081561307723
35.0,873.6246507685461
35.2,873.3309880437394
35.4,873.026885311576
35.6,872.7120534021352
35.8,872.3861966497992
36.0,872.0490129300879
36.2,871.700193704056
36.4,871.3394240704109
36.6,870.9663828254874
36.8,870.5807425311923
37.0,870.1821695910126
37.2,869.770324334153
37.4,869.3448611078475
37.6,868.9054283778605
37.8,868.4516688371693
38.0,867.98321952279
38.2,867.4997119406814
38.4,867.0007721986367
38.6,866.4860211470351
38.8,865.9550745273071
39.0,865.4075431279281
39.2,864.8430329477295
39.4,864.2611453662896
39.6,863.6614773211282
39.8,863.0436214914101
40.0,862.4071664878255
40.2,861.7516970482902
40.4,861.0767942390833
40.6,860.3820356610049
40.8,859.6669956601218
41.0,858.9312455426332
41.2,858.1743537933721
41.4,857.395886297433
41.6,856.5954065643946
41.8,855.7724759545899
42.0,854.9266539068542
42.2,854.0574981671706
42.4,853.1645650176163
42.6,852.2474095049995
42.8,851.3055856685718
43.0,850.3386467661892
43.2,849.3461454982929
43.4,848.3276342290773
43.6,847.2826652042116
43.8,846.2107907644867
44.0,845.1115635547607
44.2,843.9845367275858
44.4,842.8292641409101
44.6,841.6453005492579
44.8,840.43220178781
45.0,839.1895249488233
45.2,837.9168285498461
45.4,836.6136726932133
45.6,835.2796192163269
45.8,833.9142318322558
46.0,832.5170762602207
46.2,831.0877203455591
46.4,829.6257341687995
46.6,828.1306901435141
46.8,826.6021631026488
47.0,825.0397303730766
47.2,823.4429718381575
47.4,821.811469988127
47.6,820.144809958186
47.8,818.4425795542004
48.0,816.7043692659691
48.2,814.9297722680635
48.4,813.1183844082835
48.6,811.2698041838263
48.8,809.383632705305
49.0,807.459473648802
49.2,805.4969331961888
49.4,803.4956199639814
49.6,801.4551449210534
49.8,799.3751212955613
50.0,797.2551644714861
