0.0,859.2589673392511
0.2,859.9394912791518
0.4,860.6048382750514
0.6,861.2551941064178
0.8,861.8907453977431
1.0,862.5116796056046
1.2,863.1181850022896
1.4,863.7104506559575
1.6,864.2886664073258
1.8,864.853022842877
2.0,865.4037112645987
2.2,865.9409236562791
2.4,866.464852646394
2.6,866.9756914676321
2.8,867.4736339131175
3.0,867.958874289401
3.2,868.4316073663005
3.4,868.8920283236848
3.6,869.3403326953031
3.8,869.7767163097718
4.0,870.2013752288439
4.2,870.6145056830895
4.4,871.0163040051303
4.6,871.406966560574
4.8,871.7866896768031
5.0,872.1556695697833
5.2,872.5141022690556
5.4,872.8621835410873
5.6,873.200108811161
5.8,873.5280730839812
6.0,873.8462708631845
6.2,874.1548960699449
6.4,874.45414196086
6.6,874.7442010453109
6.8,875.0252650024896
7.0,875.2975245982844
7.2,875.5611696022144
7.4,875.8163887046036
7.6,876.0633694341827
7.8,876.3022980763023
8.0,876.5333595919415
8.2,876.7567375376876
8.4,876.972613986863
8.6,877.1811694519652
8.8,877.3825828085852
9.0,877.5770312209604
9.2,877.7646900693126
9.4,877.9457328791166
9.6,878.1203312524331
9.8,878.2886548014379
10.0,878.4508710842682
10.2,878.6071455432971
10.4,878.7576414459432
10.6,878.9025198281112
10.8,879.041939440348
11.0,879.1760566967977
11.2,879.3050256270195
11.4,879.4289978307321
11.6,879.5481224355348
11.8,879.6625460576464
12.0,879.7724127656959
12.2,879.877864047588
12.4,879.9790387804585
12.6,880.0760732037253
12.8,880.1691008952326
13.0,880.2582527504771
13.2,880.3436569648967
13.4,880.4254390191932
13.6,880.5037216676551
13.8,880.5786249294376
14.0,880.6502660827471
14.2,880.718759661876
14.4,880.7842174570226
14.6,880.8467485168261
14.8,880.9064591535406
15.0,880.9634529507663
15.2,881.0178307736518
15.4,881.0696907814737
15.6,881.1191284425003
15.8,881.1662365510352
16.0,881.2111052465398
16.2,881.2538220347241
16.4,881.2944718104997
16.6,881.3331368826757
16.8,881.369897000287
17.0,881.4048293804349
17.2,881.4380087375234
17.4,881.4695073137677
17.6,881.4993949108568
17.8,881.5277389226482
18.0,881.5546043687715
18.2,881.5800539290215
18.4,881.6041479784176
18.6,881.6269446228109
18.8,881.6484997349178
19.0,881.6688669906632
19.2,881.6880979057164
19.4,881.7062418721034
19.6,881.7233461947851
19.8,881.7394561280875
20.0,881.754614911878
20.2,881.7688638073801
20.4,881.782242132524
20.6,881.7947872967329
20.8,881.806534835048
21.0,881.8175184414953
21.2,881.8277700016085
21.4,881.8373196240154
21.6,881.8461956710064
21.8,881.8544247880052
22.0,881.8620319318633
22.2,881.8690403979067
22.4,881.8754718456654
22.6,881.88134632322
22.8,881.8866822901053
23.0,881.8914966387127
23.2,881.8958047141381
23.4,881.8996203324272
23.6,881.9029557971727
23.8,881.9058219144213
24.0,881.9082280058554
24.2,881.9101819202173
24.4,881.9116900429436
24.6,881.912757303992
24.8,881.9133871838334
25.0,881.9135817176008
25.2,881.9133414973754
25.4,881.9126656726104
25.6,881.9115519486828
25.8,881.9099965835798
26.0,881.9079943827204
26.2,881.9055386919251
26.4,881.9026213885456
26.6,881.8992328707734
26.8,881.8953620451498
27.0,881.8909963123014
27.2,881.8861215509359
27.4,881.8807221001284
27.6,881.874780739941
27.8,881.8682786704156
28.0,881.8611954889901
28.2,881.8535091663867
28.4,881.8451960210302
28.6,881.8362306920527
28.8,881.8265861109514
29.0,881.8162334719639
29.2,881.8051422012344
29.4,881.7932799248447
29.6,881.7806124357884
29.8,881.767103659972
30.0,881.7527156213279
30.2,881.7374084061279
30.4,881.7211401265929
30.6,881.7038668838911
30.8,881.6855427306267
31.0,881.6661196329198
31.2,881.6455474321824
31.4,881.6237738066985
31.6,881.6007442331183
31.8,881.5764019479777
32.0,881.5506879093588
32.2,881.5235407588061
32.4,881.4948967836175
32.6,881.4646898796283
32.8,881.4328515146074
33.0,881.3993106923897
33.2,881.3639939178624
33.4,881.3268251629304
33.6,881.2877258335792
33.8,881.2466147381599
34.0,881.2034080570149
34.2,881.158019313564
34.4,881.1103593469693
34.6,881.0603362864961
34.8,881.0078555276833
35.0,880.9528197104353
35.2,880.8951286991438
35.4,880.8346795649477
35.6,880.7713665702298
35.8,880.7050811554517
36.0,880.6357119284194
36.2,880.5631446560683
36.4,880.4872622588542
36.6,880.4079448078248
36.8,880.32506952445
37.0,880.2385107832725
37.2,880.1481401174444
37.4,880.0538262271976
37.6,879.9554349912997
37.8,879.8528294815321
38.0,879.7458699802207
38.2,879.634414000846
38.4,879.5183163117451
38.6,879.3974289629139
38.8,879.2716013159087
39.0,879.140680076836
39.2,879.0045093324132
39.4,878.8629305890705
39.6,878.7157828150587
39.8,878.5629024855174
40.0,878.4041236304478
40.2,878.2392778855275
40.4,878.068194545694
40.6,877.8907006214155
40.8,877.7066208975593
41.0,877.5157779947597
41.2,877.3179924331761
41.4,877.1130826985295
41.6,876.9008653102921
41.8,876.6811548918995
42.0,876.453764242851
42.2,876.2185044125488
42.4,875.9751847757299
42.6,875.7236131093306
42.8,875.463595670624
43.0,875.1949372764607
43.2,874.917441383443
43.4,874.6309101688561
43.6,874.3351446121775
43.8,874.029944576983
44.0,873.7151088930648
44.2,873.3904354385767
44.4,873.0557212220209
44.6,872.710762463889
44.8,872.3553546777705
45.0,871.9892927507462
45.2,871.6123710228813
45.4,871.2243833656382
45.6,870.8251232590329
45.8,870.4143838673592
46.0,869.9919581133136
46.2,869.5576387503553
46.4,869.1112184331458
46.6,868.6524897859131
46.8,868.181245468598
47.0,867.6972782406457
47.2,867.2003810223123
47.4,866.6903469533671
47.6,866.1669694490799
47.8,865.6300422533914
48.0,865.0793594891751
48.2,864.5147157055117
48.4,863.935905921903
48.6,863.3427256693717
48.8,862.7349710283929
49.0,862.1124386636277
49.2,861.4749258554322
49.4,860.8222305281295
49.6,860.1541512750475
49.8,859.4704873803316
50.0,858.7710388375589
