0.0,779.4268756523734
0.2,781.220504851609
0.4,783.0308151909162
0.6,784.8588327281064
0.8,786.7043082143379
1.0,788.5658195784324
1.2,790.4409231118634
1.4,792.3263410371176
1.6,794.2181712418544
1.8,796.1121044766885
2.0,798.0036351815578
2.2,799.8882541067784
2.4,801.7616137017585
2.6,803.6196604729556
2.8,805.4587317800537
3.0,807.275617512676
3.2,809.0675895217203
3.4,810.8324034248292
3.6,812.568278422962
3.8,814.2738611016163
4.0,815.9481789584336
4.2,817.5905887485679
4.4,819.2007238310622
4.6,820.7784436830294
4.8,822.323787746803
5.0,823.8369348772829
5.2,825.3181689159253
5.4,826.7678503558973
5.6,828.1863936766114
5.8,829.5742496948767
6.0,830.9318921746418
6.2,832.2598079251576
6.4,833.5584896674779
6.6,834.828431035231
6.8,836.0701231770872
7.0,837.284052530895
7.2,838.4706994339148
7.4,839.6305373151725
7.6,840.7640322829583
7.8,841.8716429733065
8.0,842.953820565466
8.2,844.0110088999694
8.4,845.0436446561301
8.6,846.0521575606098
8.8,847.0369706087971
9.0,847.9985002874911
9.2,848.9371567917921
9.4,849.8533442319541
9.6,850.7474608277556
9.8,851.6198990890875
10.0,852.4710459821711
10.2,853.3012830812704
10.4,854.1109867060462
10.6,854.9005280448912
10.8,855.6702732647059
11.0,856.420583607661
11.2,857.1518154755516
11.4,857.8643205023884
11.6,858.5584456158978
11.8,859.2345330886261
12.0,859.8929205793413
12.2,860.5339411654378
12.4,861.1579233670402
12.6,861.7651911634905
12.8,862.3560640028945
13.0,862.9308568053775
13.2,863.4898799606824
13.4,864.0334393207173
13.6,864.5618361876319
13.8,865.0753672979737
14.0,865.5743248034455
14.2,866.0589962487545
14.4,866.5296645470121
14.6,866.9866079531112
14.8,867.4301000354772
15.0,867.8604096465591
15.2,868.2778008923952
15.4,868.6825331015575
15.6,869.0748607937535
15.8,869.4550336483354
16.0,869.8232964729382
16.2,870.1798891724484
16.4,870.5250467184749
16.6,870.8589991194787
16.8,871.1819713916911
17.0,871.4941835309337
17.2,871.7958504854339
17.4,872.0871821297167
17.6,872.368383239631
17.8,872.639653468561
18.0,872.9011873248566
18.2,873.1531741505062
18.4,873.3957981010644
18.6,873.6292381268362
18.8,873.8536679553122
19.0,874.0692560748398
19.2,874.276165719511
19.4,874.4745548552374
19.6,874.6645761669809
19.8,874.8463770471036
20.0,875.0200995847954
20.2,875.1858805565327
20.4,875.3438514175247
20.6,875.4941382940957
20.8,875.6368619769536
21.0,875.7721379152908
21.2,875.9000762116668
21.4,876.0207816176187
21.6,876.1343535299465
21.8,876.24088598762
22.0,876.3404676692576
22.2,876.4331818911243
22.4,876.5191066056018
22.6,876.5983144000807
22.8,876.6708724962315
23.0,876.7368427496111
23.2,876.7962816495609
23.4,876.8492403193613
23.6,876.8957645166053
23.8,876.9358946337583
24.0,876.969665698874
24.2,876.9971073764411
24.4,877.018243968336
24.6,877.0330944148615
24.8,877.0416722958547
25.0,877.0439858318528
25.2,877.0400378853044
25.4,877.0298259618226
25.6,877.0133422114751
25.8,876.9905734301155
26.0,876.9615010607582
26.2,876.9261011950061
26.4,876.8843445745421
26.6,876.8361965927025
26.8,876.7816172961476
27.0,876.7205613866539
27.2,876.6529782230526
27.4,876.5788118233434
27.6,876.4980008670138
27.8,876.4104786976
28.0,876.316173325525
28.2,876.2150074312555
28.4,876.1068983688155
28.6,875.9917581697059
28.8,875.8694935472716
29.0,875.7400059015656
29.2,875.6031913247588
29.4,875.4589406071453
29.6,875.3071392437924
29.8,875.1476674418889
30.0,874.9804001288404
30.2,874.8052069611641
30.4,874.6219523342301
30.6,874.4304953929008
30.8,874.2306900431141
31.0,874.0223849644532
31.2,873.8054236237472
31.4,873.5796442897378
31.6,873.344880048849
31.8,873.1009588220863
32.0,872.8477033830901
32.2,872.5849313773593
32.4,872.3124553426569
32.6,872.0300827305965
32.8,871.7376159294035
33.0,871.4348522878339
33.2,871.1215841402189
33.4,870.7975988325973
33.6,870.4626787498764
33.8,870.1166013439563
34.0,869.7591391627248
34.2,869.3900598798261
34.4,869.0091263250745
34.6,868.6160965153731
34.8,868.2107236859723
35.0,867.7927563218784
35.2,867.3619381892012
35.4,866.9180083662001
35.6,866.460701273764
35.8,865.9897467050291
36.0,865.5048698538101
36.2,865.00579134149
36.4,864.4922272419802
36.6,863.9638891043334
36.8,863.4204839725543
37.0,862.861714402126
37.2,862.2872784727319
37.4,861.6968697966244
37.6,861.0901775220583
37.8,860.466886331178
38.0,859.8266764317195
38.2,859.1692235418602
38.4,858.4941988675315
38.6,857.8012690714851
38.8,857.0900962333914
39.0,856.3603378002397
39.2,855.6116465263015
39.4,854.8436704019258
39.6,854.0560525704387
39.8,853.2484312324478
40.0,852.4204395368685
40.2,851.571705458047
40.4,850.7018516584067
40.6,849.8104953361365
40.8,848.8972480575691
41.0,847.9617155740889
41.2,847.0034976237034
41.4,846.0221877178687
41.6,845.0173729148868
41.8,843.9886335823483
42.0,842.9355431529152
42.2,841.8576678806165
42.4,840.7545666092799
42.6,839.6257905715242
42.8,838.4708832469189
43.0,837.2893803228375
43.2,836.0808098229044
43.4,834.8446924977483
43.6,833.5805426132305
43.8,832.2878693244884
44.0,830.966178891615
44.2,829.6149780749325
44.4,828.2337791429387
44.6,826.8221070292374
44.8,825.3795092769543
45.0,823.9055694957218
45.2,822.3999251067394
45.4,820.8622901391572
45.6,819.2924837350166
45.8,817.6904647873903
46.0,816.0563727473642
46.2,814.3905740696975
46.4,812.6937130210913
46.6,810.9667646708878
46.8,809.2110868754995
47.0,807.42846704447
47.2,805.6211585617277
47.4,803.7919010808714
47.6,801.9439186800075
47.8,800.0808902007246
48.0,798.2068871203852
48.2,796.3262760645492
48.4,794.4435855150133
48.6,792.563339262925
48.8,790.6898624464379
49.0,788.8270692632976
49.2,786.9782442749523
49.4,785.145831233644
49.6,783.3312442368971
49.8,781.5347155256649
50.0,779.7551923287317
