0.0,814.1425908715581
0.2,816.137454422683
0.4,818.0893798891141
0.6,819.9986389795981
0.8,821.8655174512298
1.0,823.6903156988243
1.2,825.4733492702159
1.4,827.214949305118
1.6,828.9154628956466
1.8,830.5752533670961
2.0,832.1947004780455
2.2,833.7742005393554
2.4,835.3141664521111
2.6,836.8150276650413
2.8,838.2772300524118
3.0,839.7012357138536
3.2,841.0875226980212
3.4,842.4365846523989
3.6,843.7489304019688
3.8,845.0250834598286
4.0,846.2655814731902
4.2,847.4709756085037
4.4,848.6418298797392
4.6,849.778720424104
4.8,850.8822347296922
5.0,851.9529708197456
5.2,852.9915363983466
5.4,853.9985479624775
5.6,854.9746298854535
5.8,855.9204134767766
6.0,856.8365360234588
6.2,857.7236398178377
6.4,858.5823711768436
6.6,859.4133794575843
6.8,860.217316073993
7.0,860.9948335191326
7.2,861.7465843975774
7.4,862.4732204720926
7.6,863.1753917286132
7.8,863.853745463286
8.0,864.5089253950833
8.2,865.1415708072319
8.4,865.7523157204158
8.6,866.3417881004312
8.8,866.9106091026724
9.0,867.4593923555329
9.2,867.9887432845062
9.4,868.4992584784746
9.6,868.9915250993766
9.8,869.4661203361567
10.0,869.9236109036203
10.2,870.3645525865381
10.4,870.789489829087
10.6,871.1989553694586
10.8,871.5934699192353
11.0,871.9735418868997
11.2,872.3396671446486
11.4,872.6923288374768
11.6,873.0319972333317
11.8,873.3591296129716
12.0,873.6741701980256
12.2,873.9775501156265
12.4,874.2696873978776
12.6,874.5509870143322
12.8,874.8218409355816
13.0,875.082628225998
13.2,875.3337151636338
13.4,875.5754553852532
13.6,875.8081900544587
13.8,876.03224805088
14.0,876.2479461784022
14.2,876.4555893904422
14.4,876.6554710303109
14.6,876.847873084754
14.8,877.0330664488129
15.0,877.2113112002132
15.2,877.3828568815594
15.4,877.5479427886854
15.6,877.7067982635972
15.8,877.8596429905255
16.0,878.0066872936926
16.2,878.1481324354914
16.4,878.2841709138614
16.6,878.4149867577423
16.8,878.5407558195759
17.0,878.6616460639173
17.2,878.7778178513071
17.4,878.8894242166454
17.6,878.9966111413912
17.8,879.0995178189954
18.0,879.1982769130542
18.2,879.2930148077472
18.4,879.3838518501949
18.6,879.4709025844388
18.8,879.5542759768143
19.0,879.6340756325417
19.2,879.7104000034202
19.4,879.7833425865604
19.6,879.8529921141353
19.8,879.9194327341751
20.0,879.9827441824672
20.2,880.0430019456597
20.4,880.1002774156923
20.6,880.1546380357082
20.8,880.2061474376235
21.0,880.2548655715428
21.2,880.3008488272342
21.4,880.3441501478795
21.6,880.3848191363315
21.8,880.4229021541111
22.0,880.4584424133803
22.2,880.4914800621334
22.4,880.5220522628359
22.6,880.5501932647484
22.8,880.5759344701572
23.0,880.5993044947323
23.2,880.6203292222167
23.4,880.6390318536479
23.6,880.6554329512933
23.8,880.6695504774707
24.0,880.6813998284097
24.2,880.6909938632939
24.4,880.6983429286072
24.6,880.7034548778918
24.8,880.7063350870044
25.0,880.7069864649435
25.2,880.7054094602959
25.4,880.7016020633399
25.6,880.6955598038164
25.8,880.6872757443622
26.0,880.6767404695846
26.2,880.6639420707314
26.4,880.6488661258978
26.6,880.6314956756879
26.8,880.6118111942353
27.0,880.5897905554693
27.2,880.5654089944932
27.4,880.5386390639298
27.6,880.5094505850739
27.8,880.4778105936732
28.0,880.4436832801553
28.2,880.407029924096
28.4,880.3678088227274
28.6,880.3259752132635
28.8,880.281481188825
29.0,880.2342756077331
29.2,880.1843039959485
29.4,880.131508442421
29.6,880.0758274871288
29.8,880.0171960015866
30.0,879.9555450616086
30.2,879.8908018121281
30.4,879.8228893238888
30.6,879.7517264418389
30.8,879.6772276250825
31.0,879.5993027782712
31.2,879.5178570743408
31.4,879.4327907685395
31.6,879.3439990037277
31.8,879.2513716069691
32.0,879.1547928774836
32.2,879.0541413660803
32.4,878.9492896462434
32.6,878.840104077102
32.8,878.7264445585809
33.0,878.6081642790931
33.2,878.4851094562085
33.4,878.3571190708044
33.6,878.2240245952873
33.8,878.08564971655
34.0,877.9418100544174
34.2,877.7923128764166
34.4,877.6369568098008
34.6,877.475531551836
34.8,877.3078175794617
35.0,877.1335858595173
35.2,876.9525975608216
35.4,876.7646037694753
35.6,876.5693452088501
35.8,876.3665519658025
36.0,876.1559432247365
36.2,875.9372270112077
36.4,875.7100999468361
36.6,875.4742470173493
36.8,875.2293413556383
37.0,874.9750440417498
37.2,874.7110039217745
37.4,874.4368574476175
37.6,874.1522285396493
37.8,873.856728474235
38.0,873.5499557981317
38.2,873.2314962717116
38.4,872.90092284293
38.6,872.5577956539008
38.8,872.2016620818684
39.0,871.8320568162736
39.2,871.4485019735077
39.4,871.0505072508261
39.6,870.6375701207463
39.8,870.2091760671075
40.0,869.7647988637874
40.2,869.3039008968842
40.4,868.8259335309672
40.6,868.3303375197755
40.8,867.8165434615125
41.0,867.2839722986332
41.2,866.7320358617629
41.4,866.1601374571169
41.6,865.567672496509
41.8,864.954029168754
42.0,864.3185891509786
42.2,863.6607283580577
42.4,862.9798177281031
42.6,862.2752240416353
42.8,861.5463107717806
43.0,860.7924389625512
43.2,860.0129681319914
43.4,859.2072571967121
43.6,858.3746654140771
43.8,857.5145533380809
44.0,856.6262837847333
44.2,855.7092228025764
44.4,854.7627406437812
44.6,853.7862127311344
44.8,852.7790206160925
45.0,851.7405529230037
45.2,850.6702062745265
45.4,849.5673861932536
45.6,848.4315079745506
45.8,847.2619975256639
46.0,846.058292166217
46.2,844.8198413853366
46.4,843.5461075507841
46.6,842.2365665656552
46.8,840.8907084684217
47.0,839.5080379723393
47.2,838.0880749405245
47.4,836.6303547933204
47.6,835.1344288449063
47.8,833.5998645664787
48.0,832.0262457737257
48.2,830.4131727367301
48.4,828.7602622108722
48.6,827.0671473877575
48.8,825.3334777656582
49.0,823.558918939431
49.2,821.7431523103568
49.4,819.8858747168321
49.6,817.9867979873213
49.8,816.0456484174613
50.0,814.0621661736744
