0.0,771.4002404749359
0.2,773.5895236527597
0.4,775.7414749319028
0.6,777.8570027969898
0.8,779.9369851280179
1.0,781.9822683743436
1.2,783.993666889872
1.4,785.9719624308985
1.6,787.9179038167659
1.8,789.8322067522301
2.0,791.7155538091852
2.2,793.5685945641993
2.4,795.3919458871657
2.6,797.1861923752931
2.8,798.9518869256568
3.0,800.68955143861
3.2,802.3996776435307
3.4,804.0827280376493
3.6,805.7391369280869
3.8,807.3693115667148
4.0,808.9736333670506
4.2,810.5524591921137
4.4,812.1061227019894
4.6,813.6349357497868
4.8,815.1391898147122
5.0,816.6191574611319
5.2,818.0750938127366
5.4,819.5072380312562
5.6,820.9158147895959
5.8,822.3010357297551
6.0,823.6631008964603
6.2,825.0022001380631
6.4,826.3185144669288
6.6,827.6122173722498
6.8,828.8834760789698
7.0,830.132452747259
7.2,831.3593056077649
7.4,832.5641900286373
7.6,833.7472595111013
7.8,834.9086666111133
8.0,836.0485637853684
8.2,837.1671041606467
8.4,838.2644422261526
8.6,839.340734449152
8.8,840.3961398147918
9.0,841.4308202915498
9.2,842.4449412242483
9.4,843.4386716570173
9.6,844.4121845889848
9.8,845.3656571658092
10.0,846.2992708104557
10.2,847.213211296852
10.4,848.1076687702382
10.6,848.9828377181589
10.8,849.8389168961306
11.0,850.6761092120563
11.2,851.4946215734589
11.4,852.2946647015673
11.6,853.0764529162138
11.8,853.8402038953973
12.0,854.5861384132346
12.2,855.3144800598727
12.4,856.0254549467503
12.6,856.7192914004158
12.8,857.3962196479007
13.0,858.0564714964365
13.2,858.7002800100846
13.4,859.3278791856253
13.6,859.9395036298346
13.8,860.5353882400501
14.0,861.115767889718
14.2,861.6808771203972
14.4,862.2309498415001
14.6,862.7662190388496
14.8,863.2869164929543
15.0,863.7932725077285
15.2,864.2855156502225
15.4,864.763872501786
15.6,865.2285674209425
15.8,865.6798223181391
16.0,866.1178564424191
16.2,866.5428861799669
16.4,866.955124864392
16.6,867.3547825985399
16.8,867.7420660875543
17.0,868.1171784828632
17.2,868.4803192367146
17.4,868.8316839668537
17.6,869.1714643309066
17.8,869.499847910015
18.0,869.8170181012543
18.2,870.1231540183619
18.4,870.4184304002963
18.6,870.7030175271603
18.8,870.9770811430174
19.0,871.2407823851511
19.2,871.4942777193236
19.4,871.7377188806108
19.6,871.9712528194049
19.8,872.1950216521968
20.0,872.4091626167718
20.2,872.6138080314677
20.4,872.8090852581722
20.6,872.9951166687524
20.8,873.1720196146325
21.0,873.3399063992547
21.2,873.4988842531812
21.4,873.6490553116105
21.6,873.7905165941021
21.8,873.9233599863218
22.0,874.0476722236353
22.2,874.1635348763929
22.4,874.2710243367652
22.6,874.3702118070029
22.8,874.4611632890036
23.0,874.5439395750877
23.2,874.6185962398873
23.4,874.6851836332709
23.6,874.7437468742316
23.8,874.7943258456756
24.0,874.8369551900582
24.2,874.8716643058204
24.4,874.8984773445856
24.6,874.9174132090847
24.8,874.9284855517832
25.0,874.9317027741884
25.2,874.927068026823
25.4,874.9145792098535
25.6,874.8942289743719
25.8,874.8660047243296
26.0,874.8298886191296
26.2,874.7858575768921
26.4,874.7338832784066
26.6,874.6739321717971
26.8,874.6059654779284
27.0,874.5299391965912
27.2,874.4458041135063
27.4,874.3535058082025
27.6,874.2529846628241
27.8,874.1441758719379
28.0,874.0270094534147
28.2,873.901410260476
28.4,873.7672979950022
28.6,873.6245872222139
28.8,873.4731873868517
29.0,873.3130028309897
29.2,873.1439328136363
29.4,872.9658715322904
29.6,872.7787081466402
29.8,872.5823268046018
30.0,872.3766066709259
30.2,872.1614219586064
30.4,871.9366419633554
30.6,871.7021311014236
30.8,871.4577489510688
31.0,871.2033502979933
31.2,870.9387851850977
31.4,870.66389896691
31.6,870.3785323690805
31.8,870.0825215533415
32.0,869.7756981883552
32.2,869.4578895268875
32.4,869.1289184897558
32.6,868.7886037570171
32.8,868.4367598668588
33.0,868.0731973226709
33.2,867.6977227087656
33.4,867.3101388152099
33.6,866.9102447722235
33.8,866.4978361945716
34.0,866.0727053363581
34.2,865.6346412565886
34.4,865.1834299958264
34.6,864.7188547642143
34.8,864.2406961410655
35.0,863.7487322861582
35.2,863.2427391627731
35.4,862.7224907724244
35.6,862.187759401114
35.8,861.6383158768214
36.0,861.0739298378035
36.2,860.4943700111304
36.4,859.8994045007199
36.6,859.288801083966
36.8,858.6623275158664
37.0,858.0197518393654
37.2,857.3608427004216
37.4,856.685369666102
37.6,855.9931035437852
37.8,855.2838166993373
38.0,854.557283371898
38.2,853.8132799826993
38.4,853.05158543511
38.6,852.2719814028968
38.8,851.4742526034833
39.0,850.6581870527973
39.2,849.8235762981274
39.4,848.9702156252503
39.6,848.0979042359605
39.8,847.206445392033
40.0,846.2956465215727
40.2,845.3653192836708
40.4,844.415279587284
40.6,843.4453475603017
40.8,842.4553474648434
41.0,841.4451075549725
41.2,840.4144598731891
41.4,839.3632399823065
41.6,838.2912866295987
41.8,837.1984413404559
42.0,836.0845479391759
42.2,834.949451994972
42.4,833.7930001917834
42.6,832.6150396210189
42.8,831.415416996974
43.0,830.1939777952988
43.2,828.9505653155765
43.4,827.685019669793
43.6,826.3971766992191
43.8,825.0868668229931
44.0,823.7539138224676
44.2,822.3981335661756
44.4,821.0193326810463
44.6,819.617307176272
44.8,818.1918410269765
45.0,816.7427047255525
45.2,815.269653809212
45.4,813.7724273729181
45.6,812.2507465774381
45.8,810.7043131627487
46.0,809.1328079774546
46.2,807.5358895352082
46.4,805.9131926093662
46.6,804.2643268772645
46.8,802.5888756255268
47.0,800.8863945277621
47.2,799.1564105058175
47.4,797.3984206854677
47.6,795.6118914570122
47.8,793.7962576507314
48.0,791.9509218365253
48.2,790.0752537563262
48.4,788.1685898970353
48.6,786.2302332108089
48.8,784.2594529885056
49.0,782.2554848910077
49.2,780.2175311419821
49.4,778.1447608844269
49.6,776.036310702098
49.8,773.8912853056297
50.0,771.7087583818602
