0.0,855.0798965431089
0.2,855.8293474598629
0.4,856.5609765500742
0.6,857.275275199827
0.8,857.9727120128806
1.0,858.653732897908
1.2,859.3187613842318
1.4,859.9681991501739
1.6,860.6024267434983
1.8,861.2218044696749
2.0,861.8266734209121
2.2,862.4173566171745
2.4,862.9941602297212
2.6,863.5573748580175
2.8,864.1072768321162
3.0,864.6441295146233
3.2,865.1681845790278
3.4,865.679683244303
3.6,866.1788574491014
3.8,866.6659309524169
4.0,867.1411203510929
4.2,867.6046360079141
4.4,868.0566828870878
4.6,868.4974612966511
4.8,868.9271675396512
5.0,869.3459944778389
5.2,869.7541320130568
5.4,870.1517674925552
5.6,870.5390860451072
5.8,870.9162708551314
6.0,871.2835033820568
6.2,871.640963531978
6.4,871.9888297882827
6.6,872.3272793074451
6.8,872.6564879856088
7.0,872.9766305009792
7.2,873.2878803364288
7.4,873.5904097861218
7.6,873.8843899494032
7.8,874.1699907146806
8.0,874.447380735566
8.2,874.7167274011418
8.4,874.978196801864
8.6,875.2319536923229
8.8,875.4781614518372
9.0,875.7169820436504
9.2,875.9485759733413
9.4,876.1731022469248
9.6,876.3907183290177
9.8,876.601580101365
10.0,876.8058418219537
10.2,877.0036560849
10.4,877.1951737812524
10.6,877.3805440608287
10.8,877.5599142951824
11.0,877.7334300417755
11.2,877.9012350094241
11.4,878.063471025072
11.6,878.2202780019371
11.8,878.371793909073
12.0,878.5181547423767
12.2,878.6594944970735
12.4,878.7959451416986
12.6,878.9276365935989
12.8,879.0546966959665
13.0,879.1772511964143
13.2,879.2954237271016
13.4,879.4093357864108
13.6,879.5191067221747
13.8,879.6248537164482
14.0,879.7266917718159
14.2,879.824733699223
14.4,879.9190901073121
14.6,880.0098693932491
14.8,880.0971777350117
15.0,880.1811190851155
15.2,880.2617951657497
15.4,880.339305465287
15.6,880.4137472361339
15.8,880.4852154938833
16.0,880.5538030177268
16.2,880.6196003520852
16.4,880.6826958094092
16.6,880.743175474104
16.8,880.8011232075257
17.0,880.8566206540002
17.2,880.9097472478065
17.4,880.960580221073
17.6,881.0091946125269
17.8,881.0556632770405
18.0,881.100056895913
18.2,881.1424439878303
18.4,881.1828909204385
18.6,881.2214619224711
18.8,881.2582190963692
19.0,881.293222431329
19.2,881.3265298167172
19.4,881.3581970557898
19.6,881.3882778796533
19.8,881.4168239614056
20.0,881.443884930396
20.2,881.469508386543
20.4,881.4937399146497
20.6,881.5166230986604
20.8,881.5381995357956
21.0,881.5585088505152
21.2,881.5775887082489
21.4,881.595474828844
21.6,881.6122009996765
21.8,881.6277990883759
22.0,881.6422990551163
22.2,881.6557289644238
22.4,881.66811499646
22.6,881.6794814577369
22.8,881.6898507912229
23.0,881.6992435858032
23.2,881.70767858506
23.4,881.7151726953366
23.6,881.7217409930583
23.8,881.727396731282
24.0,881.7321513454474
24.2,881.7360144583097
24.4,881.7389938840342
24.6,881.7410956314354
24.8,881.742323906346
25.0,881.7426811131079
25.2,881.7421678551741
25.4,881.7407829348181
25.6,881.7385233519476
25.8,881.7353843020261
26.0,881.7313591731004
26.2,881.726439541948
26.4,881.720615169348
26.6,881.7138739944907
26.8,881.7062021285409
27.0,881.6975838473735
27.2,881.6880015835005
27.4,881.6774359172165
27.6,881.6658655669846
27.8,881.6532673790967
28.0,881.6396163166362
28.2,881.6248854477786
28.4,881.609045933468
28.6,881.5920670145055
28.8,881.573915998094
29.0,881.5545582438809
29.2,881.5339571495455
29.4,881.512074135978
29.6,881.4888686320999
29.8,881.4642980593776
30.0,881.4383178160817
30.2,881.4108812613473
30.4,881.3819396990899
30.6,881.3514423618368
30.8,881.3193363945294
31.0,881.2855668383588
31.2,881.2500766146935
31.4,881.2128065091606
31.6,881.1736951559435
31.8,881.1326790223565
32.0,881.0896923937606
32.2,881.0446673588824
32.4,880.9975337955983
32.6,880.9482193572478
32.8,880.8966494595375
33.0,880.842747268096
33.2,880.7864336867441
33.4,880.7276273465363
33.6,880.6662445956364
33.8,880.6021994900825
34.0,880.5354037854997
34.2,880.4657669298152
34.4,880.393196057028
34.6,880.3175959820873
34.8,880.2388691969277
35.0,880.1569158677086
35.2,880.0716338333034
35.4,879.9829186050822
35.6,879.8906633680272
35.8,879.7947589832185
36.0,879.695093991726
36.2,879.5915546199379
36.4,879.484024786356
36.6,879.3723861098815
36.8,879.2565179196155
37.0,879.1362972661925
37.2,879.011598934662
37.4,878.8822954589289
37.6,878.7482571377647
37.8,878.6093520523898
38.0,878.4654460856301
38.2,878.3164029426449
38.4,878.162084173217
38.6,878.0023491955977
38.8,877.8370553218878
39.0,877.6660577849373
39.2,877.4892097667388
39.4,877.3063624282867
39.6,877.117364940866
39.8,876.9220645187315
40.0,876.7203064531288
40.2,876.5119341475994
40.4,876.2967891545028
40.6,876.0747112126744
40.8,875.8455382861174
41.0,875.6091066036084
41.2,875.3652506990618
41.4,875.1138034524641
41.6,874.8545961311337
41.8,874.5874584310022
42.0,874.3122185175268
42.2,874.0287030657422
42.4,873.7367372988297
42.6,873.4361450244221
42.8,873.1267486676658
43.0,872.8083692998314
43.2,872.4808266609872
43.4,872.1439391749279
43.6,871.7975239541888
43.8,871.4413967925663
44.0,871.0753721421203
44.2,870.6992630711645
44.4,870.3128811992592
44.6,869.9160366047474
44.8,869.5085376999206
45.0,869.0901910685178
45.2,868.6608012599723
45.4,868.2201705346621
45.6,867.7680985544608
45.8,867.3043820131298
46.0,866.8288142016132
46.2,866.3411845041196
46.4,865.8412778220174
46.6,865.3288739240655
46.8,864.8037467233302
47.0,864.2656634832927
47.2,863.7143839580866
47.4,863.1496594744507
47.6,862.5712319657614
47.8,861.9788329713149
48.0,861.3721826167298
48.2,860.7509885938185
48.4,860.1149451603771
48.6,859.4637321819507
48.8,858.7970142386077
49.0,858.1144398200165
49.2,857.4156406315775
49.4,856.7002310330004
49.6,855.9678076285206
49.8,855.2179490249823
50.0,854.4502157703582
