0.0,773.2657224221088
0.2,775.406792749349
0.4,777.5122267076524
0.6,779.5829873543481
0.8,781.6199973256297
1.0,783.6241378589184
1.2,785.5962480628286
1.4,787.5371244357773
1.6,789.4475206319898
1.8,791.3281474714122
2.0,793.1796731878728
2.2,795.0027239077688
2.4,796.7978843496076
2.6,798.5656987329406
2.8,800.3066718835955
3.0,802.0212705206627
3.2,803.7099247094474
3.4,805.3730294635512
3.6,807.01094647842
3.8,808.624005978084
4.0,810.212508656427
4.2,811.7767276941476
4.4,813.3169108326126
4.6,814.8332824860444
4.8,816.3260458739179
5.0,817.7953851560608
5.2,819.241467553717
5.4,820.664445440774
5.6,822.0644583903925
5.8,823.441635163454
6.0,824.7960956264847
6.2,826.1279525880458
6.4,827.4373135439449
6.6,828.7242823230309
6.8,829.9889606267412
7.0,831.2314494569785
7.2,832.4518504282685
7.4,833.6502669614904
7.6,834.8268053577498
7.8,835.981575752183
8.0,837.1146929486093
8.2,838.2262771370036
8.4,839.3164544967067
8.6,840.3853576891461
8.8,841.4331262445891
9.0,842.4599068480915
9.2,843.4658535303425
9.4,844.4511277695389
9.6,845.4158985107548
9.8,846.3603421095061
10.0,847.2846422063456
10.2,848.1889895393888
10.4,849.0735817016337
10.6,849.9386228498462
10.8,850.7843233716195
11.0,851.6108995169885
11.2,852.4185730007189
11.4,853.2075705810724
11.6,853.978123620508
11.8,854.7304676334043
12.0,855.4648418255059
12.2,856.181488629386
12.4,856.8806532398144
12.6,857.5625831525134
12.8,858.2275277093792
13.0,858.8757376528519
13.2,859.5074646917433
13.4,860.1229610804609
13.6,860.722479213229
13.8,861.3062712345838
14.0,861.8745886671202
14.2,862.4276820571927
14.4,862.9658006390259
14.6,863.4891920174634
14.8,863.9981018693818
15.0,864.492773663626
15.2,864.9734483991679
15.4,865.4403643610566
15.6,865.8937568936296
15.8,866.333858190357
16.0,866.7608970996249
16.2,867.1750989457147
16.4,867.5766853641886
16.6,867.965874150878
16.8,868.3428791236523
17.0,868.7079099961492
17.2,869.0611722626534
17.4,869.4028670933279
17.6,869.733191239024
17.8,870.0523369449236
18.0,870.3604918723031
18.2,870.657839027735
18.4,870.9445566990901
18.6,871.2208183977355
18.8,871.4867928063665
19.0,871.7426437319461
19.2,871.9885300632719
19.4,872.2246057327197
19.6,872.4510196817563
19.8,872.6679158298493
20.0,872.8754330464324
20.2,873.0737051256184
20.4,873.2628607633836
20.6,873.443023536974
20.8,873.6143118863088
21.0,873.7768390971822
21.2,873.9307132860882
21.4,874.0760373865076
21.6,874.2129091365206
21.8,874.3414210676245
22.0,874.4616604946441
22.2,874.5737095066455
22.4,874.6776449587703
22.6,874.7735384649153
22.8,874.8614563912017
23.0,874.9414598501745
23.2,875.0136046956901
23.4,875.0779415184501
23.6,875.1345156421479
23.8,875.1833671201998
24.0,875.224530733034
24.2,875.2580359859204
24.4,875.283907107319
24.6,875.3021630477386
24.8,875.3128174790883
25.0,875.3158787945174
25.2,875.3113501087355
25.4,875.2992292588062
25.6,875.2795088054162
25.8,875.2521760346149
26.0,875.2172129600293
26.2,875.1745963255573
26.4,875.124297608543
26.6,875.0662830234468
26.8,875.0005135260171
27.0,874.9269448179816
27.2,874.845527352273
27.4,874.7562063388115
27.6,874.6589217508699
27.8,874.5536083320528
28.0,874.4401956039244
28.2,874.3186078743292
28.4,874.1887642464553
28.6,874.0505786286982
28.8,873.9039597453935
29.0,873.7488111484967
29.2,873.5850312302995
29.4,873.4125132372873
29.6,873.2311452852554
29.8,873.0408103758194
30.0,872.8413864144721
30.2,872.6327462303612
30.4,872.4147575979819
30.6,872.1872832610043
30.8,871.9501809584821
31.0,871.703303453712
31.2,871.4464985660533
31.4,871.1796092060368
31.6,870.9024734141387
31.8,870.6149244036196
32.0,870.3167906078742
32.2,870.0078957327701
32.4,869.688058814499
32.6,869.3570942834949
32.8,869.014812035024
33.0,868.6610175070792
33.2,868.2955117662594
33.4,867.9180916023396
33.6,867.5285496322791
33.8,867.1266744144357
34.0,866.7122505737797
34.2,866.2850589389185
34.4,865.8448766917487
34.6,865.3914775305532
34.8,864.9246318473487
35.0,864.444106920266
35.2,863.9496671217059
35.4,863.4410741429645
35.6,862.9180872359453
35.8,862.3804634724952
36.0,861.8279580217849
36.2,861.2603244460308
36.4,860.6773150146975
36.6,860.0786810371487
36.8,859.4641732135108
37.0,858.833542003287
37.2,858.1865380110135
37.4,857.5229123879673
37.6,856.8424172486419
37.8,856.1448061003774
38.0,855.4298342841923
38.2,854.6972594244966
38.4,853.9468418849847
38.6,853.1783452276142
38.8,852.3915366711697
39.0,851.5861875455038
39.2,850.7620737371382
39.4,849.9189761215031
39.6,849.0566809767041
39.8,848.1749803733334
40.0,847.2736725344953
40.2,846.3525621599072
40.4,845.4114607076616
40.6,844.4501866270215
40.8,843.4685655354515
41.0,842.4664303329937
41.2,841.4436212470739
41.4,840.3999858008779
41.6,839.3353786985821
41.8,838.2496616209636
42.0,837.1427029252426
42.2,836.014377243458
42.4,834.8645649742077
42.6,833.6931516632472
42.8,832.5000272691832
43.0,831.2850853113661
43.2,830.0482218980441
43.4,828.7893346338951
43.6,827.5083214071987
43.8,826.2050790581328
44.0,824.8795019309717
44.2,823.531480314308
44.4,822.1608987748106
44.6,820.7676343914414
44.8,819.351554898481
45.0,817.9125167471158
45.2,816.4503630967271
45.4,814.9649217483535
45.6,813.4560030340534
45.8,811.9233976770711
46.0,810.3668746387659
46.2,808.7861789691967
46.4,807.1810296790284
46.6,805.5511176510516
46.8,803.8961036100329
47.0,802.215616169857
47.2,800.509249976959
47.4,798.7765639688636
47.6,797.0170797662506
47.8,795.2302802163556
48.0,793.4156081046635
48.2,791.572465050813
48.4,789.7002106033531
48.6,787.7981615465421
48.8,785.8655914307274
49.0,783.9017303360318
49.2,781.9057648771155
49.4,779.8768384546892
49.6,777.8140517572726
49.8,775.7164635144294
50.0,773.5830915003929
