0.0,751.8738485449096
0.2,754.6318034321536
0.4,757.3282484595118
0.6,759.9648830048501
0.8,762.5433680252877
1.0,765.0653248214117
1.2,767.5323339598575
1.4,769.945934356189
1.6,772.3076225187842
1.8,774.6188519532341
2.0,776.881032725593
2.2,779.0955311817008
2.4,781.2636698187346
2.6,783.3867273041568
2.8,785.4659386363186
3.0,787.5024954401497
3.2,789.4975463906381
3.4,791.4521977561769
3.6,793.3675140533205
3.8,795.2445188040784
4.0,797.0841953865485
4.2,798.8874879694855
4.4,800.6553025212799
4.6,802.3885078838094
4.8,804.0879369017028
5.0,805.7543875977102
5.2,807.3886243851218
5.4,808.9913793084839
5.6,810.5633533042329
5.8,812.1052174733015
6.0,813.6176143582212
6.2,815.1011592177542
6.4,816.5564412926298
6.6,817.9840250565118
6.8,819.3844514468971
7.0,820.7582390712155
7.2,822.1058853839659
7.4,823.4278678312877
7.6,824.7246449599057
7.8,825.9966574879079
8.0,827.2443293353145
8.2,828.4680686128636
8.4,829.6682685678737
8.6,830.8453084864523
8.8,831.9995545516798
9.0,833.1313606577426
9.2,834.241069180272
9.4,835.3290117034242
9.6,836.3955097044496
9.8,837.440875196707
10.0,838.4654113322293
10.2,839.4694129650932
10.4,840.4531671769406
10.6,841.4169537660869
10.8,842.3610457017064
11.0,843.2857095446199
11.2,844.1912058362337
11.4,845.077789457174
11.6,845.9457099571576
11.8,846.7952118576088
12.0,847.6265349285068
12.2,848.4399144409025
12.4,849.235581396501
12.6,850.0137627356503
12.8,850.7746815250307
13.0,851.5185571262716
13.2,852.2456053466783
13.4,852.9560385731847
13.6,853.6500658905956
13.8,854.3278931851271
14.0,854.9897232342003
14.2,855.6357557833908
14.4,856.2661876113908
14.6,856.8812125837898
14.8,857.4810216964427
15.0,858.0658031091463
15.2,858.6357421703111
15.4,859.1910214332794
15.6,859.7318206649032
15.8,860.2583168469712
16.0,860.770684171036
16.2,861.2690940271758
16.4,861.753714987189
16.6,862.2247127827047
16.8,862.6822502786661
17.0,863.1264874426215
17.2,863.5575813102416
17.4,863.9756859474579
17.6,864.380952409605
17.8,864.7735286979259
18.0,865.1535597137886
18.2,865.5211872109413
18.4,865.8765497461226
18.6,866.219782628325
18.8,866.5510178669973
19.0,866.8703841194548
19.2,867.1780066377561
19.4,867.4740072152894
19.6,867.758504133298
19.8,868.0316121075638
20.0,868.2934422354534
20.2,868.5441019435193
20.4,868.7836949358383
20.6,869.012321143258
20.8,869.230076673708
21.0,869.4370537637267
21.2,869.6333407313393
21.4,869.8190219304172
21.6,869.9941777066358
21.8,870.158884355141
22.0,870.3132140800244
22.2,870.4572349557012
22.4,870.5910108902721
22.6,870.7146015909501
22.8,870.8280625316182
23.0,870.931444922584
23.2,871.0247956825859
23.4,871.1081574131017
23.6,871.1815683750043
23.8,871.2450624676048
24.0,871.2986692101159
24.2,871.342413725565
24.4,871.3763167271825
24.6,871.4003945072842
24.8,871.414658928665
25.0,871.4191174185146
25.2,871.4137729648636
25.4,871.3986241155637
25.6,871.3736649798024
25.8,871.338885232147
26.0,871.2942701191131
26.2,871.2398004682415
26.4,871.1754526996727
26.6,871.101198840197
26.8,871.0170065397543
27.0,870.9228390903601
27.2,870.8186554474189
27.4,870.7044102533924
27.6,870.5800538637758
27.8,870.4455323753338
28.0,870.3007876565451
28.2,870.1457573801919
28.4,869.9803750580278
28.6,869.8045700774537
28.8,869.6182677401171
29.0,869.4213893023477
29.2,869.2138520173363
29.4,868.9955691789465
29.6,868.7664501670523
29.8,868.5264004942733
30.0,868.2753218539804
30.2,868.0131121694276
30.4,867.7396656438575
30.6,867.4548728114191
30.8,867.1586205887218
31.0,866.8507923268413
31.2,866.5312678635805
31.4,866.1999235757736
31.6,865.8566324314128
31.8,865.5012640413609
32.0,865.1336847104028
32.2,864.7537574873709
32.4,864.3613422140685
32.6,863.9562955727005
32.8,863.5384711315029
33.0,863.1077193882494
33.2,862.6638878112947
33.4,862.2068208778003
33.6,861.7363601087665
33.8,861.2523441004778
34.0,860.75460855195
34.2,860.2429862879427
34.4,859.717307277083
34.6,859.1773986446185
34.8,858.623084679293
35.0,858.0541868338131
35.2,857.4705237183407
35.4,856.8719110864192
35.6,856.2581618126999
35.8,855.6290858618066
36.0,854.9844902476295
36.2,854.3241789823
36.4,853.647953014051
36.6,852.955610153119
36.8,852.2469449847883
37.0,851.5217487686274
37.2,850.7798093229019
37.4,850.0209108930915
37.6,849.244834003371
37.8,848.4513552898497
38.0,847.640247314294
38.2,846.8112783569869
38.4,845.9642121873145
38.6,845.0988078105919
38.8,844.2148191895823
39.0,843.3119949390943
39.2,842.3900779919919
39.4,841.4488052348909
39.6,840.4879071117861
39.8,839.5071071938145
40.0,838.506121713349
40.2,837.4846590606127
40.4,836.4424192410295
40.6,835.3790932915597
40.8,834.2943626543414
41.0,833.1878985060459
41.2,832.0593610414819
41.4,830.9083987101345
41.6,829.734647404519
41.8,828.5377295994547
42.0,827.3172534416296
42.2,826.0728117891381
42.4,824.8039812010177
42.6,823.510320877207
42.8,822.1913715497741
43.0,820.8466543267434
43.2,819.4756694903607
43.4,818.0778952521841
43.6,816.6527864679753
43.8,815.1997733159774
44.0,813.7182599428047
44.2,812.2076230818225
44.4,810.6672106495662
44.6,809.0963403264217
44.8,807.494298128451
45.0,805.8603369779083
45.2,804.1936752806192
45.4,802.4934955189922
45.6,800.7589428699929
45.8,798.9891238579079
46.0,797.183105052162
46.2,795.3399118208226
46.4,793.458527150694
46.6,791.5378905451003
46.8,789.5768970105356
47.0,787.5743961433373
47.2,785.5291913274025
47.4,783.4400390537095
47.6,781.3056483720272
47.8,779.1246804846941
48.0,776.8957484917216
48.2,774.6174172957313
48.4,772.2882036743721
48.6,769.9065765268848
48.8,767.4709573004125
49.0,764.9797206004747
49.2,762.431194988773
49.4,759.8236639701761
49.6,757.1553671693458
49.8,754.4245016960522
50.0,751.6292236967786
