0.0,480.11013057930984
0.2,485.6133404551587
0.4,491.0775879431218
0.6,496.5016723262495
0.8,501.8844376756671
1.0,507.2247738107188
1.2,512.5216171198558
1.4,517.7739512411478
1.6,522.9808076021257
1.8,528.1412658194787
2.0,533.254453959925
2.2,538.3195486643481
2.4,543.335775138029
2.6,548.3024070105045
2.8,553.2187660692375
3.0,558.0842218718935
3.2,562.8981912425667
3.4,567.6601376577979
3.6,572.3695705286617
3.8,577.0260443855665
4.0,581.6291579727315
4.2,586.1785532595377
4.4,590.6739143761391
4.6,595.1149664808324
4.8,599.5014745667405
5.0,603.8332422153629
5.2,608.1101103044829
5.4,612.331955677805
5.6,616.498689783541
5.8,620.6102572889371
6.0,624.666634677502
6.2,628.6678288353903
6.4,632.6138756330886
6.6,636.5048385081956
6.8,640.3408070547237
7.0,644.1218956239594
7.2,647.8482419415233
7.4,651.5200057448594
7.6,655.1373674449776
7.8,658.7005268158558
8.0,662.2097017145105
8.2,665.6651268343377
8.4,669.0670524939446
8.6,672.4157434633167
8.8,675.7114778288064
9.0,678.9545458980931
9.2,682.1452491459418
9.4,685.2838992012933
9.6,688.3708168759409
9.8,691.406331234795
10.0,694.3907787075117
10.2,697.3245022410503
10.4,700.2078504925452
10.6,703.0411770617153
10.8,705.824839761896
11.0,708.5591999286586
11.2,711.244621764891
11.4,713.8814717211251
11.6,716.4701179098437
11.8,719.0109295524483
12.0,721.5042764575452
12.2,723.9505285291832
12.4,726.3500553036791
12.6,728.7032255136695
12.8,731.0104066780433
13.0,733.2719647164362
13.2,735.4882635869936
13.4,737.659664946153
13.6,739.7865278292301
13.8,741.8692083506428
14.0,743.9080594226539
14.2,745.9034304915605
14.4,747.8556672903126
14.6,749.765111606589
14.8,751.6321010654176
15.0,753.4569689254661
15.2,755.24004388819
15.4,756.9816499190648
15.6,758.6821060801777
15.8,760.3417263734998
16.0,761.9608195941989
16.2,763.5396891933957
16.4,765.0786331498017
16.6,766.5779438497165
16.8,768.0379079748873
17.0,769.4588063977748
17.2,770.8409140837905
17.4,772.1845000000992
17.6,773.4898270306079
17.8,774.7571518967812
18.0,775.9867250839471
18.2,777.1787907727748
18.4,778.3335867756252
18.6,779.4513444774905
18.8,780.532288781255
19.0,781.5766380570224
19.2,782.5846040952692
19.4,783.5563920635946
19.6,784.492200466849
19.8,785.3922211104344
20.0,786.2566390665787
20.2,787.0856326433953
20.4,787.8793733565493
20.6,788.6380259033593
20.8,789.3617481391705
21.0,790.0506910558457
21.2,790.7049987622244
21.4,791.3248084664111
21.6,791.9102504597577
21.8,792.4614481024144
22.0,792.9785178103289
22.2,793.4615690435811
22.4,793.9107042959453
22.6,794.3260190855818
22.8,794.7076019467642
23.0,795.0555344225539
23.2,795.3698910583438
23.4,795.6507393961941
23.6,795.8981399698956
23.8,796.1121463006974
24.0,796.2928048936448
24.2,796.4401552344801
24.4,796.5542297870622
24.6,796.635053991271
24.8,796.6826462613676
25.0,796.6970179847875
25.2,796.6781735213493
25.4,796.6261102028714
25.6,796.5408183331906
25.8,796.4222811885886
26.0,796.2704750186331
26.2,796.0853690474511
26.4,795.8669254754553
26.6,795.6150994815553
26.8,795.3298392258835
27.0,795.011085853083
27.2,794.6587734962014
27.4,794.272829281247
27.6,793.8531733324662
27.8,793.3997187784133
28.0,792.9123717588808
28.2,792.3910314327757
28.4,791.8355899870244
28.6,791.2459326466026
28.8,790.6219376857865
29.0,789.9634764407351
29.2,789.270413323513
29.4,788.5426058376762
29.6,787.7799045955461
29.8,786.9821533373038
30.0,786.1491889520479
30.2,785.2808415009611
30.4,784.3769342427408
30.6,783.4372836614601
30.8,782.4616994970232
31.0,781.449984778403
31.2,780.4019358598404
31.4,779.3173424602106
31.6,778.195987705758
31.8,777.037648176419
32.0,775.8420939559643
32.2,774.6090886861977
32.4,773.3383896254683
32.6,772.029747711764
32.8,770.6829076306681
33.0,769.2976078884809
33.2,767.8735808908226
33.4,766.4105530270556
33.6,764.9082447608835
33.8,763.3663707275095
34.0,761.7846398377583
34.2,760.1627553895942
34.4,758.5004151874982
34.6,756.7973116701957
34.8,755.0531320472575
35.0,753.2675584451406
35.2,751.4402680632626
35.4,749.5709333407497
35.6,747.6592221345404
35.8,745.7047979095681
36.0,743.7073199417948
36.2,741.6664435349143
36.4,739.5818202515937
36.6,737.4530981601698
36.8,735.2799220977722
37.0,733.0619339508918
37.2,730.7987729544657
37.4,728.4900760105996
37.6,726.1354780280949
37.8,723.7346122839933
38.0,721.287110808394
38.2,718.7926047938333
38.4,716.2507250305484
38.6,713.6611023689705
38.8,711.0233682108109
39.0,708.3371550301034
39.2,705.6020969255718
39.4,702.8178302056647
39.6,699.9839940075778
39.8,697.1002309515334
40.0,694.1661878315285
40.2,691.1815163436838
40.4,688.1458738532252
40.6,685.0589242010185
40.8,681.9203385504289
41.0,678.7297962751287
41.2,675.4869858882818
41.4,672.1916060133353
41.6,668.8433663964171
41.8,665.4419889600824
42.0,661.9872088978818
42.2,658.4787758089218
42.4,654.9164548712703
42.6,651.3000280527234
42.8,647.6292953570859
43.0,643.9040761037523
43.2,640.1242102379816
43.4,636.2895596688624
43.6,632.4000096315616
43.8,628.4554700700342
44.0,624.455877035965
44.2,620.4011940993034
44.4,616.2914137653546
44.6,612.1265588930008
44.8,607.9066841082625
45.0,603.6318772070545
45.2,599.3022605406783
45.4,594.9179923773014
45.6,590.4792682324208
45.8,585.9863221611018
46.0,581.4394280046154
46.2,576.8389005839848
46.4,572.1850968328915
46.6,567.4784168623835
46.8,562.7193049498878
47.0,557.9082504451446
47.2,553.0457885858617
47.4,548.1325012161293
47.6,543.1690174009505
47.8,538.1560139306082
48.0,533.0942157090296
48.2,527.9843960208023
48.4,522.8273766720473
48.6,517.624028000966
48.8,512.375268754526
49.0,507.0820658284581
49.2,501.74543386847114
49.4,496.366434731364
49.6,490.94617680551164
49.8,485.4858141910164
50.0,479.98654574064284
