0.0,856.8217625208842
0.2,857.5316174275938
0.4,858.2263960922116
0.6,858.9062822199924
0.8,859.5714599481216
1.0,860.2221138277752
1.2,860.8584288042158
1.4,861.480590194913
1.6,862.088783665673
1.8,862.6831952047736
2.0,863.264011095108
2.2,863.8314178843459
2.4,864.385602353127
2.6,864.9267514813113
2.8,865.4550524123138
3.0,865.9706924155613
3.2,866.4738588471103
3.4,866.964739108478
3.6,867.4435206037385
3.8,867.9103906949437
4.0,868.365536655936
4.2,868.8091456246241
4.4,869.2414045537947
4.6,869.6625001605453
4.8,870.0726188744189
5.0,870.4719467843341
5.2,870.8606695844
5.4,871.2389725187152
5.6,871.6070403252502
5.8,871.9650571789153
6.0,872.3132066339205
6.2,872.6516715655324
6.4,872.9806341113415
6.6,873.3002756121449
6.8,873.6107765525616
7.0,873.912316501487
7.2,874.2050740525052
7.4,874.4892267643653
7.6,874.764951101639
7.8,875.0324223756678
8.0,875.2918146859105
8.2,875.5433008618004
8.4,875.787052405218
8.6,876.0232394336851
8.8,876.2520306243819
9.0,876.4735931590857
9.2,876.6880926701315
9.4,876.8956931874836
9.6,877.0965570870098
9.8,877.2908450400448
10.0,877.478715964324
10.2,877.6603269763663
10.4,877.8358333453782
10.6,878.0053884487496
10.8,878.1691437292038
11.0,878.3272486536621
11.2,878.4798506738773
11.4,878.6270951888848
11.6,878.7691255093154
11.8,878.9060828236088
12.0,879.0381061661615
12.2,879.1653323874363
12.4,879.2878961260568
12.6,879.4059297829057
12.8,879.5195634972351
13.0,879.6289251248011
13.2,879.7341402180191
13.4,879.8353320081397
13.6,879.9326213894354
13.8,880.0261269053831
14.0,880.1159647368269
14.2,880.2022486920945
14.4,880.2850901990413
14.6,880.3645982989898
14.8,880.4408796425249
15.0,880.5140384871087
15.2,880.5841766964649
15.4,880.651393741687
15.6,880.715786704018
15.8,880.7774502792422
16.0,880.8364767836355
16.2,880.8929561614073
16.4,880.9469759935704
16.6,880.9986215081734
16.8,881.0479755918219
17.0,881.0951188024201
17.2,881.1401293830556
17.4,881.1830832769542
17.6,881.224054143425
17.8,881.2631133747188
18.0,881.3003301137203
18.2,881.3357712723916
18.4,881.3695015508893
18.6,881.4015834572693
18.8,881.4320773277019
19.0,881.461041347112
19.2,881.4885315701648
19.4,881.5146019425164
19.6,881.5393043222454
19.8,881.5626885013904
20.0,881.5848022275111
20.2,881.6056912251966
20.4,881.6253992174446
20.6,881.6439679468374
20.8,881.6614371964391
21.0,881.6778448103454
21.2,881.693226713815
21.4,881.7076169329154
21.6,881.7210476136181
21.8,881.7335490402803
22.0,881.7451496534532
22.2,881.7558760669575
22.4,881.7657530841739
22.6,881.7748037134935
22.8,881.7830491828795
23.0,881.790508953495
23.2,881.7972007323517
23.4,881.8031404839408
23.6,881.8083424408069
23.8,881.812819113034
24.0,881.816581296611
24.2,881.81963808065
24.4,881.8219968534328
24.6,881.823663307269
24.8,881.8246414421438
25.0,881.8249335681459
25.2,881.8245403066636
25.4,881.8234605903465
25.6,881.8216916618239
25.8,881.8192290711884
26.0,881.8160666722423
26.2,881.8121966175203
26.4,881.8076093520965
26.6,881.8022936061933
26.8,881.796236386609
27.0,881.789422966987
27.2,881.781836876953
27.4,881.7734598901474
27.6,881.764272011187
27.8,881.75425146159
28.0,881.7433746647052
28.2,881.7316162296842
28.4,881.7189489345445
28.6,881.7053437083721
28.8,881.6907696127103
29.0,881.6751938221942
29.2,881.6585816044826
29.4,881.6408962995505
29.6,881.6220992984007
29.8,881.6021500212612
30.0,881.5810058953327
30.2,881.5586223321568
30.4,881.5349527046736
30.6,881.5099483240431
30.8,881.4835584163022
31.0,881.455730098936
31.2,881.426408357437
31.4,881.395536021935
31.6,881.3630537439716
31.8,881.3288999735055
32.0,881.2930109362248
32.2,881.255320611251
32.4,881.2157607093138
32.6,881.1742606514814
32.8,881.1307475485257
33.0,881.0851461810065
33.2,881.037378980152
33.4,880.9873660096194
33.6,880.9350249482136
33.8,880.8802710736411
34.0,880.8230172473778
34.2,880.7631739007246
34.4,880.7006490221237
34.6,880.6353481458091
34.8,880.5671743418577
35.0,880.4960282077092
35.2,880.4218078612182
35.4,880.3444089352992
35.6,880.2637245742231
35.8,880.17964543162
36.0,880.092059670236
36.2,880.000852963498
36.4,879.9059084989226
36.6,879.8071069834142
36.8,879.7043266504841
37.0,879.5974432694228
37.2,879.4863301564535
37.4,879.3708581878836
37.6,879.2508958152772
37.8,879.126309082656
38.0,878.996961645738
38.2,878.8627147932153
38.4,878.723427470068
38.6,878.5789563029059
38.8,878.4291556273237
39.0,878.2738775172529
39.2,878.1129718162839
39.4,877.9462861709305
39.6,877.7736660658023
39.8,877.5949548606451
40.0,877.4099938292027
40.2,877.2186221998546
40.4,877.0206771979703
40.6,876.8159940899228
40.8,876.6044062286982
41.0,876.3857451010284
41.2,876.1598403759799
41.4,875.926519954915
41.6,875.6856100227487
41.8,875.4369351004143
42.0,875.1803180984484
42.2,874.9155803716062
42.4,874.6425417744078
42.6,874.3610207175228
42.8,874.070834224888
43.0,873.7717979914603
43.2,873.463726441498
43.4,873.1464327872654
43.6,872.819729088054
43.8,872.4834263094133
44.0,872.1373343824805
44.2,871.7812622633043
44.4,871.4150179920503
44.6,871.0384087519847
44.8,870.6512409281261
45.0,870.2533201654605
45.2,869.8444514266183
45.4,869.4244390489067
45.6,868.9930868006021
45.8,868.5501979364026
46.0,868.0955752519487
46.2,867.6290211373206
46.4,867.1503376294243
46.6,866.6593264631854
46.8,866.155789121471
47.0,865.6395268836646
47.2,865.1103408728263
47.4,864.5680321013728
47.6,864.0124015152192
47.8,863.4432500363287
48.0,862.8603786036222
48.2,862.2635882122077
48.4,861.6526799508919
48.6,861.027455037946
48.8,860.3877148551021
49.0,859.7332609797643
49.2,859.063895215424
49.4,858.3794196202772
49.6,857.6796365340434
49.8,856.9643486030023
50.0,856.2333588032583
