0.0,816.3874279845126
0.2,818.3700402310104
0.4,820.3089229490349
0.6,822.2043089376207
0.8,824.0564494031
1.0,825.8656147185695
1.2,827.632095079643
1.4,829.3562010533739
1.6,831.0382640179517
1.8,832.6786364915181
2.0,834.2776923491858
2.2,835.8358269280859
2.4,837.3534570209983
2.6,838.8310207598385
2.8,840.2689773909683
3.0,841.6678069449749
3.2,843.0280098041954
3.4,844.3501061718778
3.6,845.634635447426
3.8,846.8821555127042
4.0,848.0932419348443
4.2,849.2684870914248
4.4,850.4084992242603
4.6,851.5139014283524
4.8,852.5853305828178
5.0,853.6234362308043
5.2,854.6288794155568
5.4,855.6023314798791
5.6,856.5444728362747
5.8,857.4559917150234
6.0,858.3375828973789
6.2,859.1899464409494
6.4,860.0137864041465
6.6,860.8098095763755
6.8,861.5787242203799
7.0,862.3212388328557
7.2,863.0380609291274
7.4,863.7298958573094
7.6,864.3974456470007
7.8,865.0414078971464
8.0,865.6624747072821
8.2,866.2613316559355
8.4,866.8386568295181
8.6,867.3951199045855
8.8,867.9313812858964
9.0,868.448091302251
9.2,868.9458894616479
9.4,869.4254037668644
9.6,869.8872500921497
9.8,870.3320316213119
10.0,870.7603383471002
10.2,871.1727466314111
10.4,871.5698188255133
10.6,871.9521029491585
10.8,872.3201324271583
11.0,872.6744258817373
11.2,873.015486978732
11.4,873.3438043254924
11.6,873.6598514181578
11.8,873.9640866358187
12.0,874.2569532789495
12.2,874.5388796493837
12.4,874.8102791690359
12.6,875.0715505345065
12.8,875.3230779046863
13.0,875.5652311184599
13.2,875.7983659396241
13.4,876.0228243261674
13.6,876.2389347211027
13.8,876.4470123621139
14.0,876.6473596073542
14.2,876.8402662748279
14.4,877.026009992887
14.6,877.2048565594927
14.8,877.3770603080056
15.0,877.5428644774008
15.2,877.702501584933
15.4,877.856193799412
15.6,878.0041533133893
15.8,878.1465827126879
16.0,878.283675341852
16.2,878.4156156642276
16.4,878.5425796155146
16.6,878.6647349497674
16.8,878.7822415769441
17.0,878.8952518912283
17.2,879.0039110894622
17.4,879.1083574791426
17.6,879.2087227755339
17.8,879.3051323875555
18.0,879.397705692185
18.2,879.4865562972138
18.4,879.5717922922609
18.6,879.6535164880286
18.8,879.7318266438472
19.0,879.806815683612
19.2,879.8785719002714
19.4,879.9471791490686
19.6,880.0127170297797
19.8,880.0752610582254
20.0,880.134882827361
20.2,880.1916501582749
20.4,880.2456272414424
20.6,880.2968747685971
20.8,880.3454500555914
21.0,880.3914071566237
21.2,880.4347969702137
21.4,880.4756673373039
21.6,880.5140631318637
21.8,880.5500263443672
22.0,880.583596158502
22.2,880.6148090214634
22.4,880.6436987081679
22.6,880.6702963797105
22.8,880.6946306363727
23.0,880.7167275654715
23.2,880.7366107843211
23.4,880.7543014785618
23.6,880.7698184360868
23.8,880.7831780767829
24.0,880.7943944782766
24.2,880.8034793978536
24.4,880.810442290706
24.6,880.8152903246289
24.8,880.8180283912765
25.0,880.8186591140569
25.2,880.8171828527283
25.4,880.8135977047327
25.6,880.8078995032847
25.8,880.8000818122058
26.0,880.7901359174773
26.2,880.778050815457
26.4,880.763813197688
26.6,880.7474074322012
26.8,880.7288155411926
27.0,880.7080171749379
27.2,880.684989581778
27.4,880.659707573996
27.6,880.6321434893797
27.8,880.6022671482464
28.0,880.5700458056862
28.2,880.5354440987609
28.4,880.4984239883792
28.6,880.4589446955487
28.8,880.416962631695
29.0,880.3724313227186
29.2,880.3253013264501
29.4,880.2755201431547
29.6,880.2230321187251
29.8,880.1677783401994
30.0,880.1096965232342
30.2,880.0487208911626
30.4,879.98478204527
30.6,879.9178068259278
30.8,879.847718164231
31.0,879.7744349238038
31.2,879.6978717324527
31.4,879.6179388033702
31.6,879.5345417456239
31.8,879.4475813636908
32.0,879.356953445847
32.2,879.2625485412588
32.4,879.1642517256748
32.6,879.0619423556826
32.8,878.9554938115441
33.0,878.8447732287092
33.2,878.7296412181727
33.4,878.6099515759314
33.6,878.4855509818827
33.8,878.3562786886073
34.0,878.2219662005787
34.2,878.0824369444546
34.4,877.937505931216
34.6,877.786979411043
34.8,877.6306545219384
35.0,877.4683189332411
35.2,877.2997504852995
35.4,877.1247168267128
35.6,876.942975050679
35.8,876.7542713321293
36.0,876.5583405674566
36.2,876.3549060187859
36.4,876.1436789648582
36.6,875.9243583607251
36.8,875.6966305085729
37.0,875.4601687421
37.2,875.2146331269786
37.4,874.9596701800157
37.6,874.6949126097109
37.8,874.4199790809695
38.0,874.1344740067766
38.2,873.8379873696682
38.4,873.5300945758464
38.6,873.2103563447755
38.8,872.8783186370661
39.0,872.5335126233946
39.2,872.1754546971337
39.4,871.8036465332591
39.6,871.4175751959709
39.8,871.0167132973091
40.0,870.6005192088611
40.2,870.1684373284452
40.4,869.7198984034208
40.6,869.2543199120047
40.8,868.771106503691
41.0,868.2696504995497
41.2,867.7493324528443
41.4,867.2095217700487
41.6,866.6495773919595
41.8,866.0688485342043
42.0,865.4666754860322
42.2,864.8423904658439
42.4,864.1953185314864
42.6,863.52477854289
42.8,862.8300841741866
43.0,862.1105449719954
43.2,861.3654674561319
43.4,860.5941562585576
43.6,859.7959152959754
43.8,858.970048971072
44.0,858.1158633970313
44.2,857.2326676395875
44.4,856.3197749705614
44.6,855.3765041265367
44.8,854.402180566073
45.0,853.3961377186458
45.2,852.3577182183295
45.4,851.2862751151216
45.6,850.1811730567322
45.8,849.0417894336426
46.0,847.8675154802731
46.2,846.657757325185
46.4,845.41193698339
46.6,844.1294932840391
46.8,842.8098827270217
47.0,841.4525802623167
47.2,840.0570799863059
47.4,838.6228957496764
47.6,837.1495616720109
47.8,835.6366325586764
48.0,834.083684216186
48.2,832.4903136628001
48.4,830.8561392317755
48.6,829.1808005653301
48.8,827.4639584980796
49.0,825.705294829417
49.2,823.9045119850236
49.4,822.061332568434
49.6,820.1754988043112
49.8,818.2467718758146
50.0,816.274931159162
