0.0,776.6786917338724
0.2,778.7109371847529
0.4,780.7131903781874
0.6,782.6865727174667
0.8,784.6321213523338
1.0,786.5507878865326
1.2,788.4434378543787
1.4,790.3108509565485
1.6,792.1537220347996
1.8,793.9726627553837
2.0,795.7682039616827
2.2,797.5407986482501
2.4,799.2908255011109
2.6,801.0185929429821
2.8,802.7243436171058
3.0,804.4082592396996
3.2,806.0704657486349
3.4,807.7110386748798
3.6,809.3300086634209
3.8,810.9273670717855
4.0,812.5030715768077
4.2,814.0570517238426
4.4,815.5892143571025
4.6,817.0994488750129
4.8,818.5876322603672
5.0,820.0536338413949
5.2,821.4973197465396
5.4,822.918557022595
5.6,824.3172173927416
5.8,825.6931806378191
6.0,827.046337590746
6.2,828.3765927402367
6.4,829.683866445791
6.6,830.9680967712405
6.8,832.2292409488979
7.0,833.4672764904897
7.2,834.6822019645803
7.4,835.8740374630515
7.6,837.0428247814352
7.8,838.1886273395021
8.0,839.3115298695179
8.2,840.4116379000363
8.4,841.4890770630486
8.6,842.5439922518032
8.8,843.5765466557044
9.0,844.5869206974709
9.2,845.5753108962069
9.4,846.5419286783224
9.6,847.4869991563401
9.8,848.4107598936404
10.0,849.3134596711448
10.2,850.1953572698857
10.4,851.0567202813828
10.6,851.8978239557923
10.8,852.7189500959225
11.0,853.52038600347
11.2,854.3024234822054
11.4,855.0653579013808
11.6,855.8094873213016
11.8,856.5351116818618
12.0,857.2425320538237
12.2,857.9320499517842
12.4,858.6039667070559
12.6,859.2585828981254
12.8,859.8961978359087
13.0,860.5171091006957
13.2,861.1216121274538
13.4,861.709999836024
13.6,862.2825623026962
13.8,862.8395864696545
14.0,863.3813558888603
14.2,863.9081504970508
14.4,864.4202464186781
14.6,864.9179157937939
14.8,865.401426628074
15.0,865.8710426623862
15.2,866.327023259512
15.4,866.769623305847
15.6,867.1990931261151
15.8,867.6156784093267
16.0,868.0196201444106
16.2,868.4111545641279
16.4,868.7905130960419
16.6,869.1579223194841
16.8,869.5136039275842
17.0,869.857774693576
17.2,870.1906464406968
17.4,870.512426015106
17.6,870.8233152613362
17.8,871.1235109998768
18.0,871.4132050065475
18.2,871.6925839933946
18.4,871.9618295908788
18.6,872.2211183311776
18.8,872.4706216324566
19.0,872.7105057839958
19.2,872.9409319320813
19.4,873.1620560665954
19.6,873.3740290082507
19.8,873.5769963964312
20.0,873.7710986776102
20.2,873.9564710943238
20.4,874.1332436746858
20.6,874.3015412224321
20.8,874.4614833074872
21.0,874.6131842570456
21.2,874.7567531471649
21.4,874.8922937948636
21.6,875.0199047507222
21.8,875.1396792919815
22.0,875.2517054161319
22.2,875.3560658349921
22.4,875.4528379692664
22.6,875.5420939435783
22.8,875.6239005819714
23.0,875.6983194038704
23.2,875.765406620496
23.4,875.8252131317241
23.6,875.8777845233833
23.8,875.9231610649833
24.0,875.9613777078663
24.2,875.9924640837737
24.4,876.0164445038251
24.6,876.033337957901
24.8,876.0431581144247
25.0,876.045913320541
25.2,876.0416066026868
25.4,876.0302356675521
25.6,876.0117929034291
25.8,875.9862653819497
26.0,875.9536348602114
26.2,875.9138777832928
26.4,875.8669652871606
26.6,875.8128632019708
26.8,875.7515320557683
27.0,875.6829270785872
27.2,875.6069982069589
27.4,875.5236900888297
27.6,875.4329420888955
27.8,875.3346882943575
28.0,875.2288575211036
28.2,875.1153733203207
28.4,874.9941539855427
28.6,874.8651125601372
28.8,874.7281568452347
29.0,874.5831894081034
29.2,874.4301075909702
29.4,874.2688035202906
29.6,874.0991641164673
29.8,873.9210711040186
30.0,873.7344010221962
30.2,873.5390252360523
30.4,873.3348099479597
30.6,873.1216162095844
30.8,872.8992999343212
31.0,872.6677119101976
31.2,872.426697813264
31.4,872.176098221494
31.6,871.9157486292246
31.8,871.6454794621849
32.0,871.365116093176
32.2,871.0744788584805
32.4,870.7733830751127
32.6,870.4616390590458
32.8,870.1390521445876
33.0,869.8054227051268
33.2,869.4605461755118
33.4,869.1042130763961
33.6,868.7362090409446
33.8,868.356314844379
34.0,867.9643064369336
34.2,867.559954980891
34.4,867.143026892491
34.6,866.7132838896284
34.8,866.2704830464031
35.0,865.8143768557438
35.2,865.3447133014909
35.4,864.8612359415138
35.6,864.3636840036272
35.8,863.8517924962749
36.0,863.325292336159
36.2,862.7839104952078
36.4,862.2273701694859
36.6,861.6553909728566
36.8,861.067689158405
37.0,860.4639778708045
37.2,859.843967432959
37.4,859.207365670373
37.6,858.5538782767643
37.8,857.8832092244551
38.0,857.1950612230189
38.2,856.4891362295313
38.4,855.7651360135447
38.6,855.0227627795841
38.8,854.2617198495102
39.0,853.481712406532
39.2,852.6824483019344
39.4,851.8636389247357
39.6,851.0250001334804
39.8,850.1662532482051
40.0,849.2871260992976
40.2,848.3873541284872
40.4,847.4666815355841
40.6,846.5248624628247
40.8,845.5616622068085
41.0,844.5768584460375
41.2,843.5702424700343
41.4,842.5416203939519
41.6,841.4908143405261
41.8,840.4176635692194
42.0,839.3220255305087
42.2,838.2037768215275
42.4,837.0628140177544
42.6,835.8990543541946
42.8,834.7124362286022
43.0,833.5029194987765
43.2,832.2704855459298
43.4,831.0151370765781
43.6,829.7368976364327
43.8,828.4358108113869
44.0,827.1119390929434
44.2,825.765362388313
44.4,824.3961761589592
44.6,823.004489175544
44.8,821.5904208820074
45.0,820.1540983668832
45.2,818.6956529458027
45.4,817.21521636543
45.6,815.7129166456924
45.8,814.1888735840113
46.0,812.643193952176
46.2,811.0759664234088
46.4,809.4872562738842
46.6,807.8770999093608
46.8,806.2454992734807
47.0,804.5924161995658
47.2,802.9177667722325
47.4,801.2214157687189
47.6,799.5031712523629
47.8,797.7627793920738
48.0,795.9999195818157
48.2,794.21419993303
48.4,792.4051532105063
48.6,790.5722332784919
48.8,788.714812118814
49.0,786.8321774765469
49.2,784.9235311813676
49.4,782.9879881843301
49.6,781.024576340478
49.8,779.0322369576921
50.0,777.0098261215991
