0.0,757.9284222723927
0.2,760.5059004130941
0.4,763.0265555636247
0.6,765.4922505506851
0.8,767.9047843268004
1.0,770.2658904418078
1.2,772.5772359466552
1.4,774.8404207245833
1.6,777.0569772390547
1.8,779.2283706824618
2.0,781.3559995048026
2.2,783.4411962972512
2.4,785.4852290019327
2.6,787.4893024163154
2.8,789.4545599584457
3.0,791.3820856578368
3.2,793.2729063361162
3.4,795.1279939415444
3.6,796.9482680021806
3.8,798.7345981637127
4.0,800.4878067797517
4.2,802.2086715245829
4.4,803.8979280009295
4.6,805.5562723180983
4.8,807.1843636188611
5.0,808.7828265365025
5.2,810.3522535665452
5.4,811.8932073406864
5.6,813.4062227933749
5.8,814.8918092141757
6.0,816.3504521815804
6.2,817.7826153761679
6.4,819.1887422730227
6.6,820.5692577150201
6.8,821.9245693700284
7.0,823.25506907624
7.2,824.5611340807441
7.4,825.8431281771147
7.6,827.1014027482336
7.8,828.3362977208067
8.0,829.5481424381148
8.2,830.7372564574722
8.4,831.9039502786796
8.6,833.0485260094887
8.8,834.1712779737463
9.0,835.2724932674978
9.2,836.3524522679045
9.4,837.4114290994012
9.6,838.4496920610768
9.8,839.4675040188478
10.0,840.4651227655834
10.2,841.442801351966
10.4,842.4007883905228
10.6,843.3393283349526
10.8,844.2586617365831
11.0,845.1590254795589
11.2,846.0406529961346
11.4,846.9037744632737
11.6,847.7486169815966
11.8,848.5754047375917
12.0,849.3843591499073
12.2,850.1756990004502
12.4,850.9496405509595
12.6,851.7063976456704
12.8,852.4461818006498
13.0,853.1692022803558
13.2,853.8756661619589
13.4,854.5657783879509
13.6,855.23974180756
13.8,855.8977572074889
14.0,856.5400233324956
14.2,857.1667368963306
14.4,857.7780925835534
14.6,858.3742830427489
14.8,858.9554988716644
15.0,859.5219285947909
15.2,860.0737586339073
15.4,860.6111732721074
15.6,861.1343546118186
15.8,861.643482527325
16.0,862.1387346122873
16.2,862.6202861227534
16.4,863.0883099161358
16.6,863.5429763866227
16.8,863.9844533974743
17.0,864.4129062106413
17.2,864.8284974141267
17.4,865.2313868474972
17.6,865.6217315259269
17.8,865.9996855631442
18.0,866.3654000936317
18.2,866.7190231944085
18.4,867.0606998067063
18.6,867.3905716578336
18.8,867.7087771834974
19.0,868.0154514508401
19.2,868.3107260824245
19.4,868.5947291813848
19.6,868.8675852579432
19.8,869.1294151574738
20.0,869.380335990278
20.2,869.6204610632236
20.4,869.8498998133781
20.6,870.0687577437584
20.8,870.2771363613025
21.0,870.4751331171556
21.2,870.6628413493512
21.4,870.84035022796
21.6,871.007744702763
21.8,871.1651054535012
22.0,871.3125088427429
22.2,871.4500268714041
22.4,871.5777271369461
22.6,871.6956727942754
22.8,871.8039225193579
23.0,871.9025304755619
23.2,871.9915462827348
23.4,872.0710149890178
23.6,872.1409770454017
23.8,872.2014682830202
24.0,872.252519893182
24.2,872.2941584101349
24.4,872.3264056965596
24.6,872.3492789317897
24.8,872.3627906027515
25.0,872.3669484976211
25.2,872.3617557021951
25.4,872.3472105989716
25.6,872.323306868939
25.8,872.2900334960716
26.0,872.2473747745317
26.2,872.1953103185765
26.4,872.1338150751711
26.6,872.0628593393081
26.8,871.9824087720349
27.0,871.892424421186
27.2,871.792862744825
27.4,871.6836756373898
27.6,871.5648104585399
27.8,871.4362100647023
28.0,871.2978128433047
28.2,871.1495527496874
28.4,870.991359346679
28.6,870.8231578468141
28.8,870.6448691571699
29.0,870.4564099267907
29.2,870.2576925966605
29.4,870.0486254521796
29.6,869.8291126780913
29.8,869.5990544157919
30.0,869.3583468229551
30.2,869.10688213538
30.4,868.8445487309706
30.6,868.5712311957333
30.8,868.2868103916707
31.0,867.9911635264342
31.2,867.6841642245793
31.4,867.3656826002576
31.6,867.0355853311581
31.8,866.6937357334942
32.0,866.3399938378178
32.2,865.9742164654194
32.4,865.5962573050559
32.6,865.2059669897336
32.8,864.803193173245
33.0,864.3877806061499
33.2,863.9595712108635
33.4,863.5184041554996
33.6,863.0641159260992
33.8,862.5965403968538
34.0,862.1155088979144
34.2,861.6208502803682
34.4,861.1123909779377
34.6,860.5899550649514
34.8,860.0533643101176
35.0,859.5024382256211
35.2,858.936994111051
35.4,858.3568470916613
35.6,857.7618101504535
35.8,857.15169415357
36.0,856.5263078684759
36.2,855.885457974409
36.4,855.2289490645743
36.6,854.5565836395562
36.8,853.8681620914235
37.0,853.1634826780053
37.2,852.4423414868073
37.4,851.7045323880468
37.6,850.9498469762731
37.8,850.1780745000377
38.0,849.3890017790659
38.2,848.5824131083627
38.4,847.758090148662
38.6,846.9158118025894
38.8,846.0553540758617
39.0,845.17648992278
39.2,844.2789890751905
39.4,843.3626178539829
39.6,842.4271389620678
39.8,841.4723112576119
40.0,840.4978895061297
40.2,839.503624109801
40.4,838.4892608121249
40.6,837.4545403757274
40.8,836.3991982307967
41.0,835.322964091248
41.2,834.2255615353017
41.4,833.1067075467099
41.6,831.9661120123881
41.8,830.8034771717043
42.0,829.6184970121676
42.2,828.4108566057424
42.4,827.1802313795213
42.6,825.9262863140268
42.8,824.6486750620103
43.0,823.3470389802959
43.2,822.021006067005
43.4,820.6701897964264
43.6,819.2941878438892
43.8,817.8925806932988
44.0,816.4649301205163
44.2,815.0107775465525
44.4,813.5296422556173
44.6,812.0210194744398
44.8,810.4843783109721
45.0,808.919159552614
45.2,807.3247733264399
45.4,805.700596626578
45.6,804.0459707168351
45.8,802.360198419871
46.0,800.6425413076311
46.2,798.8922168113031
46.4,797.1083952726871
46.6,795.290196962481
46.8,793.4366890944947
47.0,791.5468828681093
47.2,789.6197305742934
47.4,787.6541228030799
47.6,785.6488857924664
47.8,783.6027789601733
48.0,781.5144926604457
48.2,779.3826462080857
48.4,777.2057862110601
48.6,774.9823852513389
48.8,772.7108409510482
49.0,770.3894754575829
49.2,768.0165353770682
49.4,765.5901921805256
49.6,763.1085431013897
49.8,760.5696125367426
50.0,757.9713539578993
