0.0,828.8275043119463
0.2,830.8136280771736
0.4,832.7438716258199
0.6,834.6179157315152
0.8,836.4355604887294
1.0,838.1967288676522
1.2,839.9014690102658
1.4,841.549955261716
1.6,843.1424879490565
1.8,844.6794919368762
2.0,846.1615140058886
2.2,847.5892191159866
2.4,848.9633856292613
2.6,850.2848995808514
2.8,851.554748096011
3.0,852.7740120603576
3.2,853.9438581567524
3.4,855.0655303866698
3.6,856.1403411961837
3.8,857.1696623269328
4.0,858.1549155106584
4.2,859.0975631223075
4.4,859.9990989013901
4.6,860.8610388444625
4.8,861.6849123635068
5.0,862.4722537957811
5.2,863.2245943406926
5.4,863.9434544886124
5.6,864.6303369955491
5.8,865.2867204464658
6.0,865.9140534389592
6.2,866.5137494082402
6.4,867.0871821040267
6.6,867.6356817202499
6.8,868.1605316695037
7.0,868.6629659860608
7.2,869.1441673340867
7.4,869.6052655914951
7.6,870.0473369747018
7.8,870.4714036653683
8.0,870.878433897073
8.2,871.2693424576503
8.4,871.6449915616554
8.6,872.0061920469911
8.8,872.3537048500642
9.0,872.6882427148638
9.2,873.0104720929838
9.4,873.3210151937192
9.6,873.6204521459067
9.8,873.9093232360201
10.0,874.1881311901076
10.2,874.4573434703823
10.4,874.7173945605656
10.6,874.9686882173878
10.8,875.2115996688811
11.0,875.4464777432408
11.2,875.6736469150103
11.4,875.8934092581438
11.6,876.1060462980929
11.8,876.3118207574202
12.0,876.5109781915712
12.2,876.7037485133113
12.4,876.8903474059714
12.6,877.0709776270489
12.8,877.2458302048781
13.0,877.415085532046
13.2,877.5789143599859
13.4,877.7374786997575
13.6,877.8909326344329
13.8,878.0394230487746
14.0,878.1830902820261
14.2,878.3220687096692
14.4,878.456487259928
14.6,878.586469870671
14.8,878.7121358921507
15.0,878.8336004407796
15.2,878.9509747088523
15.4,879.0643662348208
15.6,879.1738791384058
15.8,879.2796143244999
16.0,879.3816696594929
16.2,879.4801401233245
16.4,879.5751179402633
16.6,879.6666926911106
16.8,879.7549514092472
17.0,879.8399786626803
17.2,879.9218566240036
17.4,880.0006651299535
17.6,880.0764817320513
17.8,880.14938173962
18.0,880.2194382563114
18.2,880.2867222111172
18.4,880.3513023847128
18.6,880.4132454318577
18.8,880.472615900475
19.0,880.5294762479417
19.2,880.5838868550381
19.4,880.6359060379406
19.6,880.6855900585747
19.8,880.7329931336013
20.0,880.77816744226
20.2,880.8211631332545
20.4,880.8620283308384
20.6,880.900809140226
20.8,880.9375496524337
21.0,880.9722919486361
21.2,881.005076104106
21.4,881.0359401917933
21.6,881.0649202855852
21.8,881.092050463284
22.0,881.1173628093255
22.2,881.1408874172636
22.4,881.1626523920293
22.6,881.1826838519809
22.8,881.2010059307496
23.0,881.217640778886
23.2,881.23260856531
23.4,881.2459274785666
23.6,881.2576137278861
23.8,881.2676815440486
24.0,881.2761431800515
24.2,881.283008911579
24.4,881.2882870372712
24.6,881.29198387879
24.8,881.2941037806839
25.0,881.2946491100466
25.2,881.2936202559723
25.4,881.2910156288035
25.6,881.2868316591753
25.8,881.2810627968545
26.0,881.2737015093743
26.2,881.2647382804693
26.4,881.254161608308
26.6,881.2419580035302
26.8,881.2281119870872
27.0,881.2126060878934
27.2,881.1954208402842
27.4,881.1765347812913
27.6,881.1559244477326
27.8,881.133564373119
28.0,881.1094270843806
28.2,881.0834830984099
28.4,881.0557009184214
28.6,881.0260470301209
28.8,880.9944858976786
29.0,880.9609799594928
29.2,880.92548962373
29.4,880.8879732636159
29.6,880.8483872124513
29.8,880.8066857583124
30.0,880.7628211383864
30.2,880.7167435328805
30.4,880.6684010584264
30.6,880.6177397608844
30.8,880.5647036074265
31.0,880.5092344777539
31.2,880.4512721542734
31.4,880.3907543110168
31.6,880.3276165010473
31.8,880.2617921420466
32.0,880.1932124997153
32.2,880.121806668552
32.4,880.0475015495008
32.6,879.9702218238637
32.8,879.8898899227732
33.0,879.8064259914048
33.2,879.7197478469749
33.4,879.629770929427
33.6,879.5364082435377
33.8,879.4395702909957
34.0,879.3391649908021
34.2,879.2350975861218
34.4,879.1272705354713
34.6,879.015583385874
34.8,878.8999326253313
35.0,878.7802115116704
35.2,878.6563098745169
35.4,878.5281138868281
35.6,878.395505802096
35.8,878.2583636530063
36.0,878.1165609070208
36.2,877.9699660740491
36.4,877.81844226109
36.6,877.6618466684839
36.8,877.5000300222089
37.0,877.3328359365199
37.2,877.1601002011605
37.4,876.9816499874065
37.6,876.7973029673296
37.8,876.6068663409322
38.0,876.4101357662076
38.2,876.2068941877436
38.4,875.9969105602363
38.6,875.7799384642229
38.8,875.5557146124938
39.0,875.3239572470287
39.2,875.0843644279084
39.4,874.8366122175099
39.6,874.5803527653836
39.8,874.3152123015387
40.0,874.0407890484187
40.2,873.7566510646049
40.4,873.4623340362328
40.6,873.1573390351932
40.8,872.8411302663839
41.0,872.5131328295366
41.2,872.1727305243862
41.4,871.8192637311301
41.6,871.4520274011619
41.8,871.0702691958671
42.0,870.6731878137685
42.2,870.2599315483975
42.4,869.8295971208701
42.6,869.3812288321532
42.8,868.9138180803441
43.0,868.4263032878598
43.2,867.9175702821674
43.4,867.3864531715244
43.6,866.8317357540769
43.8,866.2521534945538
44.0,865.6463960976782
44.2,865.0131107013053
44.4,864.3509057052
44.6,863.6583552433634
44.8,862.9340042989635
45.0,862.1763744513419
45.2,861.3839702343721
45.4,860.5552860748062
45.6,859.6888137683272
45.8,858.7830504400331
46.0,857.8365069252221
46.2,856.8477164958596
46.4,855.8152438482065
46.6,854.7376942580289
46.8,853.6137228018029
47.0,852.4420435356094
47.2,851.2214385181911
47.4,849.9507665610757
47.6,848.6289715869534
47.8,847.2550904777158
48.0,845.8282602958243
48.2,844.3477247670244
48.4,842.8128399188456
48.6,841.2230787777876
48.8,839.5780350384962
49.0,837.8774256304459
49.2,836.121092121472
49.4,834.3090009127213
49.6,832.4412421959673
49.8,830.5180276614378
50.0,828.5396869620595
