0.0,856.0087071515352
0.2,856.730432732977
0.4,857.4362899689232
0.6,858.1267282114254
0.8,858.802126691773
1.0,859.4628055022882
1.2,860.1090383797454
1.4,860.741065267557
1.6,861.3591031885115
1.8,861.9633547015546
2.0,862.5540138788431
2.2,863.1312701695575
2.4,863.6953106921991
2.6,864.2463214827135
2.8,864.7844881142867
3.0,865.3099959716415
3.2,865.8230303505038
3.4,866.3237764750692
3.6,866.8124194794225
3.8,867.2891443737717
4.0,867.7541360042297
4.2,868.2075790095472
4.4,868.6496577760528
4.6,869.080556391262
4.8,869.5004585963483
5.0,869.9095477375836
5.2,870.308006716838
5.4,870.6960179412177
5.6,871.0737632719288
5.8,871.4414239724496
6.0,871.7991806561027
6.2,872.1472132331144
6.4,872.4857008572534
6.6,872.814821872143
6.8,873.1347537573391
7.0,873.4456730742697
7.2,873.7477554121299
7.4,874.0411753338288
7.6,874.3261063220828
7.8,874.6027207257475
8.0,874.8711897064869
8.2,875.1316831858671
8.4,875.3843697929689
8.6,875.6294168126084
8.8,875.866990134253
9.0,876.0972542017195
9.2,876.3203719637349
9.4,876.5365048254448
9.6,876.745812600943
9.8,876.9484534669009
10.0,877.1445839173654
10.2,877.3343587197952
10.4,877.5179308723998
10.6,877.6954515628411
10.8,877.8670701283564
11.0,878.0329340173549
11.2,878.1931887525351
11.4,878.3479778955708
11.6,878.4974430134032
11.8,878.6417236461759
12.0,878.7809572768458
12.2,878.9152793024936
12.4,879.04482300736
12.6,879.1697195376227
12.8,879.2900978779284
13.0,879.4060848296898
13.2,879.5178049911509
13.4,879.6253807392193
13.6,879.7289322130638
13.8,879.8285772994667
14.0,879.9244316199179
14.2,880.0166085194329
14.4,880.105219057076
14.6,880.19037199816
14.8,880.2721738080951
15.0,880.3507286478545
15.2,880.4261383710199
15.4,880.4985025223655
15.6,880.5679183379409
15.8,880.6344807466023
16.0,880.6982823729469
16.2,880.7594135415954
16.4,880.8179622827707
16.6,880.8740143391126
16.8,880.9276531736717
17.0,880.9789599790215
17.2,881.028013687423
17.4,881.0748909819791
17.6,881.1196663087114
17.8,881.1624118894912
18.0,881.2031977357587
18.2,881.2420916629561
18.4,881.2791593056082
18.6,881.3144641329776
18.8,881.3480674652226
19.0,881.3800284899881
19.2,881.4104042793567
19.4,881.4392498070885
19.6,881.466617966079
19.8,881.4925595859656
20.0,881.5171234508114
20.2,881.540356316798
20.4,881.5623029298605
20.6,881.583006043196
20.8,881.6025064345829
21.0,881.6208429234458
21.2,881.6380523876027
21.4,881.6541697796365
21.6,881.6692281428318
21.8,881.6832586266181
22.0,881.696290501469
22.2,881.7083511732013
22.4,881.7194661966279
22.6,881.7296592885147
22.8,881.7389523397977
23.0,881.7473654270186
23.2,881.7549168229386
23.4,881.761623006295
23.6,881.767498670666
23.8,881.7725567324129
24.0,881.7768083376742
24.2,881.7802628683824
24.4,881.7829279472867
24.6,881.7848094419605
24.8,881.7859114677789
25.0,881.7862363898541
25.2,881.7857848239202
25.4,881.7845556361614
25.6,881.7825459419818
25.8,881.7797511037165
26.0,881.77616472729
26.2,881.7717786578269
26.4,881.7665829742275
26.6,881.7605659827219
26.8,881.7537142094184
27.0,881.7460123918672
27.2,881.7374434696629
27.4,881.7279885741124
27.6,881.7176270169949
27.8,881.7063362784515
28.0,881.6940919940346
28.2,881.6808679409571
28.4,881.6666360235844
28.6,881.6513662582081
28.8,881.6350267571528
29.0,881.6175837122595
29.2,881.5990013778015
29.4,881.5792420528821
29.6,881.5582660633727
29.8,881.5360317434462
30.0,881.5124954167685
30.2,881.4876113774063
30.4,881.4613318705166
30.6,881.433607072881
30.8,881.4043850733533
31.0,881.3736118532836
31.2,881.3412312669924
31.4,881.3071850223602
31.6,881.2714126616049
31.8,881.2338515423172
32.0,881.1944368188255
32.2,881.1531014239622
32.4,881.1097760513017
32.6,881.064389137944
32.8,881.0168668479146
33.0,880.9671330562492
33.2,880.9151093338377
33.4,880.8607149330945
33.6,880.8038667745227
33.8,880.7444794342429
34.0,880.6824651325488
34.2,880.6177337235573
34.4,880.5501926860125
34.6,880.4797471153067
34.8,880.406299716777
35.0,880.3297508003307
35.2,880.249998276457
35.4,880.1669376536746
35.6,880.0804620374614
35.8,879.9904621307146
36.0,879.8968262357827
36.2,879.7994402581053
36.4,879.6981877114995
36.6,879.5929497251233
36.8,879.4836050521432
37.0,879.3700300801299
37.2,879.2520988432052
37.4,879.129683035952
37.6,879.0026520291018
37.8,878.8708728870081
38.0,878.7342103869063
38.2,878.5925270399617
38.4,878.4456831140996
38.6,878.2935366586062
38.8,878.1359435304887
39.0,877.9727574225741
39.2,877.8038298933233
39.4,877.6290103983345
39.6,877.4481463235032
39.8,877.2610830198014
40.0,877.067663839638
40.2,876.8677301747532
40.4,876.661121495599
40.6,876.4476753921541
40.8,876.2272276161149
41.0,875.9996121244029
41.2,875.7646611239248
41.4,875.5222051175186
41.6,875.2720729510125
41.8,875.0140918613266
42.0,874.7480875255387
42.2,874.473884110835
42.4,874.1913043252661
42.6,873.9001694692226
42.8,873.6002994875469
43.0,873.2915130221916
43.2,872.9736274653379
43.4,872.6464590128842
43.6,872.3098227182127
43.8,871.9635325461456
44.0,871.6074014269959
44.2,871.241241310626
44.4,870.8648632204181
44.6,870.4780773070703
44.8,870.0806929021259
45.0,869.6725185711483
45.2,869.2533621664562
45.4,868.8230308793308
45.6,868.3813312916143
45.8,867.9280694266185
46.0,867.4630507992614
46.2,866.9860804653514
46.4,866.4969630699188
46.6,865.995502894429
46.8,865.4815039025005
47.0,864.954769783124
47.2,864.4151039886817
47.4,863.8623097608539
47.6,863.2961901279186
47.8,862.7165478371144
48.0,862.1231851486884
48.2,861.5159033567228
48.4,860.8945018131591
48.6,860.258776126281
48.8,859.6085151167148
49.0,858.9434961025659
49.2,858.2634782237334
49.4,857.5681938554875
49.6,856.8573386852755
49.8,856.1305616131685
50.0,855.3874560750444
