0.0,864.2427727917168
0.2,864.8642798841149
0.4,865.4700687750432
0.6,866.060324495881
0.8,866.6352350625684
1.0,867.1949914828389
1.2,867.7397877512944
1.4,868.2698208322848
1.6,868.785290630601
1.8,869.2863999500513
2.0,869.7733544400388
2.2,870.2463625303142
2.4,870.7056353541242
2.6,871.1513866600324
2.8,871.58383271273
3.0,872.0031921832053
3.2,872.4096860286826
3.4,872.803537362781
3.6,873.1849713163859
3.8,873.5542148897595
4.0,873.911496796448
4.2,874.2570472995795
4.4,874.5910980411661
4.6,874.9138818650491
4.8,875.2256326341522
5.0,875.5265850427139
5.2,875.8169744241915
5.4,876.097036555535
5.6,876.3670074585392
5.8,876.6271231989743
6.0,876.8776196842117
6.2,877.1187324600411
6.4,877.3506965073768
6.6,877.5737460395383
6.8,877.7881143007753
7.0,877.9940333666946
7.2,878.1917339472193
7.4,878.3814451927001
7.6,878.5633945037633
7.8,878.737807345461
8.0,878.9049070662556
8.2,879.064914722346
8.4,879.2180489078031
8.6,879.3645255909578
8.8,879.5045579574414
9.0,879.6383562602505
9.2,879.7661276771663
9.4,879.8880761758248
9.6,880.004402386696
9.8,880.1153034841927
10.0,880.2209730760928
10.2,880.3216011014223
10.4,880.4173737369085
10.6,880.5084733120786
10.8,880.5950782330411
11.0,880.6773629149582
11.2,880.7554977231781
11.4,880.8296489229692
11.6,880.8999786377661
11.8,880.9666448158066
12.0,881.0298012050145
12.2,881.0895973359557
12.4,881.1461785126693
12.6,881.1996858111577
12.8,881.2502560852921
13.0,881.2980219798803
13.2,881.3431119506168
13.4,881.3856502906305
13.6,881.4257571633201
13.8,881.4635486411729
14.0,881.4991367502316
14.2,881.532629519889
14.4,881.5641310376657
14.6,881.5937415086333
14.8,881.6215573191395
15.0,881.6476711044883
15.2,881.6721718202333
15.4,881.6951448167418
15.6,881.7166719166893
15.8,881.7368314951518
16.0,881.7556985619673
16.2,881.7733448460439
16.4,881.7898388813018
16.6,881.8052460939425
16.8,881.8196288907512
17.0,881.8330467481447
17.2,881.8455563016918
17.4,881.8572114358408
17.6,881.8680633736034
17.8,881.8781607659533
18.0,881.8875497807135
18.2,881.8962741907154
18.4,881.9043754610269
18.6,881.9118928350588
18.8,881.9188634193706
19.0,881.9253222670126
19.2,881.9313024592453
19.4,881.9368351854995
19.6,881.9419498214409
19.8,881.9466740050246
20.0,881.9510337104283
20.2,881.9550533197655
20.4,881.9587556924918
20.6,881.9621622324233
20.8,881.9652929522997
21.0,881.9681665358266
21.2,881.9708003971463
21.4,881.973210737688
21.6,881.9754126003592
21.8,881.9774199210431
22.0,881.9792455773741
22.2,881.9809014347685
22.4,881.9823983896913
22.6,881.983746410145
22.8,881.9849545733681
23.0,881.9860311007367
23.2,881.9869833898617
23.4,881.9878180438798
23.6,881.9885408979345
23.8,881.9891570428496
24.0,881.9896708459912
24.2,881.9900859693234
24.4,881.9904053846561
24.6,881.9906313860884
24.8,881.9907655996466
25.0,881.9908089901209
25.2,881.9907618650973
25.4,881.9906238761891
25.6,881.9903940174632
25.8,881.9900706210633
26.0,881.989651350026
26.2,881.9891331882881
26.4,881.9885124278823
26.6,881.987784653318
26.8,881.9869447231437
27.0,881.9859867486872
27.2,881.9849040699723
27.4,881.9836892288077
27.6,881.9823339390472
27.8,881.9808290540216
28.0,881.979164531143
28.2,881.9773293936855
28.4,881.9753116897483
28.6,881.9730984484081
28.8,881.9706756330778
29.0,881.9680280920828
29.2,881.9651395064789
29.4,881.9619923351361
29.6,881.9585677571208
29.8,881.9548456114137
30.0,881.9508043340053
30.2,881.9464208924251
30.4,881.9416707177585
30.6,881.9365276342234
30.8,881.9309637863787
31.0,881.9249495640548
31.2,881.9184535250974
31.4,881.9114423160338
31.6,881.9038805907772
31.8,881.8957309274956
32.0,881.886953743788
32.2,881.8775072103143
32.4,881.8673471630473
32.6,881.8564270143174
32.8,881.844697662843
33.0,881.8321074029417
33.2,881.8186018331395
33.4,881.8041237644018
33.6,881.788613128223
33.8,881.7720068848262
34.0,881.7542389317324
34.2,881.7352400129741
34.4,881.7149376292361
34.6,881.6932559492165
34.8,881.6701157225124
35.0,881.6454341943441
35.2,881.6191250224348
35.4,881.5910981963763
35.6,881.5612599598117
35.8,881.529512735776
36.0,881.4957550555333
36.2,881.4598814912557
36.4,881.421782592891
36.6,881.3813448295589
36.8,881.3384505358223
37.0,881.292977863169
37.2,881.2448007370368
37.4,881.1937888197101
37.6,881.1398074794004
37.8,881.0827177658196
38.0,881.0223763925387
38.2,880.9586357264085
38.4,880.8913437843066
38.6,880.8203442374539
38.8,880.7454764235238
39.0,880.6665753667468
39.2,880.5834718061893
39.4,880.4959922323577
39.6,880.4039589322562
39.8,880.3071900429944
40.0,880.2054996140124
40.2,880.098697677959
40.4,879.9865903302286
40.6,879.8689798171242
40.8,879.7456646325827
41.0,879.616439623363
41.2,879.4810961025596
41.4,879.3394219712691
41.6,879.1912018481999
41.8,879.0362172069784
42.0,878.8742465208692
42.2,878.7050654145861
42.4,878.5284468228427
42.6,878.3441611552477
42.8,878.1519764671199
43.0,877.9516586357659
43.2,877.7429715417279
43.4,877.5256772544826
43.6,877.2995362220405
43.8,877.0643074638713
44.0,876.8197487665549
44.2,876.5656168815374
44.4,876.3016677243492
44.6,876.027656574629
44.8,875.7433382762828
45.0,875.4484674370937
45.2,875.1427986270958
45.4,874.8260865750146
45.6,874.4980863620808
45.8,874.158553612524
46.0,873.8072446800583
46.2,873.4439168296832
46.4,873.0683284141305
46.6,872.6802390443127
46.8,872.279409753138
47.0,871.8656031520874
47.2,871.4385835799716
47.4,870.9981172433157
47.6,870.5439723478529
47.8,870.0759192206399
48.0,869.5937304223526
48.2,869.0971808493507
48.4,868.586047825153
48.6,868.0601111810014
48.8,867.5191533252477
49.0,866.9629593013356
49.2,866.3913168342126
49.4,865.8040163650459
49.6,865.2008510741776
49.8,864.5816168923039
50.0,863.946112499914
