0.0,821.0407898973133
0.2,823.0074156889373
0.4,824.9278296660505
0.6,826.8021447538559
0.8,828.6305078189179
1.0,830.4131009901438
1.2,832.1501427515524
1.4,833.8418888012369
1.6,835.4886326729231
1.8,837.090706118513
2.0,838.6484792519841
2.2,840.1623604569651
2.4,841.6327960622061
2.6,843.0602697909815
2.8,844.4453019921958
3.0,845.7884486625928
3.2,847.09030027096
3.4,848.3514803965971
3.6,849.5726441955231
3.8,850.7544767089662
4.0,851.8976910295701
4.2,853.0030263414786
4.4,854.0712458510145
4.6,855.1031346250451
4.8,856.0994973543411
5.0,857.0611560592681
5.2,857.9889477550307
5.4,858.883722093408
5.6,859.7463389974897
5.8,860.57766630536
6.0,861.3785774379808
6.2,862.1499491057258
6.4,862.8926590671063
6.6,863.6075839522409
6.8,864.2955971625574
7.0,864.9575668570901
7.2,865.5943540345746
7.4,866.206810719347
7.6,866.7957782578461
7.8,867.3620857313082
8.0,867.9065484890489
8.2,868.4299668055465
8.4,868.933124663412
8.6,869.4167886632224
8.8,869.8817070601713
9.0,870.3286089264916
9.2,870.7582034377133
9.4,871.1711792799623
9.6,871.5682041747657
9.8,871.9499245171305
10.0,872.3169651220805
10.2,872.6699290743126
10.4,873.009397675207
10.6,873.3359304810759
10.8,873.6500654262647
11.0,873.9523190245274
11.2,874.2431866419769
11.4,874.5231428348635
11.6,874.7926417454435
11.8,875.0521175492751
12.0,875.301984947407
12.2,875.5426396970973
12.4,875.7744591749175
12.6,875.9978029663547
12.8,876.2130134763069
13.0,876.4204165551804
13.2,876.6203221356275
13.4,876.8130248753114
13.6,876.9988048014441
13.8,877.1779279532001
14.0,877.3506470184795
14.2,877.5172019618524
14.4,877.6778206408721
14.6,877.8327194082971
14.8,877.9821036980875
15.0,878.1261685933761
15.2,878.2650993749077
15.4,878.3990720487391
15.6,878.5282538522564
15.8,878.6528037378191
16.0,878.7728728335725
16.2,878.8886048811792
16.4,879.0001366504124
16.6,879.1075983307251
16.8,879.2111139000593
17.0,879.3108014712943
17.2,879.4067736168453
17.4,879.4991376720227
17.6,879.5879960178448
17.8,879.673446344059
18.0,879.7555818931812
18.2,879.8344916864028
18.4,879.9102607322392
18.6,879.9829702188122
18.8,880.0526976906647
19.0,880.1195172110047
19.2,880.1834995102673
19.4,880.2447121218663
19.6,880.3032195059877
19.8,880.3590831622513
20.0,880.412361732038
20.2,880.4631110912472
20.4,880.5113844342136
20.6,880.5572323494806
20.8,880.6007028880839
21.0,880.641841624968
21.2,880.6806917141139
21.4,880.717293937923
21.6,880.751686751364
21.8,880.7839063213498
22.0,880.8139865617832
22.2,880.8419591646657
22.4,880.8678536276421
22.6,880.8916972783124
22.8,880.9135152956169
23.0,880.9333307285725
23.2,880.9511645126089
23.4,880.967035483727
23.6,880.9809603906806
23.8,880.9929539053554
24.0,881.003028631503
24.2,881.0111951119578
24.4,881.0174618344581
24.6,881.0218352361591
24.8,881.0243197069211
25.0,881.0249175914287
25.2,881.0236291901867
25.4,881.0204527594183
25.6,881.0153845098756
25.8,881.0084186045601
26.0,880.999547155326
26.2,880.9887602183342
26.4,880.9760457882996
26.6,880.9613897914595
26.8,880.9447760771744
27.0,880.9261864080548
27.2,880.9056004484828
27.4,880.8829957513852
27.6,880.8583477430851
27.8,880.8316297060417
28.0,880.8028127592626
28.2,880.7718658361467
28.4,880.7387556594895
28.6,880.7034467133545
28.8,880.6659012114854
29.0,880.6260790619025
29.2,880.5839378272917
29.4,880.5394326807664
29.6,880.4925163565413
29.8,880.4431390950265
30.0,880.3912485818117
30.2,880.3367898799703
30.4,880.2797053550823
30.6,880.2199345923316
30.8,880.1574143049991
31.0,880.0920782336398
31.2,880.0238570351926
31.4,879.9526781612452
31.6,879.8784657246456
31.8,879.8011403536253
32.0,879.7206190325821
32.2,879.6368149286507
32.4,879.5496372031853
32.6,879.458990807273
32.8,879.3647762604053
33.0,879.2668894114495
33.2,879.1652211810922
33.4,879.0596572849599
33.6,878.950077936678
33.8,878.8363575301897
34.0,878.7183643007407
34.2,878.5959599640273
34.4,878.4689993331222
34.6,878.3373299129172
34.8,878.2007914719798
35.0,878.059215591878
35.2,877.9124251942271
35.4,877.7602340459083
35.6,877.6024462431466
35.8,877.4388556753754
36.0,877.2692454700843
36.2,877.0933874201293
36.4,876.9110413952874
36.6,876.7219547401537
36.8,876.5258616608071
37.0,876.3224826030157
37.2,876.1115236251023
37.4,875.8926757689453
37.6,875.6656144329501
37.8,875.4299987511823
38.0,875.1854709832079
38.2,874.9316559195196
38.4,874.6681603077657
38.6,874.394572305294
38.8,874.1104609638095
39.0,873.8153757521924
39.2,873.5088461237392
39.4,873.1903811342569
39.6,872.8594691175678
39.8,872.5155774250513
40.0,872.1581522358625
40.2,871.7866184444125
40.4,871.4003796315825
40.6,870.9988181259454
40.8,870.5812951610063
41.0,870.1471511341249
41.2,869.6957059723587
41.4,869.2262596099542
41.6,868.7380925816294
41.8,868.2304667351112
42.0,867.7026260656488
42.2,867.153797674391
42.4,866.5831928516175
42.6,865.9900082848483
42.8,865.3734273908266
43.0,864.7326217692917
43.2,864.0667527753335
43.4,863.3749732059609
43.6,862.6564290953365
43.8,861.9102616119384
44.0,861.1356090497123
44.2,860.3316089041073
44.4,859.4974000227348
44.6,858.6321248192876
44.8,857.7349315383027
45.0,856.8049765573787
45.2,855.8414267125629
45.4,854.843461631831
45.6,853.8102760609017
45.8,852.7410821650744
46.0,851.635111790353
46.2,850.4916186668497
46.4,849.3098805373409
46.6,848.0892011938848
46.8,846.8289124056247
47.0,845.5283757212737
47.2,844.1869841303294
47.4,842.8041635677806
47.6,841.3793742479638
47.8,839.9121118142647
48.0,838.4019082925732
48.2,836.8483328377467
48.4,835.2509922638196
48.6,833.6095313503067
48.8,831.923632918656
49.0,830.1930176747127
49.2,828.4174438149255
49.4,826.5967063959555
49.6,824.730636469305
49.8,822.8190999845497
50.0,820.8619964667241
