0.0,807.6086966846502
0.2,809.6501581594073
0.4,811.6501360869268
0.6,813.6089742862983
0.8,815.5270233784328
1.0,817.4046410778932
1.2,819.2421924532848
1.4,821.0400501550818
1.6,822.7985946099279
1.8,824.5182141806184
2.0,826.1993052911332
2.2,827.8422725162701
2.4,829.4475286355929
2.6,831.0154946515834
2.8,832.5465997720576
3.0,834.0412813570748
3.2,835.4999848307317
3.4,836.9231635583999
3.6,838.3112786901164
3.8,839.664798970991
4.0,840.9842005196368
4.2,842.2699665757667
4.4,843.5225872182298
4.6,844.7425590548764
4.8,845.9303848857544
5.0,847.086573341241
5.2,848.2116384968002
5.4,849.3060994661415
5.6,850.370479974617
5.8,851.4053079147619
6.0,852.4111148859206
6.2,853.3884357199411
6.4,854.3378079949445
6.6,855.2597715391903
6.8,856.1548679270575
7.0,857.023639969157
7.2,857.8666311985731
7.4,858.6843853551989
7.6,859.4774458700969
7.8,860.2463553517706
8.0,860.9916550761719
8.2,861.7138844822113
8.4,862.4135806744657
8.6,863.0912779347027
8.8,863.7475072437521
9.0,864.3827958151759
9.2,864.9976666420853
9.4,865.5926380583629
9.6,866.1682233154461
9.8,866.7249301757192
10.0,867.2632605234685
10.2,867.7837099942354
10.4,868.2867676233064
10.6,868.7729155139639
10.8,869.2426285260219
11.0,869.6963739850643
11.2,870.1346114126961
11.4,870.5577922780263
11.6,870.9663597704928
11.8,871.3607485940545
12.0,871.7413847826808
12.2,872.108685536979
12.4,872.4630590817253
12.6,872.8049045439793
12.8,873.1346118513962
13.0,873.4525616502765
13.2,873.7591252428352
13.4,874.0546645431147
13.6,874.339532050909
13.8,874.6140708430305
14.0,874.8786145811966
14.2,875.1334875357903
14.4,875.3790046247087
14.6,875.615471466498
14.8,875.8431844469429
15.0,876.0624307982741
15.2,876.2734886901401
15.4,876.4766273314855
15.6,876.6721070824802
15.8,876.860179575642
16.0,877.0410878453041
16.2,877.2150664645906
16.4,877.3823416890726
16.6,877.5431316062998
16.8,877.6976462904161
17.0,877.8460879610933
17.2,877.9886511460409
17.4,878.1255228463734
17.6,878.2568827041471
17.8,878.382903171406
18.0,878.5037496801061
18.2,878.6195808123189
18.4,878.7305484701474
18.6,878.8367980448177
18.8,878.9384685844439
19.0,879.0356929599925
19.2,879.1285980290113
19.4,879.2173047967078
19.6,879.3019285740066
19.8,879.3825791322338
20.0,879.4593608541117
20.2,879.5323728807751
20.4,879.6017092545455
20.6,879.6674590572254
20.8,879.7297065437033
21.0,879.788531270678
21.2,879.8440082203381
21.4,879.8962079188476
21.6,879.9451965495147
21.8,879.9910360605285
22.0,880.0337842671781
22.2,880.0734949484687
22.4,880.1102179380746
22.6,880.1439992095736
22.8,880.1748809559224
23.0,880.2029016631373
23.2,880.2280961781589
23.4,880.2504957708803
23.6,880.2701281903268
23.8,880.2870177149813
24.0,880.301185197251
24.2,880.3126481020737
24.4,880.3214205396674
24.6,880.3275132924257
24.8,880.3309338359611
25.0,880.3316863543047
25.2,880.3297717492626
25.4,880.3251876439364
25.6,880.3179283804116
25.8,880.3079850116145
26.0,880.2953452873454
26.2,880.2799936344884
26.4,880.261911131399
26.6,880.2410754764783
26.8,880.2174609509325
27.0,880.1910383757263
27.2,880.1617750627364
27.4,880.1296347601182
27.6,880.0945775918951
27.8,880.0565599917949
28.0,880.0155346313511
28.2,879.9714503423068
28.4,879.9242520333547
28.6,879.8738806012633
28.8,879.8202728364475
29.0,879.7633613230527
29.2,879.7030743336352
29.4,879.6393357185374
29.6,879.5720647900678
29.8,879.5011762016202
30.0,879.4265798218775
30.2,879.3481806042697
30.4,879.265878451879
30.6,879.1795680780012
30.8,879.089138862605
31.0,878.9944747049477
31.2,878.8954538726408
31.4,878.791948847478
31.6,878.6838261683756
31.8,878.5709462717961
32.0,878.4531633300613
32.2,878.330325087993
32.4,878.2022726983433
32.6,878.0688405565178
32.8,877.9298561351169
33.0,877.7851398188577
33.2,877.6345047404697
33.4,877.477756618182
33.6,877.3146935954571
33.8,877.1451060836472
34.0,876.9687766082824
34.2,876.7854796597197
34.4,876.5949815489087
34.6,876.3970402690501
34.8,876.1914053639414
35.0,875.9778178038205
35.2,875.7560098695312
35.4,875.5257050458446
35.6,875.2866179247744
35.8,875.0384541197307
36.0,874.7809101913496
36.2,874.5136735858371
36.4,874.236422586647
36.6,873.948826280305
36.8,873.6505445371671
37.0,873.3412280078746
37.2,873.0205181362428
37.4,872.6880471892778
37.6,872.3434383049822
37.8,871.9863055585602
38.0,871.6162540475799
38.2,871.2328799966001
38.4,870.8357708816984
38.6,870.4245055752788
38.8,869.998654511455
39.0,869.557779872241
39.2,869.1014357946848
39.4,868.629168599008
39.6,868.140517037717
39.8,867.6350125655574
40.0,867.1121796300931
40.2,866.5715359825849
40.4,866.0125930087469
40.6,865.4348560788518
40.8,864.8378249165546
41.0,864.2209939856975
41.2,863.5838528942531
41.4,862.9258868144583
41.6,862.24657691809
41.8,861.5454008257282
42.0,860.8218330687567
42.2,860.0753455627543
42.4,859.3054080908361
42.6,858.511488795423
42.8,857.6930546768272
43.0,856.8495720969723
43.2,855.9805072864989
43.4,855.0853268534344
43.6,854.1634982915656
43.8,853.2144904865952
44.0,852.237774218135
44.2,851.2328226555554
44.4,850.1991118456972
44.6,849.136121190443
44.8,848.0433339121478
45.0,846.9202375049443
45.2,845.7663241699621
45.4,844.5810912325339
45.6,843.3640415395145
45.8,842.1146838348884
46.0,840.8325331119185
46.2,839.5171109401605
46.4,838.1679457657651
46.6,836.7845731835828
46.8,835.3665361797019
47.0,833.9133853431662
47.2,832.4246790457456
47.4,830.8999835887736
47.6,829.3388733162004
47.8,827.7409306931704
48.0,826.1057463495752
48.2,824.4329190882083
48.4,822.7220558572981
48.6,820.9727716873731
48.8,819.1846895925776
49.0,817.3574404367275
49.2,815.4906627645678
49.4,813.5840025988606
49.6,811.6371132041036
49.8,809.6496548178395
50.0,807.6212943506802
