0.0,858.4438667900847
0.2,859.1342062704024
0.4,859.809409786659
0.6,860.4696625431393
0.8,861.1151504247694
1.0,861.74605998226
1.2,862.3625784144074
1.4,862.9648935475278
1.6,863.5531938120143
1.8,864.1276682160092
2.0,864.6885063162026
2.2,865.2358981857726
2.4,865.7700343794918
2.6,866.2911058960427
2.8,866.7993041375811
3.0,867.2948208666095
3.2,867.7778481602215
3.4,868.2485783617939
3.6,868.7072040302062
3.8,869.153917886682
4.0,869.5889127593465
4.2,870.0123815256107
4.4,870.4245170524932
4.6,870.8255121349995
4.8,871.2155594326865
5.0,871.5948514045426
5.2,871.9635802423214
5.4,872.3219378024702
5.6,872.6701155367999
5.8,873.0083044220457
6.0,873.3366948884702
6.2,873.6554767476658
6.4,873.9648391197135
6.6,874.2649703598536
6.8,874.5560579848334
7.0,874.8382885990866
7.2,875.1118478209057
7.4,875.3769202087682
7.6,875.6336891879705
7.8,875.8823369777285
8.0,876.1230445188961
8.2,876.3559914024539
8.4,876.5813557989144
8.6,876.7993143887867
8.8,877.0100422942429
9.0,877.2137130121182
9.2,877.4104983483767
9.4,877.6005683541654
9.6,877.7840912635795
9.8,877.961233433247
10.0,878.1321592838435
10.2,878.2970312436355
10.4,878.456009694147
10.6,878.6092529180353
10.8,878.7569170492552
11.0,878.8991560255862
11.2,879.0361215435844
11.4,879.1679630160193
11.6,879.2948275318442
11.8,879.4168598187428
12.0,879.5342022082865
12.2,879.6469946037308
12.4,879.7553744504688
12.6,879.8594767091558
12.8,879.959433831508
13.0,880.0553757387747
13.2,880.1474298028738
13.4,880.2357208301735
13.6,880.3203710478981
13.8,880.4015000931272
14.0,880.4792250043513
14.2,880.5536602155443
14.4,880.6249175527001
14.6,880.6931062327834
14.8,880.7583328650319
15.0,880.8207014545479
15.2,880.8803134081071
15.4,880.9372675421133
15.6,880.9916600926182
15.8,881.0435847273246
16.0,881.0931325594886
16.2,881.1403921636281
16.4,881.1854495929483
16.6,881.2283883983871
16.8,881.2692896491828
17.0,881.3082319548655
17.2,881.3452914885686
17.4,881.3805420115597
17.6,881.4140548988836
17.8,881.4458991660149
18.0,881.4761414964122
18.2,881.5048462698683
18.4,881.5320755915495
18.6,881.5578893216192
18.8,881.5823451053379
19.0,881.6054984035347
19.2,881.6274025233482
19.4,881.6481086491304
19.6,881.6676658734144
19.8,881.6861212278441
20.0,881.7035197139679
20.2,881.7199043338011
20.4,881.7353161200591
20.6,881.7497941659743
20.8,881.763375654602
21.0,881.7760958875323
21.2,881.7879883129219
21.4,881.7990845527643
21.6,881.8094144293206
21.8,881.8190059906357
22.0,881.8278855350682
22.2,881.8360776347641
22.4,881.8436051580113
22.6,881.8504892904105
22.8,881.8567495548073
23.0,881.8624038299287
23.2,881.8674683676747
23.4,881.8719578090182
23.6,881.8758851984674
23.8,881.8792619970567
24.0,881.8820980938259
24.2,881.8844018157583
24.4,881.8861799361516
24.6,881.8874376813951
24.8,881.8881787361375
25.0,881.8884052468276
25.2,881.888117823617
25.4,881.8873155406197
25.6,881.8859959345228
25.8,881.884155001551
26.0,881.8817871927897
26.2,881.8788854078763
26.4,881.8754409870727
26.6,881.871443701736
26.8,881.8668817432095
27.0,881.86174171016
27.2,881.8560085943881
27.4,881.8496657651489
27.6,881.8426949520183
27.8,881.835076226345
28.0,881.8267879813366
28.2,881.8178069108252
28.4,881.8081079867693
28.6,881.7976644355432
28.8,881.7864477130794
29.0,881.7744274789233
29.2,881.7615715692701
29.4,881.7478459690535
29.6,881.7332147831582
29.8,881.7176402068375
30.0,881.7010824954099
30.2,881.6834999333244
30.4,881.6648488026747
30.6,881.6450833512544
30.8,881.6241557602427
31.0,881.6020161116139
31.2,881.5786123553676
31.4,881.5538902766754
31.6,881.5277934630466
31.8,881.5002632716098
32.0,881.4712387966182
32.2,881.4406568372772
32.4,881.4084518660042
32.6,881.3745559972223
32.8,881.338898956797
33.0,881.3014080522205
33.2,881.2620081436506
33.4,881.2206216159113
33.6,881.17716835156
33.8,881.1315657051271
34.0,881.0837284786295
34.2,881.0335688984653
34.4,880.9809965937847
34.6,880.9259185764397
34.8,880.8682392226086
35.0,880.8078602561883
35.2,880.7446807340452
35.4,880.6785970332141
35.6,880.6095028401285
35.8,880.5372891419611
36.0,880.4618442201541
36.2,880.3830536462092
36.4,880.3008002798034
36.6,880.2149642692955
36.8,880.1254230546789
37.0,880.0320513730312
37.2,879.9347212665084
37.4,879.8333020929208
37.6,879.7276605389258
37.8,879.6176606358648
38.0,879.5031637782619
38.2,879.3840287450007
38.4,879.2601117231849
38.6,879.1312663346807
38.8,878.9973436653348
39.0,878.8581922968517
39.2,878.7136583413087
39.4,878.5635854782777
39.6,878.4078149945163
39.8,878.2461858261847
40.0,878.0785346035332
40.2,877.9046956980034
40.4,877.724501271675
40.6,877.5377813289831
40.8,877.3443637706268
41.0,877.1440744495783
41.2,876.9367372290998
41.4,876.7221740426667
41.6,876.5002049556894
41.8,876.2706482289192
42.0,876.0333203834217
42.2,875.7880362669911
42.4,875.5346091218779
42.6,875.2728506536947
42.8,875.0025711013644
43.0,874.7235793079653
43.2,874.4356827923331
43.4,874.1386878212671
43.6,873.8323994821935
43.8,873.5166217561324
44.0,873.1911575908152
44.2,872.855808973798
44.4,872.5103770054164
44.6,872.1546619714265
44.8,871.7884634151798
45.0,871.4115802091768
45.2,871.0238106258524
45.4,870.6249524074402
45.6,870.2148028347734
45.8,869.7931587948806
46.0,869.3598168472346
46.2,868.9145732885253
46.4,868.4572242158247
46.6,867.987565588022
46.8,867.5053932854115
47.0,867.0105031673233
47.2,866.5026911276906
47.4,865.9817531484583
47.6,865.4474853507448
47.8,864.899684043673
48.0,864.3381457708002
48.2,863.7626673540817
48.4,863.1730459353123
48.6,862.569079015
48.8,861.950564488636
49.0,861.3173006803312
49.2,860.669086373804
49.4,860.0057208407103
49.6,859.3270038663171
49.8,858.6327357725324
50.0,857.9227174383128
