0.0,491.9630014684767
0.2,497.84502460054597
0.4,503.66315557128496
0.6,509.41598979622177
0.8,515.1024947384919
1.0,520.7219665061932
1.2,526.2739753383742
1.4,531.7583078994984
1.6,537.1749130840946
1.8,542.523855794829
2.0,547.805280687702
2.2,553.0193858159901
2.4,558.166404778807
2.6,563.2465954105389
2.8,568.2602330520168
3.0,573.2076067734231
3.2,578.089017355678
3.4,582.9047762423229
3.6,587.6552049859886
3.8,592.3406349243503
4.0,596.9614069486946
4.2,601.5178712994752
4.4,606.0103873597438
4.6,610.4393234347035
4.8,614.805056513352
5.0,619.1079720113863
5.2,623.3484634958152
5.4,627.526932392207
5.6,631.6437876756795
5.8,635.6994455468182
6.0,639.6943290937386
6.2,643.62886794153
6.4,647.5034978903271
6.6,651.3186605432602
6.8,655.0748029255359
7.0,658.7723770958925
7.2,662.4118397516671
7.4,665.9936518286945
7.6,669.518278097239
7.8,672.9861867551405
8.0,676.3978490193244
8.2,679.7537387167976
8.4,683.0543318762153
8.6,686.3001063210712
8.8,689.4915412655141
9.0,692.6291169137602
9.2,695.713314064015
9.4,698.7446137177786
9.6,701.723496695352
9.8,704.6504432583122
10.0,707.5259327396727
10.2,710.3504431823869
10.4,713.1244509868021
10.6,715.8484305676114
10.8,718.522854020799
11.0,721.1481908010138
11.2,723.7249074097585
11.4,726.2534670947149
11.6,728.7343295604849
11.8,731.1679506909617
12.0,733.5547822835039
12.2,735.8952717950262
12.4,738.189862100079
12.6,740.4389912609361
12.8,742.643092309668
13.0,744.8025930421372
13.2,746.9179158238054
13.4,748.9894774072088
13.6,751.0176887609235
13.8,753.0029549098025
14.0,754.9456747862426
14.2,756.8462410922081
14.4,758.7050401717098
14.6,760.5224518934235
14.8,762.2988495431011
15.0,764.0345997254185
15.2,765.7300622748855
15.4,767.3855901754308
15.6,769.0015294882666
15.8,770.5782192876278
16.0,772.115991603978
16.2,773.6151713742693
16.4,775.076076398842
16.6,776.4990173045564
16.8,777.8842975137422
17.0,779.2322132185664
17.2,780.5430533604209
17.4,781.8170996139411
17.6,783.0546263752739
17.8,784.2559007542288
18.0,785.4211825699547
18.2,786.5507243497946
18.4,787.6447713309934
18.6,788.7035614649377
18.8,789.7273254236286
19.0,790.7162866081011
19.2,791.6706611585204
19.4,792.5906579657003
19.6,793.4764786838066
19.8,794.3283177440217
20.0,795.1463623689657
20.2,795.9307925876825
20.4,796.6817812510161
20.6,797.3994940472157
20.8,798.0840895176246
21.0,798.7357190723205
21.2,799.3545270055877
21.4,799.9406505111165
21.6,800.4942196968335
21.8,801.0153575992821
22.0,801.5041801974784
22.2,801.9607964261803
22.4,802.3853081885167
22.6,802.777810367929
22.8,803.1383908393876
23.0,803.467130479851
23.2,803.7641031779399
23.4,804.029375842806
23.6,804.2630084121794
23.8,804.4650538595787
24.0,804.6355582006762
24.2,804.7745604988089
24.4,804.8820928696299
24.6,804.958180484897
24.8,805.0028415753957
25.0,805.0160874329922
25.2,804.9979224118199
25.4,804.9483439285922
25.6,804.8673424620478
25.8,804.7549015515237
26.0,804.6109977946578
26.2,804.4356008442213
26.4,804.2286734040837
26.6,803.9901712243102
26.8,803.7200430953967
27.0,803.4182308416475
27.2,803.0846693137013
27.4,802.7192863802167
27.6,802.3220029187294
27.8,801.8927328056978
28.0,801.4313829057567
28.2,800.9378530602064
28.4,800.4120360747693
28.6,799.853817706649
28.8,799.2630766509428
29.0,798.6396845264561
29.2,797.9835058609837
29.4,797.2943980761306
29.6,796.5722114717541
29.8,795.8167892101205
30.0,795.0279672998842
30.2,794.2055745800054
30.4,793.3494327037405
30.6,792.4593561228486
30.8,791.535152072176
31.0,790.5766205547925
31.2,789.5835543278722
31.4,788.5557388895212
31.6,787.4929524667773
31.8,786.3949660050188
32.0,785.2615431590358
32.2,784.0924402860342
32.4,782.8874064408593
32.6,781.6461833737378
32.8,780.3685055308567
33.0,779.0541000581084
33.2,777.7026868083461
33.4,776.3139783525078
33.6,774.8876799949761
33.8,773.4234897935556
34.0,771.9210985844545
34.2,770.3801900126704
34.4,768.8004405681825
34.6,767.1815196283596
34.8,765.523089506995
35.0,763.8248055103825
35.2,762.0863160008452
35.4,760.3072624681269
35.6,758.4872796090489
35.8,756.6259954158309
36.0,754.7230312734617
36.2,752.7780020664932
36.4,750.7905162956191
36.6,748.7601762043779
36.8,746.6865779163039
37.0,744.5693115828241
37.2,742.4079615421738
37.4,740.2021064895781
37.6,737.9513196589124
37.8,735.6551690160231
38.0,733.3132174638555
38.2,730.9250230594952
38.4,728.4901392431894
38.6,726.0081150793735
38.8,723.4784955096791
39.0,720.9008216178588
39.2,718.2746309065092
39.4,715.5994575854244
39.6,712.8748328713627
39.8,710.1002852989535
40.0,707.2753410424176
40.2,704.3995242477221
40.4,701.4723573747303
40.6,698.4933615488567
40.8,695.4620569216772
41.0,692.3779630398925
41.2,689.2405992219834
41.4,686.0494849418475
41.6,682.8041402186482
41.8,679.5040860120599
42.0,676.1488446220399
42.2,672.7379400922085
42.4,669.2708986158791
42.6,665.7472489437254
42.8,662.1665227920441
43.0,658.5282552505261
43.2,654.8319851884146
43.4,651.0772556579053
43.6,647.2636142936052
43.8,643.3906137068539
44.0,639.457811873687
44.2,635.4647725152071
44.4,631.4110654691187
44.6,627.2962670511786
44.8,623.1199604053108
45.0,618.8817358411425
45.2,614.5811911577231
45.4,610.2179319522156
45.6,605.7915719123723
45.8,601.3017330916912
46.0,596.7480461663249
46.2,592.1301506733014
46.4,587.4476952308803
46.6,582.7003377450832
46.8,577.8877456141496
47.0,573.0095959600326
47.2,568.0655759525572
47.4,563.0553833631168
47.6,557.9787276130012
47.8,552.8353317922627
48.0,547.6249364370962
48.2,542.3473062589716
48.4,537.0022414555083
48.6,531.5895955622128
48.8,526.1093018088146
49.0,520.5614093743401
49.2,514.9461296093344
49.4,509.26389023160107
49.6,503.5153930323215
49.8,497.70166839096623
50.0,491.82411867926743
