0.0,823.4887065496512
0.2,825.4538161136586
0.4,827.3706982765613
0.6,829.2393712633512
0.8,831.0599018488185
1.0,832.8324071535112
1.2,834.5570560724782
1.4,836.2340703293792
1.6,837.863725152196
1.8,839.4463495704277
2.0,840.982326337234
2.2,842.4720914834861
2.4,843.9161335140344
2.6,845.3149922596679
2.8,846.6692574012008
3.0,847.9795666848252
3.2,849.2466038503005
3.4,850.4710962956843
3.6,851.6538125041224
3.8,852.7955592597
4.0,853.8971786804992
4.2,854.9595450978097
4.4,855.9835618108946
4.6,856.9701577468402
4.8,857.9202840548121
5.0,858.8349106635281
5.2,859.7150228299532
5.4,860.5616177061462
5.6,861.375700949868
5.8,862.158283403021
6.0,862.9103778602612
6.2,863.6329959482412
6.4,864.3271451339192
6.6,864.9938258782673
6.8,865.6340289495248
7.0,866.2487329079363
7.2,866.8389017716906
7.4,867.4054828715812
7.6,867.9494048997539
7.8,868.471576155833
8.0,868.9728829917208
8.2,869.4541884544951
8.4,869.9163311250709
8.6,870.3601241486855
8.8,870.7863544518005
9.0,871.1957821387106
9.2,871.5891400600065
9.4,871.9671335440642
9.6,872.3304402819119
9.8,872.6797103551863
10.0,873.0155663963852
10.2,873.3386038702922
10.4,873.6493914652418
10.6,873.948471582838
10.8,874.2363609147952
11.0,874.5135510957466
11.2,874.7805094211408
11.4,875.0376796197128
11.6,875.2854826704572
11.8,875.5243176545387
12.0,875.7545626331362
12.2,875.97657554282
12.4,876.1906951006887
12.6,876.397241712151
12.8,876.5965183748946
13.0,876.7888115732513
13.2,876.9743921578228
13.4,877.153516205874
13.6,877.3264258586262
13.8,877.4933501321777
14.0,877.654505699349
14.2,877.8100976402822
14.4,877.9603201601263
14.6,878.1053572725991
14.8,878.245383448636
15.0,878.3805642297235
15.2,878.5110568058523
15.4,878.6370105583317
15.6,878.7585675679715
15.8,878.8758630893667
16.0,878.9890259922148
16.2,879.0981791707538
16.4,879.203439922546
16.6,879.3049202979261
16.8,879.4027274215155
17.0,879.496963787253
17.2,879.5877275284237
17.4,879.6751126641823
17.6,879.7592093240614
17.8,879.8401039519355
18.0,879.9178794908855
18.2,879.9926155503645
18.4,880.064388557017
18.6,880.1332718904507
18.8,880.1993360051978
19.0,880.262648540038
19.2,880.3232744157938
19.4,880.3812759226342
19.6,880.4367127978608
19.8,880.48964229508
20.0,880.5401192456004
20.2,880.5881961128284
20.4,880.6339230403737
20.6,880.6773478945179
20.8,880.7185163016394
21.0,880.757471681139
21.2,880.7942552743535
21.4,880.8289061699046
21.6,880.8614613258806
21.8,880.8919555892093
22.0,880.920421712545
22.2,880.9468903689533
22.4,880.9713901646508
22.6,880.9939476500224
22.8,881.0145873291185
23.0,881.0333316678035
23.2,881.0502011007125
23.4,881.0652140371467
23.6,881.0783868660267
23.8,881.0897339600012
24.0,881.0992676787989
24.2,881.106998371893
24.4,881.1129343805433
24.6,881.1170820392622
24.8,881.1194456767466
25.0,881.1200276163055
25.2,881.1188281758045
25.4,881.1158456671441
25.6,881.1110763952728
25.8,881.1045146567367
26.0,881.0961527377527
26.2,881.0859809117883
26.4,881.0739874366199
26.6,881.0601585508327
26.8,881.044478469719
27.0,881.0269293805139
27.2,881.0074914369042
27.4,880.9861427527254
27.6,880.9628593947559
27.8,880.937615374494
28.0,880.9103826387907
28.2,880.8811310591915
28.4,880.8498284198179
28.6,880.8164404035967
28.8,880.7809305766203
29.0,880.7432603703882
29.2,880.703389061657
29.4,880.6612737495853
29.6,880.6168693298234
29.8,880.5701284651616
30.0,880.5210015523053
30.2,880.4694366842976
30.4,880.415379608062
30.6,880.3587736764847
30.8,880.2995597944004
31.0,880.2376763577862
31.2,880.173059185408
31.4,880.1056414420991
31.6,880.0353535527868
31.8,879.9621231063171
32.0,879.885874748058
32.2,879.8065300601984
32.4,879.7240074285926
32.6,879.6382218949378
32.8,879.5490849930142
33.0,879.4565045676575
33.2,879.3603845750937
33.4,879.2606248632184
33.6,879.1571209303765
33.8,879.0497636611815
34.0,878.9384390379028
34.2,878.8230278259712
34.4,878.7034052321741
34.6,878.5794405341682
34.8,878.4509966800119
35.0,878.3179298565168
35.2,878.1800890253486
35.4,878.0373154259668
35.6,877.8894420446779
35.8,877.7362930493117
36.0,877.5776831892798
36.2,877.4134171610832
36.4,877.2432889396715
36.6,877.067081076426
36.8,876.8845639649621
37.0,876.695495076398
37.2,876.499618166221
37.4,876.2966624554222
37.6,876.0863417891153
37.8,875.8683537764564
38.0,875.6423789162839
38.2,875.4080797135417
38.4,875.1650997921857
38.6,874.9130630109354
38.8,874.6515725888787
39.0,874.3802102485838
39.2,874.0985353849907
39.4,873.8060842689528
39.6,873.5023692948449
39.8,873.1868782821568
40.0,872.859073841425
40.2,872.5183928152164
40.4,872.164245805146
40.6,871.7960167960812
40.8,871.4130628887473
41.0,871.0147141518827
41.2,870.6002736048944
41.4,870.16901734163
41.6,869.7201948053902
41.8,869.2530292246677
42.0,868.7667182182876
42.2,868.2604345776672
42.4,867.7333272327772
42.6,867.1845224071029
42.8,866.613124965458
43.0,866.018219956914
43.2,865.3988743533754
43.4,864.7541389824838
43.6,864.0830506515622
43.8,863.3846344572675
44.0,862.6579062734893
44.2,861.9018754078674
44.4,861.1155474151095
44.6,860.2979270531089
44.8,859.4480213657104
45.0,858.5648428738941
45.2,857.647412855154
45.4,856.694764688994
45.6,855.7059472447518
45.8,854.6800282864547
46.0,853.6160978681007
46.2,852.5132716917054
46.4,851.3706943996607
46.6,850.1875427724489
46.8,848.9630288025564
47.0,847.6964026155584
47.2,846.3869552097967
47.4,845.0340209868718
47.6,843.636980046298
47.8,842.1952602191404
48.0,840.7083388172455
48.2,839.1757440767863
48.4,837.5970562772482
48.6,835.9719085196515
48.8,834.2999871507325
49.0,832.5810318229339
49.2,830.8148351833657
49.4,829.0012421883455
49.6,827.1401490436732
49.8,825.2315017743916
50.0,823.2752944313931
