0.0,872.7586566972826
0.2,873.3036382452334
0.4,873.8271198553269
0.6,874.3292410662083
0.8,874.8101805268653
1.0,875.2701558730018
1.2,875.7094232764331
1.4,876.1282766754807
1.6,876.5270466981294
1.8,876.9060992932701
2.0,877.2658340886459
2.2,877.6066824970871
2.4,877.9291055952234
2.6,878.2335918010629
2.8,878.5206543786027
3.0,878.7908287989635
3.2,879.0446699884096
3.4,879.2827494940348
3.6,879.505652597858
3.8,879.7139754096054
4.0,879.9083219675779
4.2,880.0893013757445
4.4,880.2575250036011
4.6,880.4136037734231
4.8,880.5581455573791
5.0,880.6917527045922
5.2,880.8150197156909
5.4,880.9285310797414
5.6,881.0328592857268
5.8,881.1285630180046
6.0,881.2161855424602
6.2,881.2962532874334
6.4,881.3692746209653
6.6,881.4357388235137
6.8,881.496115253073
7.0,881.5508526976014
7.2,881.6003789078468
7.4,881.6451003020795
7.6,881.6854018328847
7.8,881.7216470050587
8.0,881.7541780327786
8.2,881.7833161235749
8.4,881.8093618762161
8.6,881.8325957794121
8.8,881.8532787982291
9.0,881.871653035284
9.2,881.8879424541093
9.4,881.9023536525532
9.6,881.9150766746659
9.8,881.926285850213
10.0,881.9361406517222
10.2,881.9447865597887
10.4,881.9523559282353
10.6,881.9589688416029
10.8,881.9647339583371
11.0,881.9697493339226
11.2,881.9741032190714
11.4,881.9778748289045
11.6,881.9811350798461
11.8,881.9839472916918
12.0,881.986367852994
12.2,881.9884468485286
12.4,881.9902286481763
12.6,881.9917524570475
12.8,881.9930528271275
13.0,881.9941601310901
13.2,881.9951009992554
13.4,881.9958987209313
13.6,881.9965736115901
13.8,881.9971433475017
14.0,881.9976232695634
14.2,881.9980266581474
14.4,881.9983649808373
14.6,881.9986481149382
14.8,881.9988845466358
15.0,881.9990815486454
15.2,881.9992453381417
15.4,881.9993812166916
15.6,881.9994936938375
15.8,881.9995865958855
16.0,881.9996631613681
16.2,881.9997261245461
16.4,881.9997777882231
16.6,881.9998200870411
16.8,881.9998546423375
17.0,881.999882809541
17.2,881.9999057189993
17.4,881.9999243110456
17.6,881.9999393660244
17.8,881.9999515299294
18.0,881.9999613362293
18.2,881.9999692243939
18.4,881.9999755555759
18.6,881.9999806258459
18.8,881.9999846773309
19.0,881.999987907563
19.2,881.9999904773017
19.4,881.9999925170636
19.6,881.9999941325553
19.8,881.999995409183
20.0,881.9999964157845
20.2,881.9999972077095
20.4,881.999997829356
20.6,881.9999983162508
20.8,881.9999986967542
21.0,881.9999989934512
21.2,881.9999992242842
21.4,881.9999994034736
21.6,881.9999995422623
21.8,881.9999996495183
22.0,881.9999997322188
22.2,881.9999997958412
22.4,881.9999998446739
22.6,881.9999998820665
22.8,881.999999910629
23.0,881.9999999323887
23.2,881.9999999489171
23.4,881.9999999614272
23.6,881.9999999708522
23.8,881.9999999779059
24.0,881.9999999831309
24.2,881.9999999869344
24.4,881.9999999896165
24.6,881.9999999913913
24.8,881.9999999924017
25.0,881.9999999927293
25.2,881.9999999924006
25.4,881.9999999913891
25.6,881.999999989613
25.8,881.9999999869292
26.0,881.9999999831234
26.2,881.9999999778955
26.4,881.9999999708378
26.6,881.9999999614078
26.8,881.9999999488906
27.0,881.999999932353
27.2,881.9999999105808
27.4,881.9999998820018
27.6,881.9999998445873
27.8,881.9999997957254
28.0,881.9999997320648
28.2,881.9999996493134
28.4,881.9999995419906
28.6,881.9999994031141
28.8,881.9999992238093
29.0,881.9999989928252
29.2,881.9999986959309
29.4,881.9999983151704
29.6,881.9999978279412
29.8,881.9999972058607
30.0,881.9999964133732
30.2,881.9999954060448
30.4,881.9999941284793
30.6,881.9999925117805
30.8,881.999990470468
31.0,881.9999878987418
31.2,881.9999846659674
31.4,881.9999806112371
31.6,881.9999755368331
31.8,881.999969200396
32.0,881.999961305565
32.2,881.9999514908262
32.4,881.9999393162606
32.6,881.9999242478424
32.8,881.9999056388887
33.0,881.9998827082037
33.2,881.9998545144064
33.4,881.9998199258599
33.6,881.9997775855554
33.8,881.9997258702211
34.0,881.999662842853
34.2,881.9995861977706
34.4,881.9994931972146
34.6,881.9993805984096
34.8,881.9992445699136
35.0,881.9990805959824
35.2,881.9988833675753
35.4,881.9986466585319
35.6,881.998363185356
35.8,881.9980244489567
36.0,881.9976205566138
36.2,881.9971400223716
36.4,881.9965695440088
36.6,881.9958937547013
36.8,881.9950949474803
37.0,881.994152770604
37.2,881.993043892007
37.4,881.991741631072
37.6,881.9902155560889
37.8,881.9884310459273
38.0,881.9863488146692
38.2,881.9839243982012
38.4,881.9811076020962
38.6,881.977841910486
38.8,881.9740638560669
39.0,881.9697023518819
39.2,881.9646779860825
39.4,881.9589022814972
39.6,881.9522769225186
39.8,881.9446929525494
40.0,881.9360299460411
40.2,881.9261551599799
40.4,881.9149226705355
40.6,881.9021725014726
40.8,881.887729751809
41.0,881.8714037310976
41.2,881.8529871115675
41.4,881.8322551071846
41.6,881.8089646904655
41.8,881.7828538585615
42.0,881.7536409607246
42.2,881.7210240997406
42.4,881.684680620247
42.6,881.6442666970287
42.8,881.5994170363776
43.0,881.5497447034065
43.2,881.4948410877922
43.4,881.4342760197918
43.6,881.3675980475106
43.8,881.2943348852929
44.0,881.2139940417711
44.2,881.1260636345244
44.4,881.0300133965009
44.6,880.9252958773369
44.8,880.811347840496
45.0,880.6875918547694
45.2,880.5534380761545
45.4,880.4082862134982
45.6,880.2515276685872
45.8,880.0825478386417
46.0,879.9007285664507
46.2,879.7054507207421
46.4,879.4960968868454
46.6,879.2720541453266
46.8,879.032716914118
47.0,878.7774898277586
47.2,878.5057906257583
47.4,878.2170530208437
47.6,877.9107295169601
47.8,877.5862941464376
48.0,877.2432450956843
48.2,876.8811071891855
48.4,876.4994342024444
48.6,876.0978109758225
48.8,875.6758553030011
49.0,875.2332195699693
49.2,874.769592123042
49.4,874.2846983473567
49.6,873.7783014405793
49.8,873.2502028700954
50.0,872.7002425057303
