0.0,792.9648155360271
0.2,795.1404485370582
0.4,797.2757754035712
0.6,799.3711980253039
0.8,801.4271197220544
1.0,803.443945302751
1.2,805.4220811173539
1.4,807.3619351013145
1.6,809.2639168123437
1.8,811.1284374592689
2.0,812.9559099227841
2.2,814.7467487679345
2.4,816.5013702481908
2.6,818.2201923010133
2.8,819.9036345348253
3.0,821.5521182073484
3.2,823.1660661952823
3.4,824.74590295534
3.6,826.2920544766782
3.8,827.8049482247951
4.0,829.28501307699
4.2,830.7326792495146
4.4,832.1483782165652
4.6,833.5325426212995
4.8,834.8856061790793
5.0,836.2080035731714
5.2,837.5001703431586
5.4,838.7625427663363
5.6,839.9955577323913
5.8,841.1996526116789
6.0,842.3752651174331
6.2,843.5228331622608
6.4,844.6427947092878
6.6,845.7355876183362
6.8,846.8016494875284
7.0,847.8414174907189
7.2,848.8553282111704
7.4,849.8438174718931
7.6,850.8073201630726
7.8,851.7462700670213
8.0,852.6610996810823
8.2,853.552240038925
8.4,854.4201205306631
8.6,855.2651687222296
8.8,856.0878101744356
9.0,856.888468262139
9.2,857.6675639939377
9.4,858.4255158327984
9.6,859.1627395180199
9.8,859.8796478889224
10.0,860.5766507106397
10.2,861.2541545023798
10.4,861.912562368506
10.6,862.5522738327752
10.8,863.1736846760559
11.0,863.7771867778283
11.2,864.3631679617566
11.4,864.932011845602
11.6,865.4840976957277
11.8,866.0198002864302
12.0,866.5394897643065
12.2,867.0435315178547
12.4,867.5322860524786
12.6,868.0061088710522
12.8,868.465350360176
13.0,868.9103556822384
13.2,869.3414646733776
13.4,869.7590117474153
13.6,870.1633258058165
13.8,870.5547301537109
14.0,870.9335424219888
14.2,871.3000744954716
14.4,871.6546324471311
14.6,871.9975164783236
14.8,872.3290208649765
15.0,872.6494339096597
15.2,872.9590378994499
15.4,873.2581090694856
15.6,873.5469175720937
15.8,873.825727451355
16.0,874.0947966229654
16.2,874.3543768592345
16.4,874.6047137790523
16.6,874.8460468426472
16.8,875.0786093509449
17.0,875.3026284493318
17.2,875.5183251356162
17.4,875.7259142719764
17.6,875.9256046006761
17.8,876.1175987633218
18.0,876.3020933234355
18.2,876.4792787921085
18.4,876.6493396564999
18.6,876.8124544109443
18.8,876.9687955904271
19.0,877.1185298061882
19.2,877.2618177832142
19.4,877.3988143993798
19.6,877.5296687260005
19.8,877.6545240695597
20.0,877.7735180143791
20.2,877.8867824660024
20.4,877.9944436950635
20.6,878.0966223814222
20.8,878.1934336583474
21.0,878.2849871565386
21.2,878.3713870477801
21.4,878.4527320880288
21.6,878.5291156597455
21.8,878.6006258132813
22.0,878.667345307147
22.2,878.7293516469904
22.4,878.7867171231256
22.6,878.8395088464587
22.8,878.8877887826657
23.0,878.9316137844907
23.2,878.9710356220343
23.4,879.0061010109201
23.6,879.0368516382298
23.8,879.0633241861109
24.0,879.0855503529709
24.2,879.1035568721785
24.4,879.1173655282084
24.6,879.1269931701697
24.8,879.1324517226733
25.0,879.133748194003
25.2,879.1308846815633
25.4,879.123858374589
25.6,879.112661554112
25.8,879.097281590194
26.0,879.0777009364347
26.2,879.0538971217902
26.4,879.0258427397323
26.6,878.9935054348
26.8,878.9568478865984
27.0,878.9158277913144
27.2,878.8703978408267
27.4,878.8205056994975
27.6,878.7660939787434
27.8,878.7071002094932
28.0,878.6434568126505
28.2,878.5750910676835
28.4,878.5019250794811
28.6,878.4238757436174
28.8,878.3408547101767
29.0,878.252768346301
29.2,878.1595176976278
29.4,878.0609984487957
29.6,877.9571008832012
29.8,877.8477098421974
30.0,877.7327046839329
30.2,877.6119592420335
30.4,877.4853417843383
30.6,877.3527149719004
30.8,877.2139358184778
31.0,877.0688556507337
31.2,876.9173200693741
31.4,876.7591689114557
31.6,876.5942362140944
31.8,876.4223501798106
32.0,876.2433331437477
32.2,876.0570015429997
32.4,875.8631658882853
32.6,875.6616307382029
32.8,875.4521946763031
33.0,875.2346502912065
33.2,875.0087841600003
33.4,874.7743768351338
33.6,874.5312028350348
33.8,874.2790306386621
34.0,874.0176226842002
34.2,873.7467353720971
34.4,873.4661190726398
34.6,873.1755181382485
34.8,872.8746709206658
35.0,872.5633097932022
35.2,872.2411611781927
35.4,871.9079455798021
35.6,871.5633776223068
35.8,871.2071660939673
36.0,870.8390139965884
36.2,870.4586186008536
36.4,870.0656715074978
36.6,869.6598587143743
36.8,869.240860689447
37.0,868.8083524497264
37.2,868.3620036461474
37.4,867.9014786543705
37.6,867.4264366714661
37.8,866.9365318184256
38.0,866.4314132484197
38.2,865.9107252607106
38.4,865.3741074200968
38.6,864.8211946817562
38.8,864.2516175213307
39.0,863.6650020700749
39.2,863.0609702548733
39.4,862.4391399429095
39.6,861.7991250907546
39.8,861.1405358976195
40.0,860.4629789625014
40.2,859.7660574449337
40.4,859.0493712290354
40.6,858.3125170905356
40.8,857.5550888664388
41.0,856.7766776269754
41.2,855.9768718494742
41.4,855.1552575937799
41.6,854.3114186788231
41.8,853.4449368599475
42.0,852.5553920065834
42.2,851.642362279852
42.4,850.7054243096815
42.6,849.7441533710027
42.8,848.7581235586008
43.0,847.7469079601864
43.2,846.7100788272561
43.4,845.6472077433114
43.6,844.5578657890092
43.8,843.4416237038171
44.0,842.2980520437626
44.2,841.1267213348596
44.4,839.9272022218169
44.6,838.6990656116393
44.8,837.441882811742
45.0,836.1552256622185
45.2,834.8386666619131
45.4,833.4917790879699
45.6,832.1141371085455
45.8,830.7053158883939
46.0,829.2648916870543
46.2,827.7924419493913
46.4,826.2875453882665
46.6,824.7497820591374
46.8,823.178733426411
47.0,821.5739824214057
47.2,819.9351134917971
47.4,818.261712642456
47.6,816.5533674676168
47.8,814.8096671743352
48.0,813.0302025972337
48.2,811.2145662045552
48.4,809.3623520955787
48.6,807.4731559894772
48.8,805.5465752057329
49.0,803.5822086362467
49.2,801.5796567093141
49.4,799.5385213456634
49.6,797.4584059067835
49.8,795.3389151357918
50.0,793.1796550911228
