0.0,636.7701577029873
0.2,641.8674500267985
0.4,646.8450857828739
0.6,651.7068340923022
0.8,656.4563322811916
1.0,661.0970829083927
1.2,665.6324517071913
1.4,670.0656664371378
1.6,674.3998166310571
1.8,678.6378542115594
2.0,682.782594941275
2.2,686.8367206616911
2.4,690.8027822670517
2.6,694.6832033524012
2.8,698.4802844686174
3.0,702.196207912273
3.2,705.8330429744117
3.4,709.3927515698763
3.6,712.877194167663
3.8,716.2881359428559
4.0,719.6272530719962
4.2,722.8961390961508
4.4,726.0963112793984
4.6,729.2292168948113
4.8,732.2962393751827
5.0,735.2987042715685
5.2,738.2378849690617
5.4,741.1150081159509
5.6,743.931258729373
5.8,746.6877849476489
6.0,749.3857024065258
6.2,752.026098223438
6.4,754.6100345805289
6.6,757.1385519034403
6.8,759.6126716387004
7.0,762.033398637856
7.2,764.4017231612387
7.4,766.7186225184007
7.6,768.985062365774
7.8,771.2019976849876
8.0,773.3703734675366
8.2,775.4911251331295
8.4,777.5651787100991
8.6,779.5934508067648
8.8,781.5768484026296
9.0,783.5162684878368
9.2,785.4125975784491
9.4,787.2667111339013
9.6,789.0794729014792
9.8,790.8517342109435
10.0,792.5843332405042
10.2,794.2780942733234
10.4,795.9338269616045
10.6,797.5523256131911
10.8,799.1343685134698
11.0,800.6807172932864
11.2,802.192116351582
11.4,803.669292339553
11.6,805.1129537113632
11.8,806.5237903447938
12.0,807.9024732337302
12.2,809.2496542530525
12.4,810.5659659953207
12.6,811.8520216776327
12.8,813.108415116174
13.0,814.3357207652627
13.2,815.5344938171303
13.4,816.7052703582325
13.6,817.8485675775735
13.8,818.964884022311
14.0,820.0546998958039
14.2,821.118477393234
14.4,822.1566610699828
14.6,823.1696782380545
14.8,824.1579393859963
15.0,825.1218386179705
15.2,826.0617541078703
15.4,826.9780485646257
15.6,827.871069705128
15.8,828.7411507314779
16.0,829.5886108095604
16.2,830.4137555462289
16.4,831.216877462672
16.6,831.9982564618057
16.8,832.7581602877998
17.0,833.4968449760984
17.2,834.2145552925306
17.4,834.9115251603274
17.6,835.587978074069
17.8,836.2441274997722
18.0,836.8801772605021
18.2,837.4963219070515
18.4,838.0927470733685
18.6,838.6696298165433
18.8,839.2271389412792
19.0,839.7654353088673
19.2,840.2846721307802
19.4,840.7849952470685
19.6,841.2665433898136
19.8,841.7294484319452
20.0,842.1738356217801
20.2,842.5998238036715
20.4,843.0075256251985
20.6,843.3970477313421
20.8,843.768490946115
21.0,844.1219504421243
21.2,844.4575158985563
21.4,844.7752716480701
21.6,845.075296813092
21.8,845.357665431992
22.0,845.62244657562
22.2,845.8697044546648
22.4,846.0994985182887
22.6,846.3118835444695
22.8,846.5069097224676
23.0,846.6846227278144
23.2,846.8450637901939
23.4,846.9882697545681
23.6,847.1142731358727
23.8,847.2231021675785
24.0,847.3147808443925
24.2,847.3893289593418
24.4,847.4467621354519
24.6,847.4870918522048
24.8,847.5103254669323
25.0,847.5164662312626
25.2,847.5055133027171
25.4,847.477461751512
25.6,847.4323025625952
25.8,847.3700226329138
26.0,847.2906047638744
26.2,847.1940276489305
26.4,847.0802658561925
26.6,846.949289805933
26.8,846.8010657428206
27.0,846.6355557026905
27.2,846.4527174736247
27.4,846.2525045510919
27.6,846.0348660868598
27.8,845.7997468313727
28.0,845.5470870692541
28.2,845.2768225475731
28.4,844.9888843964865
28.6,844.6831990418449
28.8,844.3596881093363
29.0,844.0182683197119
29.2,843.6588513746321
29.4,843.2813438326522
29.6,842.8856469748537
29.8,842.4716566596247
30.0,842.0392631660862
30.2,841.5883510256577
30.4,841.1187988412667
30.6,840.6304790937066
30.8,840.123257934673
31.0,839.5969949660174
31.2,839.0515430047967
31.4,838.48674783372
31.6,837.9024479366489
31.8,837.29847421885
32.0,836.6746497117674
32.2,836.0307892621497
32.4,835.3666992054569
32.6,834.6821770235613
32.8,833.977010986874
33.0,833.2509797811473
33.2,832.5038521193436
33.4,831.7353863391166
33.6,830.9453299866196
33.8,830.1334193875424
34.0,829.299379206482
34.2,828.4429219959699
34.4,827.5637477367155
34.6,826.6615433708728
34.8,825.7359823304014
35.0,824.7867240628668
35.2,823.8134135573081
35.4,822.8156808730865
35.6,821.7931406749238
35.8,820.7453917776181
36.0,819.6720167042091
36.2,818.5725812616181
36.4,817.4466341380349
36.6,816.2937065265216
36.8,815.1133117794745
37.0,813.9049450986992
37.2,812.6680832659027
37.4,811.4021844183958
37.6,810.1066878746828
37.8,808.7810140144254
38.0,807.4245642169526
38.2,806.0367208620622
38.4,804.616847396299
38.6,803.1642884671954
38.8,801.678370127119
39.0,800.1584001073592
39.2,798.6036681619397
39.4,797.0134464793172
39.6,795.3869901586565
39.8,793.7235377457544
40.0,792.0223118219169
40.2,790.2825196372195
40.4,788.503353777588
40.6,786.6839928530748
40.8,784.8236021925987
41.0,782.9213345282892
41.2,780.9763306504856
41.4,778.9877200124254
41.6,776.9546212617548
41.8,774.8761426742814
42.0,772.751382463898
42.2,770.579428941408
42.4,768.3593604941256
42.6,766.0902453576731
42.8,763.7711411513922
43.0,761.4010941492916
43.2,758.9791382595032
43.4,756.5042936868451
43.6,753.9755652553383
43.8,751.3919403703838
44.0,748.7523866038129
44.2,746.0558488891343
44.4,743.3012463190327
44.6,740.4874685424433
44.8,737.6133717643258
45.0,734.6777743574888
45.2,731.6794521023996
45.4,728.6171330777714
45.6,725.4894922317064
45.8,722.2951456702112
46.0,719.032644706818
46.2,715.7004697237352
46.4,712.2970239012607
46.6,708.8206268779753
46.8,705.2695084093666
47.0,701.6418020968638
47.2,697.9355392626951
47.4,694.1486430483636
47.6,690.2789228158224
47.8,686.3240689305024
48.0,682.2816480041798
48.2,678.1490986732155
48.4,673.9237279839679
48.6,669.6027084521808
48.8,665.1830758569344
49.0,660.6617278223985
49.2,656.0354232322388
49.4,651.300782512225
49.6,646.4542888065221
49.8,641.4922900624815
50.0,636.4110020276624
