0.0,866.8454474958734
0.2,867.4382723151776
0.4,868.0147011021494
0.6,868.5749133918457
0.8,869.1190946189442
1.0,869.6474361437411
1.2,870.1601352514344
1.4,870.6573951247047
1.6,871.1394247897432
1.8,871.6064390360253
2.0,872.0586583102655
2.2,872.4963085851224
2.4,872.9196212033596
2.6,873.3288326982886
2.8,873.7241845914418
3.0,874.1059231685357
3.2,874.4742992348871
3.4,874.829567851546
3.6,875.1719880534879
3.8,875.5018225512953
4.0,875.8193374178177
4.2,876.1248017613636
4.4,876.418487387022
4.6,876.7006684477471
4.8,876.9716210868721
5.0,877.2316230737237
5.2,877.4809534340258
5.4,877.7198920767686
5.6,877.9487194192054
5.8,878.1677160116185
6.0,878.3771621634589
6.2,878.5773375724224
6.4,878.7685209579747
6.6,878.9509897007812
6.8,879.1250194894257
7.0,879.2908839757387
7.2,879.4488544399702
7.4,879.5991994669654
7.6,879.7421846344068
7.8,879.8780722141053
8.0,880.0071208872175
8.2,880.129585474181
8.4,880.2457166800518
8.6,880.3557608558399
8.8,880.4599597763295
9.0,880.5585504347831
9.2,880.6517648548248
9.4,880.7398299197047
9.6,880.8229672190573
9.8,880.9013929131725
10.0,880.9753176147156
10.2,881.044946287748
10.4,881.1104781638227
10.6,881.1721066748571
10.8,881.2300194024144
11.0,881.2843980429622
11.2,881.3354183886203
11.4,881.383250322856
11.6,881.4280578305351
11.8,881.4699990217002
12.0,881.5092261684097
12.2,881.5458857539363
12.4,881.5801185336086
12.6,881.6120596065472
12.8,881.6418384975425
13.0,881.6695792483075
13.2,881.6954005173338
13.4,881.7194156875795
13.6,881.7417329812247
13.8,881.7624555807338
14.0,881.7816817554786
14.2,881.799504993194
14.4,881.8160141355506
14.6,881.8312935171571
14.8,881.8454231073232
15.0,881.8584786539477
15.2,881.8705318289141
15.4,881.8816503744173
15.6,881.8918982496684
15.8,881.9013357774601
16.0,881.9100197901059
16.2,881.9180037743048
16.4,881.9253380145087
16.6,881.9320697344133
16.8,881.9382432362165
17.0,881.9439000373306
17.2,881.9490790042603
17.4,881.9538164833939
17.6,881.9581464284848
17.8,881.9621005246295
18.0,881.9657083085764
18.2,881.9689972852306
18.4,881.97199304024
18.6,881.9747193485761
18.8,881.9771982790459
19.0,881.9794502946913
19.2,881.9814943490527
19.4,881.9833479782911
19.6,881.9850273891827
19.8,881.9865475430104
20.0,881.9879222353939
20.2,881.9891641721116
20.4,881.9902850409765
20.6,881.9912955798388
20.8,881.9922056407969
21.0,881.9930242507
21.2,881.993759668039
21.4,881.9944194363173
21.6,881.9950104340026
21.8,881.9955389211589
22.0,881.9960105828604
22.2,881.9964305694872
22.4,881.9968035340023
22.6,881.9971336663082
22.8,881.9974247247757
23.0,881.9976800650377
23.2,881.9979026661329
23.4,881.9980951540823
23.6,881.9982598229745
23.8,881.9983986536292
24.0,881.9985133299052
24.2,881.9986052527083
24.4,881.9986755517499
24.6,881.9987250951
24.8,881.9987544965691
25.0,881.9987641209476
25.2,881.9987540871215
25.4,881.9987242690759
25.6,881.9986742947909
25.8,881.9986035430254
26.0,881.9985111379735
26.2,881.9983959417768
26.4,881.99825654486
26.6,881.998091254057
26.8,881.9978980784792
27.0,881.9976747130789
27.2,881.9974185198455
27.4,881.997126506571
27.6,881.996795303114
27.8,881.9964211350812
28.0,881.9959997948463
28.2,881.9955266098178
28.4,881.9949964078611
28.6,881.9944034797813
28.8,881.9937415387659
29.0,881.9930036766876
29.2,881.992182317163
29.4,881.9912691652654
29.6,881.9902551537879
29.8,881.9891303859582
30.0,881.9878840745037
30.2,881.9865044769745
30.4,881.9849788272351
30.6,881.9832932630391
30.8,881.9814327496155
31.0,881.9793809991962
31.2,881.9771203864319
31.4,881.9746318596497
31.6,881.9718948479253
31.8,881.968887163951
32.0,881.9655849027024
32.2,881.9619623359229
32.4,881.9579918024656
32.6,881.9536435945504
32.8,881.9488858400227
33.0,881.9436843807194
33.2,881.938002647074
33.4,881.9318015291244
33.6,881.9250392441086
33.8,881.9176712008685
34.0,881.9096498613111
34.2,881.9009245992052
34.4,881.8914415566289
34.6,881.8811434984144
34.8,881.8699696649669
35.0,881.8578556238725
35.2,881.8447331207441
35.4,881.8305299297808
35.6,881.8151697045611
35.8,881.7985718296094
36.0,881.7806512733194
36.2,881.7613184428376
36.4,881.740479041544
36.6,881.7180339297951
36.8,881.6938789896134
37.0,881.6679049940346
37.2,881.6399974818397
37.4,881.6100366384157
37.6,881.5778971835052
37.8,881.5434482666052
38.0,881.5065533707899
38.2,881.4670702257267
38.4,881.4248507306515
38.6,881.379740888064
38.8,881.3315807488835
39.0,881.2802043697941
39.2,881.2254397834773
39.4,881.1671089824057
39.6,881.1050279168317
39.8,881.0390065075674
40.0,880.9688486741042
40.2,880.8943523785687
40.4,880.8153096859551
40.6,880.7315068410098
40.8,880.6427243620799
41.0,880.5487371521584
41.2,880.4493146272906
41.4,880.3442208624165
41.6,880.2332147546429
41.8,880.116050203852
42.0,879.9924763104561
42.2,879.8622375900206
42.4,879.7250742043766
42.6,879.5807222087503
42.8,879.428913814337
43.0,879.2693776656506
43.2,879.101839131884
43.4,878.9260206114155
43.6,878.7416418485091
43.8,878.5484202611611
44.0,878.3460712789625
44.2,878.1343086897589
44.4,877.9128449938179
44.6,877.6813917641373
44.8,877.439660011466
45.0,877.1873605525461
45.2,876.9242043800397
45.4,876.6499030325556
45.6,876.3641689631628
45.8,876.0667159047473
46.0,875.7572592305582
46.2,875.4355163082812
46.4,875.1012068459831
46.6,874.7540532282871
46.8,874.3937808411616
47.0,874.0201183837441
47.2,873.632798165667
47.4,873.2315563884093
47.6,872.8161334092626
47.8,872.3862739865807
48.0,871.9417275050629
48.2,871.4822481799207
48.4,871.007595238875
48.6,870.517533081047
48.8,870.0118314119212
49.0,869.4902653536809
49.2,868.9526155303513
49.4,868.3986681273137
49.6,867.8282149248968
49.8,867.2410533058882
50.0,866.6369862369548
