0.0,861.7262613993071
0.2,862.3772182354874
0.4,863.0128091118903
0.6,863.633220555723
0.8,864.2386406794114
1.0,864.8292591754874
1.2,865.4052673052324
1.4,865.9668578810412
1.6,866.5142252424927
1.8,867.0475652261426
2.0,867.5670751290726
2.2,868.0729536662554
2.4,868.5654009218247
2.6,869.0446182943507
2.8,869.5108084362574
3.0,869.9641751875284
3.2,870.4049235038773
3.4,870.8332593795732
3.6,871.2493897651367
3.8,871.6535224801326
4.0,872.0458661213107
4.2,872.4266299663572
4.4,872.7960238735337
4.6,873.1542581774984
4.8,873.5015435816096
5.0,873.8380910470308
5.2,874.1641116789584
5.4,874.4798166103046
5.6,874.7854168831763
5.8,875.0811233284896
6.0,875.3671464440737
6.2,875.6436962716056
6.4,875.9109822727337
6.6,876.1692132047353
6.8,876.4185969960578
7.0,876.6593406220856
7.2,876.8916499814763
7.4,877.1157297733955
7.6,877.3317833759792
7.8,877.5400127263407
8.0,877.7406182024324
8.2,877.9337985070574
8.4,878.11975055432
8.6,878.2986693587883
8.8,878.4707479276307
9.0,878.6361771559706
9.2,878.7951457256955
9.4,878.9478400079339
9.6,879.0944439694019
9.8,879.2351390828073
10.0,879.3701042414742
10.2,879.4995156783455
10.4,879.6235468894915
10.6,879.7423685622484
10.8,879.8561485080802
11.0,879.9650516002511
11.2,880.0692397163724
11.4,880.1688716858732
11.6,880.2641032424264
11.8,880.355086981345
12.0,880.4419723219518
12.2,880.5249054749012
12.4,880.6040294144278
12.6,880.6794838554724
12.8,880.7514052356255
13.0,880.8199267018205
13.2,880.8851781016838
13.4,880.9472859794496
13.6,881.0063735763281
13.8,881.0625608352057
14.0,881.115964409552
14.2,881.1666976763895
14.4,881.2148707531827
14.6,881.2605905184902
14.8,881.3039606362177
15.0,881.3450815833056
15.2,881.3840506806764
15.4,881.4209621272656
15.6,881.4559070369551
15.8,881.4889734782217
16.0,881.5202465163188
16.2,881.5498082577965
16.4,881.5777378971765
16.6,881.6041117655875
16.8,881.6290033811733
17.0,881.6524835010835
17.2,881.6746201748597
17.4,881.6954787990319
17.6,881.7151221727386
17.8,881.7336105541942
18.0,881.7510017178215
18.2,881.7673510118773
18.4,881.7827114164025
18.6,881.7971336013263
18.8,881.810665984566
19.0,881.8233547899652
19.2,881.8352441049166
19.4,881.8463759375245
19.6,881.8567902731633
19.8,881.8665251302965
20.0,881.8756166154261
20.2,881.8840989770448
20.4,881.8920046584717
20.6,881.8993643494587
20.8,881.906207036456
21.0,881.912560051435
21.2,881.9184491191695
21.4,881.9238984028842
21.6,881.9289305481805
21.8,881.9335667251602
22.0,881.9378266686685
22.2,881.9417287165853
22.4,881.9452898460961
22.6,881.9485257078823
22.8,881.9514506581727
23.0,881.9540777886015
23.2,881.9564189538268
23.4,881.9584847968631
23.6,881.9602847720892
23.8,881.9618271658941
24.0,881.9631191149301
24.2,881.9641666219447
24.4,881.9649745691655
24.6,881.965546729219
24.8,881.9658857735661
25.0,881.9659932784406
25.2,881.9658697282803
25.4,881.9655145166455
25.6,881.9649259446202
25.8,881.9641012167001
26.0,881.9630364341662
26.2,881.9617265859575
26.4,881.9601655370504
26.6,881.9583460143594
26.8,881.9562595901795
27.0,881.9538966631922
27.2,881.9512464370588
27.4,881.9482968966342
27.6,881.9450347818317
27.8,881.9414455591799
28.0,881.9375133911108
28.2,881.9332211030273
28.4,881.9285501482024
28.6,881.9234805705601
28.8,881.917990965405
29.0,881.9120584381606
29.2,881.9056585611871
29.4,881.8987653287558
29.6,881.8913511102564
29.8,881.8833866017262
30.0,881.8748407757877
30.2,881.8656808300947
30.4,881.8558721343851
30.6,881.8453781762493
30.8,881.8341605057252
31.0,881.8221786788407
31.2,881.8093902002227
31.4,881.7957504649062
31.6,881.7812126994771
31.8,881.7657279026865
32.0,881.749244785685
32.2,881.731709712026
32.4,881.7130666375924
32.6,881.6932570506112
32.8,881.6722199119145
33.0,881.6498915956223
33.2,881.6262058304164
33.4,881.6010936415836
33.6,881.574483294008
33.8,881.5463002362957
34.0,881.5164670462168
34.2,881.4849033776532
34.4,881.4515259092391
34.6,881.4162482948872
34.8,881.3789811163867
35.0,881.3396318382684
35.2,881.2981047651198
35.4,881.2543010015437
35.6,881.2081184149421
35.8,881.1594516013099
36.0,881.1081918542159
36.2,881.0542271371477
36.4,880.9974420593882
36.6,880.9377178555899
36.8,880.8749323692015
37.0,880.8089600398989
37.2,880.7396718951616
37.4,880.6669355461265
37.6,880.5906151878453
37.8,880.5105716040541
38.0,880.4266621765607
38.2,880.3387408993382
38.4,880.2466583974016
38.6,880.1502619505338
38.8,880.0493955219094
39.0,879.943899791655
39.2,879.8336121953657
39.4,879.7183669675851
39.6,879.5979951902393
39.8,879.4723248459986
40.0,879.3411808765254
40.2,879.20438524555
40.4,879.0617570066986
40.6,878.9131123759802
40.8,878.7582648088234
41.0,878.5970250815377
41.2,878.4292013770544
41.4,878.254599374787
41.6,878.073022344436
41.8,877.8842712435447
42.0,877.6881448185972
42.2,877.4844397094354
42.4,877.272950556759
42.6,877.0534701124525
42.8,876.8257893524781
43.0,876.5896975920549
43.2,876.3449826028352
43.4,876.0914307317797
43.6,875.8288270214224
43.8,875.5569553312054
44.0,875.2755984595624
44.2,874.9845382664179
44.4,874.6835557957672
44.6,874.3724313979972
44.8,874.0509448516075
45.0,873.7188754839902
45.2,873.3760022909253
45.4,873.0221040544516
45.6,872.6569594587797
45.8,872.2803472039128
46.0,871.8920461166502
46.2,871.4918352586577
46.4,871.0794940312943
46.6,870.6548022768982
46.8,870.2175403762452
47.0,869.7674893419062
47.2,869.3044309072452
47.4,868.8281476108131
47.6,868.338422875912
47.8,867.8350410851202
48.0,867.3177876495872
48.2,866.7864490729293
48.4,866.2408130095747
48.6,865.6806683174304
48.8,865.1058051047637
49.0,864.5160147712148
49.2,863.9110900428782
49.4,863.2908250014177
49.6,862.6550151071997
49.8,862.0034572164533
50.0,861.3359495924959
