0.0,811.9361071024299
0.2,813.9451417384736
0.4,815.91184593613
0.6,817.8365214601413
0.8,819.7194809769604
1.0,821.5610485173289
1.2,823.3615598844161
1.4,825.1213630057017
1.6,826.8408182270944
1.8,828.5202985481164
2.0,830.1601897973115
2.2,831.7608907473707
2.4,833.3228131698061
2.6,834.8463818293316
2.8,836.3320344184415
3.0,837.7802214329907
3.2,839.1914059898982
3.4,840.5660635883875
3.6,841.9046818164701
3.8,843.2077600046432
4.0,844.4758088290299
4.2,845.7093498664256
4.4,846.9089151039298
4.6,848.0750464060407
4.8,849.208294942259
5.0,850.3092205784088
5.2,851.378391234999
5.4,852.4163822160705
5.6,853.4237755120427
5.8,854.4011590801406
6.0,855.3491261060175
6.2,856.2682742501975
6.4,857.1592048829602
6.6,858.0225223112507
6.8,858.8588330011494
7.0,859.6687447993672
7.2,860.4528661571344
7.4,861.2118053597476
7.6,861.9461697649132
7.8,862.6565650528858
8.0,863.3435944912457
8.2,864.0078582169973
8.4,864.6499525384913
8.6,865.2704692594897
8.8,865.8699950275022
9.0,866.449110708325
9.2,867.0083907885065
9.4,867.5484028072692
9.6,868.0697068192002
9.8,868.5728548888281
10.0,869.0583906179932
10.2,869.5268487067199
10.4,869.9787545481066
10.6,870.4146238575513
10.8,870.8349623364528
11.0,871.2402653703459
11.2,871.6310177612642
11.4,872.0076934939585
11.6,872.3707555354558
11.8,872.7206556672969
12.0,873.0578343496652
12.2,873.3827206165007
12.4,873.6957320005836
12.6,873.9972744874786
12.8,874.2877424971438
13.0,874.5675188919372
13.2,874.8369750096908
13.4,875.0964707204694
13.6,875.3463545055948
13.8,875.586963557483
14.0,875.8186238988225
14.2,876.0416505196124
14.4,876.2563475305783
14.6,876.4630083314876
14.8,876.6619157929048
15.0,876.8533424499493
15.2,877.037550706644
15.4,877.2147930494824
15.6,877.3853122688819
15.8,877.549341687233
16.0,877.70710539231
16.2,877.8588184748572
16.4,878.0046872692244
16.6,878.1449095959817
16.8,878.2796750055086
17.0,878.4091650216097
17.2,878.5335533842762
17.4,878.6530062907738
17.6,878.7676826343021
17.8,878.8777342395326
18.0,878.9833060943936
18.2,879.0845365775332
18.4,879.1815576809491
18.6,879.2744952273305
18.8,879.3634690817131
19.0,879.4485933571027
19.2,879.5299766137714
19.4,879.6077220519759
19.6,879.6819276978982
19.8,879.7526865826452
20.0,879.8200869141843
20.2,879.884212242133
20.4,879.9451416153431
20.6,880.0029497322636
20.8,880.0577070840799
21.0,880.1094800906625
21.2,880.1583312293724
21.4,880.2043191567916
21.6,880.2474988234636
21.8,880.2879215817403
22.0,880.3256352868423
22.2,880.3606843912502
22.4,880.3931100325474
22.6,880.4229501148405
22.8,880.4502393838848
23.0,880.4750094960411
23.2,880.4972890811906
23.4,880.5171037997277
23.6,880.5344763937475
23.8,880.5494267325386
24.0,880.5619718524825
24.2,880.5721259914529
24.4,880.5799006177971
24.6,880.5853044539753
24.8,880.5883434949153
25.0,880.5890210211337
25.2,880.5873376066604
25.4,880.5832911217894
25.6,880.5768767306688
25.8,880.5680868837246
26.0,880.5569113049082
26.2,880.5433369737348
26.4,880.5273481020764
26.6,880.5089261056551
26.8,880.4880495701733
27.0,880.4646942120074
27.2,880.4388328333795
27.4,880.4104352719146
27.6,880.3794683444814
27.8,880.3458957852113
28.0,880.3096781775783
28.2,880.2707728804282
28.4,880.2291339478339
28.6,880.1847120426612
28.8,880.1374543437236
29.0,880.0873044464162
29.2,880.0342022567162
29.4,879.9780838784524
29.6,879.9188814937521
29.8,879.8565232365878
30.0,879.7909330593629
30.2,879.7220305924911
30.4,879.6497309969474
30.6,879.573944809791
30.8,879.4945777826864
31.0,879.4115307134814
31.2,879.324699270929
31.4,879.2339738126782
31.6,879.1392391966967
31.8,879.0403745863306
32.0,878.9372532492458
32.2,878.8297423505499
32.4,878.7177027404349
32.6,878.6009887367394
32.8,878.4794479028782
33.0,878.3529208216469
33.2,878.2212408654635
33.4,878.0842339636738
33.6,877.9417183676002
33.8,877.7935044140842
34.0,877.6393942883273
34.2,877.4791817869011
34.4,877.3126520818603
34.6,877.1395814869472
34.8,876.9597372269459
35.0,876.7728772112906
35.2,876.5787498130971
35.4,876.3770936548348
35.6,876.1676374019048
35.8,875.9500995654367
36.0,875.7241883156535
36.2,875.4896013071912
36.4,875.2460255177863
36.6,874.9931371017658
36.8,874.73060125979
37.0,874.4580721263028
37.2,874.1751926761456
37.4,873.8815946517764
37.6,873.5768985125176
37.8,873.260713407226
38.0,872.9326371717373
38.2,872.5922563523857
38.4,872.2391462568404
38.6,871.8728710334265
38.8,871.4929837800094
39.0,871.0990266834363
39.2,870.6905311904126
39.4,870.2670182105777
39.6,869.8279983524188
39.8,869.3729721925172
40.0,868.9014305784777
40.2,868.412854965731
40.4,867.9067177882341
40.6,867.3824828629157
40.8,866.8396058275341
41.0,866.277534611426
41.2,865.6957099384297
41.4,865.0935658610679
41.6,864.4705303248774
41.8,863.8260257615659
42.0,863.1594697094781
42.2,862.4702754596483
42.4,861.7578527255178
42.6,861.0216083342036
42.8,860.2609469370134
43.0,859.475271736718
43.2,858.6639852289248
43.4,857.8264899547281
43.6,856.9621892616639
43.8,856.0704880698571
44.0,855.1507936401322
44.2,854.202516340742
44.4,853.2250704092905
44.6,852.2178747063491
44.8,851.1803534572168
45.0,850.1119369782449
45.2,849.0120623841378
45.4,847.8801742726573
45.6,846.7157253831892
45.8,845.5181772256955
46.0,844.2870006766559
46.2,843.0216765387062
46.4,841.7216960608125
46.6,840.3865614159698
46.8,839.0157861335874
47.0,837.6088954839154
47.2,836.1654268120867
47.4,834.6849298195777
47.6,833.1669667911443
47.8,831.6111127655598
48.0,830.016955648763
48.2,828.3840962683206
48.4,826.7121483684173
48.6,825.0007385449017
48.8,823.249506120241
49.0,821.4581029585682
49.2,819.6261932213312
49.4,817.7534530643904
49.6,815.8395702777398
49.8,813.8842438693496
50.0,811.8871835949491
