0.0,529.7799719832689
0.2,535.6569878810709
0.4,541.4521244437069
0.6,547.165267127923
0.8,552.7963647976036
1.0,558.3454305781995
1.2,563.8125423561416
1.4,569.197842923253
1.6,574.501539768927
1.8,579.7239045255507
2.0,584.8652720752818
2.2,589.9260393288232
2.4,594.9066636892462
2.6,599.8076612161734
2.8,604.6296045077271
3.0,609.3731203195504
3.2,614.0388869419145
3.4,618.6276313574059
3.6,623.1401262029477
3.8,627.5771865609242
4.0,631.9396666049607
4.2,636.228456126436
4.4,640.4444769680969
4.6,644.5886793911839
4.8,648.6620384022883
5.0,652.6655500657324
5.2,656.6002278266277
5.4,660.4670988689145
5.6,664.2672005316449
5.8,668.0015768055522
6.0,671.6712749305756
6.2,675.2773421134867
6.4,678.8208223831318
6.6,682.3027535990594
6.8,685.7241646274917
7.0,689.0860726967175
7.2,692.3894809420716
7.4,695.6353761487409
7.6,698.824726698701
7.8,701.9584807261898
8.0,705.0375644842586
8.2,708.0628809231304
8.4,711.0353084793655
8.6,713.9557000731845
8.8,716.8248823097505
9.0,719.6436548787798
9.2,722.4127901455264
9.4,725.1330329250019
9.6,727.8051004302292
9.8,730.4296823844131
10.0,733.0074412861246
10.2,735.5390128159578
10.4,738.0250063726119
10.6,740.4660057259839
10.8,742.862569774627
11.0,745.215233394815
11.2,747.524508368475
11.4,749.790884377373
11.6,752.0148300511729
11.8,754.1967940573242
12.0,756.3372062211482
12.2,758.4364786649969
12.4,760.4950069559228
12.6,762.5131712519266
12.8,764.4913374375228
13.0,766.4298582400834
13.2,768.329074319154
13.4,770.1893153217106
13.6,772.0109008970954
13.8,773.7941416661439
14.0,775.5393401397974
14.2,777.246791583245
14.4,778.9167848223858
14.6,780.549602990116
14.8,782.1455242106312
15.0,783.704822220584
15.2,785.2277669265495
15.4,786.7146248988253
15.6,788.165659802111
15.8,789.5811327641034
16.0,790.9613026834681
16.2,792.3064264790415
16.4,793.6167592824509
16.6,794.8925545766389
16.8,796.1340642830198
17.0,797.3415388001997
17.2,798.5152269973527
17.4,799.6553761654646
17.6,800.7622319297341
17.8,801.8360381264713
18.0,802.8770366478433
18.2,803.8854672577971
18.4,804.8615673824527
18.6,805.8055718781817
18.8,806.717712780504
19.0,807.5982190368225
19.2,808.4473162258937
19.4,809.2652262667968
19.6,810.0521671200132
19.8,810.8083524830786
20.0,811.5339914831081
20.2,812.2292883683313
20.4,812.8944422006124
20.6,813.5296465507662
20.8,814.1350891983205
21.0,814.7109518372187
21.2,815.2574097888047
21.4,815.7746317232871
21.6,816.2627793907405
21.8,816.7220073625729
22.0,817.1524627842653
22.2,817.5542851400772
22.4,817.9276060303085
22.6,818.2725489616124
22.8,818.589229150772
23.0,818.8777533422741
23.2,819.1382196399522
23.4,819.3707173529087
23.6,819.5753268558768
23.8,819.7521194641479
24.0,819.9011573231476
24.2,820.0224933127223
24.4,820.1161709661756
24.6,820.1822244040767
24.8,820.2206782828542
25.0,820.2315477581798
25.2,820.2148384631423
25.4,820.1705465012114
25.6,820.0986584539884
25.8,819.9991514037404
26.0,819.8719929707167
26.2,819.7171413652403
26.4,819.5345454545646
26.6,819.3241448444796
26.8,819.0858699756387
27.0,818.8196422345635
27.2,818.5253740792606
27.4,818.2029691793609
27.6,817.8523225706548
27.8,817.4733208238573
28.0,817.0658422273881
28.2,816.6297569838946
28.4,816.1649274201775
28.6,815.671208210106
28.8,815.1484466100251
29.0,814.59648270606
29.2,814.015149672625
29.4,813.4042740413261
29.6,812.7636759793306
29.8,812.0931695761406
30.0,811.392563137576
30.2,810.6616594856241
30.4,809.9002562626608
30.6,809.1081462383959
30.8,808.2851176177289
31.0,807.4309543475474
31.2,806.5454364203264
31.4,805.6283401722354
31.6,804.6794385732918
31.8,803.6985015069517
32.0,802.6852960363801
32.2,801.6395866545053
32.4,800.5611355148421
32.6,799.4497026399584
32.8,798.3050461043699
33.0,797.1269221885809
33.2,795.9150855009427
33.4,794.6692890639875
33.6,793.3892843619038
33.8,792.0748213458688
34.0,790.7256483940344
34.2,789.3415122230792
34.4,787.9221577484033
34.6,786.4673278902407
34.8,784.976763323215
35.0,783.450202167152
35.2,781.8873796173056
35.4,780.2880275125353
35.6,778.6518738404139
35.8,776.9786421787154
36.0,775.2680510732682
36.2,773.5198133527214
36.4,771.7336353813879
36.6,769.9092162519773
36.8,768.0462469207137
37.0,766.1444092880519
37.2,764.2033752289439
37.4,762.2228055773656
37.6,760.2023490705866
37.8,758.1416412594401
38.0,756.0403033916297
38.2,753.8979412758621
38.4,751.7141441353509
38.6,749.4884834599386
38.8,747.2205118667649
39.0,744.9097619800342
39.2,742.555745340999
39.4,740.1579513597804
39.6,737.7158463210579
39.8,735.2288724559991
40.0,732.6964470930304
40.2,730.1179619001783
40.4,727.4927822317222
40.6,724.8202465917973
40.8,722.0996662273461
41.0,719.3303248624526
41.2,716.511478585591
41.4,713.6423559006768
41.6,710.7221579520275
41.8,707.7500589324242
42.0,704.7252066824016
42.2,701.6467234877109
42.4,698.5137070805825
42.6,695.3252318489768
42.8,692.0803502564696
43.0,688.778094473768
43.2,685.4174782211264
43.4,681.997498819121
43.6,678.5171394433804
43.8,674.9753715769696
44.0,671.3711576521953
44.2,667.7034538716762
44.4,663.9712131966073
44.6,660.1733884882767
44.8,656.308935787075
45.0,652.3768177115015
45.2,648.3760069580395
45.4,644.3054898812488
45.6,640.1642701320571
45.8,635.9513723310072
46.0,631.6658457521831
46.2,627.3067679926874
46.4,622.8732486018976
46.6,618.3644326443156
46.8,613.7795041696228
47.0,609.1176895636024
47.2,604.3782607538769
47.4,599.5605382449367
47.6,594.663893957716
47.8,589.6877538499908
48.0,584.6316002951252
48.2,579.4949741981793
48.4,574.2774768300917
48.6,568.9787713625512
48.8,563.5985840882639
49.0,558.1367053135809
49.2,552.5929899128562
49.4,546.967357536435
49.6,541.2597924668045
49.8,535.4703431201416
50.0,529.5991211932488
