0.0,797.5383252900374
0.2,799.6796376559928
0.4,801.7802446021134
0.6,803.8405545441638
0.8,805.8609777615243
1.0,807.8419264850703
1.2,809.7838149752191
1.4,811.6870595897775
1.6,813.5520788412603
1.8,815.3792934433916
2.0,817.169126346541
2.2,818.9220027618893
2.4,820.6383501741595
2.6,822.3185983427951
2.8,823.9631792915062
3.0,825.5725272861512
3.2,827.1470788009631
3.4,828.6872724731725
3.6,830.1935490461217
3.8,831.6663513010046
4.0,833.1061239774107
4.2,834.5133136828873
4.4,835.8883687917743
4.6,837.2317393336032
4.8,838.5438768713858
5.0,839.8252343701525
5.2,841.076266056132
5.4,842.2974272669937
5.6,843.4891742936023
5.8,844.6519642137598
6.0,845.7862547184319
6.2,846.8925039309813
6.4,847.9711702199432
6.6,849.0227120059004
6.8,850.0475875630244
7.0,851.0462548158669
7.2,852.0191711319858
7.4,852.9667931110071
7.6,853.8895763707197
7.8,854.787975330806
8.0,855.662442994811
8.2,856.5134307309452
8.4,857.3413880523188
8.6,858.1467623971903
8.8,858.9299989098052
9.0,859.6915402223912
9.2,860.4318262388601
9.4,861.1512939207519
9.6,861.850377075939
9.8,862.5295061505918
10.0,863.1891080248821
10.2,863.8296058128853
10.4,864.4514186671125
10.6,865.0549615880864
10.8,865.6406452393437
11.0,866.2088757682238
11.2,866.7600546327782
11.4,867.2945784351035
11.6,867.8128387613775
11.8,868.3152220288463
12.0,868.8021093399833
12.2,869.2738763440146
12.4,869.7308931059712
12.6,870.1735239834069
12.8,870.6021275108875
13.0,871.0170562923317
13.2,871.4186569012563
13.4,871.8072697889512
13.6,872.1832292005837
13.8,872.5468630992077
14.0,872.8984930976264
14.2,873.2384343980356
14.4,873.5669957393495
14.6,873.8844793520942
14.8,874.1911809207257
15.0,874.4873895532185
15.2,874.7733877577436
15.4,875.0494514262464
15.6,875.3158498247103
15.8,875.572845589884
16.0,875.8206947322319
16.2,876.0596466448596
16.4,876.289944118147
16.6,876.5118233598226
16.8,876.7255140201955
17.0,876.9312392222549
17.2,877.1292155963458
17.4,877.3196533191178
17.6,877.5027561564442
17.8,877.6787215100027
18.0,877.8477404672097
18.2,878.0099978541972
18.4,878.1656722915204
18.6,878.314936252289
18.8,878.4579561224118
19.0,878.5948922626511
19.2,878.7258990721843
19.4,878.8511250533745
19.6,878.9707128774579
19.8,879.0847994508614
20.0,879.1935159818663
20.2,879.2969880473474
20.4,879.3953356593158
20.6,879.4886733310095
20.8,879.5771101422772
21.0,879.6607498040129
21.2,879.7396907214077
21.4,879.8140260557919
21.6,879.8838437848533
21.8,879.9492267610224
22.0,880.0102527678312
22.2,880.0669945740581
22.4,880.1195199854807
22.6,880.1678918940742
22.8,880.2121683244955
23.0,880.2524024777127
23.2,880.2886427716415
23.4,880.3209328786671
23.6,880.3493117599377
23.8,880.3738136963274
24.0,880.3944683159776
24.2,880.4113006183347
24.4,880.4243309946145
24.6,880.4335752446352
24.8,880.43904458997
25.0,880.4407456833796
25.2,880.4386806145014
25.4,880.432846911776
25.6,880.4232375406079
25.8,880.4098408977643
26.0,880.3926408020297
26.2,880.3716164811422
26.4,880.3467425550494
26.6,880.3179890155337
26.8,880.2853212022652
27.0,880.248699775352
27.2,880.2080806844709
27.4,880.1634151346673
27.6,880.1146495489288
27.8,880.0617255276462
28.0,880.0045798050818
28.2,879.9431442029852
28.4,879.8773455814962
28.6,879.8071057874936
28.8,879.7323416005547
29.0,879.6529646767013
29.2,879.5688814901202
29.4,879.479993273051
29.6,879.3861959540524
29.8,879.287380094858
30.0,879.1834308260497
30.2,879.0742277817817
30.4,878.959645033798
30.6,878.8395510249954
30.8,878.7138085027914
31.0,878.5822744525634
31.2,878.4448000314342
31.4,878.3012305026839
31.6,878.1514051710762
31.8,877.9951573193895
32.0,877.8323141464525
32.2,877.6626967069841
32.4,877.4861198535414
32.6,877.3023921808859
32.8,877.1113159730745
33.0,876.9126871535851
33.2,876.7062952387892
33.4,876.4919232950766
33.6,876.269347899943
33.8,876.0383391073407
34.0,875.7986604175936
34.2,875.550068752172
34.4,875.2923144336118
34.6,875.0251411708617
34.8,874.7482860503289
35.0,874.4614795328835
35.2,874.1644454570741
35.4,873.8569010487923
35.6,873.5385569376091
35.8,873.2091171799948
36.0,872.8682792896146
36.2,872.5157342748779
36.4,872.1511666838966
36.6,871.7742546569955
36.8,871.3846699868872
37.0,870.9820781866134
37.2,870.5661385653232
37.4,870.1365043119374
37.6,869.6928225867287
37.8,869.2347346208144
38.0,868.7618758235388
38.2,868.2738758976909
38.4,867.770358962479
38.6,867.2509436841565
38.8,866.7152434141618
39.0,866.1628663346108
39.2,865.5934156109485
39.4,865.0064895515418
39.6,864.4016817739652
39.8,863.7785813776993
40.0,863.1367731229435
40.2,862.475837615207
40.4,861.7953514953219
40.6,861.0948876344959
40.8,860.3740153339912
41.0,859.6323005290025
41.2,858.869305996272
41.4,858.0845915649694
41.6,857.2777143303348
41.8,856.4482288695701
42.0,855.5956874594444
42.2,854.7196402950656
42.4,853.8196357092526
42.6,852.8952203919375
42.8,851.9459396090108
43.0,850.9713374200205
43.2,849.9709568941278
43.4,848.944340323719
43.6,847.8910294350757
43.8,846.8105655955026
44.0,845.7024900163208
44.2,844.5663439511361
44.4,843.4016688888079
44.6,842.2080067405465
44.8,840.9849000205905
45.0,839.731892019924
45.2,838.4485269725169
45.4,837.1343502135916
45.6,835.788908329442
45.8,834.4117492983561
46.0,833.002422622224
46.2,831.5604794484385
46.4,830.0854726817307
46.6,828.5769570856146
46.8,827.0344893731509
47.0,825.457628286777
47.2,823.8459346669858
47.4,822.1989715096802
47.6,820.5163040120641
47.8,818.7974996069796
48.0,817.0421279856345
48.2,815.249761108712
48.4,813.4199732058966
48.6,811.5523407638894
48.8,809.6464425030371
49.0,807.7018593427314
49.2,805.7181743557866
49.4,803.6949727120418
49.6,801.6318416114727
49.8,799.5283702071423
50.0,797.3841495183552
