0.0,482.91659114673394
0.2,488.4153983870271
0.4,493.87253143544234
0.6,499.2869857145634
0.8,504.65779491789846
1.0,509.9840318416358
1.2,515.2648090992789
1.4,520.4992797182073
1.6,525.6866376178931
1.8,530.8261179701752
2.0,535.9169974426515
2.2,540.958594326885
2.4,545.950268553733
2.6,550.8914215986842
2.8,555.7814962806312
3.0,560.6199764580099
3.2,565.4063866266937
3.4,570.1402914244401
3.6,574.8212950470523
3.8,579.449040581726
4.0,584.0232092633104
4.2,588.5435196594215
4.4,593.0097267904924
4.6,597.4216211909544
4.8,601.7790279177859
5.0,606.0818055126749
5.2,610.3298449239904
5.4,614.5230683946727
5.6,618.6614283220218
5.8,622.7449060951959
6.0,626.7735109160307
6.2,630.7472786085578
6.4,634.6662704223461
6.6,638.530571834501
6.8,642.3402913548704
7.0,646.0955593386798
7.2,649.7965268105039
7.4,653.4433643031481
7.6,657.036260714678
7.8,660.575422186503
8.0,664.061071005089
8.2,667.493444529548
8.4,670.8727941470397
8.6,674.1993842576109
8.8,677.4734912898103
9.0,680.6954027481347
9.2,683.8654162931026
9.4,686.9838388545071
9.6,690.0509857781716
9.8,693.0671800063232
10.0,696.0327512915122
10.2,698.9480354438296
10.4,701.8133736110266
10.6,704.6291115910057
10.8,707.3955991760319
11.0,710.1131895279185
11.2,712.7822385833554
11.4,715.4031044884795
11.6,717.9761470617337
11.8,720.5017272840203
12.0,722.9802068151239
12.2,725.4119475353644
12.4,727.7973111114297
12.6,730.1366585853383
12.8,732.4303499854949
13.0,734.6787439588109
13.2,736.8821974228874
13.4,739.0410652372818
13.6,741.1556998929059
13.8,743.2264512186431
14.0,745.253666104297
14.2,747.2376882390278
14.4,749.1788578644665
14.6,751.0775115417342
14.8,752.9339819316335
15.0,754.7485975873143
15.2,756.5216827587537
15.4,758.2535572084262
15.6,759.9445360375702
15.8,761.5949295224978
16.0,763.2050429604169
16.2,764.7751765242729
16.4,766.3056251261359
16.6,767.7966782886967
16.8,769.248620024451
17.0,770.6617287221757
17.2,772.0362770403268
17.4,773.3725318070047
17.6,774.6707539261502
17.8,775.9311982896545
18.0,777.1541136950821
18.2,778.339742768716
18.4,779.4883218936545
18.6,780.6000811426951
18.8,781.6752442157574
19.0,782.7140283816054
19.2,783.7166444236401
19.4,784.6832965895425
19.6,785.614182544557
19.8,786.509493328214
20.0,787.3694133142952
20.2,788.1941201738589
20.4,788.9837848411437
20.6,789.7385714821801
20.8,790.4586374659461
21.0,791.1441333379094
21.2,791.7952027958033
21.4,792.4119826674957
21.6,792.9946028908101
21.8,793.5431864951711
22.0,794.0578495849473
22.2,794.5387013243768
22.4,794.9858439239598
22.6,795.3993726282193
22.8,795.7793757047274
23.0,796.1259344343064
23.2,796.4391231023232
23.4,796.7190089909941
23.6,796.9656523726325
23.8,797.1791065037719
24.0,797.359417620109
24.2,797.5066249322113
24.4,797.6207606219505
24.6,797.7018498396185
24.8,797.7499107016988
25.0,797.7649542892675
25.2,797.7469846470065
25.4,797.69599878282
25.6,797.6119866680497
25.8,797.4949312382915
26.0,797.344808394825
26.2,797.1615870066723
26.4,796.9452289133098
26.6,796.695688928064
26.8,796.412914842228
27.0,796.0968474299455
27.2,795.7474204539079
27.4,795.3645606719301
27.6,794.9481878444619
27.8,794.4982147431115
28.0,794.0145471602565
28.2,793.4970839198278
28.4,792.9457168893575
28.6,792.3603309933891
28.8,791.7408042283527
29.0,791.0870076790189
29.2,790.3988055366463
29.4,789.676055118948
29.6,788.9186068920087
29.8,788.1263044942864
30.0,787.2989847628469
30.2,786.4364777619782
30.4,785.5386068143436
30.6,784.6051885348378
30.8,783.6360328673176
31.0,782.6309431243839
31.2,781.5897160304038
31.4,780.5121417679647
31.6,779.3980040279625
31.8,778.2470800635349
32.0,777.0591407480582
32.2,775.8339506374383
32.4,774.571268036932
32.6,773.2708450727516
32.8,771.9324277687119
33.0,770.5557561281944
33.2,769.1405642217175
33.4,767.6865802804118
33.6,766.1935267957216
33.8,764.6611206256661
34.0,763.0890731080124
34.2,761.4770901807368
34.4,759.8248725101665
34.6,758.1321156272192
34.8,756.3985100721849
35.0,754.6237415485178
35.2,752.807491086134
35.4,750.9494352147427
35.6,749.0492461477689
35.8,747.1065919774564
36.0,745.1211368817786
36.2,743.0925413438154
36.4,741.0204623842938
36.6,738.9045538080267
36.8,736.7444664650219
37.0,734.5398485270689
37.2,732.2903457806527
37.4,729.9956019370744
37.6,727.6552589606994
37.8,725.2689574162787
38.0,722.8363368363259
38.2,720.3570361095512
38.4,717.8306938913796
38.6,715.2569490375912
38.8,712.6354410621356
39.0,709.9658106201658
39.2,707.2477000173357
39.4,704.4807537463837
39.6,701.6646190519976
39.8,698.7989465249162
40.0,695.8833907261638
40.2,692.9176108422542
40.4,689.901271372109
40.6,686.8340428463407
40.8,683.7156025794317
41.0,680.5456354552086
41.2,677.3238347458562
41.4,674.0499029645458
41.6,670.7235527515647
41.8,667.3445077936211
42.0,663.9125037757758
42.2,660.427289365206
42.4,656.8886272257438
42.6,653.2962950618559
42.8,649.6500866904381
43.0,645.9498131384922
43.2,642.1953037644377
43.4,638.3864074004858
43.6,634.5229935131732
43.8,630.6049533788142
44.0,626.6322012703057
44.2,622.6046756513778
44.4,618.5223403740665
44.6,614.3851858748675
44.8,610.1932303647346
45.0,605.9465210078029
45.2,601.6451350834603
45.4,597.2891811261607
45.6,592.8788000371671
45.8,588.4141661622507
46.0,583.8954883292372
46.2,579.323010839207
46.4,574.6970144051083
46.6,570.0178170315467
46.8,565.2857748295614
47.0,560.5012827603052
47.2,555.6647753016917
47.4,550.7767270322854
47.6,545.837653126963
47.8,540.8481097591895
48.0,535.8086944051101
48.2,530.7200460450708
48.4,525.5828452586422
48.6,520.3978142097151
48.8,515.1657165187864
49.0,509.88735702012633
49.2,504.56358140213166
49.4,499.19527572980377
49.6,493.78336584894964
49.8,488.3288166723765
50.0,482.8326313490307
