0.0,869.1626176842448
0.2,869.7592509595278
0.4,870.3379494314161
0.6,870.8988988844276
0.8,871.4422950125111
1.0,871.9683434553012
1.2,872.4772597832701
1.4,872.969269432003
1.6,873.4446075861524
1.8,873.9035190139517
2.0,874.346257853478
2.2,874.7730873521612
2.4,875.1842795613197
2.6,875.5801149877785
2.8,875.9608822048715
3.0,876.3268774253697
3.2,876.6784040390802
3.4,877.0157721180483
3.6,877.33929789246
3.8,877.6493032004713
4.0,877.9461149153051
4.2,878.2300643530351
4.4,878.5014866645353
4.6,878.7607202150951
4.8,879.008105955212
5.0,879.2439867860394
5.2,879.4687069229261
5.4,879.6826112604083
5.6,879.8860447419181
5.8,880.079351737358
6.0,880.2628754315541
6.2,880.4369572264454
6.4,880.6019361596979
6.6,880.7581483422454
6.8,880.9059264170663
7.0,881.0455990412946
7.2,881.1774903935519
7.4,881.3019197081661
7.6,881.419200837717
7.8,881.5296418451253
8.0,881.6335446262736
8.2,881.7312045639237
8.4,881.8229102134763
8.6,881.9089430209035
8.8,881.9895770729752
9.0,882.0650788797036
9.2,882.1357071887377
9.4,882.2017128312633
9.6,882.2633385987925
9.8,882.3208191500771
10.0,882.3743809472327
10.2,882.4242422200374
10.4,882.4706129572513
10.6,882.5136949237035
10.8,882.5536817018088
11.0,882.5907587561031
11.2,882.6251035193294
11.4,882.6568854985612
11.6,882.6862663998214
11.8,882.7134002696309
12.0,882.7384336519218
12.2,882.7615057587486
12.4,882.7827486532503
12.6,882.8022874433385
12.8,882.820240484622
13.0,882.8367195911222
13.2,882.8518302523786
13.4,882.865671855604
13.6,882.8783379116062
13.8,882.8899162832621
14.0,882.9004894153952
14.2,882.9101345649854
14.4,882.918924030707
14.6,882.9269253808753
14.8,882.9342016789484
15.0,882.9408117058168
15.2,882.9468101781832
15.4,882.9522479624088
15.6,882.9571722832811
15.8,882.9616269272229
16.0,882.9656524395334
16.2,882.9692863153167
16.4,882.9725631838162
16.6,882.9755149859327
16.8,882.9781711447571
17.0,882.980558729003
17.2,882.982702609272
17.4,882.9846256071278
17.6,882.9863486369961
17.8,882.9878908409454
18.0,882.9892697164346
18.2,882.9905012371446
18.4,882.9915999670352
18.6,882.9925791677939
18.8,882.9934508998582
19.0,882.9942261172134
19.2,882.9949147561784
19.4,882.9955258184046
19.6,882.9960674483175
19.8,882.9965470052398
20.0,882.9969711304385
20.2,882.997345809334
20.4,882.9976764291179
20.6,882.9979678320148
20.8,882.9982243644286
21.0,882.9984499222014
21.2,882.9986479922135
21.4,882.9988216905415
21.6,882.998973797387
21.8,882.9991067889769
22.0,882.9992228666327
22.2,882.9993239831874
22.4,882.9994118669298
22.6,882.9994880432376
22.8,882.9995538540536
23.0,882.9996104753478
23.2,882.9996589326987
23.4,882.9997001151148
23.6,882.9997347872068
23.8,882.9997635998125
24.0,882.9997870991613
24.2,882.9998057346581
24.4,882.9998198653564
24.6,882.999829765173
24.8,882.9998356268982
25.0,882.9998375650307
25.2,882.9998356174686
25.4,882.9998297460698
25.6,882.9998198360861
25.8,882.9998056944673
26.0,882.9997870470203
26.2,882.9997635343938
26.4,882.9997347068559
26.6,882.9997000178159
26.8,882.9996588160327
27.0,882.9996103364416
27.2,882.9995536895216
27.4,882.9994878491129
27.6,882.9994116385851
27.8,882.9993237152435
28.0,882.9992225528533
28.2,882.9991064221493
28.4,882.9989733691849
28.6,882.9988211913707
28.8,882.9986474110341
29.0,882.9984492463288
29.2,882.9982235793073
29.4,882.9979669209628
29.6,882.9976753730389
29.8,882.9973445863932
30.0,882.9969697156972
30.2,882.9965453702463
30.4,882.9960655606466
30.6,882.9955236411425
30.8,882.9949122473461
31.0,882.994223229122
31.2,882.9934475783896
31.4,882.9925753515975
31.6,882.9915955866342
31.8,882.9904962139412
32.0,882.9892639616057
32.2,882.9878842542153
32.4,882.9863411052766
32.6,882.9846170030132
32.8,882.982692789374
33.0,882.9805475321114
33.2,882.9781583898103
33.4,882.975500469782
33.6,882.9725466787636
33.8,882.969267566409
34.0,882.965631161591
34.2,882.9616028015794
34.4,882.9571449542135
34.6,882.9522170332306
34.8,882.9467752069742
35.0,882.9407722007621
35.2,882.9341570932565
35.4,882.9268751072448
35.6,882.9188673953062
35.8,882.9100708209131
36.0,882.9004177355856
36.2,882.889835752793
36.4,882.8782475193753
36.6,882.8655704853272
36.8,882.8517166728705
37.0,882.8365924458119
37.2,882.820098280259
37.4,882.8021285378401
37.6,882.7825712426412
37.8,882.761307863142
38.0,882.7382131004907
38.2,882.7131546845147
38.4,882.685993178914
38.6,882.6565817971265
38.8,882.6247662303873
39.0,882.5903844895291
39.2,882.5532667620909
39.4,882.5132352862987
39.6,882.4701042434848
39.8,882.423679670488
40.0,882.3737593935471
40.2,882.3201329851588
40.4,882.2625817453089
40.6,882.2008787084197
40.8,882.1347886772664
41.0,882.0640682850166
41.2,881.988466086436
41.4,881.9077226791715
41.6,881.8215708558834
41.8,881.7297357878437
42.0,881.6319352404508
42.2,881.5278798209309
42.4,881.4172732583081
42.6,881.2998127155251
42.8,881.1751891333903
43.0,881.0430876058098
43.2,880.9031877855477
43.4,880.7551643195295
43.6,880.5986873124793
43.8,880.4334228174594
44.0,880.2590333516503
44.2,880.0751784354939
44.4,879.8815151531076
44.6,879.6776987316684
44.8,879.4633831372732
45.0,879.2382216845929
45.2,879.0018676574722
45.4,878.7539749374707
45.6,878.4941986372031
45.8,878.2221957352226
46.0,877.9376257090937
46.2,877.64015116323
46.4,877.32943844802
46.6,877.0051582667451
46.8,876.6669862667889
47.0,876.3146036116725
47.2,875.9476975305006
47.4,875.5659618414843
47.6,875.1690974463199
47.8,874.7568127923338
48.0,874.3288242994649
48.2,873.884856749345
48.4,873.4246436339387
48.6,872.9479274614479
48.8,872.4544600174237
49.0,871.9440025793115
49.2,871.416326082933
49.4,870.8712112397161
49.6,870.3084486037933
49.8,869.7278385884129
50.0,869.1291914314369
