0.0,791.3031058957315
0.2,793.5072250842969
0.4,795.6708205688652
0.6,797.7943113215805
0.8,799.8781170788795
1.0,801.9226583823499
1.2,803.9283566138847
1.4,805.8956340249201
1.6,807.8249137595639
1.8,809.7166198714423
2.0,811.5711773341159
2.2,813.3890120449324
2.4,815.1705508222132
2.6,816.916221395684
2.8,818.6264523900925
3.0,820.3016733019689
3.2,821.9423144695161
3.4,823.5488070356319
3.6,825.1215829040956
3.8,826.6610746889652
4.0,828.1677156572616
4.2,829.6419396650316
4.4,831.0841810869052
4.6,832.494874739285
4.8,833.8744557973195
5.0,835.2233597058386
5.2,836.5420220844427
5.4,837.8308786269562
5.6,839.0903649954727
5.8,840.3209167092348
6.0,841.5229690286064
6.2,842.6969568344091
6.4,843.843314502903
6.6,844.9624757767134
6.8,846.0548736320019
7.0,847.1209401421995
7.2,848.1611063386239
7.4,849.1758020683085
7.6,850.165455849377
7.8,851.1304947243032
8.0,852.0713441113938
8.2,852.9884276548421
8.4,853.8821670736885
8.6,854.7529820100377
8.8,855.6012898768674
9.0,856.4275057057682
9.2,857.2320419949484
9.4,858.0153085578298
9.6,858.7777123725587
9.8,859.5196574327432
10.0,860.2415445997264
10.2,860.9437714566894
10.4,861.6267321648743
10.6,862.290817322199
10.8,862.9364138245332
11.0,863.5639047298839
11.2,864.1736691257329
11.4,864.766081999749
11.6,865.341514114091
11.8,865.900331883495
12.0,866.4428972573321
12.2,866.9695676058021
12.4,867.4806956104167
12.6,867.9766291589074
12.8,868.4577112446818
13.0,868.9242798709311
13.2,869.3766679594785
13.4,869.8152032644439
13.6,870.2402082907801
13.8,870.6520002177255
14.0,871.0508908271985
14.2,871.4371864371468
14.4,871.8111878398465
14.6,872.1731902451369
14.8,872.523483228556
15.0,872.8623506843345
15.2,873.1900707831874
15.4,873.506915934833
15.6,873.8131527551571
15.8,874.1090420379245
16.0,874.3948387309327
16.2,874.6707919164934
16.4,874.9371447961099
16.6,875.1941346792196
16.8,875.4419929758529
17.0,875.6809451930585
17.2,875.9112109349326
17.4,876.1330039060877
17.6,876.3465319183857
17.8,876.5519969007595
18.0,876.7495949119383
18.2,876.9395161558899
18.4,877.1219449997927
18.6,877.2970599943399
18.8,877.4650338961837
19.0,877.626033692324
19.2,877.7802206262412
19.4,877.9277502255785
19.6,878.0687723311755
19.8,878.2034311272571
20.0,878.3318651725829
20.2,878.4542074323663
20.4,878.5705853107703
20.6,878.6811206837975
20.8,878.7859299323852
21.0,878.8851239755345
21.2,878.97880830329
21.4,879.0670830094069
21.6,879.1500428235385
21.8,879.2277771427844
22.0,879.3003700624491
22.2,879.3679004058632
22.4,879.4304417531274
22.6,879.4880624686476
22.8,879.5408257273352
23.0,879.5887895393552
23.2,879.632006773312
23.4,879.6705251777718
23.6,879.7043874010243
23.8,879.733631009005
24.0,879.7582885012939
24.2,879.7783873251283
24.4,879.7939498873662
24.6,879.804993564354
24.8,879.8115307096525
25.0,879.8135686595937
25.2,879.811109736641
25.4,879.8041512505434
25.6,879.7926854972745
25.8,879.7766997557642
26.0,879.7561762824355
26.2,879.7310923035693
26.4,879.7014200055305
26.6,879.6671265228955
26.8,879.6281739245314
27.0,879.584519197687
27.2,879.5361142301621
27.4,879.4829057906347
27.6,879.4248355072276
27.8,879.3618398444104
28.0,879.2938500783387
28.2,879.2207922707391
28.4,879.1425872414592
28.6,879.0591505398058
28.8,878.9703924148056
29.0,878.8762177845267
29.2,878.7765262046074
29.4,878.6712118361445
29.6,878.5601634131007
29.8,878.4432642093929
30.0,878.3203920058342
30.2,878.1914190571014
30.4,878.0562120589084
30.6,877.9146321155671
30.8,877.7665347081237
31.0,877.6117696632599
31.2,877.4501811231497
31.4,877.2816075164673
31.6,877.1058815307422
31.8,876.9228300862574
32.0,876.7322743116873
32.2,876.5340295216743
32.4,876.3279051965383
32.6,876.1137049643136
32.8,875.891226585309
33.0,875.6602619393763
33.2,875.4205970160773
33.4,875.1720119079309
33.6,874.914280806918
33.8,874.6471720044165
34.0,874.3704478947343
34.2,874.0838649823986
34.4,873.7871738933549
34.6,873.4801193902205
34.8,873.1624403917278
35.0,872.8338699964847
35.2,872.4941355111681
35.4,872.1429584832579
35.6,871.780054738405
35.8,871.4051344225196
36.0,871.0179020486465
36.2,870.618056548691
36.4,870.2052913300378
36.6,869.7792943370945
36.8,869.3397481177785
37.0,868.8863298949508
37.2,868.4187116427825
37.4,867.9365601680312
37.6,867.4395371961808
37.8,866.927299462392
38.0,866.3994988071861
38.2,865.8557822767755
38.4,865.2957922279363
38.6,864.7191664373014
38.8,864.125538214938
39.0,863.5145365220602
39.2,862.8857860927054
39.4,862.2389075591975
39.6,861.5735175811959
39.8,860.8892289781206
40.0,860.1856508647296
40.2,859.4623887896082
40.4,858.7190448763193
40.6,857.9552179669521
40.8,857.1705037677915
41.0,856.3644949968264
41.2,855.5367815327968
41.4,854.6869505654781
41.6,853.8145867468854
41.8,852.9192723430814
42.0,852.0005873862586
42.2,851.0581098267645
42.4,850.0914156847322
42.6,849.1000792009795
42.8,848.0836729868339
43.0,847.04176817254
43.2,845.9739345539109
43.4,844.8797407368814
43.6,843.758754279627
43.8,842.6105418319147
44.0,841.4346692713596
44.2,840.2307018362651
44.4,838.998204254733
44.6,837.7367408697411
44.8,836.4458757598917
45.0,835.1251728555494
45.2,833.7741960500987
45.4,832.3925093060623
45.6,830.9796767558387
45.8,829.5352627968342
46.0,828.0588321807758
46.2,826.5499500970149
46.4,825.0081822496462
46.6,823.4330949282868
46.8,821.8242550723797
47.0,820.1812303289073
47.2,818.503589103419
47.4,816.7909006043025
47.6,815.0427348802469
47.8,813.2586628508678
48.0,811.4382563304908
48.2,809.5810880451078
48.4,807.6867316425455
48.6,805.7547616959089
48.8,803.7847537003815
49.0,801.7762840634927
49.2,799.7289300889745
49.4,797.6422699543647
49.6,795.5158826825211
49.8,793.3493481072431
50.0,791.1422468332079
