0.0,883.0
0.2,883.0
0.4,883.0
0.6,883.0
0.8,883.0
1.0,883.0
1.2,883.0
1.4,883.0
1.6,883.0
1.8,883.0
2.0,883.0
2.2,883.0
2.4,883.0
2.6,883.0
2.8,883.0
3.0,883.0
3.2,883.0
3.4,883.0
3.6,883.0
3.8,883.0
4.0,883.0
4.2,883.0
4.4,883.0
4.6,883.0
4.8,883.0
5.0,883.0
5.2,883.0
5.4,883.0
5.6,883.0
5.8,883.0
6.0,883.0
6.2,883.0
6.4,883.0
6.6,883.0
6.8,883.0
7.0,883.0
7.2,883.0
7.4,883.0
7.6,883.0
7.8,883.0
8.0,883.0
8.2,883.0
8.4,883.0
8.6,883.0
8.8,883.0
9.0,883.0
9.2,883.0
9.4,883.0
9.6,883.0
9.8,883.0
10.0,883.0
10.2,883.0
10.4,883.0
10.6,883.0
10.8,883.0
11.0,883.0
11.2,883.0
11.4,883.0
11.6,883.0
11.8,883.0
12.0,883.0
12.2,883.0
12.4,883.0
12.6,883.0
12.8,883.0
13.0,883.0
13.2,883.0
13.4,883.0
13.6,883.0
13.8,883.0
14.0,883.0
14.2,883.0
14.4,883.0
14.6,883.0
14.8,883.0
15.0,883.0
15.2,883.0
15.4,883.0
15.6,883.0
15.8,883.0
16.0,883.0
16.2,883.0
16.4,883.0
16.6,883.0
16.8,883.0
17.0,883.0
17.2,883.0
17.4,883.0
17.6,883.0
17.8,883.0
18.0,883.0
18.2,883.0
18.4,883.0
18.6,883.0
18.8,883.0
19.0,883.0
19.2,883.0
19.4,883.0
19.6,883.0
19.8,883.0
20.0,883.0
20.2,883.0
20.4,883.0
20.6,883.0
20.8,883.0
21.0,883.0
21.2,883.0
21.4,883.0
21.6,883.0
21.8,883.0
22.0,883.0
22.2,883.0
22.4,883.0
22.6,883.0
22.8,883.0
23.0,883.0
23.2,883.0
23.4,883.0
23.6,883.0
23.8,883.0
24.0,883.0
24.2,883.0
24.4,883.0
24.6,883.0
24.8,883.0
25.0,883.0
25.2,883.0
25.4,883.0
25.6,883.0
25.8,883.0
26.0,883.0
26.2,883.0
26.4,883.0
26.6,883.0
26.8,883.0
27.0,883.0
27.2,883.0
27.4,883.0
27.6,883.0
27.8,883.0
28.0,883.0
28.2,883.0
28.4,883.0
28.6,883.0
28.8,883.0
29.0,883.0
29.2,883.0
29.4,883.0
29.6,883.0
29.8,883.0
30.0,883.0
30.2,883.0
30.4,883.0
30.6,883.0
30.8,883.0
31.0,883.0
31.2,883.0
31.4,883.0
31.6,883.0
31.8,883.0
32.0,883.0
32.2,883.0
32.4,883.0
32.6,883.0
32.8,883.0
33.0,883.0
33.2,883.0
33.4,883.0
33.6,883.0
33.8,883.0
34.0,883.0
34.2,883.0
34.4,883.0
34.6,883.0
34.8,883.0
35.0,883.0
35.2,883.0
35.4,883.0
35.6,883.0
35.8,883.0
36.0,883.0
36.2,883.0
36.4,883.0
36.6,883.0
36.8,883.0
37.0,883.0
37.2,883.0
37.4,883.0
37.6,883.0
37.8,883.0
38.0,883.0
38.2,883.0
38.4,883.0
38.6,883.0
38.8,883.0
39.0,883.0
39.2,883.0
39.4,883.0
39.6,883.0
39.8,883.0
40.0,883.0
40.2,883.0
40.4,883.0
40.6,883.0
40.8,883.0
41.0,883.0
41.2,883.0
41.4,883.0
41.6,883.0
41.8,883.0
42.0,883.0
42.2,883.0
42.4,883.0
42.6,883.0
42.8,883.0
43.0,883.0
43.2,883.0
43.4,883.0
43.6,883.0
43.8,883.0
44.0,883.0
44.2,883.0
44.4,883.0
44.6,883.0
44.8,883.0
45.0,883.0
45.2,883.0
45.4,883.0
45.6,883.0
45.8,883.0
46.0,883.0
46.2,883.0
46.4,883.0
46.6,883.0
46.8,883.0
47.0,883.0
47.2,883.0
47.4,883.0
47.6,883.0
47.8,883.0
48.0,883.0
48.2,883.0
48.4,883.0
48.6,883.0
48.8,883.0
49.0,883.0
49.2,883.0
49.4,883.0
49.6,883.0
49.8,883.0
50.0,883.0
