0.0,872.2730519236031
0.2,872.8437159941863
0.4,873.3938269779349
0.6,873.9235493638547
0.8,874.4330737275754
1.0,874.9226167276302
1.2,875.3924209171792
1.4,875.842754374205
1.6,876.273910154962
1.8,876.6862055771581
2.0,877.0799813409336
2.2,877.4556004971796
2.4,877.8134472740811
2.6,878.1539257739655
2.8,878.4774585535648
3.0,878.7844851016655
3.2,879.075460228796
3.4,879.3508523840998
3.6,879.6111419148491
3.8,879.856819284182
4.0,880.0883832625861
4.2,880.3063391084188
4.4,880.5111967523582
4.6,880.7034690001235
4.8,880.8836697671034
5.0,881.0523123577102
5.2,881.2099078013377
5.4,881.3569632557666
5.6,881.4939804877508
5.8,881.6214544393487
6.0,881.7398718873433
6.2,881.8497102018674
6.4,881.9514362090947
6.6,882.0455051616295
6.8,882.1323598190153
7.0,882.2124296396088
7.2,882.2861300839518
7.4,882.3538620287138
7.6,882.4160112892988
7.8,882.4729482483081
8.0,882.5250275862403
8.2,882.5725881100876
8.4,882.6159526748685
8.6,882.6554281926038
8.8,882.6913057228221
9.0,882.7238606383403
9.2,882.7533528598304
9.4,882.7800271525299
9.6,882.8041134783872
9.8,882.8258273969469
10.0,882.8453705083639
10.2,882.8629309320818
10.4,882.8786838149261
10.6,882.892791862611
10.8,882.9054058889695
11.0,882.916665377544
11.2,882.926699050546
11.4,882.9356254405735
11.6,882.9435534608751
11.8,882.9505829703576
12.0,882.956805329941
12.2,882.9623039472702
12.4,882.9671548071902
12.6,882.9714269857741
12.8,882.975183146066
13.0,882.9784800140465
13.2,882.9813688336607
13.4,882.9838958000524
13.6,882.9861024704323
13.8,882.9880261522612
14.0,882.9897002686656
14.2,882.9911547012041
14.4,882.9924161102864
14.6,882.9935082337039
14.8,882.9944521638628
15.0,882.995266604424
15.2,882.9959681071404
15.4,882.9965712897589
15.6,882.9970890359028
15.8,882.9975326778901
16.0,882.9979121634641
16.2,882.9982362074231
16.4,882.9985124291337
16.6,882.9987474769009
16.8,882.9989471401459
17.0,882.9991164503192
17.2,882.9992597714403
17.4,882.9993808811189
17.6,882.9994830428718
17.8,882.9995690705075
18.0,882.9996413853024
18.2,882.9997020666506
18.4,882.9997528968204
18.6,882.9997954004073
18.8,882.9998308790251
19.0,882.9998604417409
19.2,882.9998850317061
19.4,882.9999054494094
19.6,882.9999223729288
19.8,882.9999363755298
20.0,882.999947940922
20.2,882.9999574764543
20.4,882.9999653245021
20.6,882.9999717722712
20.8,882.999977060219
21.0,882.9999813892715
21.2,882.9999849269949
21.4,882.9999878128617
21.6,882.999990162732
21.8,882.9999920726599
22.0,882.9999936221195
22.2,882.9999948767311
22.4,882.9999958905606
22.6,882.9999967080544
22.8,882.999997365662
23.0,882.9999978931946
23.2,882.9999983149562
23.4,882.9999986506857
23.6,882.9999989163346
23.8,882.9999991247067
24.0,882.999999285981
24.2,882.9999994081321
24.4,882.9999994972655
24.6,882.9999995578773
24.8,882.9999995930464
25.0,882.9999996045677
25.2,882.9999995930312
25.4,882.9999995578461
25.6,882.9999994972162
25.8,882.9999994080615
26.0,882.999999285885
26.2,882.9999991245795
26.4,882.9999989161686
26.6,882.9999986504711
26.8,882.9999983146805
27.0,882.9999978928421
27.2,882.9999973652128
27.4,882.9999967074832
27.6,882.9999958898358
27.8,882.9999948758135
28.0,882.9999936209601
28.2,882.9999920711974
28.4,882.9999901608902
28.6,882.9999878105463
28.8,882.9999849240885
29.0,882.9999813856293
29.2,882.9999770556626
29.4,882.9999717665802
29.6,882.9999653174056
29.8,882.9999574676194
30.0,882.999947929941
30.2,882.9999363619032
30.4,882.9999223560461
30.6,882.9999054285264
30.8,882.9998850059164
31.0,882.9998604099427
31.2,882.9998308398812
31.4,882.9997953522974
31.6,882.9997528377853
31.8,882.9997019943243
32.0,882.9996412968334
32.2,882.9995689624643
32.4,882.9994829111321
32.6,882.9993807207389
32.8,882.9992595765013
33.0,882.9991162137468
33.2,882.9989468534988
33.4,882.9987471301237
33.6,882.9985120102681
33.8,882.9982357022718
34.0,882.9979115552
34.2,882.997531946602
34.4,882.9970881580692
34.6,882.9965702376404
34.8,882.9959668480769
35.0,882.995265100026
35.2,882.9944503690807
35.4,882.99350609576
35.6,882.9924135674516
35.8,882.9911516813983
36.0,882.9896966878599
36.2,882.9880219126584
36.4,882.9860974583971
36.6,882.9838898837623
36.8,882.9813618604442
37.0,882.9784718073735
37.2,882.9751735021512
37.4,882.9714156697497
37.6,882.9671415488032
37.8,882.9622884360522
38.0,882.9567872097986
38.2,882.9505618335232
38.4,882.9435288411563
38.6,882.935596805833
38.8,882.926665794342
39.0,882.9166268098529
39.2,882.9053612259119
39.4,882.892740215092
39.6,882.8786241761032
39.8,882.8628621635636
40.0,882.8452913250389
40.2,882.8257363503412
40.4,882.8040089384399
40.6,882.7799072876776
40.8,882.753215615282
41.0,882.7237037124262
41.2,882.6911265412951
41.4,882.6552238807683
41.6,882.6157200274123
41.8,882.5723235584926
42.0,882.5247271636428
42.2,882.4726075516849
42.4,882.4156254388546
42.6,882.3534256243479
42.8,882.2856371586855
43.0,882.2118736098591
43.2,882.1317334316063
43.4,882.0448004374402
43.6,881.9506443832471
43.8,881.8488216603706
44.0,881.7388761001173
44.2,881.6203398895634
44.4,881.4927345974291
44.6,881.3555723076117
44.8,881.2083568567625
45.0,881.0505851710592
45.2,880.8817486960767
45.4,880.7013349124293
45.6,880.508828928638
45.8,880.3037151415103
46.0,880.0854789532078
46.2,879.8536085331423
46.4,879.6075966119085
46.6,879.3469422936303
46.8,879.0711528724052
47.0,878.779745637975
47.2,878.4722496553533
47.4,878.148207502903
47.6,877.8071769533084
47.8,877.4487325819988
48.0,877.0724672878982
48.2,876.6779937118655
48.4,876.2649455388704
48.6,875.8329786708072
48.8,875.3817722578817
49.0,874.911029577696
49.2,874.4204787524982
49.4,873.9098732965386
49.6,873.3789924870647
49.8,872.8276415541677
50.0,872.2556516864624
