0.0,803.8461995136295
0.2,805.9269456959846
0.4,807.9665866615301
0.6,809.9655095542565
0.8,811.9241053709941
1.0,813.8427691345953
1.2,815.7219000487017
1.4,817.5619016334264
1.6,819.363181841361
1.8,821.1261531534108
2.0,822.8512326540431
2.2,824.5388420856282
2.4,826.1894078816406
2.6,827.8033611785817
2.8,829.3811378065732
3.0,830.9231782586643
3.2,832.4299276389825
3.4,833.901835589947
3.6,835.339356198851
3.8,836.742947884199
4.0,838.1130732622719
4.2,839.4501989944646
4.4,840.7547956160188
4.6,842.0273373468432
4.8,843.2683018851781
5.0,844.4781701849255
5.2,845.6574262175196
5.4,846.8065567192692
5.6,847.9260509251442
5.8,849.0164002900258
6.0,850.0780981984749
6.2,851.111639664099
6.4,852.1175210196311
6.6,853.0962395988468
6.8,854.048293411464
7.0,854.9741808121764
7.2,855.874400164975
7.4,856.7494495039097
7.6,857.5998261914368
7.8,858.4260265754835
8.0,859.228545646345
8.2,860.0078766945055
8.4,860.7645109704515
8.6,861.4989373475105
8.8,862.2116419887177
9.0,862.903108018671
9.2,863.5738152012987
9.4,864.2242396244114
9.6,864.8548533918714
9.8,865.466124324155
10.0,866.0585156680359
10.2,866.632485816065
10.4,867.1884880364603
10.6,867.726970213973
10.8,868.248374602232
11.0,868.7531375880162
11.2,869.2416894678414
11.4,869.7144542371966
11.6,870.1718493927029
11.8,870.6142857474127
12.0,871.0421672594135
12.2,871.4558908738435
12.4,871.8558463783725
12.6,872.2424162721555
12.8,872.6159756482091
13.0,872.9768920891189
13.2,873.3255255759387
13.4,873.6622284100986
13.6,873.9873451480981
13.8,874.3012125487237
14.0,874.6041595324915
14.2,874.8965071529872
14.4,875.1785685797373
14.6,875.4506490922281
14.8,875.7130460846535
15.0,875.9660490809583
15.2,876.20993975972
15.4,876.4449919883953
15.6,876.671471866445
15.8,876.8896377768378
16.0,877.0997404454249
16.2,877.3020230076692
16.4,877.4967210822103
16.6,877.6840628507431
16.8,877.8642691436867
17.0,878.0375535311242
17.2,878.2041224184956
17.4,878.3641751465326
17.6,878.5179040949309
17.8,878.6654947892639
18.0,878.807126010651
18.2,878.9429699077073
18.4,879.0731921103093
18.6,879.1979518447305
18.8,879.3174020497065
19.0,879.431689493015
19.2,879.5409548881587
19.4,879.6453330107671
19.6,879.7449528143409
19.8,879.8399375449817
20.0,879.9304048547696
20.2,880.0164669134622
20.4,880.0982305182092
20.6,880.1757972009946
20.8,880.2492633335285
21.0,880.3187202293356
21.2,880.3842542427942
21.4,880.445946864905
21.6,880.5038748155723
21.8,880.558110132208
22.0,880.608720254471
22.2,880.6557681049778
22.4,880.6993121658264
22.6,880.7394065507929
22.8,880.7761010730704
23.0,880.8094413084328
23.2,880.8394686537129
23.4,880.8662203805036
23.6,880.8897296839914
23.8,880.910025726848
24.0,880.9271336781111
24.2,880.9410747469991
24.4,880.9518662116056
24.6,880.9595214424363
24.8,880.9640499207519
25.0,880.9654572516937
25.2,880.9637451721711
25.4,880.9589115535022
25.6,880.9509503988033
25.8,880.9398518351322
26.0,880.9256021003948
26.2,880.9081835250361
26.4,880.8875745085393
26.6,880.8637494907708
26.8,880.8366789182087
27.0,880.8063292051079
27.2,880.7726626896614
27.4,880.7356375852222
27.6,880.6952079266661
27.8,880.6513235119795
28.0,880.6039298391726
28.2,880.55296803862
28.4,880.498374800954
28.6,880.4400823006353
28.8,880.3780181153462
29.0,880.312105141361
29.2,880.2422615050621
29.4,880.1684004707831
29.6,880.0904303451764
29.8,880.0082543783137
30.0,879.9217706617483
30.2,879.8308720237783
30.4,879.7354459221693
30.6,879.63537433461
30.8,879.5305336471885
31.0,879.4207945411982
31.2,879.3060218785952
31.4,879.1860745864457
31.6,879.0608055407213
31.8,878.9300614498138
32.0,878.7936827381584
32.2,878.6515034303696
32.4,878.5033510363108
32.6,878.3490464375301
32.8,878.1884037755124
33.0,878.021230342209
33.2,877.847326473319
33.4,877.6664854448053
33.6,877.4784933731429
33.8,877.2831291198002
34.0,877.080164200465
34.2,876.8693626995307
34.4,876.6504811903599
34.6,876.4232686618493
34.8,876.1874664518149
35.0,875.9428081877145
35.2,875.6890197352259
35.4,875.4258191551817
35.6,875.1529166693641
35.8,874.8700146356409
36.0,874.576807532918
36.2,874.2729819563615
36.4,873.958216623324
36.6,873.6321823903909
36.8,873.29454228193
37.0,872.9449515305104
37.2,872.5830576295143
37.4,872.2085003982451
37.6,871.820912059787
37.8,871.4199173318435
38.0,871.0051335307332
38.2,870.5761706886852
38.4,870.1326316845253
38.6,869.6741123878
38.8,869.2002018163347
39.0,868.7104823071714
39.2,868.2045297007791
39.4,867.6819135383724
39.6,867.1421972721247
39.8,866.5849384879996
40.0,866.009689140871
40.2,865.4159958015433
40.4,864.8033999152256
40.6,864.1714380709587
40.8,863.5196422814336
41.0,862.8475402725838
41.2,862.1546557822861
41.4,861.4405088674384
41.6,860.7046162186444
41.8,859.9464914816747
42.0,859.1656455848347
42.2,858.3615870713193
42.4,857.5338224355969
42.6,856.6818564628235
42.8,855.8051925702575
43.0,854.9033331496094
43.2,853.9757799092404
43.4,853.022034215099
43.6,852.0415974292628
43.8,851.0339712449507
44.0,849.9986580168534
44.2,848.935161085631
44.4,847.8429850954335
44.6,846.7216363033011
44.8,845.5706228793221
45.0,844.38945519644
45.2,843.1776461088323
45.4,841.9347112178077
45.6,840.6601691242103
45.8,839.3535416663555
46.0,838.0143541425762
46.2,836.6421355174997
46.4,835.2364186112427
46.6,833.7967402707669
46.8,832.3226415227041
47.0,830.813667707034
47.2,829.269368591066
47.4,827.6892984632592
47.6,826.0730162064895
47.8,824.4200853504639
48.0,822.7300741030596
48.2,821.0025553604586
48.4,819.2371066960362
48.6,817.433310328051
48.8,815.5907530662769
49.0,813.709026237805
49.2,811.7877255923386
49.4,809.8264511873888
49.6,807.8248072538704
49.8,805.7824020426822
50.0,803.6988476529403
