0.0,808.1138637265816
0.2,810.1566336673202
0.4,812.1578197377946
0.6,814.1177844287238
0.8,816.0368963952681
1.0,817.915530727772
1.2,819.7540691927277
1.4,821.5529004429151
1.6,823.312420195826
1.8,825.033031379638
2.0,826.7151442461633
2.2,828.359176450358
2.4,829.9655530961415
2.6,831.534706748437
2.8,833.0670774115023
3.0,834.5631124737877
3.2,836.0232666197014
3.4,837.4480017088258
3.6,838.8377866232688
3.8,840.1930970839798
4.0,841.5144154369913
4.2,842.8022304106817
4.4,844.0570368452665
4.6,845.2793353958483
4.8,846.4696322104498
5.0,847.6284385845538
5.2,848.7562705937569
5.4,849.8536487062199
5.6,850.9210973766582
5.8,851.959144623674
6.0,852.9683215922734
6.2,853.9491621034432
6.4,854.9022021926875
6.6,855.8279796394322
6.8,856.727033489211
7.0,857.5999035705364
7.2,858.4471300083408
7.4,859.2692527358454
7.6,860.0668110066814
7.8,860.8403429090379
8.0,861.5903848835628
8.2,862.3174712466814
8.4,863.0221337209287
8.6,863.7049009738209
8.8,864.3662981667102
9.0,865.0068465149845
9.2,865.6270628608851
9.4,866.22745926012
9.6,866.8085425833634
9.8,867.3708141336232
10.0,867.914769280369
10.2,868.4408971112059
10.4,868.9496801017818
10.6,869.4415938045147
10.8,869.9171065566225
11.0,870.376679207846
11.2,870.820764868151
11.4,871.2498086756049
11.6,871.6642475845288
11.8,872.0645101739391
12.0,872.4510164762042
12.2,872.8241778257616
12.4,873.1843967276612
12.6,873.5320667456315
12.8,873.8675724092901
13.0,874.1912891400633
13.2,874.5035831953124
13.4,874.8048116301208
13.6,875.0953222761339
13.8,875.375453736816
14.0,875.6455353984336
14.2,875.9058874560548
14.4,876.1568209538166
14.6,876.3986378386953
14.8,876.6316310269915
15.0,876.8560844827296
15.2,877.0722733071643
15.4,877.2804638385772
15.6,877.4809137615481
15.8,877.6738722248891
16.0,877.859579967435
16.2,878.0382694508936
16.4,878.2101649989711
16.6,878.3754829420091
16.8,878.5344317663789
17.0,878.6872122679106
17.2,878.8340177086473
17.4,878.9750339762468
17.6,879.1104397453757
17.8,879.2404066404704
18.0,879.3650993992632
18.2,879.4846760365122
18.4,879.5992880073882
18.6,879.7090803700158
18.8,879.8141919466908
19.0,879.9147554833211
19.2,880.0108978066818
19.4,880.1027399790917
19.6,880.1903974501531
19.8,880.2739802052295
20.0,880.3535929103533
20.2,880.429335053293
20.4,880.5013010805291
20.6,880.5695805299115
20.8,880.6342581587994
21.0,880.6954140675039
21.2,880.753123817873
21.4,880.8074585468804
21.6,880.8584850750974
21.8,880.9062660099432
22.0,880.9508598436225
22.2,880.9923210456775
22.4,881.0307001500904
22.6,881.0660438368842
22.8,881.0983950081811
23.0,881.1277928586854
23.2,881.1542729405658
23.4,881.177867222717
23.6,881.1986041443906
23.8,881.2165086631804
24.0,881.2316022973637
24.2,881.2439031625888
24.4,881.2534260029144
24.6,881.2601822161944
24.8,881.2641798738172
25.0,881.2654237347924
25.2,881.2639152541944
25.4,881.2596525859582
25.6,881.2526305800312
25.8,881.2428407738811
26.0,881.2302713783575
26.2,881.2149072579097
26.4,881.1967299051573
26.6,881.1757174098165
26.8,881.1518444219786
27.0,881.1250821097467
27.2,881.0953981112309
27.4,881.0627564809107
27.6,881.027117630373
27.8,880.9884382634406
28.0,880.9466713057109
28.2,880.9017658285309
28.4,880.8536669674403
28.6,880.8023158351282
28.8,880.7476494289521
29.0,880.6896005330848
29.2,880.6280976153638
29.4,880.5630647189338
29.6,880.4944213487863
29.8,880.4220823533187
30.0,880.3459578010521
30.2,880.2659528526648
30.4,880.1819676285255
30.6,880.0938970719232
30.8,880.0016308082196
31.0,879.9050530001766
31.2,879.8040421997275
31.4,879.6984711965006
31.6,879.5882068634171
31.8,879.4731099997268
32.0,879.3530351718641
32.2,879.2278305525424
32.4,879.0973377585325
32.6,878.961391687602
32.8,878.8198203551223
33.0,878.6724447308806
33.2,878.5190785766634
33.4,878.3595282852092
33.6,878.1935927211526
33.8,878.0210630646158
34.0,877.8417226581214
34.2,877.6553468575345
34.4,877.4617028877549
34.6,877.2605497039107
34.8,877.051637858815
35.0,876.8347093774684
35.2,876.6094976394011
35.4,876.3757272696573
35.6,876.133114039234
35.8,875.8813647757851
36.0,875.6201772854056
36.2,875.3492402863003
36.4,875.0682333551377
36.6,874.7768268868692
36.8,874.4746820687839
37.0,874.161450869536
37.2,873.8367760438625
37.4,873.5002911536695
37.6,873.1516206061312
37.8,872.7903797093982
38.0,872.4161747464666
38.2,872.0286030677051
38.4,871.6272532024759
38.6,871.2117049902226
38.8,870.7815297313346
39.0,870.3362903580156
39.2,869.8755416253136
39.4,869.3988303223849
39.6,868.9056955039791
39.8,868.3956687420456
40.0,867.8682743972649
40.2,867.323029910222
40.4,866.7594461118304
40.6,866.1770275525283
40.8,865.5752728496605
41.0,864.9536750523624
41.2,864.3117220231625
41.4,863.6488968354154
41.6,862.9646781855829
41.8,862.2585408192838
42.0,861.5299559699306
42.2,860.7783918086909
42.4,860.0033139044124
42.6,859.2041856920742
42.8,858.380468948245
43.0,857.5316242719548
43.2,856.6571115693238
43.4,855.7563905402277
43.6,854.8289211652291
43.8,853.8741641909594
44.0,852.8915816120975
44.2,851.8806371480694
44.4,850.8407967125664
44.6,849.7715288739827
44.8,848.6723053048626
45.0,847.5426012184698
45.2,846.381895790607
45.4,845.1896725648489
45.6,843.9654198393946
45.8,842.7086310338016
46.0,841.4188050339213
46.2,840.0954465134386
46.4,838.7380662304942
46.6,837.3461812979699
46.8,835.9193154261118
47.0,834.4569991362875
47.2,832.9587699447867
47.4,831.4241725157034
47.6,829.8527587820779
47.8,828.2440880346102
48.0,826.597726977411
48.2,824.9132497504008
48.4,823.1902379181303
48.6,821.4282804249458
48.8,819.6269735165911
49.0,817.7859206284951
49.2,815.904732241155
49.4,813.9830257031898
49.6,812.020425022795
49.8,810.0165606284866
50.0,807.971069100174
