0.0,854.9294353546243
0.2,855.7083573649131
0.4,856.4691949870315
0.6,857.2123980587666
0.8,857.9383975225037
1.0,858.647605491737
1.2,859.3404155065222
1.4,860.0172029647384
1.6,860.6783257122086
1.8,861.324124771616
2.0,861.9549251878669
2.2,862.5710369661101
2.4,863.1727560780539
2.6,863.7603655124869
2.8,864.3341363469149
3.0,864.8943288188997
3.2,865.4411933778765
3.4,865.9749717008008
3.6,866.4958976578014
3.8,867.0041982169424
4.0,867.5000942801004
4.2,867.9838014447294
4.4,868.4555306888412
4.6,868.9154889787775
4.8,869.3638798012737
5.0,869.8009036228868
5.2,870.226758281059
5.4,870.641639311961
5.6,871.0457402208078
5.8,871.4392527006116
6.0,871.8223668053731
6.2,872.1952710835641
6.4,872.5581526774525
6.6,872.9111973934225
6.8,873.2545897479737
7.0,873.5885129935857
7.2,873.913149128123
7.4,874.2286788909638
7.6,874.535281748568
7.8,874.8331358717742
8.0,875.1224181067303
8.2,875.403303941026
8.4,875.6759674663081
8.6,875.9405813384064
8.8,876.1973167358045
9.0,876.4463433171081
9.2,876.6878291780364
9.4,876.9219408083464
9.6,877.1488430490169
9.8,877.3686990499458
10.0,877.5816702283681
10.2,877.7879162281534
10.4,877.9875948801144
10.6,878.1808621634332
10.8,878.3678721682923
11.0,878.5487770597816
11.2,878.7237270431456
11.4,878.8928703304177
11.6,879.0563531084913
11.8,879.2143195086592
12.0,879.3669115776586
12.2,879.5142692502441
12.4,879.6565303233133
12.6,879.7938304316009
12.8,879.9263030249549
13.0,880.054079347204
13.2,880.1772884166211
13.4,880.296057007983
13.6,880.4105096362255
13.8,880.5207685416844
14.0,880.6269536769146
14.2,880.7291826950698
14.4,880.8275709398291
14.6,880.9222314368468
14.8,881.013274886699
15.0,881.1008096593046
15.2,881.1849417897834
15.4,881.2657749757207
15.6,881.3434105758007
15.8,881.4179476097679
16.0,881.4894827596744
16.2,881.5581103723674
16.4,881.6239224631713
16.6,881.687008720711
16.8,881.7474565128275
17.0,881.8053508935321
17.2,881.8607746109408
17.4,881.9138081161344
17.6,881.9645295728852
17.8,882.0130148681897
18.0,882.0593376235469
18.2,882.1035692069206
18.4,882.1457787453224
18.6,882.1860331379527
18.8,882.2243970698357
19.0,882.2609330258862
19.2,882.2957013053414
19.4,882.3287600364962
19.6,882.3601651916781
19.8,882.389970602397
20.0,882.4182279746092
20.2,882.4449869040326
20.4,882.470294891453
20.6,882.4941973579594
20.8,882.5167376600523
21.0,882.5379571045654
21.2,882.5578949633451
21.4,882.5765884876331
21.6,882.5940729220997
21.8,882.6103815184761
22.0,882.6255455487362
22.2,882.6395943177822
22.4,882.6525551755867
22.6,882.6644535287508
22.8,882.6753128514353
23.0,882.6851546956291
23.2,882.693998700718
23.4,882.7018626023195
23.6,882.7087622403571
23.8,882.714711566342
24.0,882.7197226498387
24.2,882.7238056840944
24.4,882.7269689908093
24.6,882.7292190240339
24.8,882.7305603731783
25.0,882.7309957651246
25.2,882.7305260654321
25.4,882.7291502786335
25.6,882.7268655476181
25.8,882.7236671521063
26.0,882.7195485062151
26.2,882.7145011551277
26.4,882.7085147708716
26.6,882.7015771472247
26.8,882.6936741937592
27.0,882.6847899290477
27.2,882.6749064730506
27.4,882.6640040387095
27.6,882.6520609227767
27.8,882.6390534959069
28.0,882.6249561920476
28.2,882.6097414971631
28.4,882.5933799373263
28.6,882.5758400662244
28.8,882.5570884521169
29.0,882.5370896642918
29.2,882.515806259068
29.4,882.493198765392
29.6,882.46922567008
29.8,882.4438434027585
30.0,882.4170063205573
30.2,882.3886666926119
30.4,882.3587746844316
30.6,882.327278342193
30.8,882.2941235770186
31.0,882.2592541493003
31.2,882.2226116531326
31.4,882.184135500915
31.6,882.1437629081879
31.8,882.1014288787662
32.0,882.057066190234
32.2,882.0106053798638
32.4,881.961974731025
32.6,881.911100260145
32.8,881.8579057042859
33.0,881.8023125094004
33.2,881.7442398193273
33.4,881.6836044655903
33.6,881.6203209580563
33.8,881.5543014765163
34.0,881.4854558632442
34.2,881.4136916165863
34.4,881.3389138856436
34.6,881.2610254660894
34.8,881.1799267971805
35.0,881.0955159600045
35.2,881.0076886770116
35.4,880.9163383128728
35.6,880.8213558767058
35.8,880.7226300257041
36.0,880.6200470702083
36.2,880.5134909802454
36.4,880.4028433935692
36.6,880.2879836252265
36.8,880.1687886786664
37.0,880.0451332584184
37.2,879.9168897843482
37.4,879.7839284075038
37.6,879.6461170275613
37.8,879.5033213118719
38.0,879.3554047161092
38.2,879.2022285065158
38.4,879.0436517837379
38.6,878.8795315082359
38.8,878.7097225272569
39.0,878.5340776033435
39.2,878.3524474443582
39.4,878.1646807349883
39.6,877.9706241696964
39.8,877.7701224870734
40.0,877.5630185055431
40.2,877.3491531603565
40.4,877.1283655418079
40.6,876.900492934582
40.8,876.6653708581294
41.0,876.4228331079413
41.2,876.1727117975593
41.4,875.9148374011212
41.6,875.6490387961856
41.8,875.3751433065097
42.0,875.0929767443739
42.2,874.8023634519276
42.4,874.5031263409008
42.6,874.195086929857
42.8,873.8780653779507
43.0,873.5518805139188
43.2,873.2163498587329
43.4,872.871289640013
43.6,872.5165147959116
43.8,872.1518389657589
44.0,871.7770744642839
44.2,871.3920322357405
44.4,870.9965217837541
44.6,870.5903510722086
44.8,870.1733263920235
45.0,869.7452521882726
45.2,869.3059308417952
45.4,868.8551623993033
45.6,868.3927442460204
45.8,867.9184707151654
46.0,867.4321326291416
46.2,866.9335167681572
46.4,866.4224052632143
46.6,865.8985749119637
46.8,865.361796417852
47.0,864.8118335552351
47.2,864.2484422656843
47.4,863.6713696934776
47.6,863.0803531711714
47.8,862.4751191690738
48.0,861.8553822252636
48.2,861.2208438753714
48.4,860.5711916035369
48.6,859.9060978376161
48.8,859.225219012732
49.0,858.5281947275189
49.2,857.8146470168392
49.4,857.0841797633258
49.6,856.3363782677962
49.8,855.570808995493
50.0,854.7870195112755
