0.0,829.3159929524452
0.2,831.2879242877772
0.4,833.204693206528
0.6,835.0660416032891
0.8,836.8718244511864
1.0,838.6220131050843
1.2,840.3166974120625
1.4,841.9560866242404
1.6,843.5405091260046
1.8,845.0704110041523
2.0,846.546353505108
2.2,847.96900943791
2.4,849.3391585948684
2.6,850.6576822734326
2.8,851.9255569927251
3.0,853.1438475062442
3.2,854.313699218341
3.4,855.4363301161827
3.6,856.5130223310313
3.8,857.5451134428295
4.0,858.5339876403893
4.2,859.4810668460236
4.4,860.3878019084163
4.6,861.2556639610541
4.8,862.0861360358392
5.0,862.8807050127962
5.2,863.6408539772747
5.4,864.368055045976
5.6,865.0637627127119
5.8,865.7294077542529
6.0,866.3663917261508
6.2,866.9760820682039
6.4,867.5598078294615
6.6,868.1188560134618
6.8,868.6544685359102
7.0,869.1678397793213
7.2,869.6601147223465
7.4,870.1323876156408
7.6,870.5857011712155
7.8,871.0210462282812
8.0,871.4393618555923
8.2,871.8415358482288
8.4,872.2284055755382
8.6,872.6007591365566
8.8,872.9593367795478
9.0,873.3048325432775
9.2,873.6378960791714
9.4,873.9591346155266
9.6,874.2691150273411
9.8,874.5683659780303
10.0,874.8573801022233
10.2,875.1366162018837
10.4,875.4065014311376
10.6,875.6674334483159
10.8,875.9197825168046
11.0,876.1638935392674
11.2,876.4000880126503
11.4,876.6286658940319
11.6,876.8499073698525
11.8,877.0640745233005
12.0,877.2714128966545
12.2,877.4721529471719
12.4,877.6665113966734
12.6,877.8546924763032
12.8,878.0368890690703
13.0,878.2132837536811
13.2,878.3840497539053
13.4,878.5493517982602
13.6,878.7093468951987
13.8,878.8641850292338
14.0,879.014009783568
14.2,879.1589588948226
14.4,879.2991647454
14.6,879.4347547988826
14.8,879.5658519836712
15.0,879.6925750298407
15.2,879.8150387639104
15.4,879.9333543659384
15.6,880.047629593041
15.8,880.1579689731248
16.0,880.2644739723039
16.2,880.3672431391735
16.4,880.4663722288045
16.6,880.561954309048
16.8,880.654079851463
17.0,880.7428368089328
17.2,880.8283106818003
17.4,880.9105845741366
17.6,880.9897392415609
17.8,881.0658531318538
18.0,881.1390024194403
18.2,881.209261034678
18.4,881.2767006887595
18.6,881.3413908949184
18.8,881.4033989865321
19.0,881.4627901326288
19.2,881.5196273512221
19.4,881.5739715208382
19.6,881.6258813905374
19.8,881.6754135886852
20.0,881.7226226306826
20.2,881.7675609258334
20.4,881.8102787834911
20.6,881.8508244186038
20.8,881.889243956755
21.0,881.925581438775
21.2,881.9598788249875
21.4,881.9921759991397
21.6,882.022510772055
21.8,882.0509188850373
22.0,882.0774340130483
22.2,882.1020877676787
22.4,882.1249096999181
22.6,882.1459273027392
22.8,882.1651660134946
23.0,882.1826492161326
23.2,882.198398243232
23.4,882.212432377854
23.6,882.2247688552112
23.8,882.2354228641502
24.0,882.2444075484465
24.2,882.2517340079073
24.4,882.2574112992814
24.6,882.2614464369723
24.8,882.2638443935523
25.0,882.264608100077
25.2,882.2637384461981
25.4,882.2612342800726
25.6,882.2570924080703
25.8,882.2513075942783
26.0,882.2438725598025
26.2,882.2347779818709
26.4,882.2240124927356
26.6,882.2115626783802
26.8,882.1974130770311
27.0,882.1815461774788
27.2,882.1639424172097
27.4,882.144580180351
27.6,882.1234357954326
27.8,882.1004835329655
28.0,882.0756956028387
28.2,882.0490421515327
28.4,882.0204912591499
28.6,881.9900089362516
28.8,881.9575591205003
29.0,881.9231036730905
29.2,881.886602374954
29.4,881.8480129227169
29.6,881.8072909243782
29.8,881.7643898946728
30.0,881.719261250069
30.2,881.6718543033381
30.4,881.6221162576204
30.6,881.5699921998904
30.8,881.5154250937039
31.0,881.458355771084
31.2,881.3987229233694
31.4,881.3364630908167
31.6,881.2715106507021
31.8,881.2037978036203
32.0,881.1332545576211
32.2,881.0598087097565
32.4,880.9833858245374
32.6,880.9039092087074
32.8,880.8212998816452
33.0,880.7354765405918
33.2,880.6463555197694
33.4,880.5538507423208
33.6,880.4578736638292
33.8,880.3583332060088
34.0,880.2551356789552
34.2,880.148184690133
34.4,880.0373810380428
34.6,879.9226225882621
34.8,879.8038041292821
35.0,879.6808172052826
35.2,879.5535499226899
35.4,879.4218867270548
35.6,879.2857081464776
35.8,879.1448904974935
36.0,878.9993055490266
36.2,878.8488201397288
36.4,878.69329574375
36.6,878.5325879797495
36.8,878.3665460577664
37.0,878.1950121584408
37.2,878.0178207390034
37.4,877.8347977604947
37.6,877.6457598307927
37.8,877.4505132582909
38.0,877.2488530114538
38.2,877.0405615800283
38.4,876.8254077344137
38.6,876.6031451805941
38.8,876.3735111091646
39.0,876.1362246382993
39.2,875.8909851520725
39.4,875.637470537323
39.6,875.3753353242671
39.8,875.1042087383058
40.0,874.8236926729259
40.2,874.5333595962496
40.4,874.2327504066111
40.6,873.9213722555078
40.8,873.5986963593452
41.0,873.2641558245102
41.2,872.9171435134288
41.4,872.5570099823155
41.6,872.1830615242247
41.8,871.7945583537137
42.0,871.3907129718154
42.2,870.9706887520266
42.4,870.5335987895479
42.6,870.0785050569851
42.8,869.6044179100377
43.0,869.1102959863001
43.2,868.5950465390906
43.4,868.0575262461531
43.6,867.4965425300968
43.8,866.9108554235064
44.0,866.2991800067662
44.2,865.6601894407955
44.4,864.9925186101095
44.6,864.2947683839694
44.8,863.5655104949199
45.0,862.8032930248495
45.2,862.0066464789654
45.4,861.1740904178961
45.6,860.3041406076986
45.8,859.3953166370358
46.0,858.4461499404013
46.2,857.4551921562345
46.4,856.4210237392922
46.6,855.3422627379626
46.8,854.2175736395378
47.0,853.045676180008
47.2,851.8253540099143
47.4,850.5554631043589
47.6,849.2349398035733
47.8,847.8628083706234
48.0,846.4381879549217
48.2,844.9602988543301
48.4,843.4284679747021
48.6,841.8421333937463
48.8,840.2008479459648
49.0,838.5042817570306
49.2,836.7522236691138
49.4,834.944581513168
49.6,833.0813811997692
49.8,831.1627646165053
50.0,829.1889863368317
