0.0,775.4383795078414
0.2,777.5302879578026
0.4,779.5886177797288
0.6,781.6144567181411
0.8,783.6088324205391
1.0,785.5727112376653
1.2,787.506997461339
1.4,789.412532998387
1.6,791.2900974744113
1.8,793.1404087565043
2.0,794.9641238796231
2.2,796.7618403572226
2.4,798.5340978529855
2.6,800.2813801871204
2.8,802.0041176477671
3.0,803.7026895755981
3.2,805.3774271877356
3.4,807.0286166056533
3.6,808.6565020507965
3.8,810.2612891712248
4.0,811.8431484626534
4.2,813.4022187478243
4.4,814.9386106791342
4.6,816.4524102308656
4.8,817.9436821491611
5.0,819.4124733299985
5.2,820.858816097835
5.4,822.2827313602188
5.6,823.6842316164864
5.8,825.0633238015992
6.0,826.4200119491907
6.2,827.7542996609363
6.4,829.0661923723698
6.6,830.3556994082214
6.8,831.6228358231972
7.0,832.8676240268059
7.2,834.0900951933768
7.4,835.2902904607245
7.6,836.4682619230229
7.8,837.6240734253206
8.0,838.7578011687453
8.2,839.8695341368219
8.4,840.9593743544417
8.6,842.0274369919019
8.8,843.0738503270578
9.0,844.0987555790422
9.2,845.1023066271979
9.4,846.08466962886
9.6,847.0460225494442
9.8,847.9865546179524
10.0,848.9064657205242
10.2,849.8059657440662
10.4,850.6852738812912
10.6,851.5446179077322
10.8,852.3842334404608
11.0,853.2043631873777
11.2,854.0052561950533
11.4,854.787167102199
11.6,855.5503554049735
11.8,856.2950847394553
12.0,857.0216221857862
12.2,857.7302375976994
12.4,858.4212029603964
12.6,859.0947917790506
12.8,859.7512784995811
13.0,860.390937962758
13.2,861.0140448921957
13.4,861.6208734163267
13.6,862.2116966240602
13.8,862.7867861534847
14.0,863.3464118126975
14.2,863.8908412316038
14.4,864.4203395433545
14.6,864.935169093941
14.8,865.4355891783698
15.0,865.9218558017773
15.2,866.3942214638064
15.4,866.8529349645651
15.6,867.2982412304991
15.8,867.7303811585551
16.0,868.1495914770541
16.2,868.5561046217667
16.4,868.9501486257561
16.6,869.3319470216327
16.8,869.7017187549565
17.0,870.059678107607
17.2,870.4060346300367
17.4,870.7409930814077
17.6,871.064753376704
17.8,871.37751053999
18.0,871.6794546630765
18.2,871.9707708689202
18.4,872.2516392791647
18.6,872.5222349852922
18.8,872.7827280229188
19.0,873.0332833488228
19.2,873.2740608203464
19.4,873.5052151768597
19.6,873.7268960230135
19.8,873.9392478135522
20.0,874.1424098394818
20.2,874.336516215427
20.4,874.5216958680297
20.6,874.6980725252671
20.8,874.8657647065875
21.0,875.0248857137757
21.2,875.1755436224779
21.4,875.3178412743254
21.6,875.4518762696072
21.8,875.5777409604525
22.0,875.6955224444883
22.2,875.8053025589463
22.4,875.9071578751935
22.6,876.0011596936739
22.8,876.0873740392398
23.0,876.1658616568667
23.2,876.2366780077383
23.4,876.2998732656944
23.6,876.3554923140358
23.8,876.4035747426814
24.0,876.4441548456706
24.2,876.4772616190108
24.4,876.5029187588649
24.6,876.521144660078
24.8,876.5319524150405
25.0,876.5353498128869
25.2,876.5313393390312
25.4,876.5199181750343
25.6,876.5010781988085
25.8,876.474805985157
26.0,876.4410828066482
26.2,876.3998846348297
26.4,876.3511821417803
26.6,876.294940702004
26.8,876.2311203946689
27.0,876.1596760061942
27.2,876.0805570331898
27.4,875.9937076857528
27.6,875.8990668911287
27.8,875.7965682977429
28.0,875.6861402796131
28.2,875.567705941153
28.4,875.4411831223792
28.6,875.3064844045401
28.8,875.1635171161843
29.0,875.0121833396918
29.2,874.8523799183004
29.4,874.6839984636566
29.6,874.50692536394
29.8,874.3210417926076
30.0,874.1262237178212
30.2,873.9223419126333
30.4,873.7092619660184
30.6,873.486844294856
30.8,873.2549441569905
31.0,873.0134116655142
31.2,872.7620918044491
31.4,872.5008244460286
31.6,872.2294443698157
31.8,871.9477812839323
32.0,871.6556598487148
32.2,871.3528997031578
32.4,871.0393154945624
32.6,870.714716911858
32.8,870.3789087231315
33.0,870.0316908179637
33.2,869.6728582552444
33.4,869.302201317214
33.6,868.9195055705645
33.8,868.5245519355075
34.0,868.1171167638173
34.2,867.696971926936
34.4,867.2638849153232
34.6,866.8176189503205
34.8,866.3579331098887
35.0,865.8845824696547
35.2,865.3973182607842
35.4,864.8958880462588
35.6,864.3800359171884
35.8,863.8495027108273
36.0,863.3040262519825
36.2,862.7433416194865
36.4,862.1671814393875
36.6,861.5752762064335
36.8,860.9673546353326
37.0,860.3431440431286
37.2,859.7023707638501
37.4,859.044760596357
37.6,858.3700392860253
37.8,857.6779330405748
38.0,856.9681690799475
38.2,856.2404762196923
38.4,855.4945854867927
38.6,854.7302307663072
38.8,853.9471494765476
39.0,853.145083269842
39.2,852.3237787551723
39.4,851.482988238199
39.6,850.6224704733428
39.8,849.7419914217361
40.0,848.8413250079727
40.2,847.9202538676868
40.4,846.9785700771124
40.6,846.0160758548975
40.8,845.0325842256284
41.0,844.0279196337377
41.2,843.0019184957802
41.4,841.954429678458
41.6,840.8853148892915
41.8,839.7944489664898
42.0,838.6817200543895
42.2,837.5470296508189
42.4,836.3902925129363
42.6,835.2114364084921
42.8,834.0104017000939
43.0,832.7871407509213
43.2,831.5416171414513
43.4,830.2738046881232
43.6,828.9836862564811
43.8,827.6712523631993
44.0,826.3364995634865
44.2,824.979428622682
44.4,823.6000424733737
44.6,822.1983439620554
44.8,820.7743333921761
45.0,819.3280058733708
45.2,817.8593484896753
45.4,816.3683373025548
45.6,814.8549342075878
45.8,813.319083666576
46.0,811.7607093396655
46.2,810.1797106446896
46.4,808.5759592733475
46.6,806.9492956959494
46.8,805.2995256882552
47.0,803.6264169153407
47.2,801.9296956084369
47.4,800.2090433712347
47.6,798.4640941522266
47.8,796.6944314192348
48.0,794.8995855713451
48.2,793.0790316220232
48.4,791.2321871852347
48.6,789.3584107939477
48.8,787.4570005774792
49.0,785.5271933207964
49.2,783.5681639251331
49.4,781.5790252851908
49.6,779.5588285938086
49.8,777.5065640803755
50.0,775.4211621844917
