0.0,639.2875012591601
0.2,644.3057024754804
0.4,649.2063489495781
0.6,653.9932939798742
0.8,658.6702473488373
1.0,663.2407722868563
1.2,667.708283440511
1.4,672.0760458400667
1.6,676.3471748487402
1.8,680.5246370644736
2.0,684.611252133819
2.2,688.6096954272753
2.4,692.5225015161699
2.6,696.3520683831015
2.8,700.1006622911502
3.0,703.7704232316089
3.2,707.3633708659457
3.4,710.8814108750934
3.6,714.3263416279715
3.8,717.6998610813437
4.0,721.0035738246401
4.2,724.2389981861386
4.4,727.4075733208063
4.6,730.5106662050092
4.8,733.5495784690924
5.0,736.5255530053357
5.2,739.4397802958813
5.4,742.2934044127113
5.6,745.0875286495111
5.8,747.8232207530997
6.0,750.5015177299214
6.2,753.1234302107241
6.4,755.6899463638889
6.6,758.2020353547997
6.8,760.6606503550793
7.0,763.0667311113747
7.2,765.4212060886032
7.4,767.7249942071285
7.6,769.979006197194
7.8,772.1841455970977
8.0,774.3413094240439
8.2,776.4513885483891
8.4,778.5152678031161
8.6,780.5338258608951
8.8,782.5079349110442
9.0,784.438460168154
9.2,786.3262592431535
9.4,788.1721814062172
9.6,789.9770667692233
9.8,791.7417454135225
10.0,793.4670364866432
10.2,795.153747289273
10.4,796.8026723715067
10.6,798.4145926549622
10.8,799.9902745949937
11.0,801.5304693949145
11.2,803.0359122819114
11.4,804.507321852222
11.6,805.945399491171
11.8,807.350828871839
12.0,808.7242755344953
12.2,810.0663865474369
12.4,811.3777902485859
12.6,812.6590960660689
12.8,813.9108944150518
13.0,815.1337566673177
13.2,816.3282351894431
13.4,817.4948634449455
13.6,818.6341561554241
13.8,819.7466095154822
14.0,820.8327014560996
14.2,821.8928919510926
14.4,822.9276233613541
14.6,823.9373208116841
14.8,824.9223925952009
15.0,825.8832306005484
15.2,826.8202107573678
15.4,827.7336934957949
15.6,828.6240242160391
15.8,829.4915337644181
16.0,830.3365389125383
16.2,831.1593428366238
16.4,831.9602355943115
16.6,832.7394945965286
16.8,833.497385072356
17.0,834.2341605250564
17.2,834.950063177706
17.4,835.6453244071076
17.6,836.3201651648852
17.8,836.9747963848707
18.0,837.6094193760771
18.2,838.2242262007237
18.4,838.8194000369365
18.6,839.3951155258779
18.8,839.9515391031915
19.0,840.4888293147447
19.2,841.0071371167592
19.4,841.5066061604884
19.6,841.9873730616855
19.8,842.4495676551512
20.0,842.893313234715
20.2,843.3187267790341
20.4,843.7259191636333
20.6,844.1149953596353
20.8,844.4860546196473
21.0,844.8391906512874
21.2,845.1744917788394
21.4,845.4920410935307
21.6,845.7919165929237
21.8,846.0741913099107
22.0,846.3389334317917
22.2,846.5862064099028
22.4,846.8160690602487
22.6,847.0285756555787
22.8,847.223776009325
23.0,847.4017155517988
23.2,847.5624353990227
23.4,847.7059724145487
23.6,847.8323592645891
23.8,847.9416244667568
24.0,848.033792432689
24.2,848.1088835047938
24.4,848.1669139873335
24.6,848.2078961720268
24.8,848.2318383583219
25.0,848.238744868457
25.2,848.2286160574013
25.4,848.2014483177267
25.6,848.1572340794398
25.8,848.0959618047601
26.0,848.0176159778061
26.2,847.9221770891165
26.4,847.8096216148982
26.6,847.679921990867
26.8,847.5330465805102
27.0,847.3689596375724
27.2,847.1876212625341
27.4,846.9889873528246
27.6,846.7730095464806
27.8,846.5396351589335
28.0,846.2888071125851
28.2,846.0204638588025
28.4,845.7345392919403
28.6,845.4309626549799
28.8,845.1096584363464
29.0,844.7705462574567
29.2,844.4135407505295
29.4,844.0385514261752
29.6,843.645482530278
29.8,843.2342328896723
30.0,842.8046957461149
30.2,842.3567585780539
30.4,841.8903029097038
30.6,841.4052041069478
30.8,840.9013311596041
31.0,840.3785464496177
31.2,839.836705504773
31.4,839.2756567375579
31.6,838.6952411688608
31.8,838.0952921362389
32.0,837.4756349865668
32.2,836.8360867529491
32.4,836.1764558158798
32.6,835.4965415487314
32.8,834.7961339477816
33.0,834.075013247117
33.2,833.3329495189082
33.4,832.5697022597171
33.6,831.7850199636848
33.8,830.978639683651
34.0,830.1502865814773
34.2,829.2996734690906
34.4,828.4265003420105
34.6,827.530453907408
34.8,826.6112071090226
35.0,825.6684186515672
35.2,824.7017325275586
35.4,823.7107775498315
35.6,822.6951668932994
35.8,821.6544976498542
36.0,820.5883504005837
36.2,819.4962888097847
36.4,818.3778592454983
36.6,817.2325904315285
36.8,816.059993136078
37.0,814.8595599022624
37.2,813.6307648258178
37.4,812.3730633852942
37.6,811.0858923299047
37.8,809.7686696299775
38.0,808.4207944946099
38.2,807.0416474606501
38.4,805.6305905565002
38.6,804.1869675434646
38.8,802.7101042364202
39.0,801.1993089044704
39.2,799.6538727509567
39.4,798.0730704707331
39.6,796.4561608809718
39.8,794.8023876199558
40.0,793.1109799063602
40.2,791.381153349416
40.4,789.6121107981387
40.6,787.8030432154997
40.8,785.9531305610569
41.0,784.0615426631927
41.2,782.1274400597569
41.4,780.1499747836551
41.6,778.1282910677896
41.8,776.0615259418216
42.0,773.9488096915476
42.2,771.7892661503091
42.4,769.5820127908745
42.6,767.3261605856902
42.8,765.0208136033518
43.0,762.6650683096716
43.2,760.2580125428335
43.4,757.7987241339025
43.6,755.2862691463989
43.8,752.7196997117939
44.0,750.0980514416282
44.2,747.420340401496
44.4,744.685559637346
44.6,741.8926752503886
44.8,739.0406220233076
45.0,736.1282986073791
45.2,733.1545622874044
45.4,730.1182233489747
45.6,727.018039080359
45.8,723.8527074491326
46.0,720.620860501377
46.2,717.3210575387507
46.4,713.9517781357765
46.6,710.5114150661809
46.8,706.9982672128788
47.0,703.4105325410904
47.2,699.7463012179602
47.4,696.0035489647993
47.6,692.1801307295851
47.8,688.2737747675468
48.0,684.2820772164673
48.2,680.2024972507239
48.4,676.0323528940502
48.6,671.7688175655614
48.8,667.4089174267923
49.0,662.9495295894363
49.2,658.3873812342562
49.4,653.7190496813938
49.6,648.940963441211
49.8,644.04940426301
50.0,639.0405101867383
