0.0,861.8871300379635
0.2,862.5658482392316
0.4,863.2284792415937
0.6,863.8752217984676
0.8,864.5062762155056
1.0,865.1218443416209
1.2,865.7221295538088
1.4,866.3073367357287
1.6,866.8776722500328
1.8,867.4333439044591
2.0,867.97456091172
2.2,868.5015338432538
2.4,869.0144745769214
2.6,869.5135962387568
2.8,869.9991131389045
3.0,870.4712407018956
3.2,870.930195391436
3.4,871.3761946299056
3.6,871.8094567127771
3.8,872.2302007181914
4.0,872.6386464119366
4.2,873.0350141480983
4.4,873.4195247656598
4.6,873.792399481349
4.8,874.1538597790342
5.0,874.504127295991
5.2,874.843423706363
5.4,875.1719706021522
5.6,875.4899893720816
5.8,875.7977010786724
6.0,876.0953263338903
6.2,876.3830851737093
6.4,876.6611969319479
6.6,876.9298801137273
6.8,877.1893522689055
7.0,877.4398298658289
7.2,877.6815281657466
7.4,877.9146610982224
7.6,878.1394411378709
7.8,878.3560791827404
8.0,878.5647844346499
8.2,878.7657642817834
8.4,878.9592241838246
8.6,879.1453675599122
8.8,879.3243956796741
9.0,879.4965075575922
9.2,879.6618998509257
9.4,879.8207667614156
9.6,879.973299940969
9.8,880.1196884015084
10.0,880.2601184291553
10.2,880.3947735029009
10.4,880.5238342178932
10.6,880.6474782134633
10.8,880.7658801059849
11.0,880.8792114266529
11.2,880.9876405642425
11.4,881.0913327128986
11.6,881.1904498249859
11.8,881.2851505690116
12.0,881.3755902926222
12.2,881.4619209906527
12.4,881.5442912781989
12.6,881.6228463686617
12.8,881.6977280567042
13.0,881.7690747060432
13.2,881.8370212419883
13.4,881.9016991486296
13.6,881.9632364705573
13.8,882.0217578189943
14.0,882.0773843822074
14.2,882.1302339400539
14.4,882.1804208825155
14.6,882.2280562320564
14.8,882.2732476696466
15.0,882.3160995642726
15.2,882.356713005763
15.4,882.3951858407448
15.6,882.4316127115471
15.8,882.4660850978618
16.0,882.4986913609716
16.2,882.5295167903527
16.4,882.5586436524569
16.6,882.5861512414816
16.8,882.612115931931
17.0,882.6366112327772
17.2,882.65970784303
17.4,882.6814737085216
17.6,882.7019740797247
17.8,882.7212715704134
18.0,882.7394262169885
18.2,882.7564955382888
18.4,882.7725345957139
18.6,882.7875960534883
18.8,882.801730238903
19.0,882.8149852023726
19.2,882.8274067771531
19.4,882.8390386385707
19.6,882.8499223626152
19.8,882.8600974837593
20.0,882.8696015518711
20.2,882.8784701880878
20.4,882.8867371395324
20.6,882.8944343327524
20.8,882.9015919257712
21.0,882.908238358646
21.2,882.9144004024319
21.4,882.9201032064566
21.6,882.9253703438178
21.8,882.9302238550181
22.0,882.9346842896597
22.2,882.9387707461252
22.4,882.9425009091755
22.6,882.9458910854012
22.8,882.9489562364695
23.0,882.9517100101124
23.2,882.9541647688062
23.4,882.9563316160967
23.6,882.9582204205313
23.8,882.9598398371602
24.0,882.9611973265736
24.2,882.9622991714484
24.4,882.9631504905785
24.6,882.9637552503685
24.8,882.9641162737751
25.0,882.9642352466807
25.2,882.9641127216923
25.4,882.9637481193596
25.6,882.9631397268081
25.8,882.9622846937922
26.0,882.96117902617
26.2,882.959817576812
26.4,882.9581940339532
26.6,882.9563009070073
26.8,882.9541295098619
27.0,882.9516699416786
27.2,882.9489110652262
27.4,882.9458404827794
27.6,882.9424445096175
27.8,882.938708145165
28.0,882.9346150418185
28.2,882.9301474715064
28.4,882.9252862900399
28.6,882.920010899308
28.8,882.9142992073837
29.0,882.9081275866075
29.2,882.9014708297221
29.4,882.8943021041362
29.6,882.8865929043993
29.8,882.8783130029801
30.0,882.8694303994391
30.2,882.8599112680973
30.4,882.8497199043051
30.6,882.8388186694235
30.8,882.8271679346341
31.0,882.8147260236991
31.2,882.8014491548017
31.4,882.7872913815972
31.6,882.7722045336176
31.8,882.7561381561706
32.0,882.7390394498863
32.2,882.7208532100649
32.4,882.7015217659851
32.6,882.6809849203405
32.8,882.6591798889707
33.0,882.6360412410623
33.2,882.611500839999
33.4,882.585487785038
33.6,882.5579283540026
33.8,882.5287459471745
34.0,882.4978610325771
34.2,882.4651910928419
34.4,882.4306505738498
34.6,882.3941508353435
34.8,882.3556001037022
35.0,882.314903427075
35.2,882.2719626330645
35.4,882.2266762891518
35.6,882.178939666051
35.8,882.128644704182
36.0,882.0756799834384
36.2,882.0199306964322
36.4,881.9612786253848
36.6,881.8996021228312
36.8,881.8347760962952
37.0,881.7666719970892
37.2,881.6951578133798
37.4,881.6200980676515
37.6,881.5413538186962
37.8,881.4587826682383
38.0,881.3722387722975
38.2,881.2815728573796
38.4,881.1866322415713
38.6,881.0872608606019
38.8,880.9832992989218
39.0,880.8745848258304
39.2,880.760951436674
39.4,880.6422298991162
39.6,880.5182478044688
39.8,880.3888296240532
40.0,880.2537967705463
40.2,880.1129676642486
40.4,879.9661578041929
40.6,879.8131798439975
40.8,879.6538436723473
41.0,879.4879564979715
41.2,879.3153229389676
41.4,879.1357451163055
41.6,878.9490227513286
41.8,878.7549532670515
42.0,878.5533318930385
42.2,878.3439517736334
42.4,878.1266040792925
42.6,877.9010781207618
42.8,877.667161465825
43.0,877.4246400583364
43.2,877.1732983392409
43.4,876.912919369272
43.6,876.6432849530116
43.8,876.3641757639836
44.0,876.0753714704488
44.2,875.776650861561
44.4,875.4677919735387
44.6,875.1485722155061
44.8,874.8187684946516
45.0,874.4781573403545
45.2,874.1265150269274
45.4,873.7636176946281
45.6,873.3892414685961
45.8,873.003162575373
46.0,872.6051574566753
46.2,872.1950028800928
46.4,871.7724760463989
46.6,871.3373546931646
46.8,870.8894171943869
47.0,870.4284426558495
47.2,869.9542110059517
47.4,869.4665030817575
47.6,868.9651007100314
47.8,868.4497867830496
48.0,867.9203453289913
48.2,867.3765615767351
48.4,866.8182220149108
48.6,866.2451144450717
48.8,865.6570280288822
49.0,865.0537533292328
49.2,864.4350823452229
49.4,863.800808540973
49.6,863.1507268682521
49.8,862.4846337829327
50.0,861.8023272553075
