0.0,779.7256090139471
0.2,781.5071554393918
0.4,783.3082686106659
0.6,785.1299831178744
0.8,786.9719858516588
1.0,788.8327255827944
1.2,790.7095737849462
1.4,792.5990236602189
1.6,794.4969123390829
1.8,796.3986507312637
2.0,798.29944643343
2.2,800.1945072223797
2.4,802.0792156321722
2.6,803.9492685252006
2.8,805.8007790168413
3.0,807.6303412504558
3.2,809.4350610835822
3.4,811.2125575849913
3.6,812.9609413123908
3.8,814.6787756920639
4.0,816.3650275734573
4.2,818.0190123420444
4.4,819.6403380123403
4.6,821.2288516475433
4.8,822.7845903928658
5.0,824.3077384600215
5.2,825.7985906169666
5.4,827.2575221427754
5.6,828.6849647990023
5.8,830.0813881246485
6.0,831.447285250566
6.2,832.7831624163819
6.4,834.0895314261354
6.6,835.366904369968
6.8,836.6157900467658
7.0,837.8366916313415
7.2,839.0301052298881
7.4,840.1965190539617
7.6,841.3364130143317
7.8,842.4502585920822
8.0,843.5385188869865
8.2,844.6016487746327
8.4,845.6400951263078
8.6,846.6542970614098
8.8,847.6446862128978
9.0,848.6116869934764
9.2,849.5557168549151
9.4,850.4771865359426
9.6,851.3765002960828
9.8,852.2540561340264
10.0,853.1102459898937
10.2,853.9454559312339
10.4,854.7600663229173
10.6,855.5544519812771
10.8,856.328982312999
11.0,857.0840214393462
11.2,857.8199283063781
11.4,858.5370567818605
11.6,859.2357557396062
11.8,859.9163691319959
12.0,860.5792360514452
12.2,861.2246907815863
12.4,861.8530628389273
12.6,862.4646770057407
12.8,863.059853354922
13.0,863.6389072675321
13.2,864.2021494437224
13.4,864.7498859077073
13.6,865.2824180074228
13.8,865.800042409479
14.0,866.3030510899806
14.2,866.7917313217562
14.4,867.2663656585029
14.6,867.7272319163199
14.8,868.1746031530662
15.0,868.6087476459506
15.2,869.0299288677226
15.4,869.4384054618039
15.6,869.8344312166706
15.8,870.2182550397624
16.0,870.5901209311693
16.2,870.9502679573186
16.4,871.2989302248612
16.6,871.6363368549277
16.8,871.9627119579043
17.0,872.2782746088627
17.2,872.583238823748
17.4,872.8778135364187
17.6,873.1622025766138
17.8,873.436604648906
18.0,873.7012133126857
18.2,873.9562169632078
18.4,874.2017988137245
18.6,874.4381368787112
18.8,874.6654039581879
19.0,874.8837676231284
19.2,875.0933902019423
19.4,875.294428768007
19.6,875.487035128224
19.8,875.6713558125653
20.0,875.847532064574
20.2,876.0156998327795
20.4,876.1759897629825
20.6,876.3285271913649
20.8,876.4734321383778
21.0,876.6108193033591
21.2,876.7407980598274
21.4,876.863472451408
21.6,876.9789411883359
21.8,877.0872976444887
22.0,877.1886298548994
22.2,877.2830205137018
22.4,877.3705469724592
22.6,877.4512812388359
22.8,877.525289975563
23.0,877.5926344996602
23.2,877.6533707818735
23.4,877.707549446293
23.6,877.7552157701152
23.8,877.79640968352
24.0,877.8311657696328
24.2,877.8595132645474
24.4,877.8814760573879
24.6,877.8970726903881
24.8,877.9063163589766
25.0,877.9092149118517
25.2,877.9057708510404
25.4,877.895981331934
25.6,877.8798381632994
25.8,877.8573278072674
26.0,877.8284313793051
26.2,877.793124648177
26.4,877.7513780359105
26.6,877.7031566177812
26.8,877.6484201223337
27.0,877.5871229314631
27.2,877.5192140805813
27.4,877.444637258896
27.6,877.3633308098347
27.8,877.2752277316456
28.0,877.1802556782144
28.2,877.0783369601348
28.4,876.9693885460742
28.6,876.8533220644771
28.8,876.7300438056534
29.0,876.599454724297
29.2,876.4614504424827
29.4,876.3159212531917
29.6,876.1627521244136
29.8,876.0018227038779
30.0,875.8330073244629
30.2,875.6561750103325
30.4,875.4711894838513
30.6,875.2779091733239
30.8,875.076187221606
31.0,874.8658714956293
31.2,874.6468045968849
31.4,874.4188238728968
31.6,874.1817614297257
31.8,873.9354441455255
32.0,873.6796936851797
32.2,873.4143265160325
32.4,873.1391539247235
32.6,872.8539820351298
32.8,872.558611827403
33.0,872.2528391580871
33.2,871.9364547812861
33.4,871.6092443708383
33.6,871.2709885434439
33.8,870.9214628826729
34.0,870.5604379637685
34.2,870.1876793791396
34.4,869.8029477644195
34.6,869.4059988249481
34.8,868.9965833625091
35.0,868.5744473021335
35.2,868.1393317187566
35.4,867.6909728634852
35.6,867.2291021892099
35.8,866.7534463752625
36.0,866.2637273507918
36.2,865.759662316502
36.4,865.2409637643603
36.6,864.7073394948502
36.8,864.1584926313174
37.0,863.5941216309162
37.2,863.0139202916331
37.4,862.4175777548347
37.6,861.80477850275
37.8,861.1752023502713
38.0,860.5285244304274
38.2,859.8644151728558
38.4,859.1825402745811
38.6,858.4825606623829
38.8,857.764132446025
39.0,857.0269068616051
39.2,856.2705302042821
39.4,855.4946437496375
39.6,854.6988836629411
39.8,853.8828808956079
40.0,853.0462610681634
40.2,852.1886443390812
40.4,851.309645258919
40.6,850.4088726092697
40.8,849.4859292261818
41.0,848.5404118078986
41.2,847.5719107070759
41.4,846.5800097081174
41.6,845.5642857910308
41.8,844.5243088844165
42.0,843.4596416121303
42.2,842.3698390411766
42.4,841.25444844309
42.6,840.1130090882124
42.8,838.9450521030009
43.0,837.7501004362055
43.2,836.5276690022454
43.4,835.2772651014828
43.6,833.9983892596397
43.8,832.6905366845159
44.0,831.3531996091016
44.2,829.9858708764978
44.4,828.588049222002
44.6,827.15924681617
44.8,825.6989997400024
45.0,824.2068821543784
45.2,822.6825249788888
45.4,821.1256398825304
45.6,819.536049277749
45.8,817.9137227656742
46.0,816.2588200728334
46.2,814.5717399267903
46.4,812.8531735365763
46.6,811.1041603963289
46.8,809.3261430735059
47.0,807.5210165699963
47.2,805.6911668850713
47.4,803.8394927208286
47.6,801.969404022881
47.8,800.0847913995214
48.0,798.1899615300241
48.2,796.2895355071729
48.4,794.38830961711
48.6,792.4910811894374
48.8,790.6024455921737
49.0,788.7265738499239
49.2,786.866983326643
49.4,785.0263160325554
49.6,783.2061400421297
49.8,781.4067890164446
50.0,779.6272528400999
