0.0,874.7174410928794
0.2,875.2759415987948
0.4,875.8093802209848
0.6,876.317901070366
0.8,876.801714649534
1.0,877.2610972624857
1.2,877.6963897277224
1.4,878.1079954211186
1.6,878.4963776851913
1.8,878.8620566507934
2.0,879.2056055256097
2.2,879.5276464109716
2.4,879.8288457143227
2.6,880.1099092290609
2.8,880.3715769564024
3.0,880.6146177453454
3.2,880.8398238267787
3.4,881.0480053163312
3.6,881.2399847578005
3.8,881.4165917750231
4.0,881.5786578950215
4.2,881.7270115993282
4.4,881.862473653725
4.6,881.9858527594275
4.8,882.0979415611744
5.0,882.1995130399331
5.2,882.2913173101847
5.4,882.3740788341556
5.6,882.44849405809
5.8,882.5152294688158
6.0,882.5749200625729
6.2,882.6281682124264
6.4,882.6755429156569
6.6,882.7175793983323
6.8,882.7547790508634
7.0,882.7876096657112
7.2,882.8165059465522
7.4,882.8418702570633
7.6,882.8640735770337
7.8,882.8834566336747
8.0,882.90033117672
8.2,882.914981367113
8.4,882.9276652506821
8.6,882.9386162901496
8.8,882.9480449309979
9.0,882.9561401790852
9.2,882.963071170374
9.4,882.9689887156461
9.6,882.9740268055847
9.8,882.9783040640386
10.0,882.9819251396204
10.2,882.9849820279899
10.4,882.9875553192023
10.6,882.9897153663592
10.8,882.9915233734482
11.0,882.9930324017232
11.2,882.9942882952246
11.4,882.9953305271042
11.6,882.9961929692903
11.8,882.9969045887211
12.0,882.9974900739094
12.2,882.9979703959823
12.4,882.9983633085949
12.6,882.9986837912478
12.8,882.9989444405791
13.0,882.9991558141537
13.2,882.9993267311582
13.4,882.9994645342384
13.6,882.9995753165107
13.8,882.999664117535
14.0,882.9997350917766
14.2,882.9997916528174
14.4,882.9998365962955
14.6,882.9998722042864
14.8,882.9999003335694
15.0,882.999922489969
15.2,882.9999398907211
15.4,882.9999535165888
15.6,882.9999641552428
15.8,882.9999724372312
16.0,882.9999788656938
16.2,882.9999838408112
16.4,882.9999876798488
16.6,882.9999906335295
16.8,882.9999928993527
17.0,882.9999946323946
17.2,882.9999959540309
17.4,882.9999969589569
17.6,882.999997720816
17.8,882.9999982966976
18.0,882.9999987307169
18.2,882.9999990568549
18.4,882.9999993012037
18.6,882.9999994837339
18.8,882.999999619682
19.0,882.9999997206369
19.2,882.9999997953842
19.4,882.9999998505634
19.6,882.999999891177
19.8,882.9999999209814
20.0,882.9999999427886
20.2,882.9999999586971
20.4,882.9999999702682
20.6,882.9999999786595
20.8,882.9999999847269
21.0,882.9999999891006
21.2,882.9999999922444
21.4,882.9999999944972
21.6,882.999999996107
21.8,882.9999999972537
22.0,882.9999999980681
22.2,882.9999999986449
22.4,882.9999999990521
22.6,882.9999999993387
22.8,882.9999999995398
23.0,882.9999999996804
23.2,882.9999999997785
23.4,882.9999999998468
23.6,882.9999999998939
23.8,882.9999999999263
24.0,882.9999999999485
24.2,882.9999999999635
24.4,882.9999999999735
24.6,882.9999999999798
24.8,882.9999999999832
25.0,882.9999999999843
25.2,882.9999999999832
25.4,882.9999999999798
25.6,882.9999999999735
25.8,882.9999999999635
26.0,882.9999999999485
26.2,882.9999999999263
26.4,882.9999999998939
26.6,882.9999999998468
26.8,882.9999999997785
27.0,882.9999999996804
27.2,882.9999999995398
27.4,882.9999999993387
27.6,882.9999999990521
27.8,882.9999999986449
28.0,882.999999998068
28.2,882.9999999972534
28.4,882.9999999961067
28.6,882.9999999944968
28.8,882.9999999922436
29.0,882.9999999890996
29.2,882.9999999847253
29.4,882.9999999786575
29.6,882.9999999702655
29.8,882.9999999586935
30.0,882.9999999427835
30.2,882.9999999209745
30.4,882.9999998911675
30.6,882.9999998505501
30.8,882.9999997953654
31.0,882.999999720611
31.2,882.9999996196462
31.4,882.9999994836844
31.6,882.9999993011357
31.8,882.9999990567618
32.0,882.9999987305894
32.2,882.9999982965235
32.4,882.9999977205787
32.6,882.9999969586345
32.8,882.9999959535941
33.0,882.9999946318043
33.2,882.999992898557
33.4,882.9999906324599
33.6,882.9999876784149
33.8,882.9999838388937
34.0,882.9999788631371
34.2,882.9999724338313
34.4,882.9999641507335
34.6,882.9999535106247
34.8,882.9999398828534
35.0,882.999922479618
35.2,882.9999003199878
35.4,882.999872186513
35.6,882.9998365730986
35.8,882.999791622622
36.0,882.9997350525748
36.2,882.9996640667744
36.4,882.9995752509559
36.6,882.9994644497992
36.8,882.9993266226788
37.0,882.9991556751525
37.2,882.9989442629308
37.4,882.9986835647953
37.6,882.9983630206762
37.8,882.9979700308562
38.0,882.997489612061
38.2,882.9969040060239
38.4,882.9961922359979
38.6,882.9953296066426
38.8,882.9942871427481
39.0,882.9930309623943
39.2,882.9915215803934
39.4,882.9897131382497
39.6,882.9875525573981
39.8,882.9849786131778
40.0,882.9819209278716
40.2,882.9782988821972
40.4,882.9740204458923
40.6,882.9689809294931
40.8,882.9630616610616
41.0,882.956128593465
41.2,882.9480308498454
41.4,882.9385992171163
41.6,882.927644599654
41.8,882.9149564477922
42.0,882.9003011782304
42.2,882.883420605979
42.4,882.8640304099384
42.6,882.8418186565693
42.8,882.8164444083027
43.0,882.7875364452734
43.2,882.7546921305715
43.4,882.717476450411
43.6,882.6754212613394
43.8,882.6280247767747
44.0,882.5747513247088
44.2,882.5150314072712
44.4,882.4482620909903
44.6,882.3738077539585
44.8,882.2910012127072
45.0,882.199145247417
45.2,882.0975145391614
45.4,881.9853580272365
45.6,881.8619016883553
45.8,881.7263517326452
46.0,881.5778982041176
46.2,881.4157189656887
46.4,881.2389840410867
46.6,881.0468602782322
46.8,880.8385162911156
47.0,880.613127629989
47.2,880.3698821230266
47.4,880.1079853266821
47.6,879.826666016934
47.8,879.5251816496476
48.0,879.20282371551
48.2,878.8589229135576
48.4,878.4928540672694
48.6,878.1040407086371
48.8,877.6919592585338
49.0,877.2561427360954
49.2,876.796183935637
49.4,876.311738016762
49.6,875.8025244616664
49.8,875.2683283630239
50.0,874.7090010160814
