0.0,851.8234996635218
0.2,852.6732992260271
0.4,853.5032280790656
0.6,854.313706047832
0.8,855.1051454189919
1.0,855.8779507846739
1.2,856.6325189146617
1.4,857.3692386566005
1.6,858.0884908638394
1.8,858.7906483503483
2.0,859.4760758719708
2.2,860.145130133111
2.4,860.7981598177945
2.6,861.4355056439097
2.8,862.0575004393038
3.0,862.6644692383032
3.2,863.2567293971335
3.4,863.8345907266379
3.6,864.3983556406353
3.8,864.9483193182214
4.0,865.4847698782859
4.2,866.0079885645241
4.4,866.5182499392168
4.6,867.0158220840933
4.8,867.5009668066187
5.0,867.9739398501115
5.2,868.434991106154
5.4,868.8843648278412
5.6,869.3222998424941
5.8,869.749029762561
6.0,870.1647831935265
6.2,870.5697839377539
6.4,870.964251193293
6.6,871.3483997467983
6.8,871.722440159807
7.0,872.0865789477367
7.2,872.4410187510762
7.4,872.7859584983362
7.6,873.1215935604355
7.8,873.4481158962877
8.0,873.7657141894479
8.2,874.0745739757583
8.4,874.374877762013
8.6,874.6668051357267
8.8,874.9505328661618
9.0,875.2262349968216
9.2,875.4940829296636
9.4,875.7542455013353
9.6,876.0068890517639
9.8,876.2521774854647
10.0,876.4902723259521
10.2,876.7213327636571
10.4,876.9455156977626
10.6,877.1629757723786
10.8,877.3738654074757
11.0,877.5783348249985
11.2,877.7765320705699
11.4,877.9686030311917
11.6,878.1546914493313
11.8,878.3349389337741
12.0,878.5094849676026
12.2,878.6784669136467
12.4,878.8420200177301
12.6,879.00027741002
12.8,879.1533701047669
13.0,879.3014269986988
13.2,879.4445748683194
13.4,879.5829383663325
13.6,879.7166400174042
13.8,879.8458002134458
14.0,879.9705372085917
14.2,880.0909671140208
14.4,880.2072038927586
14.6,880.3193593545781
14.8,880.427543151105
15.0,880.5318627712167
15.2,880.632423536812
15.4,880.7293285990173
15.6,880.8226789348814
15.8,880.9125733446035
16.0,880.9991084493269
16.2,881.0823786895227
16.4,881.1624763239817
16.6,881.2394914294214
16.8,881.3135119007142
17.0,881.3846234517289
17.2,881.4529096167822
17.4,881.5184517526834
17.6,881.5813290413553
17.8,881.6416184930112
18.0,881.6993949498615
18.2,881.7547310903252
18.4,881.8076974337133
18.6,881.8583623453538
18.8,881.9067920421236
19.0,881.9530505983522
19.2,881.9971999520621
19.4,882.0392999115036
19.6,882.0794081619513
19.8,882.11758027272
20.0,882.1538697043617
20.2,882.1883278160047
20.4,882.2210038727952
20.6,882.2519450534026
20.8,882.2811964575507
21.0,882.3088011135349
21.2,882.3347999856907
21.4,882.3592319817748
21.6,882.3821339602241
21.8,882.4035407372579
22.0,882.4234850937904
22.2,882.4419977821207
22.4,882.4591075323691
22.6,882.4748410586323
22.8,882.4892230648268
23.0,882.5022762501968
23.2,882.5140213144601
23.4,882.5244769625707
23.6,882.5336599090747
23.8,882.5415848820433
24.0,882.5482646265623
24.2,882.5537099077661
24.4,882.5579295133986
24.6,882.5609302558926
24.8,882.5627169739581
25.0,882.5632925336704
25.2,882.5626578290534
25.4,882.5608117821557
25.6,882.5577513426181
25.8,882.5534714867313
26.0,882.5479652159905
26.2,882.5412235551494
26.4,882.5332355497815
26.6,882.5239882633581
26.8,882.5134667738549
27.0,882.5016541698991
27.2,882.488531546473
27.4,882.4740780001936
27.6,882.4582706241811
27.8,882.4410845025462
28.0,882.4224927045102
28.2,882.4024662781885
28.4,882.3809742440609
28.6,882.3579835881568
28.8,882.3334592549852
29.0,882.3073641402391
29.2,882.2796590833087
29.4,882.2503028596327
29.6,882.2192521729265
29.8,882.1864616473202
30.0,882.1518838194436
30.2,882.1154691304948
30.4,882.0771659183324
30.6,882.0369204096269
30.8,881.9946767121127
31.0,881.950376806979
31.2,881.9039605414381
31.4,881.8553656215121
31.6,881.8045276050748
31.8,881.751379895189
32.0,881.695853733776
32.2,881.6378781956544
32.4,881.5773801829827
32.6,881.514284420143
32.8,881.4485134490924
33.0,881.3799876252189
33.2,881.308625113724
33.4,881.2343418865605
33.6,881.1570517199442
33.8,881.0766661924599
34.0,880.9930946837732
34.2,880.9062443739585
34.4,880.8160202434455
34.6,880.7223250735817
34.8,880.6250594478046
35.0,880.524121753403
35.2,880.4194081838465
35.4,880.3108127416489
35.6,880.1982272417231
35.8,880.0815413151741
36.0,879.9606424134673
36.2,879.8354158128916
36.4,879.7057446192334
36.6,879.5715097725522
36.8,879.4325900519424
37.0,879.2888620801453
37.2,879.1402003278608
37.4,878.9864771175879
37.6,878.8275626268099
37.8,878.6633248903157
38.0,878.4936298014309
38.2,878.318341111916
38.4,878.1373204302644
38.6,877.9504272181141
38.8,877.7575187844677
39.0,877.5584502773977
39.2,877.3530746728906
39.4,877.1412427604721
39.6,876.9228031252335
39.8,876.6976021258713
40.0,876.4654838683343
40.2,876.226290174669
40.4,875.9798605466424
40.6,875.7260321237254
40.8,875.4646396350148
41.0,875.1955153446833
41.2,874.9184889905564
41.4,874.633387715431
41.6,874.3400359907748
41.8,874.0382555324721
42.0,873.7278652083196
42.2,873.4086809370149
42.4,873.0805155784325
42.6,872.7431788150361
42.8,872.3964770243393
43.0,872.0402131423997
43.2,871.6741865184038
43.4,871.2981927604893
43.6,870.9120235730368
43.8,870.5154665857588
44.0,870.1083051750172
44.2,869.6903182778993
44.4,869.2612801996938
44.6,868.8209604155145
44.8,868.3691233669306
45.0,867.905528254572
45.2,867.4299288277833
45.4,866.9420731725083
45.6,866.4417034986814
45.8,865.9285559285007
46.0,865.4023602870395
46.2,864.8628398967286
46.4,864.3097113773118
46.6,863.7426844529251
46.8,863.1614617679932
47.0,862.5657387136624
47.2,861.9552032664975
47.4,861.3295358411656
47.6,860.6884091588058
47.8,860.0314881327444
48.0,859.358429773152
48.2,858.6688831121745
48.4,857.9624891509619
48.6,857.238880829923
48.8,856.4976830234006
49.0,855.7385125598247
49.2,854.9609782682478
49.4,854.164681051997
49.6,853.34921399001
49.8,852.5141624662256
50.0,851.6591043272209
