0.0,752.6416808508295
0.2,755.3602617055911
0.4,758.0209994198892
0.6,760.6253726446533
0.8,763.1748286829586
1.0,765.670782467364
1.2,768.114615662524
1.4,770.5076758945764
1.6,772.8512761078791
1.8,775.1466940487443
2.0,777.3951718749305
2.2,779.5979158887911
2.4,781.7560963911715
2.6,783.8708476523799
2.8,785.943267995868
3.0,787.9744199896134
3.2,789.965330739643
3.4,791.916992279645
3.6,793.8303620502062
3.8,795.7063634608857
4.0,797.5458865280776
4.2,799.3497885814479
4.4,801.1188950316275
4.6,802.8540001918246
4.8,804.5558681460604
5.0,806.2252336568438
5.2,807.8628031052727
5.4,809.4692554567711
5.6,811.045243245941
5.8,812.5913935743295
6.0,814.1083091152466
6.2,815.5965691201611
6.4,817.0567304215858
6.6,818.4893284277864
6.8,819.8948781050684
7.0,821.2738749438223
7.2,822.6267959049346
7.4,823.9541003435885
7.6,825.2562309078883
7.8,826.5336144101342
8.0,827.7866626689491
8.2,829.0157733208162
8.4,830.2213305999165
8.6,831.4037060854675
8.8,832.5632594160429
9.0,833.7003389706183
9.2,834.8152825163115
9.4,835.9084178229992
9.6,836.9800632451679
9.8,838.0305282715182
10.0,839.0601140429709
10.2,840.0691138398392
10.4,841.0578135390211
10.6,842.0264920421367
10.8,842.9754216755986
11.0,843.9048685636326
11.2,844.8150929753048
11.4,845.706349646616
11.6,846.5788880787346
11.8,847.4329528134331
12.0,848.2687836867806
12.2,849.0866160621271
12.4,849.8866810433901
12.6,850.669205669631
12.8,851.4344130918755
13.0,852.1825227331036
13.2,852.9137504323008
13.4,853.6283085734292
13.6,854.3264062001449
13.8,855.008249117053
14.0,855.6740399782641
14.2,856.3239783639787
14.4,856.9582608458022
14.6,857.5770810414606
14.8,858.1806296595609
15.0,858.7690945350164
15.2,859.3426606557277
15.4,859.9015101810921
15.6,860.4458224528902
15.8,860.9757739990749
16.0,861.491538530974
16.2,861.9932869343917
16.4,862.481187255084
16.6,862.9554046790583
16.8,863.416101508136
17.0,863.863437131198
17.2,864.2975679915207
17.4,864.7186475505898
17.6,865.1268262487688
17.8,865.5222514631831
18.0,865.9050674631657
18.2,866.2754153635962
18.4,866.6334330764532
18.6,866.9792552608837
18.8,867.3130132720793
19.0,867.6348351092395
19.2,867.9448453628852
19.4,868.2431651617733
19.6,868.5299121196515
19.8,868.8052002820797
20.0,869.0691400735304
20.2,869.3218382449701
20.4,869.5633978221114
20.6,869.7939180545126
20.8,870.0134943656933
21.0,870.2222183044191
21.2,870.4201774973037
21.4,870.6074556028603
21.6,870.7841322671298
21.8,870.9502830810003
22.0,871.1059795393245
22.2,871.2512890019349
22.4,871.3862746566439
22.6,871.5109954843132
22.8,871.6255062260664
23.0,871.7298573527124
23.2,871.8240950364413
23.4,871.9082611248461
23.6,871.9823931173212
23.8,872.0465241438794
24.0,872.1006829464262
24.2,872.1448938625234
24.4,872.1791768116709
24.6,872.203547284131
24.8,872.2180163323126
25.0,872.2225905647318
25.2,872.2172721425598
25.4,872.2020587787628
25.6,872.1769437398414
25.8,872.1419158501636
26.0,872.0969594988895
26.2,872.042054649478
26.4,871.9771768517621
26.6,871.9022972565768
26.8,871.8173826329155
27.0,871.7223953875917
27.2,871.6172935873731
27.4,871.5020309835522
27.6,871.3765570389137
27.8,871.2408169570488
28.0,871.0947517139659
28.2,870.9382980919391
28.4,870.7713887155246
28.6,870.5939520896769
28.8,870.4059126398816
29.0,870.207190754217
29.2,869.9977028272489
29.4,869.7773613056518
29.6,869.5460747354443
29.8,869.3037478107136
30.0,869.0502814236954
30.2,868.7855727160661
30.4,868.5095151312916
30.6,868.2219984678676
30.8,867.9229089332749
31.0,867.6121291984582
31.2,867.2895384526304
31.4,866.9550124581867
31.6,866.6084236055037
31.8,866.2496409673815
32.0,865.8785303528805
32.2,865.4949543602822
32.4,865.0987724288981
32.6,864.6898408894272
32.8,864.2680130125601
33.0,863.8331390555016
33.2,863.3850663060753
33.4,862.9236391240561
33.6,862.4486989793637
33.8,861.9600844867274
34.0,861.4576314364253
34.2,860.9411728206741
34.4,860.4105388552357
34.6,859.8655569957828
34.8,859.3060519485493
35.0,858.7318456747697
35.2,858.1427573883884
35.4,857.5386035465012
35.6,856.9191978319622
35.8,856.2843511275667
36.0,855.6338714811922
36.2,854.9675640612504
36.4,854.2852311017731
36.6,853.5866718364199
36.8,852.8716824206647
37.0,852.1400558413771
37.2,851.3915818129799
37.4,850.6260466593214
37.6,849.8432331803635
37.8,849.0429205027381
38.0,848.2248839131873
38.2,847.3888946738568
38.4,846.5347198183673
38.6,845.6621219275505
38.8,844.7708588836936
39.0,843.8606836021021
39.2,842.9313437387569
39.4,841.9825813728148
39.6,841.0141326626846
39.8,840.0257274743963
40.0,839.0170889809855
40.2,837.9879332316212
40.4,836.9379686892358
40.6,835.8668957354564
40.8,834.7744061416971
41.0,833.6601825053517
41.2,832.5238976501302
41.4,831.3652139897073
41.6,830.1837828540062
41.8,828.9792437776172
42.0,827.7512237500633
42.2,826.4993364278578
42.4,825.2231813085747
42.6,823.9223428674445
42.8,822.5963896573246
43.0,821.2448733732476
43.2,819.8673278831443
43.4,818.4632682267494
43.6,817.0321895851399
43.8,815.5735662238161
44.0,814.0868504127111
44.2,812.5714713270106
44.4,811.0268339331587
44.6,809.4523178649285
44.8,807.8472762949345
45.0,806.2110348074497
45.2,804.5428902788569
45.4,802.8421097725118
45.6,801.1079294552002
45.8,799.3395535427475
46.0,797.5361532826557
46.2,795.6968659819103
46.4,793.8207940883041
46.6,791.9070043337545
46.8,789.9545269481505
47.0,787.9623549522379
47.2,785.9294435379463
47.4,783.854709544356
47.6,781.7370310372162
47.8,779.5752469995413
48.0,777.3681571403366
48.2,775.1145218279363
48.4,772.813062153786
48.6,770.4624601317612
48.8,768.0613590373016
49.0,765.6083638897508
49.2,763.1020420803492
49.4,760.5409241473247
49.6,757.9235046984825
49.8,755.2482434806259
50.0,752.5135665940461
