0.0,805.9722383037341
0.2,808.0336724139671
0.4,810.0537902319229
0.6,812.0329679670745
0.8,813.9715866978997
1.0,815.870032588205
1.2,817.7286970802028
1.4,819.5479770635093
1.6,821.3282750193428
1.8,823.0699991393137
2.0,824.7735634183222
2.2,826.4393877211927
2.4,828.0678978227979
2.6,829.659525421544
2.8,831.2147081262112
3.0,832.7338894162591
3.2,834.2175185758267
3.4,835.6660506017704
3.6,837.0799460861948
3.8,838.4596710740408
4.0,839.8056968963958
4.2,841.1184999802973
4.4,842.3985616358864
4.6,843.6463678218632
4.8,844.8624088902766
5.0,846.0471793117548
5.2,847.2011773823556
5.4,848.3249049132777
5.6,849.4188669047264
5.8,850.4835712052793
6.0,851.5195281581349
6.2,852.5272502356621
6.4,853.507251663692
6.6,854.4600480370128
6.8,855.3861559275382
7.0,856.2860924866229
7.2,857.1603750429936
7.4,858.0095206977535
7.6,858.8340459179008
7.8,859.6344661297735
8.0,860.4112953138075
8.2,861.1650456019524
8.4,861.8962268790514
8.6,862.6053463894402
8.8,863.292908349973
9.0,863.9594135706196
9.2,864.6053590837238
9.4,865.2312377829466
9.6,865.8375380728478
9.8,866.4247435299973
10.0,866.9933325764264
10.2,867.5437781661647
10.4,868.0765474855278
10.6,868.5921016677493
10.8,869.0908955224704
11.0,869.5733772805339
11.2,870.0399883544417
11.4,870.4911631147736
11.6,870.9273286827822
11.8,871.3489047393143
12.0,871.7563033501356
12.2,872.149928807671
12.4,872.5301774891072
12.6,872.8974377307397
12.8,873.2520897183938
13.0,873.5945053936856
13.2,873.9250483758425
13.4,874.2440738987484
13.6,874.5519287628385
13.8,874.8489513014215
14.0,875.1354713609713
14.2,875.4118102948966
14.4,875.678280970261
14.6,875.9351877869061
14.8,876.1828267083993
15.0,876.4214853042128
15.2,876.651442802522
15.4,876.8729701529984
15.6,877.0863300989633
15.8,877.2917772582595
16.0,877.4895582121984
16.2,877.6799116019373
16.4,877.8630682316426
16.6,878.0392511778028
16.8,878.208675904059
17.0,878.3715503809311
17.2,878.5280752098322
17.4,878.6784437507717
17.6,878.8228422531671
17.8,878.9614499891983
18.0,879.0944393891594
18.2,879.2219761782765
18.4,879.3442195144862
18.6,879.4613221266846
18.8,879.5734304529832
19.0,879.6806847785238
19.2,879.7832193724324
19.4,879.8811626235117
19.6,879.974637174293
19.8,880.0637600530912
20.0,880.148642803731
20.2,880.2293916126303
20.4,880.3061074329479
20.6,880.3788861055293
20.8,880.4478184763947
21.0,880.5129905105396
21.2,880.5744834018374
21.4,880.6323736788444
21.6,880.686733306332
21.8,880.7376297823834
22.0,880.7851262309061
22.2,880.8292814894314
22.4,880.8701501920762
22.6,880.9077828475654
22.8,880.9422259122167
23.0,880.9735218578052
23.2,881.0017092342321
23.4,881.026822726934
23.6,881.0488932089752
23.8,881.0679477877725
24.0,881.0840098464146
24.2,881.0970990795361
24.4,881.1072315237194
24.6,881.1144195823998
24.8,881.1186720452532
25.0,881.1199941020548
25.2,881.1183873509958
25.4,881.1138498014551
25.6,881.1063758712219
25.8,881.0959563781729
26.0,881.0825785264116
26.2,881.066225886878
26.4,881.0468783724459
26.6,881.0245122075276
26.8,880.9990998922084
27.0,880.9706101609466
27.2,880.9390079358677
27.4,880.904254274702
27.6,880.8663063134118
27.8,880.8251172035667
28.0,880.780636044532
28.2,880.7328078105447
28.4,880.6815732727644
28.6,880.6268689163905
28.8,880.5686268529568
29.0,880.5067747279189
29.2,880.4412356236726
29.4,880.3719279581452
29.6,880.2987653791248
29.8,880.221656654506
30.0,880.1405055586457
30.2,880.0552107550438
30.4,879.9656656755783
30.6,879.8717583965466
30.8,879.7733715117823
31.0,879.6703820031406
31.2,879.5626611086611
31.4,879.4500741887448
31.6,879.3324805906976
31.8,879.2097335120202
32.0,879.0816798628415
32.2,878.9481601279184
32.4,878.8090082286454
32.6,878.6640513855385
32.8,878.5131099816812
33.0,878.3559974276372
33.2,878.1925200283606
33.4,878.0224768526442
33.6,877.8456596056751
33.8,877.6618525052721
34.0,877.4708321624048
34.2,877.2723674665984
34.4,877.0662194768479
34.6,876.8521413186661
34.8,876.6298780879074
35.0,876.3991667620021
35.2,876.1597361192497
35.4,875.9113066668103
35.6,875.6535905780349
35.8,875.386291639766
36.0,875.109105210233
36.2,874.8217181881497
36.4,874.5238089936103
36.6,874.2150475613541
36.8,873.895095346951
37.0,873.5636053464295
37.2,873.2202221298387
37.4,872.8645818892022
37.6,872.4963125012811
37.8,872.1150336055252
38.0,871.7203566975418
38.2,871.3118852383649
38.4,870.8892147797559
38.6,870.4519331057074
38.8,869.9996203902676
39.0,869.5318493717369
39.2,869.0481855432275
39.4,868.5481873595066
39.6,868.0314064599761
39.8,867.4973879075719
40.0,866.9456704432907
40.2,866.37578675598
40.4,865.7872637669532
40.6,865.1796229289123
40.8,864.552380538592
41.0,863.9050480624578
41.2,863.2371324747184
41.4,862.5481366068428
41.6,861.8375595076967
41.8,861.1048968133431
42.0,860.3496411254926
42.2,859.5712823975138
42.4,858.7693083268638
42.6,857.9432047527363
42.8,857.0924560576744
43.0,856.2165455718504
43.2,855.3149559786661
43.4,854.3871697202992
43.6,853.4326694017809
43.8,852.450938192175
44.0,851.4414602214015
44.2,850.4037209712434
44.4,849.337207659067
44.6,848.24140961279
44.8,847.1158186356436
45.0,845.9599293592887
45.2,844.7732395838764
45.4,843.5552506036703
45.6,842.305467516895
45.8,841.0233995185164
46.0,839.7085601747184
46.2,838.360467677903
46.4,836.9786450811075
46.6,835.5626205108118
46.8,834.1119273571865
47.0,832.6261044409263
47.2,831.1046961559027
47.4,829.5472525869704
47.6,827.9533296023654
47.8,826.3224889202421
48.0,824.6542981490051
48.2,822.948330801208
48.4,821.2041662809085
48.6,819.4213898444845
48.8,817.5995925350411
49.0,815.738371090652
49.2,813.8373278268048
49.4,811.8960704935337
49.6,809.914212107843
49.8,807.891370762141
50.0,805.8271694095115
