0.0,556.6563681187084
0.2,562.6778217387297
0.4,568.5690538263035
0.6,574.3291893746244
0.8,579.9578969037165
1.0,585.4553857871608
1.2,590.8223966237344
1.4,596.0601849103291
1.6,601.17049839159
1.8,606.1555485708268
2.0,611.0179769634999
2.2,615.7608167569088
2.4,620.387450606
2.6,624.9015653443055
2.8,629.3071044202603
3.0,633.6082188823788
3.2,637.8092177322865
3.4,641.9145184432045
3.6,645.9285984043472
3.8,649.8559480003818
4.0,653.7010259714725
4.2,657.4682176255817
4.4,661.1617963928934
4.6,664.7858891247946
4.8,668.3444454491658
5.0,671.8412114020948
5.2,675.2797074657307
5.4,678.6632110548516
5.6,681.9947434126168
5.8,685.2770608004716
6.0,688.5126497995084
6.2,691.70372648173
6.4,694.8522391602797
6.6,697.9598743881434
6.8,701.0280658451919
7.0,704.0580057335353
7.2,707.050658290587
7.4,710.0067750273948
7.6,712.9269113059044
7.8,715.811443881977
8.0,718.6605890602243
8.2,721.4744211309772
8.4,724.2528907879537
8.6,726.9958432563515
8.8,729.703035894209
9.0,732.3741550639577
9.2,735.0088321053308
9.4,737.6066582744002
9.6,740.1671985458356
9.8,742.6900042059922
10.0,745.1746241926725
10.2,747.6206151630741
10.4,750.0275502942943
10.6,752.3950268406866
10.8,754.7226724893252
11.0,757.0101505688585
11.2,759.2571641782206
11.4,761.4634593101835
11.6,763.6288270507549
11.8,765.7531049391895
12.0,767.8361775751199
12.2,769.8779765592931
12.4,771.8784798528623
12.6,773.8377106373965
12.8,775.7557357539614
13.0,777.6326637950325
13.2,779.4686429178266
13.4,781.2638584420721
13.6,783.0185302894508
13.8,784.7329103160731
14.0,786.4072795835266
14.2,788.0419456083581
14.4,789.6372396243974
14.6,791.1935138871725
14.8,792.7111390448383
15.0,794.1905015955922
15.2,795.6320014474766
15.4,797.0360495927999
15.6,798.403065906129
15.8,799.7334770719085
16.0,801.027714645242
16.2,802.2862132471905
16.4,803.5094088940965
16.6,804.6977374588957
16.8,805.8516332611084
17.0,806.9715277811774
17.2,808.0578484940258
17.4,809.1110178161017
17.6,810.1314521597524
17.8,811.11956108849
18.0,812.075746566559
18.2,813.0004022961767
18.4,813.8939131358642
18.6,814.7566545934077
18.8,815.5889923871725
19.0,816.3912820697202
19.2,817.1638687079433
19.4,817.9070866142213
19.6,818.6212591234083
19.8,819.3066984107786
20.0,819.9637053463771
20.2,820.5925693815419
20.4,821.1935684636793
20.6,821.7669689756773
20.8,822.3130256966404
21.0,822.8319817809098
21.2,823.324068752601
21.4,823.7895065131443
21.6,824.228503359554
21.8,824.641256011368
22.0,825.027949644413
22.2,825.3887579297356
22.4,825.7238430762202
22.6,826.0333558755726
22.8,826.3174357484992
23.0,826.5762107910448
23.2,826.8097978201795
23.4,827.0183024178324
23.6,827.2018189726757
23.8,827.3604307190577
24.0,827.494209772562
24.2,827.6032171617558
24.4,827.6875028557548
24.6,827.7471057873025
24.8,827.7820538711197
25.0,827.7923640173407
25.2,827.7780421399036
25.4,827.7390831598169
25.6,827.6754710032745
25.8,827.587178594644
26.0,827.4741678444007
26.2,827.3363896321357
26.4,827.173783784819
26.6,826.9862790505558
26.8,826.773793068138
27.0,826.5362323327532
27.2,826.2734921582911
27.4,825.9854566367617
27.6,825.6719985954231
27.8,825.3329795523147
28.0,824.9682496709895
28.2,824.5776477153547
28.4,824.1610010056511
28.6,823.7181253767401
28.8,823.2488251400131
29.0,822.7528930503988
29.2,822.2301102801249
29.4,821.6802464010757
29.6,821.1030593777973
29.8,820.4982955734221
30.0,819.8656897710237
30.2,819.2049652131644
30.4,818.5158336626678
30.6,817.7979954879286
30.8,817.0511397763707
31.0,816.2749444799674
31.2,815.4690765970508
31.4,814.6331923949634
31.6,813.7669376784153
31.8,812.8699481087351
32.0,811.9418495795062
32.2,810.9822586543668
32.4,809.9907830730214
32.6,808.9670223317349
32.8,807.9105683447649
33.0,806.8210061933091
33.2,805.6979149685969
33.4,804.540868715704
33.6,803.3494374845299
33.8,802.123188494089
34.0,800.8616874158487
34.2,799.5644997812359
34.4,798.2311925176475
34.6,796.8613356162704
34.8,795.4545039337518
35.0,794.0102791282153
35.2,792.5282517282686
35.4,791.0080233314804
35.6,789.4492089262728
35.8,787.8514393282954
36.0,786.2143637190603
36.2,784.537652270954
36.4,782.8209988386792
36.6,781.0641236927255
36.8,779.2667762656503
37.0,777.4287378767953
37.2,775.549824395616
37.4,773.62988879813
37.6,771.668823565165
37.8,769.6665628652329
38.0,767.6230844590623
38.2,765.5384112572679
38.4,763.4126124574638
38.6,761.2458041825332
38.8,759.0381495379708
39.0,756.7898580034205
39.2,754.5011840720026
39.4,752.1724250509995
39.6,749.8039179392094
39.8,747.3960353000361
40.0,744.9491800554016
40.2,742.4637791340729
40.4,739.9402759191753
40.6,737.3791214536791
40.8,734.7807643795908
41.0,732.1456396064904
41.2,729.4741557278994
41.4,726.7666812296022
41.6,724.02352956227
41.8,721.2449431812155
42.0,718.4310766884046
42.2,715.5819792454394
42.4,712.697576460423
42.6,709.7776519856867
42.8,706.8218290964375
43.0,703.8295525515267
43.2,700.8000710657561
43.4,697.7324207473828
43.6,694.6254098736933
43.8,691.4776053906744
44.0,688.2873215289021
44.2,685.0526109259282
44.4,681.7712586348796
44.6,678.4407793790987
44.8,675.0584183830367
45.0,671.6211560700851
45.2,668.1257168686792
45.4,664.568582309196
45.6,660.9460085265613
45.8,657.2540482080241
46.0,653.488576943525
46.2,649.6453238490099
46.4,645.7199062427069
46.6,641.7078680628244
46.8,637.6047216245145
47.0,633.4059922265856
47.2,629.1072650367076
47.4,624.7042336100636
47.6,620.192749332826
47.8,615.5688710305744
48.0,610.8289139446616
48.2,605.9694972581608
48.4,600.9875893485554
48.6,595.8805499575527
48.8,590.6461684996282
49.0,585.2826977799665
49.2,579.7888824587106
49.4,574.1639816806949
49.6,568.4077853865176
49.8,562.5206239298517
50.0,556.5033707448533
