0.0,870.1554283580411
0.2,870.74279030903
0.4,871.31160375597
0.6,871.8620490799525
0.8,872.3943198991357
1.0,872.9086231084975
1.2,873.4051788454144
1.4,873.8842203816051
1.6,874.3459939425153
1.8,874.7907584557324
2.0,875.2187852305299
2.2,875.6303575711122
2.4,876.025770326588
2.6,876.4053293811177
2.8,876.7693510880661
3.0,877.1181616523409
3.2,877.4520964654005
3.4,877.7714993976815
3.6,878.0767220534132
3.8,878.368122992959
4.0,878.6460669279538
4.2,878.9109238945791
4.4,879.1630684103603
4.6,879.4028786198478
4.8,879.630735434495
5.0,879.8470216719403
5.2,880.0521211997655
5.4,880.2464180886212
5.6,880.4302957794001
5.8,880.6041362688909
6.0,880.7683193180777
6.2,880.923221686945
6.4,881.0692163993358
6.6,881.2066720410676
6.8,881.335952094166
7.0,881.4574143097126
7.2,881.5714101214377
7.4,881.6782841018221
7.6,881.7783734621054
7.8,881.8720075972336
8.0,881.9595076764264
8.2,882.0411862797027
8.4,882.1173470803695
8.6,882.1882845731685
8.8,882.2542838474766
9.0,882.3156204046846
9.2,882.372560018619
9.4,882.4253586376435
9.6,882.4742623268695
9.8,882.5195072487171
10.0,882.5613196799142
10.2,882.5999160628813
10.4,882.6355030893442
10.6,882.6682778139262
10.8,882.6984277954107
11.0,882.7261312633234
11.2,882.7515573074647
11.4,882.7748660880208
11.6,882.796209063903
11.8,882.8157292370032
12.0,882.8335614101002
12.2,882.8498324562224
12.4,882.8646615973511
12.6,882.8781606904328
12.8,882.8904345187789
13.0,882.9015810870233
13.2,882.9116919179348
13.4,882.9208523494916
13.6,882.9291418307431
13.8,882.9366342151171
14.0,882.9433980499408
14.2,882.9494968610759
14.4,882.9549894316863
14.6,882.9599300742709
14.8,882.9643688952164
15.0,882.9683520512287
15.2,882.9719219971123
15.4,882.9751177244638
15.6,882.9779749909444
15.8,882.9805265398809
16.0,882.9828023100299
16.2,882.9848296354168
16.4,882.9866334352251
16.6,882.9882363937846
16.8,882.9896591307512
17.0,882.9909203616326
17.2,882.9920370488518
17.4,882.993024543581
17.6,882.9938967186088
17.8,882.9946660925367
18.0,882.9953439456156
18.2,882.9959404275554
18.4,882.9964646576551
18.6,882.9969248176054
18.8,882.9973282373267
19.0,882.9976814742016
19.2,882.9979903860697
19.4,882.9982601983369
19.6,882.9984955655592
19.8,882.9987006278416
20.0,882.9988790623919
20.2,882.9990341305553
20.4,882.9991687206427
20.6,882.9992853868553
20.8,882.9993863845937
21.0,882.9994737024256
21.2,882.999549090971
21.4,882.9996140889522
21.6,882.9996700466363
21.8,882.9997181468891
22.0,882.999759424041
22.2,882.9997947807519
22.4,882.9998250030495
22.6,882.9998507737012
22.8,882.9998726840672
23.0,882.9998912445674
23.2,882.9999068938868
23.4,882.9999200070276
23.6,882.9999309023095
23.8,882.999939847403
24.0,882.999947064478
24.2,882.9999527345308
24.4,882.9999570009502
24.6,882.9999599723698
24.8,882.9999617248461
25.0,882.9999623033931
25.2,882.999961722893
25.4,882.999959968399
25.6,882.9999569948311
25.8,882.9999527260624
26.0,882.9999470533838
26.2,882.9999398333234
26.4,882.9999308847914
26.6,882.9999199855124
26.8,882.9999068676947
27.0,882.9998912128801
27.2,882.9998726459056
27.4,882.9998507278998
27.6,882.9998249482264
27.8,882.9997947152739
28.0,882.999759345982
28.2,882.9997180539827
28.4,882.9996699362208
28.6,882.9996139579067
28.8,882.9995489356415
29.0,882.99947351854
29.2,882.9993861671642
29.4,882.999285130066
29.6,882.9991684177209
29.8,882.9990337736238
30.0,882.9988786423002
30.2,882.9987001339737
30.4,882.9984949856134
30.6,882.9982595180754
30.8,882.9979895890343
31.0,882.9976805413897
31.2,882.9973271468243
31.4,882.9969235441719
31.6,882.9964631722521
31.8,882.9959386968162
32.0,882.995341931245
32.2,882.9946637506355
32.4,882.9938939989132
32.6,882.9930213886088
32.8,882.9920333929432
33.0,882.9909161298747
33.2,882.989654237776
33.4,882.9882307424236
33.6,882.9866269150086
33.8,882.9848221209004
34.0,882.9827936589321
34.2,882.9805165910113
34.4,882.9779635619051
34.6,882.9751046090992
34.8,882.9719069626859
35.0,882.968334835302
35.2,882.9643492022008
35.4,882.9599075716262
35.6,882.954963745734
35.8,882.949467572394
36.0,882.9433646883067
36.2,882.9365962539601
36.4,882.9290986810678
36.6,882.9208033532319
36.8,882.9116363406936
37.0,882.9015181101519
37.2,882.8903632307496
37.4,882.8780800774518
37.6,882.8645705331611
37.8,882.8497296910399
38.0,882.8334455586278
38.2,882.8155987654621
38.4,882.7960622760204
38.6,882.7747011099113
38.8,882.7513720713408
39.0,882.7259234899674
39.2,882.6981949753422
39.4,882.6680171871938
39.6,882.6352116238716
39.8,882.5995904312987
40.0,882.5609562348009
40.2,882.5191019961856
40.4,882.4738108984174
40.6,882.4248562602037
40.8,882.3720014827375
41.0,882.3150000307551
41.2,882.2535954499662
41.4,882.1875214227673
41.6,882.1165018640015
41.8,882.0402510583367
42.0,881.958473840632
42.2,881.8708658204266
42.4,881.7771136514351
42.6,881.6768953466565
42.8,881.5698806394075
43.0,881.4557313902822
43.2,881.3341020397028
43.4,881.2046401053931
43.6,881.0669867237436
43.8,880.9207772336817
44.0,880.7656418012913
44.2,880.6012060830574
44.4,880.4270919252507
44.6,880.2429180966
44.8,880.0483010510574
45.0,879.8428557171198
45.2,879.6261963098572
45.4,879.397937161489
45.6,879.1576935660933
45.8,878.905082633772
46.0,878.6397241493959
46.2,878.3612414308661
46.4,878.0692621816967
46.6,877.7634193326136
46.8,877.4433518668205
47.0,877.108705623556
47.2,876.7591340746101
47.4,876.3942990685397
47.6,876.013871537453
47.8,875.617532161402
48.0,875.2049719856419
48.2,874.77589298628
48.4,874.33000858014
48.6,873.8670440750165
48.8,873.3867370568776
49.0,872.8888377109947
49.2,872.3731090744267
49.4,871.8393272177674
49.6,871.2872813545631
49.8,870.7167738773276
50.0,870.1276203196161
