0.0,659.1413248481335
0.2,664.2577146266932
0.4,669.2308648985838
0.6,674.0648868391611
0.8,678.763825413422
1.0,683.3316567018156
1.2,687.7722854321235
1.4,692.0895427221067
1.6,696.2871840361565
1.8,700.3688873577184
2.0,704.3382515778214
2.2,708.1987950986539
2.4,711.9539546497838
2.6,715.6070843133679
2.8,719.16145475353
3.0,722.6202526440236
3.2,725.9865802873479
3.4,729.2634554176672
3.6,732.4538111791786
3.8,735.5604962710157
4.0,738.5862752493338
4.2,741.533828976919
4.4,744.4057552104808
4.6,747.2045693157203
4.8,749.9327051003168
5.0,752.5925157551176
5.2,755.1862748940543
5.4,757.7161776836207
5.6,760.1843420531313
5.8,762.5928099774076
6.0,764.9435488240148
6.2,767.2384527576754
6.4,769.4793441949985
6.6,771.6679753031875
6.8,773.8060295369082
7.0,775.8951232079921
7.2,777.9368070831356
7.4,779.9325680051976
7.6,781.8838305341127
7.8,783.7919586038064
8.0,785.6582571918307
8.2,787.483973998724
8.4,789.2703011343364
8.6,791.0183768085659
8.8,792.7292870241007
9.0,794.4040672688866
9.2,796.0437042061162
9.4,797.6491373595937
9.6,799.2212607923514
9.8,800.7609247763991
10.0,802.2689374514796
10.2,803.7460664706753
10.4,805.1930406306864
10.6,806.6105514845699
10.8,807.9992549347
11.0,809.3597728036908
11.2,810.6926943810136
11.4,811.9985779430417
11.6,813.2779522442763
11.8,814.5313179775433
12.0,815.7591492010056
12.2,816.9618947299103
12.4,818.1399794910848
12.6,819.2938058383053
12.8,820.4237548267995
13.0,821.5301874452858
13.2,822.6134458041188
13.4,823.6738542782867
13.6,824.711720604194
13.8,825.7273369293584
14.0,826.720980814355
14.2,827.6929161865501
14.4,828.6433942453673
14.6,829.5726543190463
14.8,830.480924673051
15.0,831.3684232704858
15.2,832.2353584850682
15.4,833.0819297673901
15.6,833.9083282653672
15.8,834.7147373999388
16.0,835.5013333972223
16.2,836.2682857784583
16.4,837.0157578092019
16.6,837.7439069093094
16.8,838.4528850253637
17.0,839.1428389672437
17.2,839.8139107106045
17.4,840.466237667071
17.6,841.0999529239738
17.8,841.7151854554696
18.0,842.3120603068888
18.2,842.8906987541367
18.4,843.4512184399554
18.6,843.9937334888186
18.8,844.5183546021888
19.0,845.0251891358172
19.2,845.5143411607123
19.4,845.9859115093368
19.6,846.4399978085281
19.8,846.876694500569
20.0,847.2960928537573
20.2,847.6982809637543
20.4,848.08334374691
20.6,848.4513629266911
20.8,848.8024170142609
21.0,849.1365812841855
21.2,849.4539277461657
21.4,849.7545251136285
21.6,850.0384387699354
21.8,850.3057307329087
22.0,850.5564596183049
22.2,850.790680602811
22.4,851.008445387082
22.6,851.2098021592845
22.8,851.3947955595625
23.0,851.5634666457959
23.2,851.7158528609822
23.4,851.8519880025289
23.6,851.9719021937103
23.8,852.0756218575137
24.0,852.1631696930611
24.2,852.2345646547753
24.4,852.2898219344269
24.6,852.3289529461778
24.8,852.3519653147188
25.0,852.3588628665741
25.2,852.3496456246291
25.4,852.3243098059224
25.6,852.2828478227217
25.8,852.2252482868888
26.0,852.1514960175208
26.2,852.0615720518377
26.4,851.9554536592669
26.6,851.8331143586568
26.8,851.6945239385298
27.0,851.539648480263
27.2,851.3684503840599
27.4,851.1808883975475
27.6,850.9769176468092
27.8,850.7564896696235
28.0,850.51955245065
28.2,850.2660504582625
28.4,849.9959246826862
28.6,849.7091126750552
28.8,849.4055485869503
29.0,849.0851632099325
29.2,848.7478840145255
29.4,848.3936351880461
29.6,848.0223376706124
29.8,847.6339091886005
30.0,847.2282642847466
30.2,846.8053143440214
30.4,846.3649676143301
30.6,845.9071292210147
30.8,845.4317011740594
31.0,844.9385823668226
31.2,844.4276685650378
31.4,843.8988523847531
31.6,843.3520232578016
31.8,842.7870673833208
32.0,842.2038676637701
32.2,841.6023036238306
32.4,840.9822513105089
32.6,840.3435831727144
32.8,839.6861679185312
33.0,839.0098703483683
33.2,838.3145511621427
33.4,837.6000667386297
33.6,836.8662688851107
33.8,836.1130045554507
34.0,835.3401155347583
34.2,834.5474380888118
34.4,833.7348025764827
34.6,832.9020330234483
34.8,832.0489466555616
35.0,831.1753533903391
35.2,830.2810552851346
35.4,829.3658459406862
35.6,828.4295098588616
35.8,827.4718217535734
36.0,826.4925458140019
36.2,825.4914349194295
36.4,824.4682298051753
36.6,823.4226581793115
36.8,822.3544337900311
37.0,821.2632554437441
37.2,820.1488059741754
37.4,819.0107511629385
37.6,817.8487386122607
37.8,816.6623965707214
38.0,815.4513327130552
38.2,814.2151328752432
38.4,812.9533597462786
38.6,811.6655515181438
38.8,810.3512204956679
39.0,809.0098516680498
39.2,807.6409012439376
39.4,806.2437951520287
39.6,804.8179275092291
39.8,803.3626590584523
40.0,801.8773155781738
40.2,800.3611862658765
40.4,798.813522097529
40.6,797.2335341652387
40.8,795.6203919952189
41.0,793.9732218481972
41.2,792.2911050043954
41.4,790.5730760352111
41.6,788.8181210637534
41.8,787.0251760164156
42.0,785.1931248677274
42.2,783.3207978808158
42.4,781.4069698459167
42.6,779.4503583195344
42.8,777.4496218670342
43.0,775.4033583116882
43.2,773.3101029934667
43.4,771.1683270411897
43.6,768.9764356620124
43.8,766.7327664526202
44.0,764.4355877369576
44.2,762.0830969357776
44.4,759.6734189738158
44.6,757.2046047309038
44.8,754.6746295438821
45.0,752.0813917667041
45.2,749.4227113966588
45.4,746.6963287751464
45.6,743.8999033719223
45.8,741.0310126621603
46.0,738.0871511060599
46.2,735.0657292410328
46.4,731.964072896727
46.6,728.7794225432765
46.8,725.5089327831917
47.0,722.1496719972122
47.2,718.6986221542389
47.4,715.1526787951126
47.6,711.5086511995422
47.8,707.7632627448712
48.0,703.9131514646355
48.2,699.9548708139858
48.4,695.8848906480604
48.6,691.699598418267
48.8,687.395300590222
49.0,682.9682242857739
49.2,678.4145191501433
49.4,673.7302594437631
49.6,668.9114463568945
49.8,663.954010543584
50.0,658.8538148699938
