0.0,860.154715920047
0.2,860.8545052863959
0.4,861.5383434284207
0.6,862.2064283647269
0.8,862.8589591289355
1.0,863.4961357551251
1.2,864.1181592591621
1.4,864.7252316158845
1.6,865.3175557321321
1.8,865.8953354156203
2.0,866.4587753396751
2.2,867.0080810038638
2.4,867.5434586905666
2.6,868.0651154175526
2.8,868.5732588866366
3.0,869.0680974285076
3.2,869.5498399438351
3.4,870.0186958407688
3.6,870.4748749689647
3.8,870.9185875502793
4.0,871.3500441062861
4.2,871.7694553827815
4.4,872.1770322714533
4.6,872.5729857288977
4.8,872.9575266931788
5.0,873.3308659981313
5.2,873.6932142856148
5.4,874.0447819159352
5.6,874.3857788766526
5.8,874.7164146899988
6.0,875.0368983191362
6.2,875.3474380734839
6.4,875.6482415133486
6.6,875.9395153540893
6.8,876.2214653700534
7.0,876.4942962985135
7.2,876.75821174384
7.4,877.013414082135
7.6,877.2601043665549
7.8,877.498482233543
8.0,877.7287458101897
8.2,877.9510916229303
8.4,878.1657145077866
8.6,878.3728075223511
8.8,878.5725618597056
9.0,878.7651667644548
9.2,878.9508094510519
9.4,879.1296750245824
9.6,879.3019464041606
9.8,879.467804249086
10.0,879.6274268878977
10.2,879.7809902504493
10.4,879.9286678031242
10.6,880.0706304872909
10.8,880.2070466610967
11.0,880.3380820446756
11.2,880.46389966885
11.4,880.5846598273756
11.6,880.7005200327877
11.8,880.8116349758787
12.0,880.9181564888374
12.2,881.0202335120636
12.4,881.1180120646618
12.6,881.2116352186101
12.8,881.3012430765849
13.0,881.3869727534172
13.2,881.4689583611438
13.4,881.547330997606
13.6,881.6222187385443
13.8,881.6937466331232
14.0,881.762036702814
14.2,881.8272079435599
14.4,881.889376331132
14.6,881.9486548295857
14.8,882.0051534027148
15.0,882.0589790283988
15.2,882.1102357157303
15.4,882.1590245248057
15.6,882.2054435890573
15.8,882.249588140002
16.0,882.2915505342752
16.2,882.3314202828191
16.4,882.3692840820878
16.6,882.4052258471344
16.8,882.4393267464369
17.0,882.471665238324
17.2,882.5023171088594
17.4,882.5313555110397
17.6,882.5588510051642
17.8,882.5848716002353
18.0,882.6094827962439
18.2,882.6327476272031
18.4,882.6547267047865
18.6,882.6754782624339
18.8,882.695058199789
19.0,882.7135201273327
19.2,882.7309154110809
19.4,882.747293217218
19.6,882.7627005565374
19.8,882.777182328567
20.0,882.790781365259
20.2,882.8035384741264
20.4,882.8154924807138
20.6,882.8266802702911
20.8,882.8371368286663
21.0,882.8468952820127
21.2,882.8559869356152
21.4,882.8644413114399
21.6,882.8722861844376
21.8,882.8795476174967
22.0,882.8862499949615
22.2,882.8924160546444
22.4,882.8980669182517
22.6,882.9032221201625
22.8,882.9078996344912
23.0,882.9121159003771
23.2,882.9158858454455
23.4,882.9192229073892
23.6,882.9221390536248
23.8,882.9246447989816
24.0,882.9267492213856
24.2,882.9284599755066
24.4,882.9297833043386
24.6,882.9307240486895
24.8,882.9312856545616
25.0,882.931470178405
25.2,882.9312782902346
25.4,882.9307092746038
25.6,882.9297610294325
25.8,882.9284300626891
26.0,882.9267114869376
26.2,882.9245990117544
26.4,882.9220849340358
26.6,882.9191601262102
26.8,882.9158140223842
27.0,882.912034602445
27.2,882.9078083741564
27.4,882.9031203532826
27.6,882.8979540417821
27.8,882.8922914041185
28.0,882.8861128417349
28.2,882.8793971657502
28.4,882.8721215679359
28.6,882.8642615900329
28.8,882.8557910914819
29.0,882.8466822156347
29.2,882.8369053545259
29.4,882.8264291122842
29.6,882.8152202672696
29.8,882.8032437330248
30.0,882.7904625181358
30.2,882.7768376850975
30.4,882.7623283082878
30.6,882.7468914311546
30.8,882.7304820227263
31.0,882.7130529335567
31.2,882.694554851225
31.4,882.6749362555067
31.6,882.6541433733416
31.8,882.6321201337249
32.0,882.6088081226488
32.2,882.5841465382302
32.4,882.5580721461549
32.6,882.5305192355771
32.8,882.5014195756127
33.0,882.4707023725639
33.2,882.4382942280197
33.4,882.4041190979713
33.6,882.3680982530864
33.8,882.3301502402854
34.0,882.2901908457629
34.2,882.2481330595932
34.4,882.2038870420664
34.6,882.1573600918895
34.8,882.1084566163951
35.0,882.0570781038895
35.2,882.0031230982768
35.4,881.9464871760856
35.6,881.8870629260264
35.8,881.8247399312019
36.0,881.759404754087
36.2,881.6909409243905
36.4,881.6192289299072
36.6,881.544146210459
36.8,881.4655671550214
37.0,881.3833631021215
37.2,881.297402343589
37.4,881.2075501317315
37.6,881.1136686899977
37.8,881.0156172271867
38.0,880.9132519552461
38.2,880.8064261106998
38.4,880.6949899797298
38.6,880.5787909269314
38.8,880.4576734277491
39.0,880.3314791045879
39.2,880.2000467665883
39.4,880.0632124530398
39.6,879.9208094803932
39.8,879.7726684928314
40.0,879.6186175163324
40.2,879.4584820161618
40.4,879.2920849577101
40.6,879.1192468705824
40.8,878.9397859158405
41.0,878.7535179562815
41.2,878.5602566296275
41.4,878.3598134244936
41.6,878.1519977589884
41.8,877.9366170617902
42.0,877.7134768555385
42.2,877.4823808423629
42.4,877.2431309913721
42.6,876.9955276279106
42.8,876.7393695243873
43.0,876.4744539924706
43.2,876.2005769764435
43.4,875.9175331474987
43.6,875.6251159987578
43.8,875.3231179407874
44.0,875.011330397386
44.2,874.6895439014123
44.4,874.3575481904215
44.6,874.0151323018808
44.8,873.662084667727
45.0,873.2981932080395
45.2,872.923245423597
45.4,872.5370284870909
45.6,872.1393293327728
45.8,871.7299347443172
46.0,871.308631440686
46.2,870.8752061597866
46.4,870.4294457397239
46.6,869.971137197453
46.8,869.5000678046495
47.0,869.0160251606213
47.2,868.5187972620982
47.4,868.0081725697459
47.6,867.4839400712602
47.8,866.9458893409143
48.0,866.3938105954367
48.2,865.8274947461215
48.4,865.2467334470747
48.6,864.651319139522
48.8,864.0410450921173
49.0,863.4157054372022
49.2,862.775095202984
49.4,862.1190103416172
49.6,861.4472477531837
49.8,860.7596053055869
50.0,860.055881850388
