0.0,473.42991911857047
0.2,478.68932349344254
0.4,483.91411671092897
0.6,489.1034816489891
0.8,494.2566223324599
1.0,499.37276446060457
1.2,504.4511558949862
1.4,509.49106710697333
1.6,514.4917915843113
1.8,519.4526461963189
2.0,524.3729715174028
2.2,529.2521321087016
2.4,534.0895167578071
2.6,538.8845386766271
2.8,543.6366356575834
3.0,548.3452701884551
3.2,553.0099295262944
3.4,557.6301257309584
3.6,562.2053956589053
3.8,566.7353009180122
4.0,571.2194277842683
4.2,575.6573870812937
4.4,580.0488140237189
4.6,584.3933680255503
4.8,588.6907324747119
5.0,592.9406144750355
5.2,597.1427445570264
5.4,601.296876358791
5.6,605.4027862785646
5.8,609.4602731003159
6.0,613.4691575939472
6.2,617.4292820916291
6.4,621.3405100418444
6.6,625.2027255427162
6.8,629.0158328562178
7.0,632.7797559048573
7.2,636.4944377524288
7.4,640.159840070414
7.6,643.7759425916015
7.8,647.342742552472
8.0,650.8602541258738
8.2,654.3285078454786
8.4,657.7475500234804
8.6,661.1174421629538
8.8,664.4382603662526
9.0,667.7100947407806
9.2,670.9330488034174
9.4,674.1072388848346
9.6,677.2327935348789
9.8,680.3098529301479
10.0,683.338568284824
10.2,686.319101265776
10.4,689.2516234128769
10.6,692.1363155654267
10.8,694.9733672955097
11.0,697.7629763490559
11.2,700.5053480953146
11.4,703.2006949853898
11.6,705.8492360204291
11.8,708.4511962299993
12.0,711.0068061611262
12.2,713.51630137842
12.4,715.9799219756563
12.6,718.3979120991289
12.8,720.7705194830427
13.0,723.0979949971653
13.2,725.3805922069138
13.4,727.6185669460029
13.6,729.8121769017482
13.8,731.9616812130708
14.0,734.06734008122
14.2,736.1294143931884
14.4,738.1481653577717
14.6,740.1238541541848
14.8,742.0567415931265
15.0,743.9470877901571
15.2,745.795151851226
15.4,747.6011915701756
15.6,749.3654631380163
15.8,751.0882208637611
16.0,752.7697169065876
16.2,754.4102010190851
16.4,756.0099203013306
16.6,757.5691189655308
16.8,759.0880381109598
17.0,760.5669155089108
17.2,762.0059853973828
17.4,763.405478285214
17.6,764.765620765374
17.8,766.0866353371264
18.0,767.3687402367707
18.2,768.6121492766787
18.4,769.8170716923363
18.6,770.9837119971104
18.8,772.1122698444607
19.0,773.2029398973222
19.2,774.255911704389
19.4,775.271369583036
19.6,776.2494925086203
19.8,777.1904540099121
20.0,778.0944220704115
20.2,778.9615590353138
20.4,779.792021523897
20.6,780.5859603471068
20.8,781.3435204301322
21.0,782.0648407397616
21.2,782.7500542163291
21.4,783.3992877100603
21.6,784.0126619216413
21.8,784.5902913468404
22.0,785.1322842250231
22.2,785.638742491407
22.4,786.109761732915
22.6,786.5454311474922
22.8,786.9458335067612
23.0,787.3110451219
23.2,787.6411358126331
23.4,787.936168879241
23.6,788.1962010774931
23.8,788.4212825964262
24.0,788.6114570388945
24.2,788.7667614048278
24.4,788.8872260771412
24.6,788.9728748102516
24.8,789.0237247211597
25.0,789.0397862830714
25.2,789.021063321533
25.4,788.9675530130721
25.6,788.8792458863352
25.8,788.7561258257306
26.0,788.5981700775849
26.2,788.405349258838
26.4,788.1776273683038
26.6,787.9149618005356
26.8,787.6173033623429
27.0,787.2845962920147
27.2,786.9167782813128
27.4,786.5137805003085
27.6,786.0755276251433
27.8,785.6019378688027
28.0,785.0929230150034
28.2,784.5483884553003
28.4,783.9682332295286
28.6,783.3523500697086
28.8,782.7006254475439
29.0,782.0129396256586
29.2,781.2891667127238
29.4,780.529174722633
29.6,779.7328256378975
29.8,778.89997547744
30.0,778.0304743689703
30.2,777.1241666261427
30.4,776.1808908306957
30.6,775.2004799197881
30.8,774.1827612787515
31.0,773.1275568394876
31.2,772.0346831847473
31.4,770.9039516585339
31.6,769.735168482882
31.8,768.5281348812697
32.0,767.2826472089265
32.2,765.9984970903083
32.4,764.6754715640113
32.6,763.3133532354057
32.8,761.9119204372718
33.0,760.4709473987227
33.2,758.9902044227034
33.4,757.4694580723541
33.6,755.9084713665269
33.8,754.3070039847453
34.0,752.6648124818915
34.2,750.981650512905
34.4,749.2572690677702
34.6,747.4914167170639
34.8,745.6838398683302
35.0,743.8342830335318
35.2,741.9424891078268
35.4,740.0081996598973
35.6,738.0311552340484
35.8,736.0110956642754
36.0,733.9477604004785
36.2,731.8408888469866
36.4,729.6902207135237
36.6,727.4954963787314
36.8,725.2564572663287
37.0,722.9728462339633
37.2,720.6444079747783
37.4,718.2708894316764
37.6,715.8520402242367
37.8,713.3876130881926
38.0,710.8773643273418
38.2,708.3210542777144
38.4,705.7184477837806
38.6,703.0693146864288
38.8,700.3734303224006
39.0,697.6305760348117
39.2,694.8405396943384
39.4,692.0031162305919
39.6,689.118108173149
39.8,686.1853262016474
40.0,683.2045897042967
40.2,680.1757273440985
40.4,677.0985776320039
40.6,673.972989506184
40.8,670.7988229165217
41.0,667.5759494133782
41.2,664.3042527396265
41.4,660.9836294248842
41.6,657.6139893808257
41.8,654.1952564963925
42.0,650.727369231671
42.2,647.2102812091541
42.4,643.643961801056
42.6,640.0283967113008
42.8,636.3635885507681
43.0,632.6495574043349
43.2,628.8863413882244
43.4,625.0739971961378
43.6,621.2126006326228
43.8,617.3022471321101
44.0,613.3430522620389
44.2,609.3351522084772
44.4,605.2787042426435
44.6,601.17388716674
44.8,597.0209017375142
45.0,592.8199710659824
45.2,588.5713409917715
45.4,584.2752804305666
45.6,579.9320816931817
45.8,575.5420607748224
46.0,571.1055576131523
46.2,566.622936313833
46.4,562.0945853422738
46.6,557.5209176803945
46.8,552.9023709472797
47.0,548.2394074826886
47.2,543.5325143924731
47.4,538.7822035550453
47.6,533.989011588144
47.8,529.1534997752473
48.0,524.2762539510888
48.2,519.3578843458534
48.4,514.3990253877361
48.6,509.4003354636769
48.8,504.3624966382035
49.0,499.28621433043423
49.2,494.1722169494302
49.4,489.0212554882032
49.6,483.83410307681896
49.8,478.6115544951617
50.0,473.35442564605336
