0.0,795.4534616830682
0.2,797.6155420973192
0.4,799.7369959004616
0.6,801.8182359157925
0.8,803.8596763945087
1.0,805.8617330848757
1.2,807.8248232932608
1.4,809.7493659367268
1.6,811.6357815869136
1.8,813.4844925049625
2.0,815.2959226672763
2.2,817.0704977819374
2.4,818.8086452956434
2.6,820.5107943910491
2.8,822.1773759744448
3.0,823.808822653729
3.2,825.4055687066713
3.4,826.9680500394982
3.6,828.4967041358605
3.8,829.9919699962837
4.0,831.4542880682292
4.2,832.8841001669282
4.4,834.2818493871839
4.6,835.6479800063601
4.8,836.9829373788149
5.0,838.287167822054
5.2,839.5611184949132
5.4,840.8052372681001
5.6,842.0199725874498
5.8,843.2057733302706
6.0,844.3630886551776
6.2,845.4923678458271
6.4,846.5940601489845
6.6,847.6686146073716
6.8,848.7164798877511
7.0,849.7381041047187
7.2,850.7339346406816
7.4,851.7044179625087
7.6,852.6499994353428
7.8,853.5711231340691
8.0,854.4682316529355
8.2,855.3417659138183
8.4,856.1921649736261
8.6,857.0198658313285
8.8,857.8253032350948
9.0,858.6089094900116
9.2,859.3711142668492
9.4,860.1123444123281
9.6,860.8330237613278
9.8,861.5335729514674
10.0,862.2144092404685
10.2,862.8759463267006
10.4,863.5185941732855
10.6,864.1427588361233
10.8,864.7488422961835
11.0,865.3372422963786
11.2,865.9083521833262
11.4,866.4625607542756
11.6,867.0002521094581
11.8,867.5218055100937
12.0,868.0275952422706
12.2,868.5179904868817
12.4,868.9933551957876
12.6,869.4540479743482
12.8,869.9004219704422
13.0,870.3328247700713
13.2,870.7515982996229
13.4,871.1570787348451
13.6,871.5495964165591
13.8,871.9294757731213
14.0,872.2970352496195
14.2,872.65258724377
14.4,872.9964380484621
14.6,873.3288878008777
14.8,873.6502304380944
15.0,873.9607536590632
15.2,874.2607388928367
15.4,874.5504612729048
15.6,874.8301896174842
15.8,875.1001864155867
16.0,875.3607078186893
16.2,875.6120036378055
16.4,875.8543173457524
16.6,876.0878860843983
16.8,876.312940676663
17.0,876.5297056430363
17.2,876.738399222375
17.4,876.9392333967282
17.6,877.1324139199385
17.8,877.3181403497618
18.0,877.4966060832447
18.2,877.6679983950937
18.4,877.8324984787728
18.6,877.9902814900613
18.8,878.1415165928069
19.0,878.2863670066059
19.2,878.4249900561472
19.4,878.5575372219573
19.6,878.6841541922875
19.8,878.8049809158844
20.0,878.9201516553958
20.2,879.0297950411601
20.4,879.13403412514
20.6,879.2329864347628
20.8,879.3267640264369
21.0,879.4154735385216
21.2,879.4992162435321
21.4,879.5780880993731
21.6,879.6521797993965
21.8,879.7215768210924
22.0,879.7863594732281
22.2,879.8466029412589
22.4,879.9023773308433
22.6,879.9537477093055
22.8,880.0007741448962
23.0,880.0435117437133
23.2,880.0820106841527
23.4,880.1163162487705
23.6,880.1464688534464
23.8,880.1725040737514
24.0,880.1944526684274
24.2,880.2123405999033
24.4,880.226189051777
24.6,880.2360144432073
24.8,880.2418284401656
25.0,880.2436379635145
25.2,880.2414451938828
25.4,880.2352475733236
25.6,880.2250378037494
25.8,880.2108038421502
26.0,880.1925288926091
26.2,880.170191395143
26.4,880.1437650114061
26.6,880.1132186073005
26.8,880.078516232556
27.0,880.0396170973443
27.2,879.9964755460078
27.4,879.9490410279907
27.6,879.897258066074
27.8,879.8410662220205
28.0,879.7804000597513
28.2,879.7151891061824
28.4,879.6453578098591
28.6,879.5708254975383
28.8,879.4915063288753
29.0,879.4073092493824
29.2,879.3181379418348
29.4,879.2238907763091
29.6,879.1244607590457
29.8,879.0197354803392
30.0,878.9095970616617
30.2,878.793922102239
30.4,878.6725816253006
30.6,878.5454410242352
30.8,878.4123600088859
31.0,878.2731925522295
31.2,878.1277868376845
31.4,877.9759852073015
31.6,877.8176241110906
31.8,877.6525340577454
32.0,877.4805395670264
32.2,877.3014591240664
32.4,877.1151051358644
32.6,876.9212838902347
32.8,876.7197955174761
33.0,876.5104339550277
33.2,876.2929869153731
33.4,876.067235857456
33.6,875.8329559618614
33.8,875.5899161100181
34.0,875.3378788676686
34.2,875.0766004728482
34.4,874.8058308286052
34.6,874.5253135006916
34.8,874.2347857204378
35.0,873.9339783930178
35.2,873.6226161113022
35.4,873.3004171754802
35.6,872.9670936186213
35.8,872.6223512383325
36.0,872.2658896346518
36.2,871.897402254305
36.4,871.5165764414313
36.6,871.1230934948719
36.8,870.7166287320921
37.0,870.2968515597909
37.2,869.8634255512331
37.4,869.4160085303164
37.6,868.9542526623643
37.8,868.4778045516194
38.0,867.9863053453824
38.2,867.4793908447252
38.4,866.9566916216802
38.6,866.417833142789
38.8,865.8624358988661
39.0,865.2901155408123
39.2,864.7004830212921
39.4,864.0931447420598
39.6,863.4677027067038
39.8,862.8237546785497
40.0,862.1608943434458
40.2,861.4787114771314
40.4,860.7767921168654
40.6,860.054718736976
40.8,859.3120704279714
41.0,858.5484230788327
41.2,857.7633495620945
41.4,856.9564199213004
41.6,856.1272015604077
41.8,855.2752594346998
42.0,854.400156242756
42.2,853.5014526190125
42.4,852.5787073264443
42.6,851.6314774488858
42.8,850.6593185825066
43.0,849.6617850259491
43.2,848.6384299686365
43.4,847.588805676758
43.6,846.5124636764376
43.8,845.4089549335986
44.0,844.2778300300394
44.2,843.1186393352432
44.4,841.930933173454
44.6,840.7142619855601
44.8,839.4681764853431
45.0,838.1922278096584
45.2,836.8859676621391
45.4,835.5489484500212
45.6,834.1807234137211
45.8,832.7808467488082
46.0,831.3488737200419
46.2,829.8843607671695
46.4,828.3868656022047
46.6,826.8559472979346
46.8,825.291166367433
47.0,823.6920848343871
47.2,822.0582662940753
47.4,820.3892759648678
47.6,818.6846807301501
47.8,816.9440491706092
48.0,815.1669515868484
48.2,813.3529600123392
48.4,811.501648216744
48.6,809.6125916996883
48.8,807.6853676750839
49.0,805.7195550461478
49.2,803.7147343712921
49.4,801.6704878210927
49.6,799.5863991265751
49.8,797.4620535190948
50.0,795.2970376621112
