0.0,793.3753748832472
0.2,795.5584063409145
0.4,797.7008706709544
0.6,799.8031841602043
0.8,801.8657641619913
1.0,803.8890291498393
1.2,805.8733987643897
1.4,807.8192938532814
1.6,809.7271365037626
1.8,811.5973500678289
2.0,813.4303591797091
2.2,815.2265897655526
2.4,816.9864690451883
2.6,818.710425525864
2.8,820.3988889878948
3.0,822.0522904621816
3.2,823.6710621995873
3.4,825.2556376321834
3.6,826.8064513264142
3.8,828.323938928243
4.0,829.8085371003825
4.2,831.2606834517271
4.4,832.6808164591397
4.6,834.0693753817642
4.8,835.4268001680603
5.0,836.7535313557821
5.2,838.0500099651423
5.4,839.3166773854235
5.6,840.5539752553215
5.8,841.7623453373193
6.0,842.9422293864127
6.2,844.0940690135182
6.4,845.2183055439152
6.6,846.3153798710816
6.8,847.3857323062952
7.0,848.4298024243857
7.2,849.4480289060276
7.4,850.4408493769716
7.6,851.4087002446191
7.8,852.3520165323466
8.0,853.2712317119904
8.2,854.166777534901
8.4,855.0390838619803
8.6,855.8885784931036
8.8,856.715686996338
9.0,857.5208325373507
9.2,858.304435709403
9.4,859.0669143643164
9.6,859.8086834447831
9.8,860.5301548183949
10.0,861.2317371137382
10.2,861.9138355589052
10.4,862.5768518227471
10.6,863.2211838591882
10.8,863.8472257549014
11.0,864.4553675806301
11.2,865.0459952464275
11.4,865.6194903610644
11.6,866.1762300958408
11.8,866.7165870530179
12.0,867.2409291390711
12.2,867.7496194429403
12.4,868.2430161194419
12.6,868.7214722779839
12.8,869.1853358767062
13.0,869.6349496221516
13.2,870.070650874551
13.4,870.492771558792
13.6,870.9016380811136
13.8,871.2975712515616
14.0,871.6808862122135
14.2,872.0518923711653
14.4,872.410893342259
14.6,872.7581868905094
14.8,873.0940648831739
15.0,873.4188132463925
15.2,873.7327119273126
15.4,874.0360348615966
15.6,874.3290499461943
15.8,874.6120190172591
16.0,874.8851978330595
16.2,875.1488360617413
16.4,875.4031772737737
16.6,875.6484589389087
16.8,875.8849124274733
17.0,876.1127630158037
17.2,876.3322298956246
17.4,876.5435261871702
17.6,876.7468589558372
17.8,876.9424292321538
18.0,877.1304320348476
18.2,877.3110563967876
18.4,877.4844853935766
18.6,877.6508961745648
18.8,877.8104599960556
19.0,877.9633422564772
19.2,878.1097025332856
19.4,878.2496946213745
19.6,878.3834665727619
19.8,878.5111607373304
20.0,878.6329138043963
20.2,878.7488568448886
20.4,878.8591153539236
20.6,878.9638092935603
20.8,879.0630531355339
21.0,879.1569559037604
21.2,879.2456212164219
21.4,879.329147327438
21.6,879.4076271671428
21.8,879.4811483819892
22.0,879.5497933731111
22.2,879.6136393335833
22.4,879.6727582842212
22.6,879.7272171077785
22.8,879.777077581402
23.0,879.8223964072143
23.2,879.8632252409071
23.4,879.8996107182289
23.6,879.9315944792683
23.8,879.9592131904378
24.0,879.9824985640768
24.2,880.0014773755952
24.4,880.0161714781003
24.6,880.0265978144433
24.8,880.0327684266492
25.0,880.0346904626897
25.2,880.0323661805755
25.4,880.0257929497549
25.6,880.0149632498095
25.8,879.9998646664576
26.0,879.9804798848741
26.2,879.9567866803582
26.4,879.9287579063777
26.6,879.8963614800401
26.8,879.8595603650408
27.0,879.8183125521563
27.2,879.772571037353
27.4,879.7222837975994
27.6,879.6673937644699
27.8,879.6078387956468
28.0,879.5435516444294
28.2,879.4744599273708
28.4,879.4004860901739
28.6,879.3215473719798
28.8,879.2375557682
29.0,879.1484179920416
29.2,879.054035434891
29.4,878.9543041257231
29.6,878.849114689713
29.8,878.7383523062355
30.0,878.621896666438
30.2,878.4996219305873
30.4,878.3713966853877
30.6,878.2370839014795
30.8,878.0965408913297
31.0,877.9496192677262
31.2,877.7961649031015
31.4,877.636017889902
31.6,877.4690125022317
31.8,877.2949771589963
32.0,877.1137343887751
32.2,876.9251007966518
32.4,876.7288870332313
32.6,876.5248977660731
32.8,876.3129316537658
33.0,876.0927813228714
33.2,875.864233347958
33.4,875.6270682349437
33.6,875.3810604079616
33.8,875.1259781999602
34.0,874.8615838472381
34.2,874.5876334881136
34.4,874.3038771659162
34.6,874.0100588364813
34.8,873.7059163803208
35.0,873.3911816196317
35.2,873.065580340293
35.4,872.728832318992
35.6,872.3806513556071
35.8,872.020745310963
36.0,871.6488161500579
36.2,871.2645599908518
36.4,870.867667158687
36.6,870.457822246396
36.8,870.0347041801398
37.0,869.5979862909992
37.2,869.1473363923244
37.4,868.6824168628335
37.6,868.2028847354312
37.8,867.7083917916983
38.0,867.1985846619892
38.2,866.6731049310491
38.4,866.1315892490516
38.6,865.5736694479297
38.8,864.9989726628628
39.0,864.4071214587557
39.2,863.797733961533
39.4,863.1704239940492
39.6,862.5248012164
39.8,861.8604712703991
40.0,861.1770359279706
40.2,860.4740932431879
40.4,859.7512377076744
40.6,859.0080604090655
40.8,858.2441491922176
41.0,857.4590888228342
41.2,856.6524611531676
41.4,855.8238452894394
41.6,854.9728177606191
41.8,854.098952688179
42.0,853.2018219564472
42.2,852.280995383164
42.4,851.3360408898413
42.6,850.3665246715286
42.8,849.3720113655716
43.0,848.3520642189601
43.2,847.3062452538544
43.4,846.2341154308791
43.6,845.1352348097831
43.8,844.0091627070589
44.0,842.8554578501262
44.2,841.6736785276908
44.4,840.4633827358936
44.6,839.2241283198827
44.8,837.9554731104444
45.0,836.6569750553465
45.2,835.3281923450631
45.4,833.9686835325607
45.6,832.5780076468465
45.8,831.1557242999968
46.0,829.7013937874043
46.2,828.2145771810007
46.4,826.6948364152366
46.6,825.1417343656212
46.8,823.5548349196497
47.0,821.9337030399681
47.2,820.2779048196567
47.4,818.5870075295297
47.6,816.8605796573877
47.8,815.098190939174
48.0,813.2994123820228
48.2,811.4638162792108
48.4,809.5909762170518
48.6,807.6804670738012
48.8,805.7318650106674
49.0,803.7447474550527
49.2,801.7186930761713
49.4,799.6532817532253
49.6,797.5480945363355
49.8,795.4027136004614
50.0,793.2167221925572
