0.0,690.9757247088763
0.2,695.2892009021525
0.4,699.4616485245261
0.6,703.4974503043495
0.8,707.4010159590105
1.0,711.1767799171677
1.2,714.8291973359138
1.4,718.3627384484904
1.6,721.7818813190313
1.8,725.0911031192778
2.0,728.2948700772538
2.2,731.397626278625
2.4,734.4037815271321
2.6,737.3176984905095
2.8,740.1436793722703
3.0,742.8859523574625
3.2,745.5486580819529
3.4,748.1358363701588
3.6,750.6514134757527
3.8,753.0991900442222
4.0,755.482829995902
4.2,757.805850503945
4.4,760.0716132144656
4.6,762.2833168266573
4.8,764.4439911199005
5.0,766.5564924836287
5.2,768.6235009748201
5.4,770.6475188982045
5.6,772.6308708762966
5.8,774.5757053507799
6.0,776.4839974340422
6.2,778.3575530101768
6.4,780.1980139687455
6.6,782.0068644421898
6.8,783.7854379089991
7.0,785.534925019501
7.2,787.2563819992798
7.4,788.9507394864933
7.6,790.6188116634381
7.8,792.2613055492635
8.0,793.8788303293495
8.2,795.471906607168
8.4,797.0409754759951
8.6,798.5864073202862
8.8,800.1085102694382
9.0,801.6075382397396
9.2,803.0836985132094
9.4,804.5371588144891
9.6,805.9680538587547
9.8,807.3764913545584
10.0,808.7625574554793
10.2,810.1263216633321
10.4,811.4678411934246
10.6,812.787164818928
10.8,814.0843362168472
11.0,815.3593968424004
11.2,816.6123883618694
11.4,817.8433546762802
11.6,819.0523435696717
11.8,820.2394080163358
12.0,821.4046071813434
12.2,822.54800714803
12.4,823.6696814049938
12.6,824.7697111236478
12.8,825.8481852555784
13.0,826.9052004769485
13.2,827.9408610050444
13.4,828.9552783098482
13.6,829.9485707412871
13.8,830.9208630906072
14.0,831.8722861021863
14.2,832.8029759500629
14.4,833.7130736915357
14.6,834.6027247084057
14.8,835.472078144791
15.0,836.3212863489449
15.2,837.1505043251738
15.4,837.9598892007388
15.6,838.7495997115799
15.8,839.5197957097662
16.0,840.2706376947825
16.2,841.0022863700758
16.4,841.7149022257021
16.6,842.4086451474338
16.8,843.0836740522856
17.0,843.7401465500897
17.2,844.3782186304952
17.4,844.998044374561
17.6,845.5997756899599
17.8,846.1835620686991
18.0,846.7495503661895
18.2,847.297884600443
18.4,847.8287057701621
18.6,848.3421516904797
18.8,848.8383568451225
19.0,849.3174522537939
19.2,849.7795653536158
19.4,850.224819893504
19.6,850.6533358404059
19.8,851.0652292963799
20.0,851.4606124255481
20.2,851.8395933900143
20.4,852.2022762938907
20.6,852.5487611346327
20.8,852.8791437609387
21.0,853.1935158365179
21.2,853.4919648090871
21.4,853.7745738839999
21.6,854.0414220019628
21.8,854.2925838203331
22.0,854.5281296975385
22.2,854.7481256801963
22.4,854.9526334925454
22.6,855.1417105278454
22.8,855.3154098414225
23.0,855.4737801450771
23.2,855.6168658025989
23.4,855.7447068261562
23.6,855.8573388733587
23.8,855.9547932448132
24.0,856.0370968820155
24.2,856.1042723654415
24.4,856.156337912727
24.6,856.1933073768377
24.8,856.2151902441536
25.0,856.2219916324121
25.2,856.2137122884668
25.4,856.1903485858415
25.6,856.1518925220728
25.8,856.0983317158524
26.0,856.0296494040001
26.2,855.9458244383112
26.4,855.8468312823439
26.6,855.7326400082325
26.8,855.603216293622
27.0,855.4585214188531
27.2,855.2985122645355
27.4,855.1231413096774
27.6,854.932356630561
27.8,854.7261019005722
28.0,854.5043163912311
28.2,854.2669349746872
28.4,854.0138881279778
28.6,853.7451019393812
28.8,853.4604981172265
29.0,853.1599940015612
29.2,852.8435025791177
29.4,852.5109325020525
29.6,852.1621881109876
29.8,851.797169462918
30.0,851.4157723646041
30.2,851.0178884121163
30.4,850.60340503725
30.6,850.1722055615865
30.8,849.7241692590311
31.0,849.2591714277145
31.2,848.7770834722053
31.4,848.2777729970361
31.6,847.761103912607
31.8,847.2269365545824
32.0,846.6751278179473
32.2,846.1055313069434
32.4,845.5179975021335
32.6,844.9123739458859
32.8,844.2885054475745
33.0,843.6462343098069
33.2,842.985400576961
33.4,842.3058423072818
33.6,841.6073958697102
33.8,840.8898962665154
34.0,840.1531774826541
34.2,839.3970728625826
34.4,838.6214155149995
34.6,837.8260387456747
34.8,837.0107765181328
35.0,836.1754639414795
35.2,835.3199377840937
35.4,834.4440370112271
35.6,833.5476033437712
35.8,832.6304818345304
36.0,831.6925214572991
36.2,830.733575702848
36.4,829.7535031745958
36.6,828.7521681752534
36.8,827.7294412741011
37.0,826.6851998427765
37.2,825.6193285455421
37.4,824.5317197679624
37.6,823.422273965787
37.8,822.2908999136316
38.0,821.1375148308032
38.2,819.962044359383
38.4,818.7644223675181
38.6,817.5445905488225
38.8,816.3024977869507
39.0,815.0380992528445
39.2,813.7513552009589
39.4,812.442229430042
39.6,811.1106873738829
39.8,809.7566937879353
40.0,808.3802099990006
40.2,806.9811906872784
40.4,805.5595801731927
40.6,804.115308185514
40.8,802.6482850925245
41.0,801.1583965843208
41.2,799.6454978018537
41.4,798.1094069169391
41.6,796.5498981771888
41.8,794.9666944405122
42.0,793.3594592354035
42.2,791.7277883954647
42.4,790.0712013293229
42.6,788.3891319999873
42.8,786.6809197004951
43.0,784.9457997250306
43.2,783.182894046243
43.4,781.3912021198203
43.6,779.5695919461111
43.8,777.7167915253302
44.0,775.8313808472484
44.2,773.9117845579115
44.4,771.9562654445402
44.6,769.9629188750955
44.8,767.9296683208723
45.0,765.8542620788246
45.2,763.7342712951444
45.4,761.5670893730208
45.6,759.3499328257445
45.8,757.0798436117238
46.0,754.7536929610171
46.2,752.3681866742124
46.4,749.919871844569
46.6,747.4051449240103
46.8,744.8202610236342
47.0,742.161344310704
47.2,739.4243993374808
47.4,736.6053231135676
47.6,733.6999177134576
47.8,730.7039031954417
48.0,727.6129305975282
48.2,724.4225947710718
48.4,721.1284468137275
48.6,717.7260058703148
48.8,714.2107700831878
49.0,710.57822649257
49.2,706.8238597116487
49.4,702.9431592304671
49.6,698.9316252360948
49.8,694.7847728733137
50.0,690.4981349091566
