0.0,758.3515111818832
0.2,760.913684579939
0.4,763.421806452286
0.6,765.8774885611077
0.8,768.2822914970641
1.0,770.6377234336071
1.2,772.9452392134849
1.4,775.2062397637051
1.6,777.4220718309386
1.8,779.5940280253657
2.0,781.723347157328
2.2,783.8112148479706
2.4,785.8587643923399
2.6,787.8670778512356
2.8,789.8371873464702
3.0,791.7700765331242
3.2,793.6666822218413
3.4,795.5278961242058
3.6,797.3545666947159
3.8,799.1475010437879
4.0,800.9074668975218
4.2,802.635194581596
4.4,804.3313790085363
4.6,805.9966816496907
4.8,807.6317324754484
5.0,809.2371318495157
5.2,810.813452365343
5.4,812.3612406150348
5.6,813.881018883214
5.8,815.3732867603334
6.0,816.8385226717783
6.2,818.2771853207796
6.4,819.6897150446332
6.6,821.0765350849929
6.8,822.4380527740722
7.0,823.7746606394581
7.2,825.0867374309133
7.4,826.374649073041
7.6,827.6387495480283
7.8,828.8793817128663
8.0,830.0968780555286
8.2,831.291561394537
8.4,832.4637455262379
8.6,833.6137358239147
8.8,834.7418297926247
9.0,835.8483175833812
9.2,836.9334824700015
9.4,837.9976012916452
9.6,839.0409448637606
9.8,840.063778359866
10.0,841.0663616663179
10.2,842.0489497119521
10.4,843.0117927742551
10.6,843.955136763508
10.8,844.8792234861565
11.0,845.7842908885053
11.2,846.6705732816872
11.4,847.538301548753
11.6,848.3877033346254
11.8,849.2190032195891
12.0,850.0324228769285
12.2,850.8281812152829
12.4,851.6064945062526
12.6,852.3675764977723
12.8,853.1116385137551
13.0,853.8388895404989
13.2,854.549536300355
13.4,855.243783313151
13.6,855.9218329458752
13.8,856.5838854511278
14.0,857.2301389948594
14.2,857.8607896739152
14.4,858.4760315239209
14.6,859.0760565180425
14.8,859.6610545571582
15.0,860.2312134519875
15.2,860.786718897717
15.4,861.3277544416634
15.6,861.8545014445089
15.8,862.3671390356418
16.0,862.8658440631239
16.2,863.3507910387975
16.4,863.8221520790357
16.6,864.2800968416234
16.8,864.7247924592458
17.0,865.1564034700425
17.2,865.5750917456702
17.4,865.9810164172999
17.6,866.3743337999529
17.8,866.7551973155649
18.0,867.1237574151452
18.2,867.4801615003778
18.4,867.8245538449938
18.6,868.1570755162203
18.8,868.4778642965938
19.0,868.7870546064063
19.2,869.0847774270293
19.4,869.3711602253476
19.6,869.646326879508
19.8,869.9103976061787
20.0,870.16348888949
20.2,870.4057134118169
20.4,870.6371799865411
20.6,870.8579934929226
20.8,871.0682548131882
21.0,871.2680607719399
21.2,871.4575040779649
21.4,871.6366732685252
21.6,871.8056526561862
21.8,871.9645222782416
22.0,872.1133578487774
22.2,872.2522307134116
22.4,872.3812078067407
22.6,872.5003516125147
22.8,872.6097201265588
23.0,872.7093668224555
23.2,872.799340619995
23.4,872.8796858564007
23.6,872.9504422603313
23.8,873.0116449286634
24.0,873.0633243060494
24.2,873.1055061672546
24.4,873.1382116022671
24.6,873.1614570041801
24.8,873.1752540598444
25.0,873.1796097432895
25.2,873.1745263119104
25.4,873.1600013054235
25.6,873.136027547588
25.8,873.102593150697
26.0,873.0596815228394
26.2,873.0072713779375
26.4,872.9453367485609
26.6,872.8738470015238
26.8,872.7927668562696
27.0,872.7020564060444
27.2,872.6016711418675
27.4,872.4915619792963
27.6,872.3716752879914
27.8,872.2419529240781
28.0,872.1023322653016
28.2,871.9527462489679
28.4,871.7931234126622
28.6,871.6233879377253
28.8,871.4434596954698
29.0,871.2532542961083
29.2,871.0526831403567
29.4,870.8416534736727
29.6,870.6200684430762
29.8,870.38782715649
30.0,870.1448247445304
30.2,869.8909524246619
30.4,869.6260975676208
30.6,869.3501437659972
30.8,869.0629709048515
31.0,868.7644552342261
31.2,868.4544694433974
31.4,868.1328827366932
31.6,867.7995609106898
31.8,867.4543664325772
32.0,867.0971585194685
32.2,866.7277932184045
32.4,866.3461234867897
32.6,865.9519992729738
32.8,865.545267596672
33.0,865.1257726288965
33.2,864.6933557710554
33.4,864.2478557328487
33.6,863.789108608578
33.8,863.31694795146
34.0,862.8312048455232
34.2,862.3317079746421
34.4,861.8182836882495
34.6,861.2907560632536
34.8,860.748946961667
35.0,860.1926760834452
35.2,859.6217610140202
35.4,859.0360172660032
35.6,858.4352583145247
35.8,857.81929562567
36.0,857.1879386774682
36.2,856.5409949728879
36.4,855.878270044291
36.6,855.1995674487982
36.8,854.5046887540246
37.0,853.793433513641
37.2,853.0655992322272
37.4,852.3209813188838
37.6,851.5593730290766
37.8,850.7805653941844
38.0,849.9843471382301
38.2,849.1705045812618
38.4,848.3388215288503
38.6,847.48907914715
38.8,846.621055822948
39.0,845.7345270080924
39.2,844.8292650476458
39.4,843.9050389910446
39.6,842.961614385471
39.8,841.9987530505394
40.0,841.0162128332864
40.2,840.0137473422965
40.4,838.9911056596328
40.6,837.9480320290376
40.8,836.8842655186365
41.0,835.7995396561234
41.2,834.6935820341158
41.4,833.5661138830563
41.6,832.416849608703
41.8,831.2454962908973
42.0,830.0517531399357
42.2,828.8353109065142
42.4,827.5958512408594
42.6,826.3330459963378
42.8,825.0465564725521
43.0,823.7360325927061
43.2,822.401112009881
43.4,821.0414191368169
43.6,819.6565640938791
43.8,818.2461415701143
44.0,816.8097295926957
44.2,815.3468882006493
44.4,813.8571580195423
44.6,812.3400587348402
44.8,810.7950874628953
45.0,809.2217170200236
45.2,807.6193940918688
45.4,805.9875373072174
45.6,804.3255352226114
45.8,802.6327442264769
46.0,800.9084863740029
46.2,799.1520471666356
46.4,797.3626732927349
46.6,795.5395703486067
46.8,793.6819005617273
47.0,791.7887805404131
47.2,789.8592790764125
47.4,787.8924150288035
47.6,785.8871553191167
47.8,783.8424130686805
48.0,781.7570459097483
48.2,779.6298545019606
48.4,777.4595812850756
48.6,775.2449094976407
48.8,772.9844624893715
49.0,770.676803352453
49.2,768.3204348938126
49.4,765.9137999666754
49.6,763.4552821754721
49.8,760.9432069634928
50.0,758.3758430876746
