0.0,777.0901243938691
0.2,779.1219731213652
0.4,781.1238156852979
0.6,783.0968330818974
0.8,785.0421163830025
1.0,786.9606654174451
1.2,788.8533882678842
1.4,790.7211015719593
1.6,792.5645316055692
1.8,794.384316115606
2.0,796.1810068597526
2.2,797.955072802181
2.4,799.7069039063025
2.6,801.4368154592369
2.8,803.1450528574833
3.0,804.8317967794428
3.2,806.4971686679905
3.4,808.1412364452184
3.6,809.7640203817381
3.8,811.3654990444718
4.0,812.9456152495997
4.2,814.5042819511463
4.4,816.0413880004587
4.6,817.5568037174128
4.8,819.0503862204217
5.0,820.5219844690658
5.2,821.9714439802433
5.4,823.3986111860104
5.6,824.8033374085774
5.8,826.185482435121
6.0,827.5449176820235
6.2,828.8815289447471
6.4,830.1952187356993
6.6,831.4859082180526
6.8,832.7535387484967
7.0,833.9980730462656
7.2,835.2194960094811
7.4,836.4178152028654
7.6,837.5930610432118
7.8,838.7452867106757
8.0,839.8745678150003
8.2,840.9810018462498
8.4,842.0647074395489
8.6,843.1258234827784
8.8,844.1645080951989
9.0,845.1809375036547
9.2,846.1753048413891
9.4,847.147818892662
9.6,848.0987028043497
9.8,849.0281927835875
10.0,849.9365367983444
10.2,850.823993295636
10.4,851.6908299499336
10.6,852.537322452254
10.8,853.3637533484318
11.0,854.1704109332319
11.2,854.9575882052444
11.4,855.7255818859516
11.6,856.4746915049675
11.8,857.2052185522234
12.0,857.9174656968135
12.2,858.6117360713165
12.4,859.2883326196676
12.6,859.9475575060496
12.8,860.5897115818166
13.0,861.2150939071097
13.2,861.824001323602
13.4,862.4167280746661
13.6,862.9935654692044
13.8,863.5548015854054
14.0,864.1007210107573
14.2,864.6316046147825
14.4,865.147729351109
14.6,865.6493680856887
14.8,866.1367894481815
15.0,866.6102577037362
15.2,867.070032642636
15.4,867.5163694854929
15.6,867.9495188019041
15.8,868.3697264406966
16.0,868.7772334700919
16.2,869.1722761263153
16.4,869.5550857693572
16.6,869.9258888447586
16.8,870.2849068504431
17.0,870.6323563077619
17.2,870.9684487360313
17.4,871.2933906299631
17.6,871.6073834394788
17.8,871.9106235514838
18.0,872.2033022732554
18.2,872.4856058171574
18.4,872.757715286452
18.6,873.0198066620253
18.8,873.2720507898782
19.0,873.5146133692726
19.2,873.7476549414417
19.4,873.971330878804
19.6,874.185791374628
19.8,874.3911814331176
20.0,874.5876408598909
20.2,874.7753042528399
20.4,874.9543009933586
20.6,875.124755237939
20.8,875.2867859101268
21.0,875.4405066928413
21.2,875.5860260210583
21.4,875.7234470748572
21.6,875.8528677728333
21.8,875.9743807658754
22.0,876.0880734313098
22.2,876.1940278674089
22.4,876.2923208882627
22.6,876.3830240190113
22.8,876.4662034914357
23.0,876.5419202399019
23.2,876.610229897655
23.4,876.6711827934598
23.6,876.7248239485808
23.8,876.7711930740998
24.0,876.8103245685634
24.2,876.8422475159587
24.4,876.8669856840107
24.6,876.8845575228002
24.8,876.894976163697
25.0,876.8982494186075
25.2,876.8943797795328
25.4,876.883364418439
25.6,876.8651951874384
25.8,876.8398586192806
26.0,876.8073359281564
26.2,876.7676030108177
26.4,876.7206304480129
26.6,876.6663835062444
26.8,876.6048221398503
27.0,876.5359009934156
27.2,876.4595694045181
27.4,876.3757714068133
27.6,876.284445733464
27.8,876.18552582092
28.0,876.0789398130531
28.2,875.964610565652
28.4,875.8424556512817
28.6,875.7123873645121
28.8,875.5743127275175
29.0,875.4281334960515
29.2,875.2737461657987
29.4,875.1110419791046
29.6,874.9399069320843
29.8,874.760221782112
30.0,874.5718620556897
30.2,874.3746980566992
30.4,874.1685948750378
30.6,873.9534123956423
30.8,873.729005307911
31.0,873.4952231155312
31.2,873.251910146737
31.4,872.9989055650183
31.6,872.7360433803207
31.8,872.4631524607898
32.0,872.1800565451255
32.2,871.8865742556385
32.4,871.5825191121288
32.6,871.2676995467318
32.8,870.9419189199248
33.0,870.6049755379262
33.2,870.2566626717797
33.4,869.8967685784747
33.6,869.5250765245307
33.8,869.1413648125605
34.0,868.7454068114189
34.2,868.3369709906585
34.4,867.915820960135
34.6,867.4817155157426
34.8,867.0344086924127
35.0,866.5736498256749
35.2,866.0991836232582
35.4,865.610750248406
35.6,865.1080854167827
35.8,864.5909205090643
36.0,864.0589827015274
36.2,863.5119951171785
36.4,862.9496770001896
36.6,862.371743916625
36.8,861.777907984654
37.0,861.1678781376293
37.2,860.5413604235737
37.4,859.8980583447395
37.6,859.2376732409814
37.8,858.5599047207008
38.0,857.8644511430656
38.2,857.151010155074
38.4,856.4192792867956
38.6,855.6689566077821
38.8,854.8997414471754
39.0,854.1113351794434
39.2,853.3034420769274
39.4,852.4757702294932
39.6,851.6280325305147
39.8,850.7599477271986
40.0,849.8712415318693
40.2,848.9616477892805
40.4,848.0309096933154
40.6,847.0787810445818
40.8,846.1050275384442
41.0,845.1094280709538
41.2,844.0917760479938
41.4,843.0518806807816
41.6,841.9895682486952
41.8,840.9046833082768
42.0,839.7970898252584
42.2,838.66667220461
42.4,837.5133361919997
42.6,836.3370096187239
42.8,835.1376429611953
43.0,833.9152096855217
43.2,832.6697063476282
43.4,831.401152419836
43.6,830.1095898158485
43.8,828.7950820877664
44.0,827.4577132710782
44.2,826.0975863565725
44.4,824.714821371806
44.6,823.3095530591114
44.8,821.8819281421273
45.0,820.4321021784269
45.2,818.960236001949
45.4,817.466491765516
45.6,815.9510286006563
45.8,814.4139979191239
46.0,812.8555383877862
46.2,811.2757706158042
46.4,809.6747916000935
46.6,808.0526689817851
46.8,806.4094351726274
47.0,804.7450814158475
47.2,803.0595518507495
47.4,801.3527376541391
47.6,799.6244713344004
47.8,797.8745212555917
48.0,796.1025864692059
48.2,794.3082919301663
48.4,792.4911841711972
48.6,790.650727505889
48.8,788.7863008256157
49.0,786.8971950490057
49.2,784.9826112750054
49.4,783.0416596818349
49.6,781.0733592044504
49.8,779.0766380126861
50.0,777.0503348012139
