0.0,858.437948572957
0.2,859.1586929373769
0.4,859.8635754017695
0.6,860.5527925605061
0.8,861.2265416646322
1.0,861.8850206031915
1.2,862.5284278817703
1.4,863.1569625982447
1.6,863.7708244157122
1.8,864.3702135326083
2.0,864.9553306500142
2.2,865.5263769361728
2.4,866.0835539882429
2.6,866.6270637913237
2.8,867.1571086748028
3.0,867.6738912660785
3.2,868.1776144417264
3.4,868.6684812761814
3.6,869.1466949880206
3.8,869.6124588839373
4.0,870.0659763005044
4.2,870.5074505438384
4.4,870.9370848272716
4.6,871.3550822071577
4.8,871.7616455169373
5.0,872.1569772995923
5.2,872.5412797386314
5.4,872.9147545877455
5.6,873.2776030992815
5.8,873.6300259516842
6.0,873.9722231760585
6.2,874.304394082009
6.4,874.6267371829142
6.6,874.9394501207927
6.8,875.2427295909248
7.0,875.5367712663859
7.2,875.8217697226536
7.4,876.0979183624479
7.6,876.3654093409604
7.8,876.6244334916305
8.0,876.8751802526212
8.2,877.1178375941444
8.4,877.3525919467837
8.6,877.5796281309609
8.8,877.7991292876791
9.0,878.011276810685
9.2,878.2162502801737
9.4,878.4142273981648
9.6,878.6053839256655
9.8,878.7898936217351
10.0,878.9679281845574
10.2,879.1396571946184
10.4,879.3052480600852
10.6,879.4648659644712
10.8,879.618673816664
11.0,879.7668322033917
11.2,879.9094993441872
11.4,880.0468310489107
11.6,880.1789806778756
11.8,880.3060991046225
12.0,880.4283346813722
12.2,880.5458332071846
12.4,880.6587378988415
12.6,880.7671893644648
12.8,880.8713255798715
13.0,880.9712818676643
13.2,881.067190879043
13.4,881.1591825783223
13.6,881.2473842301276
13.8,881.3319203892389
14.0,881.4129128930429
14.2,881.4904808565514
14.4,881.5647406699321
14.6,881.6358059984994
14.8,881.703787785099
15.0,881.7687942548235
15.2,881.8309309219849
15.4,881.8903005992678
15.6,881.9470034089838
15.8,882.0011367963402
16.0,882.0527955446358
16.2,882.1020717922936
16.4,882.1490550516305
16.6,882.1938322292725
16.8,882.2364876481108
17.0,882.2771030706975
17.2,882.3157577239788
17.4,882.3525283252563
17.6,882.3874891092742
17.8,882.4207118563195
18.0,882.4522659212322
18.2,882.4822182632117
18.4,882.5106334763141
18.6,882.5375738205297
18.8,882.5630992533346
19.0,882.5872674616064
19.2,882.6101338937988
19.4,882.6317517922712
19.6,882.6521722256659
19.8,882.6714441212343
20.0,882.6896142970085
20.2,882.7067274937216
20.4,882.7228264063814
20.6,882.7379517153998
20.8,882.752142117192
21.0,882.7654343541506
21.2,882.777863243915
21.4,882.7894617078492
21.6,882.8002607986485
21.8,882.8102897270012
22.0,882.8195758872293
22.2,882.8281448818402
22.4,882.8360205449228
22.6,882.8432249643242
22.8,882.8497785025506
23.0,882.8556998163342
23.2,882.8610058748183
23.4,882.8657119763092
23.6,882.8698317635548
23.8,882.8733772375092
24.0,882.8763587695469
24.2,882.8787851120962
24.4,882.8806634076651
24.6,882.8819991962348
24.8,882.8827964210031
25.0,882.8830574324628
25.2,882.8827829908031
25.4,882.8819722666296
25.6,882.8806228399983
25.8,882.8787306977678
26.0,882.8762902292731
26.2,882.8732942203351
26.4,882.8697338456153
26.6,882.8655986593392
26.8,882.860876584407
27.0,882.8555538999224
27.2,882.8496152271669
27.4,882.8430435140579
27.6,882.8358200181266
27.8,882.8279242880609
28.0,882.8193341438605
28.2,882.8100256556531
28.4,882.7999731212293
28.6,882.7891490423514
28.8,882.7775240999019
29.0,882.7650671279355
29.2,882.7517450867026
29.4,882.7375230347219
29.6,882.7223640999725
29.8,882.7062294502896
30.0,882.6890782630434
30.2,882.6708676941887
30.4,882.6515528467718
30.6,882.6310867389873
30.8,882.609420271878
31.0,882.5865021967728
31.2,882.5622790825641
31.4,882.5366952829203
31.6,882.5096929035395
31.8,882.4812117695473
32.0,882.4511893931417
32.2,882.4195609415954
32.4,882.3862592057189
32.6,882.3512145688957
32.8,882.3143549767966
33.0,882.2756059078815
33.2,882.2348903448004
33.4,882.1921287467972
33.6,882.147239023229
33.8,882.1001365083057
34.0,882.0507339371543
34.2,881.9989414233156
34.4,881.9446664377728
34.6,881.8878137896133
34.8,881.8282856084235
35.0,881.7659813285078
35.2,881.7007976750291
35.4,881.6326286521547
35.6,881.5613655332972
35.8,881.4868968535276
36.0,881.4091084042403
36.2,881.3278832301423
36.4,881.2431016286318
36.6,881.1546411516309
36.8,881.0623766099276
37.0,880.9661800800801
37.2,880.8659209139264
37.4,880.7614657507397
37.6,880.652678532062
37.8,880.5394205192415
38.0,880.4215503136923
38.2,880.2989238798907
38.4,880.1713945711102
38.6,880.0388131578952
38.8,879.9010278592615
39.0,879.7578843766087
39.2,879.6092259303178
39.4,879.454893299002
39.6,879.294724861371
39.8,879.128556640661
40.0,878.9562223515741
40.2,878.7775534496659
40.4,878.5923791831106
40.6,878.4005266467635
40.8,878.2018208384416
41.0,877.9960847173232
41.2,877.7831392643762
41.4,877.5628035447022
41.6,877.3348947716903
41.8,877.099228372861
42.0,876.8556180572778
42.2,876.6038758843964
42.4,876.3438123342212
42.6,876.075236378627
42.8,875.7979555537061
43.0,875.5117760329947
43.2,875.2165027014282
43.4,874.9119392298721
43.6,874.5978881500769
43.8,874.2741509298971
44.0,873.9405280486187
44.2,873.5968190722349
44.4,873.2428227285122
44.6,872.8783369816867
44.8,872.5031591066345
45.0,872.1170857623566
45.2,871.7199130646281
45.4,871.3114366576543
45.6,870.8914517845885
45.8,870.4597533567638
46.0,870.0161360214978
46.2,869.5603942283334
46.4,869.0923222935845
46.6,868.611714463059
46.8,868.1183649728404
47.0,867.6120681080142
47.2,867.0926182592332
47.4,866.5598099770215
47.6,866.0134380237271
47.8,865.4532974230414
48.0,864.8791835070086
48.2,864.2908919604625
48.4,863.688218862832
48.6,863.0709607272694
48.8,862.4389145370665
49.0,861.7918777793258
49.2,861.1296484758745
49.4,860.452025211411
49.6,859.758807158885
49.8,859.0497941021291
50.0,858.3247864557577
