0.0,718.6256993626754
0.2,720.3439846332185
0.4,722.1688093223424
0.6,724.0908414504852
0.8,726.0975410174752
1.0,728.174659098293
1.2,730.307773404455
1.4,732.4835213861055
1.6,734.6903486938678
1.8,736.9187649135743
2.0,739.161223613904
2.2,741.4117924674696
2.4,743.6657625973362
2.6,745.9192955472961
2.8,748.1691519878821
3.0,750.4125066076756
3.2,752.6468330908474
3.4,754.869837546384
3.6,757.0794215184543
3.8,759.2736612459427
4.0,761.4507950266603
4.2,763.6092142597771
4.4,765.7474559971724
4.6,767.8641960425415
4.8,769.9582422189121
5.0,772.0285276801137
5.2,774.0741042436705
5.4,776.0941357594302
5.6,778.0878915395956
5.8,780.0547398779221
6.0,781.9941416847583
6.2,783.9056442624666
6.4,785.7888752432776
6.6,787.6435367090276
6.8,789.4693995095926
7.0,791.2662977942323
7.2,793.0341237674864
7.4,794.7728226787918
7.6,796.4823880526056
7.8,798.1628571635657
8.0,799.8143067590977
8.2,801.436849029913
8.4,803.0306278270356
8.6,804.5958151223612
8.8,806.1326077082884
9.0,807.6412241306749
9.2,809.1219018482509
9.4,810.5748946106863
9.6,812.0004700467157
9.8,813.398907453108
10.0,814.7704957747876
10.2,816.1155317660766
10.4,817.4343183228191
10.6,818.7271629750509
10.8,819.9943765298929
11.0,821.2362718544484
11.2,822.4531627886711
11.4,823.6453631784229
11.6,824.8131860192622
11.8,825.9569427018541
12.0,827.076942350308
12.2,828.1734912451639
12.4,829.2468923232143
12.6,830.297444746796
12.8,831.3254435356685
13.0,832.3311792550578
13.2,833.3149377539129
13.4,834.2769999478705
13.6,835.2176416418747
13.8,836.1371333878147
14.0,837.0357403729527
14.2,837.9137223353017
14.4,838.7713335024737
14.6,839.608822550862
14.8,840.4264325823397
15.0,841.2244011159491
15.2,842.002960092336
15.4,842.7623358889218
15.6,843.5027493440517
15.8,844.2244157885483
16.0,844.9275450833053
16.2,845.6123416617131
16.4,846.2790045758743
16.6,846.9277275456935
16.8,847.5586990100593
17.0,848.172102179436
17.2,848.7681150892898
17.4,849.3469106538504
17.6,849.9086567197897
17.8,850.4535161194678
18.0,850.981646723446
18.2,851.4932014920277
18.4,851.9883285256218
18.6,852.467171113771
18.8,852.9298677827104
19.0,853.3765523413583
19.2,853.807353925661
19.4,854.2223970412336
19.6,854.6218016042604
19.8,855.0056829806259
20.0,855.37415202327
20.2,855.7273151077607
20.4,856.0652741660941
20.6,856.3881267187348
20.8,856.6959659049148
21.0,856.988880511218
21.2,857.2669549984737
21.4,857.530269526993
21.6,857.7788999801771
21.8,858.0129179865313
22.0,858.2323909401189
22.2,858.4373820194882
22.4,858.6279502051059
22.6,858.804150295329
22.8,858.966032920948
23.0,859.1136445583304
23.2,859.2470275411939
23.4,859.3662200710364
23.6,859.4712562262466
23.8,859.5621659699194
24.0,859.638975156396
24.2,859.7017055365466
24.4,859.7503747618125
24.6,859.7849963870194
24.8,859.8055798719737
25.0,859.8121305818482
25.2,859.804649786365
25.4,859.7831346577751
25.6,859.7475782676368
25.8,859.697969582388
26.0,859.6342934577095
26.2,859.5565306316677
26.4,859.4646577166274
26.6,859.3586471899237
26.8,859.2384673832709
27.0,859.1040824708962
27.2,858.9554524563746
27.4,858.7925331581412
27.6,858.6152761936581
27.8,858.4236289622091
28.0,858.2175346262908
28.2,857.9969320915736
28.4,857.7617559853988
28.6,857.5119366337814
28.8,857.2474000368837
29.0,856.968067842928
29.2,856.6738573205145
29.4,856.3646813293108
29.6,856.0404482890835
29.8,855.70106214704
30.0,855.3464223434524
30.2,854.9764237755408
30.4,854.5909567595937
30.6,854.1899069913114
30.8,853.7731555043615
31.0,853.3405786271459
31.2,852.892047937788
31.4,852.4274302173563
31.6,851.9465874013595
31.8,851.4493765295583
32.0,850.9356496941621
32.2,850.4052539864964
32.4,849.858031442257
32.6,849.2938189854901
32.8,848.7124483714774
33.0,848.1137461287419
33.2,847.497533500436
33.4,846.863626385426
33.6,846.211835279447
33.8,845.5419652167708
34.0,844.8538157129068
34.2,844.1471807089458
34.4,843.4218485182545
34.6,842.6776017763414
34.8,841.9142173948453
35.0,841.1314665207348
35.2,840.3291145019651
35.4,839.5069208610219
35.6,838.6646392779649
35.8,837.8020175848101
36.0,836.918797773317
36.2,836.0147160185088
36.4,835.0895027205341
36.6,834.1428825677815
36.8,833.1745746244844
37.0,832.1842924464119
37.2,831.171744228604
37.4,830.136632989522
37.6,829.0786567963888
37.8,827.9975090369436
38.0,826.8928787432832
38.2,825.7644509739375
38.4,824.6119072608036
38.6,823.4349261280476
38.8,822.2331836905728
39.0,821.0063543401357
39.2,819.7541115276492
39.4,818.476128650677
39.6,817.1720800555262
39.8,815.8416421637389
40.0,814.4844947331075
40.2,813.100322263617
40.4,811.6888155589211
40.6,810.2496734540738
40.8,808.7826047202756
41.0,807.2873301573038
41.2,805.7635848841084
41.4,804.2111208377215
41.6,802.6297094901686
41.8,801.0191447924451
42.0,799.3792463538543
42.2,797.7098628640505
42.4,796.0108757640224
42.6,794.2822031709607
42.8,792.5238040604756
43.0,790.7356827080006
43.2,788.9178933893852
43.4,787.0705453387106
43.6,785.1938079592146
43.8,783.2879162809418
44.0,781.3531766563248
44.2,779.3899726824004
44.4,777.3987713357714
44.6,775.3801293037877
44.8,773.334699492756
45.0,771.2632376913507
45.2,769.1666093648797
45.4,767.0457965538826
45.6,764.9019048494
45.8,762.7361704192502
46.0,760.5499670707776
46.2,758.3448133717405
46.4,756.122379951324
46.6,753.8844973541486
46.8,751.6331653929267
47.0,749.3705661347932
47.2,747.0990848785021
47.4,744.8213471400788
47.6,742.5402847716471
47.8,740.2592497910514
48.0,737.9821972214181
48.2,735.7139527908029
48.4,733.4605611129078
48.6,731.2296709230842
48.8,729.030860498971
49.0,726.8757564260997
49.2,724.7777825125337
49.4,722.7514236138163
49.6,720.8110123082291
49.8,718.9692177534647
50.0,717.2355703754866
