0.0,779.5812175723825
0.2,781.4657528656629
0.4,783.3369006216784
0.6,785.196108228486
0.8,787.0444988979806
1.0,788.8828754341561
1.2,790.7117299356106
1.4,792.5312590055529
1.6,794.3413838882077
1.8,796.1417748223776
2.0,797.9318788054788
2.2,799.7109498974556
2.4,801.4780811646973
2.6,803.2322373688488
2.8,804.9722875420237
3.0,806.6970366548568
3.2,808.4052556723971
3.4,810.095709399607
3.6,811.7671816373213
3.8,813.4184972949615
4.0,815.0485412323633
4.2,816.6562737245123
4.4,818.2407425553346
4.6,819.8010918463065
4.8,821.336567809961
5.0,822.8465216857359
5.2,824.330410165412
5.4,825.7877936478892
5.6,827.2183326792327
5.8,828.6217829354454
6.0,829.9979890943124
6.2,831.3468779212767
6.4,832.668450865064
6.6,833.9627764241153
6.8,835.2299825070573
7.0,836.4702489714873
7.2,837.6838004870032
7.4,838.8708998320669
7.6,840.0318417010094
7.8,841.1669470679903
8.0,842.2765581294366
8.2,843.3610338255415
8.4,844.4207459247475
8.6,845.4560756425136
8.8,846.4674107567041
9.0,847.4551431761922
9.2,848.419666916244
9.4,849.361376433447
9.6,850.2806652738886
9.8,851.1779249905144
10.0,852.0535442887495
10.2,852.9079083631501
10.4,853.7413983918533
10.6,854.5543911596411
10.8,855.3472587843871
11.0,856.1203685253845
11.2,856.8740826554863
11.4,857.6087583820729
11.6,858.324747804582
11.8,859.0223978987008
12.0,859.7020505193284
12.2,860.3640424161181
12.4,861.0087052568052
12.6,861.6363656546899
12.8,862.2473451975624
13.0,862.8419604761123
13.2,863.4205231104435
13.4,863.9833397737767
13.6,864.5307122127687
13.8,865.062937264146
14.0,865.5803068675473
14.2,866.0831080746124
14.4,866.5716230544557
14.6,867.0461290957372
14.8,867.5068986055848
15.0,867.9541991056506
15.2,868.3882932255967
15.4,868.8094386943089
15.6,869.2178883291328
15.8,869.613890023416
16.0,869.9976867326271
16.2,870.3695164593083
16.4,870.7296122370988
16.6,871.0782021140482
16.8,871.4155091354248
17.0,871.7417513261997
17.2,872.0571416733738
17.4,872.3618881082962
17.6,872.6561934891065
17.8,872.9402555834163
18.0,873.2142670513304
18.2,873.478415428897
18.4,873.7328831120567
18.6,873.9778473411553
18.8,874.2134801860689
19.0,874.4399485319776
19.2,874.6574140658238
19.4,874.8660332634689
19.6,875.0659573775661
19.8,875.2573324261522
20.0,875.4402991819586
20.2,875.6149931624349
20.4,875.7815446204717
20.6,875.9400785358099
20.8,876.0907146071133
21.0,876.2335672446833
21.2,876.3687455637894
21.4,876.4963533785891
21.6,876.6164891966051
21.8,876.729246213733
22.0,876.8347123097446
22.2,876.9329700442587
22.4,877.0240966531438
22.6,877.1081640453268
22.8,877.1852387999701
23.0,877.2553821639948
23.2,877.3186500499171
23.4,877.3750930339709
23.6,877.4247563544939
23.8,877.467679910551
24.0,877.5038982607756
24.2,877.5334406224076
24.4,877.5563308705126
24.6,877.5725875373674
24.8,877.582223811999
25.0,877.5852475398681
25.2,877.5816612226906
25.4,877.5714620183932
25.6,877.5546417411996
25.8,877.5311868618519
26.0,877.5010785079686
26.2,877.4642924645474
26.4,877.420799174621
26.6,877.3705637400799
26.8,877.3135459226744
27.0,877.2497001452148
27.2,877.178975492987
27.4,877.1013157154074
27.6,877.0166592279385
27.8,876.9249391142926
28.0,876.8260831289475
28.2,876.7200137000073
28.4,876.606647932433
28.6,876.4858976116791
28.8,876.357669207762
29.0,876.2218638797965
29.2,876.0783774810302
29.4,875.9271005644082
29.6,875.7679183886979
29.8,875.6007109252063
30.0,875.4253528651147
30.2,875.2417136274607
30.4,875.049657367789
30.6,874.849042987492
30.8,874.6397241438594
31.0,874.4215492608473
31.2,874.1943615405763
31.4,873.9579989755616
31.6,873.7122943616698
31.8,873.4570753117935
32.0,873.1921642702252
32.2,872.9173785277027
32.4,872.6325302370897
32.6,872.3374264296465
32.8,872.0318690318321
33.0,871.7156548825683
33.2,871.3885757508823
33.4,871.0504183538358
33.6,870.7009643746228
33.8,870.3399904807172
34.0,869.9672683419236
34.2,869.5825646481723
34.4,869.185641126885
34.6,868.776254559714
34.8,868.3541567984443
35.0,867.9190947798311
35.2,867.4708105391244
35.4,867.0090412220212
35.6,866.5335190947729
35.8,866.0439715521644
36.0,865.540121123077
36.2,865.0216854733565
36.4,864.4883774057122
36.6,863.9399048564084
36.8,863.3759708885503
37.0,862.7962736818396
37.2,862.2005065187747
37.4,861.5883577674153
37.6,860.959510861033
37.8,860.3136442752223
38.0,859.6504315034108
38.2,858.9695410321539
38.4,858.2706363181841
38.6,857.5533757699325
38.8,856.8174127371619
39.0,856.0623955135039
39.2,855.28796735809
39.4,854.4937665441621
39.6,853.6794264445497
39.8,852.8445756662599
40.0,851.9888382491389
40.2,851.1118339466412
40.4,850.2131786101623
40.6,849.2924847021171
40.8,848.3493619668794
41.0,847.3834182927505
41.2,846.3942608020944
41.4,845.3814972104757
41.6,844.344737498762
41.8,843.2835959443835
42.0,842.197693558876
42.2,841.0866609780376
42.4,839.9501418480032
42.6,838.787796744817
42.8,837.5993076561361
43.0,836.3843830411065
43.2,835.1427634678311
43.4,833.8742278069568
43.6,832.5785999346745
43.8,831.2557558689933
44.0,829.9056312299532
44.2,828.5282288781648
44.4,827.1236265478129
44.6,825.6919842513801
44.8,824.2335511956044
45.0,822.7486719135852
45.2,821.2377912887733
45.4,819.7014581252195
45.6,818.1403269073628
45.8,816.5551573941312
46.0,814.9468117082627
46.2,813.3162486141512
46.4,811.6645147271904
46.6,809.9927324647814
46.8,808.3020846332579
47.0,806.5937956443656
47.2,804.8691094669932
47.4,803.1292645410014
47.6,801.3754660057596
47.8,799.608855721144
48.0,797.8304806775603
48.2,796.0412604980853
48.4,794.241954824187
48.6,792.4331314412821
48.8,790.6151360369457
49.0,788.7880644893776
49.2,786.9517385545453
49.4,785.1056857567114
49.6,783.2491241898709
49.8,781.3809528098373
50.0,779.4997476427571
