0.0,495.1903816517152
0.2,501.0071019549152
0.4,506.7612448741153
0.6,512.4516247026604
0.8,518.0773618139083
1.0,523.6378473543351
1.2,529.1326988878546
1.4,534.5617134409434
1.6,539.9248234052834
1.8,545.222058931172
2.0,550.4535184337286
2.2,555.6193471548489
2.4,560.7197226446034
2.6,565.7548455623386
2.8,570.7249342018354
3.0,575.630221413164
3.2,580.4709529496689
3.4,585.247386598609
3.6,589.9597917081189
3.8,594.6084488948271
4.0,599.193649820876
4.2,603.7156969871071
4.4,608.1749035189083
4.6,612.5715929353684
4.8,616.9060988986703
5.0,621.1787649432855
5.2,625.3899441855722
5.4,629.5399990147818
5.6,633.6293007666374
5.8,637.6582293807139
6.0,641.6271730428845
6.2,645.5365278141161
6.4,649.386697246913
6.6,653.1780919907104
6.8,656.9111293875231
7.0,660.5862330591494
7.2,664.2038324872227
7.4,667.7643625873897
7.6,671.2682632788742
7.8,674.7159790506655
8.0,678.1079585255421
8.2,681.444654023112
8.4,684.7265211230133
8.6,687.9540182293862
8.8,691.1276061376813
9.0,694.2477476048261
9.2,697.3149069237289
9.4,700.3295495030421
9.6,703.2921414530634
9.8,706.2031491785964
10.0,709.0630389795367
10.2,711.8722766598956
10.4,714.6313271459171
10.6,717.3406541138838
10.8,720.0007196281528
11.0,722.6119837899012
11.2,725.1749043970096
11.4,727.6899366154458
11.6,730.1575326624625
11.8,732.5781415018643
12.0,734.9522085515449
12.2,737.2801754034435
12.4,739.5624795560173
12.6,741.7995541592793
12.8,743.9918277724023
13.0,746.1397241338451
13.2,748.2436619439123
13.4,750.3040546596227
13.6,752.3213103017182
13.8,754.295831273613
14.0,756.2280141920492
14.2,758.1182497291936
14.4,759.9669224658847
14.6,761.7744107557108
14.8,763.5410865995832
15.0,765.267315530444
15.2,766.953456507734
15.4,768.5998618212312
15.6,770.2068770038583
15.8,771.7748407530497
16.0,773.3040848602615
16.2,774.7949341482009
16.4,776.247706415356
16.6,777.6627123873976
16.8,779.0402556750347
17.0,780.380632737905
17.2,781.6841328540878
17.4,782.9510380948356
17.6,784.181623304126
17.8,785.3761560826513
18.0,786.534896775865
18.2,787.6580984657286
18.4,788.746006965805
18.6,789.7988608193646
18.8,790.8168913001822
19.0,791.8003224157206
19.2,792.749370912409
19.4,793.6642462827424
19.6,794.5451507739452
19.8,795.3922793979541
20.0,796.2058199424964
20.2,796.9859529830526
20.4,797.7328518955071
20.6,798.4466828693102
20.8,799.1276049209835
21.0,799.7757699078201
21.2,800.3913225416422
21.4,800.9744004024928
21.6,801.5251339521496
21.8,802.0436465473625
22.0,802.5300544527253
22.2,802.9844668531051
22.4,803.4069858655605
22.6,803.7977065506875
22.8,804.1567169233438
23.0,804.4840979627053
23.2,804.7799236216192
23.4,805.0442608352205
23.6,805.2771695287839
23.8,805.4787026247941
24.0,805.64890604921
24.2,805.7878187369147
24.4,805.895472636333
24.6,805.9718927132142
24.8,806.0170969535677
25.0,806.0310963657502
25.2,806.013894981697
25.4,805.9654898573009
25.6,805.8858710719313
25.8,805.7750217271
26.0,805.632917944271
26.2,805.4595288618204
26.4,805.2548166311499
26.6,805.0187364119603
26.8,804.7512363666955
27.0,804.4522576541657
27.2,804.1217344223666
27.4,803.7595938005101
27.6,803.3657558902904
27.8,802.9401337564101
28.0,802.482633416398
28.2,801.993153829757
28.4,801.4715868864849
28.6,800.9178173950207
28.8,800.3317230696736
29.0,799.713174517605
29.2,799.0620352254415
29.4,798.3781615456037
29.6,797.6614026824543
29.8,796.911600678373
30.0,796.1285903998839
30.2,795.3121995239707
30.4,794.4622485247296
30.6,793.5785506605272
30.8,792.6609119618391
31.0,791.7091312199667
31.2,790.7229999768412
31.4,789.7023025161404
31.6,788.6468158559629
31.8,787.5563097433136
32.0,786.4305466506779
32.2,785.269281774974
32.4,784.0722630391875
32.6,782.8392310970111
32.8,781.5699193408218
33.0,780.2640539133489
33.2,778.9213537233925
33.4,777.541530465968
33.6,776.1242886472639
33.8,774.6693256148075
34.0,773.1763315932443
34.2,771.6449897261432
34.4,770.0749761242446
34.6,768.4659599205729
34.8,766.8176033328373
35.0,765.1295617335431
35.2,763.4014837282359
35.4,761.6330112422954
35.6,759.8237796166876
35.8,757.9734177130778
36.0,756.0815480286935
36.2,754.147786821312
36.4,752.171744244731
36.6,750.1530244950627
36.8,748.0912259681656
37.0,745.9859414285102
37.2,743.8367581897372
37.4,741.6432583071495
37.6,739.405018782333
37.8,737.1216117800761
38.0,734.7926048577151
38.2,732.4175612069906
38.4,729.9960399084617
38.6,727.5275961984768
38.8,725.0117817486511
39.0,722.4481449577567
39.2,719.8362312558731
39.4,717.1755834206019
39.6,714.4657419050844
39.8,711.7062451775183
40.0,708.8966300718009
40.2,706.0364321488803
40.4,703.1251860683292
40.6,700.1624259696046
40.8,697.1476858623961
41.0,694.080500025409
41.2,690.9604034128715
41.4,687.7869320679982
41.6,684.5596235425915
41.8,681.2780173219023
42.0,677.9416552538297
42.2,674.5500819814791
42.4,671.1028453780618
42.6,667.599496983067
42.8,664.0395924386006
43.0,660.4226919247462
43.2,656.7483605927679
43.4,653.0161689949447
43.6,649.2256935098011
43.8,645.3765167614736
44.0,641.4682280319358
44.2,637.5004236647917
44.4,633.4727074593363
44.6,629.3846910535838
44.8,625.2359942949549
45.0,621.0262455973359
45.2,616.755082283217
45.4,612.4221509096551
45.6,608.027107576827
45.8,603.5696182180137
46.0,599.0493588700102
46.2,594.4660159233597
46.4,589.819286352852
46.6,585.1088779313517
46.8,580.3345094363099
47.0,575.4959108724552
47.2,570.5928237638851
47.4,565.6250016267751
47.6,560.5922108383019
47.8,555.4942322889871
48.0,550.3308644597314
48.2,545.1019288947875
48.4,539.8072793976078
48.6,534.4468165446949
48.8,529.020509116693
49.0,523.5284235826687
49.2,517.9707616946384
49.4,512.3479045708772
49.6,506.66045963597526
49.8,500.90930496274626
50.0,495.09562456851535
