0.0,861.0186459991837
0.2,861.7079082669272
0.4,862.3811584064524
0.6,863.0385949055866
0.8,863.6804175080712
1.0,864.3068272015818
1.2,864.9180262007123
1.4,865.5142179248879
1.6,866.0956069711951
1.8,866.6623990821346
2.0,867.2148011083211
2.2,867.753020966178
2.4,868.2772675906854
2.6,868.7877508832674
2.8,869.2846816549172
3.0,869.7682715646758
3.2,870.2387330536009
3.4,870.6962792743763
3.6,871.1411240167274
3.8,871.5734816288243
4.0,871.9935669348682
4.2,872.4015951490701
4.4,872.79778178624
4.6,873.1823425692226
4.8,873.5554933334184
5.0,873.9174499286428
5.2,874.2684281185826
5.4,874.6086434781196
5.6,874.9383112887873
5.8,875.2576464326456
6.0,875.5668632848511
6.2,875.8661756052052
6.4,876.1557964289698
6.6,876.4359379572336
6.8,876.7068114471132
7.0,876.9686271020746
7.2,877.2215939626541
7.4,877.4659197978541
7.6,877.7018109974879
7.8,877.929472465737
8.0,878.1491075161812
8.2,878.3609177685515
8.4,878.5651030474518
8.6,878.761861283279
8.8,878.9513884155692
9.0,879.1338782989811
9.2,879.3095226121197
9.4,879.4785107693907
9.6,879.6410298360632
9.8,879.7972644467081
10.0,879.9473967271622
10.2,880.0916062201591
10.4,880.2300698147527
10.6,880.3629616796455
10.8,880.4904532005187
11.0,880.6127129214489
11.2,880.7299064904835
11.4,880.8421966094289
11.6,880.9497429878965
11.8,881.0527023016335
12.0,881.1512281551568
12.2,881.2454710486899
12.4,881.3355783493959
12.6,881.4216942668812
12.8,881.5039598329366
13.0,881.5825128854689
13.2,881.6574880565641
13.4,881.7290167646181
13.6,881.7972272104495
13.8,881.8622443773113
14.0,881.9241900347025
14.2,881.9831827458713
14.4,882.0393378788983
14.6,882.0927676212361
14.8,882.1435809975777
15.0,882.1918838909179
15.2,882.2377790666675
15.4,882.281366199675
15.6,882.3227419040055
15.8,882.3619997653226
16.0,882.3992303757157
16.2,882.4345213708147
16.4,882.467957469028
16.6,882.4996205127404
16.8,882.5295895113072
17.0,882.5579406856785
17.2,882.5847475144878
17.4,882.610080781441
17.6,882.6340086238406
17.8,882.656596582083
18.0,882.6779076499658
18.2,882.6980023256492
18.4,882.7169386631098
18.6,882.734772323937
18.8,882.7515566293182
19.0,882.7673426120652
19.2,882.7821790685374
19.4,882.7961126103204
19.6,882.8091877155248
19.8,882.8214467795698
20.0,882.832930165325
20.2,882.8436762524851
20.4,882.8537214860592
20.6,882.8631004238563
20.8,882.8718457828612
21.0,882.879988484391
21.2,882.8875576979328
21.4,882.8945808835674
21.6,882.9010838328843
21.8,882.9070907083055
22.0,882.9126240807325
22.2,882.9177049654419
22.4,882.9223528561561
22.6,882.9265857572208
22.8,882.930420213828
23.0,882.9338713402245
23.2,882.9369528458528
23.4,882.9396770593745
23.6,882.9420549505321
23.8,882.9440961498082
24.0,882.9458089658459
24.2,882.9472004005992
24.4,882.9482761621857
24.6,882.9490406754184
24.8,882.9494970899968
25.0,882.9496472863447
25.2,882.9494918790812
25.4,882.9490302181217
25.6,882.948260387403
25.8,882.9471792012371
26.0,882.9457821982992
26.2,882.9440636332581
26.4,882.9420164660667
26.6,882.9396323489277
26.8,882.9369016109595
27.0,882.9338132405878
27.2,882.9303548656961
27.4,882.9265127315676
27.6,882.9222716766626
27.8,882.9176151062716
28.0,882.9125249640962
28.2,882.9069817018092
28.4,882.9009642466533
28.6,882.8944499671398
28.8,882.8874146369152
29.0,882.8798323968673
29.2,882.8716757155489
29.4,882.862915347998
29.6,882.8535202930425
29.8,882.8434577491811
30.0,882.8326930691337
30.2,882.8211897131653
30.4,882.808909201285
30.6,882.795811064434
30.8,882.7818527947746
31.0,882.7669897952009
31.2,882.7511753281943
31.4,882.7343604641541
31.6,882.7164940293313
31.8,882.6975225535085
32.0,882.67739021756
32.2,882.6560388010421
32.4,882.6334076299568
32.6,882.6094335248437
32.8,882.584050749351
33.0,882.5571909594456
33.2,882.5287831534181
33.4,882.4987536228467
33.6,882.4670259046827
33.8,882.433520734619
34.0,882.3981560019095
34.2,882.3608467058044
34.4,882.321504913766
34.6,882.2800397216291
34.8,882.2363572158727
35.0,882.1903604381619
35.2,882.1419493523223
35.4,882.0910208139035
35.6,882.0374685424864
35.8,881.9811830968837
36.0,881.9220518533816
36.2,881.8599589871608
36.4,881.7947854570353
36.6,881.7264089936369
36.8,881.6547040911654
37.0,881.579542002824
37.2,881.5007907400447
37.4,881.4183150755996
37.6,881.3319765506922
37.8,881.2416334861049
38.0,881.1471409974731
38.2,881.0483510147441
38.4,880.9451123058692
38.6,880.8372705047643
38.8,880.7246681435614
39.0,880.6071446891654
39.2,880.4845365841112
39.4,880.3566772917086
39.6,880.2233973454473
39.8,880.0845244026184
40.0,879.9398833020997
40.2,879.7892961262339
40.4,879.6325822667183
40.6,879.4695584944076
40.8,879.3000390329208
41.0,879.1238356359272
41.2,878.9407576679731
41.4,878.7506121887
41.6,878.5532040402882
41.8,878.3483359379512
42.0,878.1358085632903
42.2,877.9154206603098
42.4,877.6869691338817
42.6,877.4502491504367
42.8,877.2050542406495
43.0,876.9511764038781
43.2,876.6884062141063
43.4,876.4165329271328
43.6,876.1353445887418
43.8,875.8446281435871
44.0,875.5441695445131
44.2,875.2337538620344
44.4,874.9131653936937
44.6,874.5821877730123
44.8,874.2406040777521
45.0,873.888196937202
45.2,873.5247486382086
45.4,873.1500412296701
45.6,872.7638566252188
45.8,872.3659767038178
46.0,871.9561834080107
46.2,871.5342588395616
46.4,871.0999853522377
46.6,870.6531456414921
46.8,870.1935228308166
47.0,869.7209005545449
47.2,869.2350630368957
47.4,868.7357951670651
47.6,868.2228825701858
47.8,867.696111673987
48.0,867.155269771005
48.2,866.6001450762104
48.4,866.0305267799363
48.6,865.4462050960046
48.8,864.8469713049723
49.0,864.2326177924311
49.2,863.6029380823192
49.4,862.9577268652163
49.6,862.2967800216179
49.8,861.6198946402008
50.0,860.9268690311111
