0.0,852.8858944386026
0.2,853.712800583791
0.4,854.5202698604784
0.6,855.3087321195159
0.8,856.0786078347928
1.0,856.8303079514311
1.2,857.564233776793
1.4,858.2807769136999
1.6,858.9803192348862
1.8,859.6632328973591
2.0,860.3298803949988
2.2,860.980614647439
2.4,861.6157791229866
2.6,862.2357079931116
2.8,862.8407263158372
3.0,863.4311502452027
3.2,864.0072872638519
3.4,864.5694364357245
3.6,865.1178886757907
3.8,865.6529270337697
4.0,866.1748269888095
4.2,866.6838567521837
4.4,867.1802775751597
4.6,867.6643440593286
4.8,868.1363044668459
5.0,868.5964010282029
5.2,869.0448702453567
5.4,869.48194318824
5.6,869.9078457828988
5.8,870.3227990897234
6.0,870.727019570461
6.2,871.1207193429206
6.4,871.5041064224943
6.6,871.8773849498295
6.8,872.2407554041815
7.0,872.5944148021628
7.2,872.9385568817769
7.4,873.2733722717801
7.6,873.5990486465558
7.8,873.91577086681
8.0,874.2237211065041
8.2,874.5230789665334
8.4,874.8140215757358
8.6,875.0967236798722
8.8,875.3713577192716
9.0,875.6380938958606
9.2,875.8971002303226
9.4,876.1485426101367
9.6,876.3925848292492
9.8,876.6293886201188
10.0,876.8591136788605
10.2,877.0819176841916
10.4,877.2979563108524
10.6,877.5073832381449
10.8,877.7103501541959
11.0,877.907006756515
11.2,878.0975007493777
11.4,878.2819778385274
11.6,878.4605817236484
11.8,878.6334540890257
12.0,878.8007345927678
12.2,878.9625608549346
12.4,879.1190684448773
12.6,879.2703908680622
12.8,879.416659552624
13.0,879.5580038358607
13.2,879.6945509508594
13.4,879.8264260134132
13.6,879.9537520093727
13.8,880.0766497825484
14.0,880.195238023266
14.2,880.3096332576581
14.4,880.4199498377585
14.6,880.5262999324565
14.8,880.6287935193486
15.0,880.7275383775219
15.2,880.8226400812861
15.4,880.9142019948686
15.6,881.0023252680743
15.8,881.0871088329086
16.0,881.1686494011517
16.2,881.2470414628714
16.4,881.3223772858532
16.6,881.3947469159239
16.8,881.4642381781401
17.0,881.5309366788122
17.2,881.5949258083259
17.4,881.6562867447299
17.6,881.715098458044
17.8,881.7714377152545
18.0,881.8253790859462
18.2,881.8769949485342
18.4,881.9263554970455
18.6,881.9735287484075
18.8,882.0185805501932
19.0,882.0615745887806
19.2,882.102572397873
19.4,882.1416333673368
19.6,882.1788147523066
19.8,882.2141716825093
20.0,882.2477571717611
20.2,882.2796221275893
20.4,882.3098153609305
20.6,882.3383835958631
20.8,882.3653714793235
21.0,882.3908215907659
21.2,882.41477445172
21.4,882.4372685352041
21.6,882.4583402749531
21.8,882.4780240744218
22.0,882.4963523155241
22.2,882.5133553670715
22.4,882.5290615928765
22.6,882.5434973594859
22.8,882.5566870435124
23.0,882.5686530385364
23.2,882.5794157615462
23.4,882.5889936588949
23.6,882.5974032117454
23.8,882.6046589409864
24.0,882.610773411595
24.2,882.6157572364317
24.4,882.6196190794508
24.6,882.6223656583134
24.8,882.6240017463927
25.0,882.6245301741629
25.2,882.623951829966
25.4,882.6222656601509
25.6,882.6194686685878
25.8,882.6155559155536
26.0,882.6105205159967
26.2,882.6043536371826
26.4,882.5970444957328
26.6,882.5885803540638
26.8,882.5789465162412
27.0,882.5681263232648
27.2,882.5561011477973
27.4,882.5428503883637
27.6,882.5283514630362
27.8,882.5125798026329
28.0,882.4955088434536
28.2,882.4771100195832
28.4,882.4573527547886
28.6,882.4362044540464
28.8,882.4136304947287
29.0,882.3895942174875
29.2,882.3640569168701
29.4,882.3369778317091
29.6,882.3083141353193
29.8,882.278020925551
30.0,882.2460512147358
30.2,882.2123559195703
30.4,882.1768838509842
30.6,882.1395817040343
30.8,882.100394047874
31.0,882.0592633158428
31.2,882.016129795725
31.4,881.9709316202236
31.6,881.9236047576985
31.8,881.8740830032164
32.0,881.8222979699611
32.2,881.7681790810519
32.4,881.7116535618163
32.6,881.6526464325665
32.8,881.5910805019226
33.0,881.5268763607318
33.2,881.4599523766225
33.4,881.3902246892424
33.6,881.3176072062153
33.8,881.242011599861
34.0,881.1633473047117
34.2,881.0815215158622
34.4,880.996439188183
34.6,880.9080030364274
34.8,880.8161135362542
35.0,880.7206689261874
35.2,880.621565210531
35.4,880.5186961632437
35.6,880.4119533327816
35.8,880.301226047904
36.0,880.1864014244311
36.2,880.0673643729333
36.4,879.9439976073247
36.6,879.8161816543158
36.8,879.6837948636748
37.0,879.5467134192307
37.2,879.4048113505312
37.4,879.2579605450612
37.6,879.1060307608988
37.8,878.9488896396718
38.0,878.7864027196513
38.2,878.6184334487962
38.4,878.4448431975358
38.6,878.2654912710464
38.8,878.0802349207511
39.0,877.8889293547348
39.2,877.6914277467367
39.4,877.4875812433407
39.6,877.2772389689521
39.8,877.0602480281082
40.0,876.8364535046293
40.2,876.6056984570829
40.4,876.3678239099888
40.6,876.1226688401625
40.8,875.8700701575526
41.0,875.6098626799019
41.2,875.3418791005294
41.4,875.0659499485096
41.6,874.7819035405091
41.8,874.4895659235284
42.0,874.1887608078005
42.2,873.879309489103
42.4,873.5610307597631
42.6,873.2337408076656
42.8,872.8972531026241
43.0,872.5513782695286
43.2,872.1959239477675
43.4,871.8306946365044
43.6,871.4554915255055
43.8,871.0701123113329
44.0,870.6743509988596
44.2,870.2679976882243
44.4,869.8508383475057
44.6,869.4226545715906
44.8,868.983223327901
45.0,868.5323166898586
45.2,868.0697015591749
45.4,867.5951393782793
45.6,867.1083858344224
45.8,866.6091905572064
46.0,866.0972968115183
46.2,865.5724411880445
46.4,865.0343532937428
46.6,864.4827554448236
46.8,863.9173623649517
47.0,863.3378808915128
47.2,862.7440096928892
47.4,862.1354389997696
47.6,861.511850353547
47.8,860.87291637487
48.0,860.218300555367
48.2,859.5476570754894
48.4,858.8606306513033
48.6,858.1568564128969
48.8,857.4359598168755
49.0,856.6975565951811
49.2,855.9412527421989
49.4,855.1666445418149
49.6,854.3733186357541
49.8,853.5608521341737
50.0,852.7288127691141
