0.0,820.9596722322547
0.2,822.8908663877016
0.4,824.7768742269733
0.6,826.6177985360905
0.8,828.4137756953227
1.0,830.1649769646395
1.2,831.8716095444768
1.4,833.5339174064629
1.6,835.1521818907162
1.8,836.7267220682605
2.0,838.2578948690685
2.2,839.7460949781386
2.4,841.1917545038758
2.6,842.59534242483
2.8,843.9573638225356
3.0,845.278358909786
3.2,846.5589018651452
3.4,847.7995994858202
3.6,849.0010896722116
3.8,850.1640397584861
4.0,851.2891447043796
4.2,852.3771251641454
4.4,853.428725449089
4.6,854.4447114004956
4.8,855.4258681899439
5.0,856.3729980640336
5.2,857.2869180504133
5.4,858.1684576417158
5.6,859.0184564735732
5.8,859.8377620123229
6.0,860.6272272673247
6.2,861.387708542014
6.4,862.120063236919
6.6,862.8251477168872
6.8,863.5038152537231
7.0,864.156914054328
7.2,864.7852853832883
7.4,865.3897617876875
7.6,865.9711654307293
7.8,866.5303065395692
8.0,867.0679819715835
8.2,867.5849739021518
8.4,868.0820486359106
8.6,868.559955542375
8.8,869.019426115793
9.0,869.4611731581596
9.2,869.8858900834109
9.4,870.2942503400171
9.6,870.6869069484428
9.8,871.0644921492895
10.0,871.4276171573536
10.2,871.7768720163323
10.4,872.1128255485023
10.6,872.4360253933496
10.8,872.7469981288798
11.0,873.0462494691485
11.2,873.3342645314457
11.4,873.6115081665173
11.6,873.8784253452337
11.8,874.135441595183
12.0,874.3829634808015
12.2,874.6213791208262
12.4,874.8510587370733
12.6,875.0723552287966
12.8,875.285604767165
13.0,875.4911274047041
13.2,875.6892276948753
13.4,875.8801953173033
13.6,876.064305704521
13.8,876.2418206664464
14.0,876.4129890091745
14.2,876.5780471450106
14.4,876.7372196910304
14.6,876.8907200537801
14.8,877.038750998068
15.0,877.1815051981058
15.2,877.3191657695577
15.4,877.4519067813393
15.6,877.5798937462654
15.8,877.7032840898962
16.0,877.8222275971502
16.2,877.936866836458
16.4,878.0473375614196
16.6,878.153769090088
16.8,878.256284662151
17.0,878.3550017744105
17.2,878.4500324950693
17.4,878.5414837574274
17.6,878.6294576336702
17.8,878.7140515894916
18.0,878.795358720345
18.2,878.8734679701514
18.4,878.9484643333218
18.6,879.0204290409606
18.8,879.0894397321282
19.0,879.1555706110348
19.2,879.2188925910294
19.4,879.2794734262291
19.6,879.3373778316198
19.8,879.3926675924255
20.0,879.4454016635195
20.2,879.495636259619
20.4,879.5434249369678
20.6,879.5888186671792
20.8,879.631865903874
21.0,879.6726126427084
21.2,879.7111024753556
21.4,879.747376637962
21.6,879.7814740545671
21.8,879.8134313759358
22.0,879.8432830142256
22.2,879.8710611738654
22.4,879.8967958790055
22.6,879.9205149978536
22.8,879.9422442641936
23.0,879.9620072963489
23.2,879.9798256138299
23.4,879.9957186518765
23.6,880.0097037740895
23.8,880.0217962833137
24.0,880.0320094309218
24.2,880.0403544246249
24.4,880.0468404349176
24.6,880.0514746002456
24.8,880.0542620309692
25.0,880.0552058121787
25.2,880.0543070053994
25.4,880.0515646492115
25.6,880.0469757587905
25.8,880.0405353243628
26.0,880.032236308553
26.2,880.0220696425806
26.4,880.0100242212562
26.6,879.9960868967005
26.8,879.9802424707002
27.0,879.9624736855911
27.2,879.9427612135437
27.4,879.9210836441049
27.6,879.8974174698283
27.8,879.8717370698037
28.0,879.8440146908729
28.2,879.8142204262931
28.4,879.7823221915859
28.6,879.7482856972764
28.8,879.7120744182049
29.0,879.673649559056
29.2,879.6329700157235
29.4,879.5899923320932
29.6,879.5446706517916
29.8,879.4969566644135
30.0,879.4467995457048
30.2,879.3941458911411
30.4,879.3389396423021
30.6,879.2811220054099
30.8,879.2206313613586
31.0,879.1574031665289
31.2,879.0913698436451
31.4,879.0224606619063
31.6,878.9506016055857
31.8,878.8757152302735
32.0,878.7977205059149
32.2,878.7165326457778
32.4,878.6320629204797
32.6,878.5442184561944
32.8,878.4529020161693
33.0,878.3580117646983
33.2,878.2594410127182
33.4,878.1570779442372
33.6,878.0508053228483
33.8,877.9405001776482
34.0,877.8260334679578
34.2,877.7072697263325
34.4,877.5840666794652
34.6,877.4562748467081
34.8,877.3237371160882
35.0,877.1862882978586
35.2,877.0437546558079
35.4,876.89595341676
35.6,876.742692258917
35.8,876.5837687799446
36.0,876.4189699459597
36.2,876.2480715228634
36.4,876.0708374917623
36.6,875.8870194505301
36.8,875.6963560038936
37.0,875.498572144766
37.2,875.2933786298984
37.4,875.0804713532748
37.6,874.8595307210335
37.8,874.6302210320555
38.0,874.3921898687082
38.2,874.1450675025786
38.4,873.8884663203537
38.6,873.6219802753154
38.8,873.3451843702007
39.0,873.0576341774286
39.2,872.7588654029126
39.4,872.4483934998591
39.6,872.1257133390689
39.8,871.7902989423485
40.0,871.4416032856469
40.2,871.0790581784933
40.4,870.7020742261989
40.6,870.3100408811032
40.8,869.902326588885
41.0,869.4782790356223
41.2,869.0372255008722
41.4,868.5784733215362
41.6,868.1013104707057
41.8,867.6050062550119
42.0,867.0888121332711
42.2,866.5519626583938
42.4,865.9936765436407
42.6,865.4131578533459
42.8,864.8095973172158
43.0,864.1821737662343
43.2,863.5300556870925
43.4,862.8524028909069
43.6,862.1483682908173
43.8,861.4170997818635
44.0,860.6577422153558
44.2,859.8694394587766
44.4,859.051336531105
44.6,858.202581802347
44.8,857.3223292450066
45.0,856.4097407242484
45.2,855.4639883126092
45.4,854.4842566143121
45.6,853.4697450835533
45.8,852.4196703205637
46.0,851.3332683288155
46.2,850.2097967164617
46.4,849.0485368249605
46.6,847.8487957678628
46.8,846.6099083629393
47.0,845.3312389411763
47.2,844.0121830167116
47.4,842.6521688024757
47.6,841.2506585571766
47.8,839.8071497502983
48.0,838.3211760329666
48.2,836.7923080038707
48.4,835.2201537608971
48.6,833.6043592307194
48.8,831.9446082702856
49.0,830.2406225359313
49.2,828.492161117707
49.4,826.6990199384197
49.6,824.8610309188358
49.8,822.9780609124541
50.0,821.0500104152043
