0.0,775.9695601046504
0.2,778.0226472771653
0.4,780.0426912286789
0.6,782.0307338799417
0.8,783.9877604602885
1.0,785.9146983665321
1.2,787.8124164343977
1.4,789.6817246212361
1.6,791.5233740942333
1.8,793.3380577139573
2.0,795.1264108989194
2.2,796.8890128529415
2.4,798.6263881335516
2.6,800.3390085364516
2.8,802.0272952683184
3.0,803.6916213778717
3.2,805.3323144132818
3.4,806.9496592726065
3.6,808.5439012130531
3.8,810.1152489844509
4.0,811.6638780523773
4.2,813.1899338768994
4.4,814.6935352138239
4.6,816.1747774066869
4.8,817.6337356393966
5.0,819.0704681214474
5.2,820.4850191798844
5.4,821.8774222346879
5.6,823.2477026368998
5.8,824.595880351587
6.0,825.9219724705852
6.2,827.2259955428323
6.4,828.507967712947
6.6,829.7679106614928
6.8,831.0058513430496
7.0,832.2218235207574
7.2,833.4158690983849
7.4,834.5880392531617
7.6,835.738395374605
7.8,836.8670098163269
8.0,837.9739664693442
8.2,839.0593611667031
8.4,840.1233019302916
8.6,841.1659090715303
8.8,842.1873151582348
9.0,843.1876648603242
9.2,844.167114687231
9.4,845.1258326298605
9.6,846.0639977197782
9.8,846.9817995179748
10.0,847.8794375451095
10.2,848.7571206645611
10.4,849.6150664289651
10.6,850.4535004001838
10.8,851.2726554518771
11.0,852.0727710630205
11.2,852.8540926098855
11.4,853.616870663151
11.6,854.3613602959814
11.8,855.0878204080979
12.0,855.7965130700782
12.2,856.4877028913828
12.4,857.1616564148998
12.6,857.8186415401516
12.8,858.4589269767099
13.0,859.0827817288248
13.2,859.6904746117875
13.4,860.2822738001217
13.6,860.858446407325
13.8,861.4192580965638
14.0,861.964972721462
14.2,862.4958519959022
14.4,863.0121551915886
14.6,863.5141388619885
14.8,864.0020565911747
15.0,864.4761587660315
15.2,864.9366923702573
15.4,865.3839007985874
15.6,865.8180236896821
15.8,866.2392967761568
16.0,866.6479517502804
16.2,867.0442161439316
16.4,867.4283132214721
16.6,867.8004618842725
16.8,868.1608765857096
17.0,868.5097672555369
17.2,868.8473392326129
17.4,869.173793205061
17.6,869.4893251570093
17.8,869.794126321145
18.0,870.0883831363891
18.2,870.3722772100707
18.4,870.6459852840471
18.6,870.9096792042792
18.8,871.1635258934264
19.0,871.407687326083
19.2,871.6423205063205
19.4,871.8675774472486
19.6,872.0836051523438
19.8,872.2905455983291
20.0,872.4885357194221
20.2,872.677707392792
20.4,872.8581874250935
20.6,873.0300975399637
20.8,873.193554366386
21.0,873.3486694278449
21.2,873.4955491322006
21.4,873.634294762233
21.6,873.7650024668055
21.8,873.8877632526144
22.0,874.0026629764898
22.2,874.1097823382253
22.4,874.2091968739132
22.6,874.3009769497706
22.8,874.3851877564393
23.0,874.4618893037514
23.2,874.5311364159473
23.4,874.5929787273432
23.6,874.6474606784337
23.8,874.6946215124342
24.0,874.7344952722491
24.2,874.7671107978688
24.4,874.7924917241875
24.6,874.8106564792428
24.8,874.8216182828729
25.0,874.8253851457905
25.2,874.8219598690711
25.4,874.8113400440571
25.6,874.7935180526748
25.8,874.7684810681646
26.0,874.7362110562261
26.2,874.6966847765773
26.4,874.6498737849291
26.6,874.5957444353769
26.8,874.5342578832106
27.0,874.4653700881462
27.2,874.3890318179817
27.4,874.30518865268
27.6,874.2137809888851
27.8,874.1147440448756
28.0,874.0080078659643
28.2,873.8934973303498
28.4,873.7711321554323
28.6,873.640826904607
28.8,873.5024909945491
29.0,873.3560287030111
29.2,873.2013391771566
29.4,873.0383164424587
29.6,872.8668494122015
29.8,872.6868218976257
30.0,872.4981126187738
30.2,872.300595216098
30.4,872.0941382629102
30.6,871.8786052787639
30.8,871.653854743883
31.0,871.4197401147649
31.2,871.1761098411159
31.4,870.9228073843008
31.6,870.6596712375174
31.8,870.3865349479488
32.0,870.1032271411752
32.2,869.809571548178
32.4,869.505387035315
32.6,869.1904876376964
32.8,868.8646825964506
33.0,868.5277764004339
33.2,868.1795688329977
33.4,867.8198550245085
33.6,867.4484255113834
33.8,867.0650663024896
34.0,866.6695589538326
34.2,866.2616806525469
34.4,865.8412043112852
34.6,865.4078986741861
34.8,864.9615284356835
35.0,864.5018543734969
35.2,864.0286334972121
35.4,863.5416192139245
35.6,863.0405615124686
35.8,862.5252071677877
36.0,861.9952999670179
36.2,861.4505809588562
36.4,860.8907887277451
36.6,860.3156596943542
36.8,859.7249284437395
37.0,859.11832808243
37.2,858.4955906255221
37.4,857.856447414638
37.6,857.2006295673445
37.8,856.5278684583069
38.0,855.8378962320771
38.2,855.130446346994
38.4,854.4052541491827
38.6,853.6620574751018
38.8,852.9005972804831
39.0,852.120618292864
39.2,851.3218696842055
39.4,850.504105759343
39.6,849.6670866552339
39.8,848.810579045147
40.0,847.9343568411083
40.2,847.0382018870699
40.4,846.1219046344352
40.6,845.1852647907485
40.8,844.2280919315823
41.0,843.2502060649173
41.2,842.2514381366643
41.4,841.2316304654009
41.6,840.1906370939487
41.8,839.1283240450928
42.0,838.0445694685687
42.2,836.9392636664448
42.4,835.8123089842055
42.6,834.6636195552306
42.8,833.4931208869676
43.0,832.3007492779182
43.2,831.0864510556273
43.4,829.8501816271591
43.6,828.5919043350839
43.8,827.3115891137683
44.0,826.0092109427562
44.2,824.6847480962261
44.4,823.338180189906
44.6,821.969486029378
44.8,820.5786412664022
45.0,819.1656158726748
45.2,817.7303714433002
45.4,816.2728583451278
45.6,814.7930127279626
45.8,813.2907534194416
46.0,811.7659787270281
46.2,810.2185631730736
46.4,808.6483541911638
46.6,807.0551688139757
46.8,805.4387903845599
47.0,803.7989653242971
47.2,802.1353999917185
47.4,800.4477576668877
47.6,798.7356556961054
47.8,796.9986628312737
48.0,795.236296797366
48.2,793.4480221200473
48.4,791.6332482436276
48.6,789.7913279671798
48.8,787.9215562238729
49.0,786.0231692253608
49.2,784.0953439894917
49.4,782.1371982656967
49.6,780.1477908682328
49.8,778.1261224230611
50.0,776.0711365295969
