0.0,855.912624015375
0.2,856.6266513794427
0.4,857.3252690903441
0.6,858.008672520582
0.8,858.6770573162205
1.0,859.3306193737511
1.2,859.9695548152546
1.4,860.5940599618424
1.6,861.2043313053681
1.8,861.8005654784079
2.0,862.382959222511
2.2,862.951709354733
2.4,863.5070127324673
2.6,864.0490662165965
2.8,864.5780666329953
3.0,865.0942107324167
3.2,865.5976951488061
3.4,866.0887163560876
3.6,866.5674706234747
3.8,867.0341539693659
4.0,867.4889621138846
4.2,867.9320904301338
4.4,868.3637338942381
4.6,868.7840870342472
4.8,869.1933438779859
5.0,869.5916978999333
5.2,869.9793419672202
5.4,870.3564682848366
5.6,870.7232683401439
5.8,871.079932846789
6.0,871.4266516881197
6.2,871.7636138602037
6.4,872.0910074145528
6.6,872.4090194006562
6.8,872.7178358084303
7.0,873.0176415106871
7.2,873.3086202057295
7.4,873.5909543601772
7.6,873.8648251521283
7.8,874.1304124147623
8.0,874.3878945804835
8.2,874.6374486257104
8.4,874.8792500164069
8.6,875.1134726544552
8.8,875.340288824962
9.0,875.5598691445942
9.2,875.7723825110288
9.4,875.977996053606
9.6,876.1768750852667
9.8,876.3691830558525
10.0,876.5550815068435
10.2,876.7347300276041
10.4,876.908286213204
10.6,877.0759056238741
10.8,877.2377417461577
11.0,877.3939459558059
11.2,877.5446674824674
11.4,877.6900533762142
11.6,877.8302484759422
11.8,877.9653953796762
12.0,878.0956344168118
12.2,878.2211036223108
12.4,878.3419387128727
12.6,878.45827306509
12.8,878.5702376955976
13.0,878.6779612432157
13.2,878.7815699530851
13.4,878.8811876627852
13.6,878.9769357904233
13.8,879.0689333246763
14.0,879.1572968167624
14.2,879.2421403743174
14.4,879.3235756571435
14.6,879.4017118747939
14.8,879.4766557859555
15.0,879.5485116995851
15.2,879.6173814777521
15.4,879.6833645401365
15.6,879.7465578701281
15.8,879.8070560224693
16.0,879.8649511323812
16.2,879.9203329261092
16.4,879.9732887328227
16.6,880.0239034977993
16.8,880.0722597968255
17.0,880.1184378517381
17.2,880.1625155470356
17.4,880.2045684474796
17.6,880.2446698166139
17.8,880.2828906361184
18.0,880.3192996259229
18.2,880.3539632649969
18.4,880.3869458127384
18.6,880.4183093308794
18.8,880.4481137058276
19.0,880.4764166713647
19.2,880.5032738316195
19.4,880.5287386842368
19.6,880.552862643665
19.8,880.5756950644799
20.0,880.5972832646717
20.2,880.6176725488176
20.4,880.6369062310652
20.6,880.6550256578536
20.8,880.6720702303028
21.0,880.6880774261991
21.2,880.703082821511
21.4,880.7171201113695
21.6,880.730221130449
21.8,880.74241587269
22.0,880.7537325103023
22.2,880.764197411995
22.4,880.7738351603801
22.6,880.7826685684977
22.8,880.7907186954163
23.0,880.7980048608653
23.2,880.8045446588536
23.4,880.8103539702414
23.6,880.8154469742248
23.8,880.8198361587039
24.0,880.8235323295057
24.2,880.8265446184332
24.4,880.8288804901227
24.6,880.8305457476864
24.8,880.8315445371272
25.0,880.8318793505138
25.2,880.8315510279048
25.4,880.83055875802
25.6,880.8289000776556
25.8,880.8265708698441
26.0,880.8235653607668
26.2,880.8198761154248
26.4,880.8154940320827
26.6,880.8104083354997
26.8,880.8046065689668
27.0,880.7980745851744
27.2,880.7907965359327
27.4,880.7827548607769
27.6,880.7739302744887
27.8,880.7643017535689
28.0,880.7538465216993
28.2,880.7425400342377
28.4,880.730355961789
28.6,880.7172661729
28.8,880.7032407159293
29.0,880.6882478001443
29.2,880.6722537761032
29.4,880.6552231153782
29.6,880.6371183896825
29.8,880.6179002494627
30.0,880.5975274020238
30.2,880.5759565892542
30.4,880.5531425650184
30.6,880.5290380722911
30.8,880.5035938201039
31.0,880.4767584603808
31.2,880.448478564737
31.4,880.4186986013186
31.6,880.3873609117628
31.8,880.3544056883543
32.0,880.3197709514616
32.2,880.2833925273305
32.4,880.2452040263172
32.6,880.2051368216397
32.8,880.1631200287305
33.0,880.1190804852689
33.2,880.0729427319732
33.4,880.0246289942323
33.6,879.9740591646562
33.8,879.9211507866177
34.0,879.8658190388679
34.2,879.8079767212938
34.4,879.7475342418932
34.6,879.6843996050376
34.8,879.6184784010903
35.0,879.5496737974449
35.2,879.4778865310501
35.4,879.4030149024782
35.6,879.3249547715967
35.8,879.2435995548971
36.0,879.1588402245285
36.2,879.0705653090895
36.4,878.9786608962155
36.6,878.8830106370034
36.8,878.7834957523107
37.0,878.6799950409568
37.2,878.5723848898552
37.4,878.4605392860993
37.6,878.3443298310164
37.8,878.2236257562059
38.0,878.0982939415684
38.2,877.9681989353261
38.4,877.8332029760367
38.6,877.6931660165905
38.8,877.5479457501791
39.0,877.3973976382183
39.2,877.2413749402035
39.4,877.0797287454673
39.6,876.9123080068094
39.8,876.7389595759589
40.0,876.5595282408262
40.2,876.3738567644984
40.4,876.1817859259223
40.6,875.9831545622195
40.8,875.7777996125727
41.0,875.565556163613
41.2,875.3462574962409
41.4,875.1197351338042
41.6,874.885818891554
41.8,874.6443369272964
42.0,874.3951157931548
42.2,874.137980488351
42.4,873.8727545129154
42.6,873.59925992223
42.8,873.3173173823052
43.0,873.0267462256949
43.2,872.727364507944
43.4,872.4189890644675
43.6,872.1014355677563
43.8,871.7745185848062
44.0,871.4380516346611
44.2,871.0918472459681
44.4,870.7357170144369
44.6,870.3694716600979
44.8,869.9929210842572
45.0,869.6058744260413
45.2,869.2081401184341
45.4,868.7995259437035
45.6,868.379839088122
45.8,867.9488861958845
46.0,867.5064734221339
46.2,867.0524064850036
46.4,866.5864907165927
46.6,866.1085311127916
46.8,865.6183323818839
47.0,865.1156989918467
47.2,864.6004352162864
47.4,864.0723451789447
47.6,863.5312328967157
47.8,862.9769023211237
48.0,862.4091573782155
48.2,861.8278020068213
48.4,861.2326401951574
48.6,860.6234760157326
48.8,860.0001136585424
49.0,859.3623574625306
49.2,858.7100119453103
49.4,858.0428818311398
49.6,857.3607720771561
49.8,856.6634878978753
50.0,855.9508347879761
