0.0,605.0733602070942
0.2,610.9828977300464
0.4,616.7555954608264
0.6,622.3946173666519
0.8,627.9030799720025
1.0,633.284050531418
1.2,638.5405453576169
1.4,643.67552830637
1.6,648.6919094188752
1.8,653.5925437217004
2.0,658.3802301836782
2.2,663.0577108284617
2.4,667.6276700007983
2.6,672.092733783935
2.8,676.4554695649556
3.0,680.7183857442641
3.2,684.8839315848753
3.4,688.9544971966519
3.6,692.9324136501561
3.8,696.81995321434
4.0,700.6193297119158
4.2,704.3326989859006
4.4,707.962159470534
4.6,711.509752859528
4.8,714.9774648644099
5.0,718.367226055576
5.2,721.6809127785879
5.4,724.9203481381884
5.6,728.0873030425321
5.8,731.1834973001703
6.0,734.2106007624308
6.2,737.1702345039705
6.4,740.0639720344649
6.6,742.893340534608
6.8,745.6598221098563
7.0,748.3648550556264
7.2,751.0098351279679
7.4,753.5961168140693
7.6,756.1250145973033
7.8,758.5978042118918
8.0,761.0157238826517
8.2,763.3799755456755
8.4,765.6917260461972
8.6,767.9521083102941
8.8,770.162222487474
9.0,772.3231370615904
9.2,774.4358899279155
9.4,776.5014894345791
9.6,778.5209153869444
9.8,780.4951200138427
10.0,782.4250288949231
10.2,784.3115418486876
10.4,786.1555337810762
10.6,787.9578554947449
10.8,789.7193344594289
11.0,791.4407755440131
11.2,793.1229617111436
11.4,794.7666546753912
11.6,796.3725955261457
11.8,797.9415053165544
12.0,799.4740856199342
12.2,800.9710190551822
12.4,802.4329697827841
12.6,803.8605839730683
12.8,805.2544902483961
13.0,806.6153001009875
13.2,807.9436082880877
13.4,809.239993206162
13.6,810.5050172457801
13.8,811.7392271288085
14.0,812.9431542294789
14.2,814.1173148808375
14.4,815.2622106680134
14.6,816.3783287096635
14.8,817.4661419288752
15.0,818.5261093147137
15.2,819.5586761755202
15.4,820.5642743849688
15.6,821.5433226218028
15.8,822.4962266040734
16.0,823.4233793186189
16.2,824.3251612464275
16.4,825.2019405844409
16.6,826.0540734642758
16.8,826.8819041682525
17.0,827.6857653430503
17.2,828.4659782112323
17.4,829.222852780818
17.6,829.9566880530188
17.8,830.6677722281902
18.0,831.356382910009
18.2,832.0227873078306
18.4,832.6672424371417
18.6,833.2899953179849
18.8,833.8912831712031
19.0,834.4713336123177
19.2,835.0303648428364
19.4,835.5685858387653
19.6,836.0861965360842
19.8,836.5833880129351
20.0,837.0603426682616
20.2,837.5172343966376
20.4,837.9542287590174
20.6,838.3714831491408
20.8,838.7691469553323
21.0,839.1473617174346
21.2,839.5062612786248
21.4,839.8459719318724
21.6,840.1666125608025
21.8,840.4682947747414
22.0,840.7511230377336
22.2,841.0151947913276
22.4,841.2606005709429
22.6,841.4874241156422
22.8,841.6957424711459
23.0,841.8856260859377
23.2,842.0571389003234
23.4,842.2103384283171
23.6,842.345275832243
23.8,842.46199598995
24.0,842.5605375545491
24.2,842.6409330065986
24.4,842.7032086986674
24.6,842.7473848922214
24.8,842.7734757867885
25.0,842.7814895413665
25.2,842.7714282880503
25.4,842.7432881378622
25.6,842.6970591787839
25.8,842.6327254659916
26.0,842.5502650043139
26.2,842.4496497229351
26.4,842.3308454423803
26.6,842.1938118338292
26.8,842.0385023708133
27.0,841.8648642733646
27.2,841.6728384446935
27.4,841.4623594004859
27.6,841.2333551909176
27.8,840.9857473155012
28.0,840.7194506308873
28.2,840.4343732517588
28.4,840.1304164449622
28.6,839.8074745170426
28.8,839.4654346953484
29.0,839.1041770028969
29.2,838.7235741271909
29.4,838.3234912831995
29.6,837.9037860707172
29.8,837.4643083263311
30.0,837.0048999702333
30.2,836.5253948481216
30.4,836.0256185684391
30.6,835.5053883352083
30.8,834.9645127767161
31.0,834.402791770307
31.2,833.8200162635386
31.4,833.2159680919497
31.6,832.5904197936806
31.8,831.943134421177
32.0,831.2738653501884
32.2,830.5823560862568
32.4,829.868340068866
32.6,829.1315404733931
32.8,828.3716700109736
33.0,827.5884307263509
33.2,826.781513793741
33.4,825.9505993106948
33.6,825.0953560898874
33.8,824.2154414487095
34.0,823.3105009964676
34.2,822.38016841894
34.4,821.4240652599565
34.6,820.4418006996001
34.8,819.432971328543
35.0,818.3971609179508
35.2,817.3339401842987
35.4,816.2428665483561
35.6,815.1234838875063
35.8,813.9753222804734
36.0,812.7978977434417
36.2,811.5907119564586
36.4,810.3532519789264
36.6,809.0849899529012
36.8,807.7853827928369
37.0,806.45387186034
37.2,805.0898826224246
37.4,803.6928242917098
37.6,802.2620894469354
37.8,800.7970536321474
38.0,799.2970749328678
38.2,797.7614935275523
38.4,796.189631212646
38.6,794.5807908995579
38.8,792.934256081917
39.0,791.2492902715263
39.2,789.5251364015021
39.4,787.7610161951899
39.6,785.9561294995552
39.8,784.109653581896
40.0,782.2207423888796
40.2,780.2885257670963
40.4,778.3121086445282
40.6,776.290570172562
40.8,774.2229628284306
41.0,772.1083114782414
41.2,769.9456124010462
41.4,767.7338322747232
41.6,765.4719071247754
41.8,763.1587412374998
42.0,760.7932060393478
42.2,758.3741389446723
42.4,755.900342174447
42.6,753.370581548933
42.8,750.7835852576695
43.0,748.1380426105643
43.2,745.4326027742545
43.4,742.6658734983002
43.6,739.8364198361569
43.8,736.9427628662397
44.0,733.9833784187472
44.2,730.9566958142422
44.4,727.8610966202987
44.6,724.6949134328038
44.8,721.4564286887526
45.0,718.1438735175944
45.2,714.7554266383626
45.4,711.2892133099621
45.6,707.7433043420865
45.8,704.1157151742832
46.0,700.4044050306923
46.2,696.6072761579428
46.4,692.7221731535888
46.6,688.7468823923309
46.8,684.6791315570704
47.0,680.5165892815942
47.2,676.2568649114014
47.4,671.8975083888284
47.6,667.4360102682448
47.8,662.8698018666523
48.0,658.1962555545404
48.2,653.4126851913335
48.4,648.5163467092102
48.6,643.5044388484864
48.8,638.3741040471376
49.0,633.1224294864007
49.2,627.7464482937298
49.4,622.2431409037143
49.6,616.6094365768829
49.8,610.8422150756304
50.0,604.9383084958246
