0.0,855.0842134419117
0.2,855.810408548133
0.4,856.5205016683822
0.6,857.2149186038388
0.8,857.8940240261148
1.0,858.5581310528754
1.2,859.2075123889898
1.4,859.842411265926
1.6,860.463050899387
1.8,861.0696418349189
2.0,861.6623871302049
2.2,862.2414856972124
2.4,862.8071342784983
2.6,863.3595285178019
2.8,863.898863486772
3.0,864.4253339133115
3.2,864.9391342592985
3.4,865.440458727849
3.6,865.9295012397051
3.8,866.4064553966716
4.0,866.8715144395859
4.2,867.3248712037356
4.4,867.7667180728008
4.6,868.1972469317172
4.8,868.6166491186332
5.0,869.0251153760598
5.2,869.422835801295
5.4,869.8099997961993
5.6,870.1867960164046
5.8,870.5534123200355
6.0,870.9100357160258
6.2,871.256852312118
6.4,871.5940472626269
6.6,871.92180471606
6.8,872.2403077626793
7.0,872.5497383820936
7.2,872.8502773909719
7.4,873.1421043909659
7.6,873.4253977169285
7.8,873.70033438552
8.0,873.967090044285
8.2,874.2258389212891
8.4,874.4767537753997
8.6,874.7200058472915
8.8,874.9557648112602
9.0,875.1841987279224
9.2,875.405473997879
9.4,875.6197553164136
9.6,875.827205629301
9.8,876.0279860897906
10.0,876.2222560168311
10.2,876.4101728545974
10.4,876.5918921333797
10.6,876.767567431887
10.8,876.937350341016
11.0,877.1013904291345
11.2,877.2598352089183
11.4,877.4128301057831
11.6,877.5605184279455
11.8,877.7030413381419
12.0,877.8405378270327
12.2,877.9731446883113
12.4,878.100996495539
12.6,878.224225580714
12.8,878.3429620145869
13.0,878.4573335887228
13.2,878.5674657993163
13.4,878.6734818327466
13.6,878.7755025528711
13.8,878.8736464900422
14.0,878.968029831829
14.2,879.0587664154261
14.4,879.1459677217233
14.6,879.2297428710075
14.8,879.3101986202655
15.0,879.3874393620526
15.2,879.4615671248873
15.4,879.53268157513
15.6,879.6008800203023
15.8,879.6662574137952
16.0,879.7289063609201
16.2,879.7889171262447
16.4,879.8463776421609
16.6,879.9013735186257
16.8,879.9539880540149
17.0,880.0043022470265
17.2,880.0523948095735
17.4,880.0983421805954
17.6,880.1422185407276
17.8,880.1840958277567
18.0,880.2240437527945
18.2,880.2621298171024
18.4,880.2984193294932
18.6,880.3329754242428
18.8,880.3658590794398
19.0,880.397129135701
19.2,880.4268423151844
19.4,880.4550532408281
19.6,880.4818144557447
19.8,880.5071764427037
20.0,880.5311876436307
20.2,880.5538944790588
20.4,880.5753413674638
20.6,880.5955707444177
20.8,880.6146230814992
21.0,880.6325369048963
21.2,880.6493488136406
21.4,880.6650934974168
21.6,880.6798037538878
21.8,880.6935105054814
22.0,880.7062428155876
22.2,880.7180279041127
22.4,880.7288911623441
22.6,880.7388561670815
22.8,880.7479446939881
23.0,880.756176730123
23.2,880.7635704856176
23.4,880.7701424044599
23.6,880.7759071743541
23.8,880.7808777356277
24.0,880.7850652891581
24.2,880.7884793032969
24.4,880.7911275197691
24.6,880.7930159585335
24.8,880.7941489215859
25.0,880.7945289956982
25.2,880.7941570540821
25.4,880.7930322569752
25.6,880.791152051146
25.8,880.7885121683215
26.0,880.7851066225394
26.2,880.7809277064364
26.4,880.7759659864802
26.6,880.7702102971625
26.8,880.7636477341681
27.0,880.7562636465418
27.2,880.7480416278767
27.4,880.7389635065485
27.6,880.7290093350291
27.8,880.7181573783065
28.0,880.7063841014515
28.2,880.6936641563656
28.4,880.679970367751
28.6,880.6652737183491
28.8,880.6495433334882
29.0,880.6327464649925
29.2,880.6148484745027
29.4,880.5958128162578
29.6,880.5756010193971
29.8,880.5541726698374
30.0,880.5314853917824
30.2,880.5074948289306
30.4,880.4821546254366
30.6,880.4554164066957
30.8,880.4272297600147
31.0,880.3975422152349
31.2,880.3662992253753
31.4,880.3334441473647
31.6,880.2989182229328
31.8,880.2626605597285
32.0,880.2246081127371
32.2,880.1846956660661
32.4,880.1428558151716
32.6,880.0990189495946
32.8,880.0531132362792
33.0,880.0050646035411
33.2,879.9547967257572
33.4,879.9022310088445
33.6,879.8472865765958
33.8,879.7898802579388
34.0,879.7299265751836
34.2,879.6673377333244
34.4,879.6020236104524
34.6,879.5338917493459
34.8,879.4628473502917
35.0,879.3887932651937
35.2,879.3116299930251
35.4,879.2312556766703
35.6,879.1475661012086
35.8,879.0604546936828
36.0,878.9698125243935
36.2,878.8755283097609
36.4,878.7774884167862
36.6,878.6755768691472
36.8,878.5696753549531
37.0,878.4596632361869
37.2,878.3454175598517
37.4,878.2268130708417
37.6,878.1037222265459
37.8,877.9760152131968
38.0,877.8435599639668
38.2,877.7062221788108
38.4,877.5638653460534
38.6,877.4163507657094
38.8,877.2635375745255
39.0,877.105282772727
39.2,876.9414412524451
39.4,876.7718658278001
39.6,876.596407266611
39.8,876.4149143236948
40.0,876.2272337757173
40.2,876.0332104575534
40.4,875.8326873001085
40.6,875.6255053695509
40.8,875.4115039078996
41.0,875.1905203749105
41.2,874.9623904911981
41.4,874.7269482825266
41.6,874.4840261252044
41.8,874.2334547925085
42.0,873.9750635020644
42.2,873.7086799641068
42.4,873.4341304305393
42.6,873.1512397447146
42.8,872.8598313918485
43.0,872.559727549986
43.2,872.2507491414312
43.4,871.932715884555
43.6,871.605446345891
43.8,871.2687579924316
44.0,870.9224672440353
44.2,870.5663895258547
44.4,870.2003393206979
44.6,869.8241302212349
44.8,869.437574981959
45.0,869.0404855708208
45.2,868.632673220446
45.4,868.2139484788567
45.6,867.7841212596122
45.8,867.3430008912933
46.0,866.8903961662467
46.2,866.4261153885142
46.4,865.9499664208424
46.6,865.4617567306082
46.8,864.9612934342697
47.0,864.4483833392961
47.2,863.9228329807457
47.4,863.3844486452214
47.6,862.8330363647966
47.8,862.2684018424748
48.0,861.6903502313356
48.2,861.0986856238841
48.4,860.4932100132269
48.6,859.8737213747042
48.8,859.2400104211708
49.0,858.5918555713514
49.2,857.9290158174658
49.4,857.2512215419155
49.6,856.5581638950413
49.8,855.8494839768583
50.0,855.1247635388381
