0.0,871.9819861670661
0.2,872.5165599393107
0.4,873.0298110006829
0.6,873.5218995590914
0.8,873.9930231312368
1.0,874.4434164120886
1.2,874.8733508270325
1.4,875.2831337744983
1.6,875.6731075705782
1.8,876.0436481106269
2.0,876.3951632660553
2.2,876.7280910374261
2.4,877.0428974875011
2.6,877.3400744800327
2.8,877.620137251822
3.0,877.8836218468484
3.2,878.1310824421186
3.4,878.3630885952722
3.6,878.5802224439345
3.8,878.7830758863307
4.0,878.9722477718027
4.2,879.1483411286214
4.4,879.3119604549026
4.6,879.463709096556
4.8,879.6041867340601
5.0,879.7339869975208
5.2,879.8536952269692
5.4,879.9638863922532
5.6,880.0651231842041
5.8,880.1579542860808
6.0,880.2429128316408
6.2,880.3205150536056
6.4,880.3912591238136
6.6,880.4556241840231
6.8,880.5140695641642
7.0,880.5670341828686
7.2,880.6149361233473
7.4,880.6581723761512
7.6,880.6971187390444
7.8,880.732129863155
8.0,880.7635394337299
8.2,880.791660473214
8.4,880.8167857539901
8.6,880.8391883079267
8.8,880.8591220199008
9.0,880.8768222926383
9.2,880.8925067705608
9.4,880.9063761108002
9.6,880.9186147901365
9.8,880.9293919372928
10.0,880.938862180795
10.2,880.947166503404
10.4,880.9544330949931
10.6,880.9607781966065
10.8,880.9663069293147
11.0,880.9711141023465
11.2,880.9752849958172
11.4,880.9788961141858
11.6,880.9820159073375
11.8,880.9847054569083
12.0,880.9870191261298
12.2,880.9890051720818
12.4,880.990706319783
12.6,880.9921602980359
12.8,880.9934003373672
13.0,880.9944556307695
13.2,880.9953517582555
13.4,880.996111076493
13.6,880.9967530749879
13.8,880.9972947004416
14.0,880.99775065102
14.2,880.9981336423443
14.4,880.9984546470587
14.6,880.9987231098366
14.8,880.9989471396746
15.0,880.9991336812843
15.2,880.9992886673427
15.4,880.9994171532885
15.6,880.9995234362741
15.8,880.9996111597987
16.0,880.9996834054513
16.2,880.9997427730951
16.4,880.9997914507364
16.6,880.9998312752098
16.8,880.999863784731
17.0,880.9998902642666
17.2,880.9999117845838
17.4,880.9999292357628
17.6,880.9999433558695
17.8,880.9999547554174
18.0,880.9999639381737
18.2,880.999971318807
18.4,880.9999772378123
18.6,880.999981974097
18.8,880.9999857555628
19.0,880.999988767982
19.2,880.999991162416
19.4,880.9999930614034
19.6,880.9999945641042
19.8,880.9999957505656
20.0,880.99999668525
20.2,880.9999974199435
20.4,880.9999979961478
20.6,880.9999984470433
20.8,880.9999987990923
21.0,880.9999990733495
21.2,880.9999992865264
21.4,880.9999994518549
21.6,880.999999579787
21.8,880.999999678559
22.0,880.9999997546448
22.2,880.9999998131218
22.4,880.9999998579616
22.6,880.9999998922631
22.8,880.9999999184386
23.0,880.9999999383605
23.2,880.999999953478
23.4,880.999999964909
23.6,880.9999999735128
23.8,880.9999999799461
24.0,880.9999999847073
24.2,880.9999999881704
24.4,880.9999999906111
24.6,880.9999999922252
24.8,880.9999999931438
25.0,880.9999999934417
25.2,880.9999999931438
25.4,880.9999999922252
25.6,880.9999999906111
25.8,880.9999999881705
26.0,880.9999999847076
26.2,880.9999999799466
26.4,880.9999999735135
26.6,880.99999996491
26.8,880.9999999534793
27.0,880.9999999383625
27.2,880.9999999184415
27.4,880.9999998922669
27.6,880.9999998579667
27.8,880.9999998131289
28.0,880.9999997546543
28.2,880.9999996785714
28.4,880.9999995798037
28.6,880.9999994518769
28.8,880.9999992865555
29.0,880.9999990733882
29.2,880.9999987991431
29.4,880.99999844711
29.6,880.9999979962354
29.8,880.9999974200579
30.0,880.9999966853994
30.2,880.99999575076
30.4,880.9999945643568
30.6,880.9999930617312
30.8,880.9999911628404
31.0,880.9999887685303
31.2,880.9999857562699
31.4,880.9999819750067
31.6,880.9999772389806
31.8,880.9999713203039
32.0,880.9999639400878
32.2,880.9999547578605
32.4,880.999943358981
32.6,880.9999292397175
32.8,880.9999117896003
33.0,880.9998902706172
33.2,880.9998637927545
33.4,880.999831285326
33.6,880.9997914634657
33.8,880.9997427890805
34.0,880.9996834254856
34.2,880.9996111848578
34.4,880.9995234675556
34.6,880.9994171922601
34.8,880.9992887157991
35.0,880.9991337414148
35.2,880.9989472141451
35.4,880.9987232018857
35.6,880.9984547606127
35.8,880.9981337821539
36.0,880.9977508228202
36.2,880.9972949111419
36.4,880.9967533328953
36.6,880.9961113915742
36.8,880.9953521424427
37.0,880.9944560983187
37.2,880.9934009052761
37.4,880.9921609865283
37.6,880.9907071528722
37.8,880.9890061782213
38.0,880.9870203389653
38.2,880.9847069161436
38.4,880.9820176597294
38.6,880.978898214684
38.8,880.9752875088692
39.0,880.971117103385
39.2,880.9663105064516
39.4,880.9607824525559
39.6,880.9544381492501
39.8,880.9471724947061
40.0,880.9388692698986
40.2,880.9294003100952
40.4,880.9186246611793
40.6,880.9063877271918
40.8,880.8925204163556
41.0,880.8768382937176
41.2,880.859140749395
41.4,880.8392101922298
41.6,880.8168112794109
41.8,880.7916901933165
42.0,880.763573977413
42.2,880.7321699435258
42.4,880.6971651631385
42.6,880.6582260555562
42.8,880.6149980857842
43.0,880.5671055847881
43.2,880.5141517044113
43.4,880.4557185186269
43.6,880.3913672819541
43.8,880.3206388548093
44.0,880.2430543042544
44.2,880.158115687068
44.4,880.0653070203086
44.6,879.9640954425652
44.8,879.8539325669282
45.0,879.7342560243833
45.2,879.6044911938508
45.4,879.4640531125184
45.6,879.3123485574569
45.8,879.1487782868251
46.0,878.9727394263069
46.2,878.7836279838122
46.4,878.5808414729755
46.6,878.3637816236503
46.8,878.1318571554586
47.0,877.8844865885783
47.2,877.6211010643641
47.4,877.341147147153
47.6,877.044089577727
47.8,876.7294139484341
48.0,876.3966292699212
48.2,876.045270399822
48.4,875.6749003045836
48.6,875.2851121269061
48.8,874.8755310329917
49.0,874.4458158159483
49.2,873.9956602342335
49.4,873.524794066925
49.6,873.0329838708175
49.8,872.5200334278384
50.0,871.9857838749683
