0.0,864.316739800319
0.2,864.9258261691515
0.4,865.5188209937285
0.6,866.0959233140866
0.8,866.6573354694508
1.0,867.2032631031066
1.2,867.7339151526089
1.4,868.249503825299
1.6,868.7502445591638
1.8,869.2363559691527
2.0,869.7080597791235
2.2,870.1655807396679
2.4,870.6091465321259
2.6,871.038987659165
2.8,871.455337322359
3.0,871.8584312872649
3.2,872.2485077365446
3.4,872.6258071117343
3.6,872.9905719443125
3.8,873.3430466767596
4.0,873.6834774743429
4.2,874.0121120283977
4.4,874.3291993519039
4.6,874.6349895681865
4.8,874.929733693587
5.0,875.2136834149748
5.2,875.4870908629725
5.4,875.7502083817863
5.6,876.0032882965248
5.8,876.2465826788964
6.0,876.480343112165
6.2,876.7048204562321
6.4,876.9202646137024
6.6,877.1269242977658
6.8,877.3250468027092
7.0,877.5148777778453
7.2,877.6966610056118
7.4,877.870638184563
7.6,878.037048717944
7.8,878.1961295084903
8.0,878.3481147600621
8.2,878.4932357866757
8.4,878.6317208294507
8.6,878.7637948819464
8.8,878.8896795243104
9.0,879.0095927666183
9.2,879.1237489017329
9.4,879.2323583679614
9.6,879.3356276217423
9.8,879.4337590205452
10.0,879.5269507161173
10.2,879.6153965581658
10.4,879.6992860085182
10.6,879.7788040657575
10.8,879.8541312002894
11.0,879.9254432997536
11.2,879.9929116246551
11.4,880.0567027740525
11.6,880.1169786611061
11.8,880.1738964982553
12.0,880.2276087917636
12.2,880.2782633453455
12.4,880.326003272558
12.6,880.3709670176211
12.8,880.4132883843113
13.0,880.4530965725505
13.2,880.490516222302
13.4,880.5256674643693
13.6,880.5586659776867
13.8,880.5896230526772
14.0,880.6186456602537
14.2,880.6458365260331
14.4,880.671294209332
14.6,880.6951131865142
14.8,880.7173839382631
15.0,880.7381930403569
15.2,880.7576232575309
15.4,880.7757536400178
15.6,880.7926596223705
15.8,880.8084131241772
16.0,880.8230826522954
16.2,880.8367334042413
16.4,880.8494273723875
16.6,880.8612234486328
16.8,880.8721775292303
17.0,880.8823426194662
17.2,880.8917689379089
17.4,880.9005040199542
17.6,880.908592820417
17.8,880.9160778149342
18.0,880.9229990999576
18.2,880.9293944911369
18.4,880.9352996199061
18.6,880.9407480281045
18.8,880.9457712604774
19.0,880.9503989549197
19.2,880.9546589303379
19.4,880.9585772720209
19.6,880.9621784144244
19.8,880.9654852212866
20.0,880.968519063003
20.2,880.971299891203
20.4,880.9738463104799
20.6,880.9761756472349
20.8,880.9783040156069
21.0,880.9802463804688
21.2,880.9820166174752
21.4,880.9836275701571
21.6,880.9850911040635
21.8,880.9864181579554
22.0,880.9876187920629
22.2,880.9887022334174
22.4,880.9896769182798
22.6,880.9905505316814
22.8,880.9913300441003
23.0,880.9920217452972
23.2,880.9926312753322
23.4,880.9931636527891
23.6,880.9936233002281
23.8,880.9940140668919
24.0,880.9943392486844
24.2,880.9946016054447
24.4,880.9948033755317
24.6,880.9949462877363
24.8,880.9950315705335
25.0,880.9950599586869
25.2,880.9950316972103
25.4,880.9949465426939
25.6,880.9948037619938
25.8,880.9946021282865
26.0,880.994339914481
26.2,880.9940148839827
26.4,880.9936242787983
26.6,880.9931648049682
26.8,880.9926326153117
27.0,880.9920232894667
27.2,880.9913318112035
27.4,880.9905525429922
27.6,880.9896791978019
27.8,880.9887048081056
28.0,880.9876216920701
28.2,880.986421416905
28.4,880.98509475935
28.6,880.9836316632764
28.8,880.9820211943863
29.0,880.980251491989
29.2,880.9783097178428
29.4,880.9761820020522
29.6,880.9738533860133
29.8,880.9713077624102
30.0,880.9685278122653
30.2,880.9654949390584
30.4,880.9621891999361
30.6,880.9585892340375
30.8,880.9546721879785
31.0,880.9504136385394
31.2,880.9457875126177
31.4,880.9407660045159
31.6,880.9353194906465
31.8,880.9294164417512
32.0,880.9230233327436
32.2,880.9161045502989
32.4,880.9086222983294
32.6,880.9005365015003
32.8,880.8918047069533
33.0,880.8823819844272
33.2,880.8722208249749
33.4,880.861271038498
33.6,880.8494796503327
33.8,880.8367907971409
34.0,880.8231456223773
34.2,880.8084821716146
34.4,880.7927352880346
34.6,880.7758365083979
34.8,880.7577139598314
35.0,880.7382922577779
35.2,880.7174924054722
35.4,880.6952316953189
35.6,880.6714236125599
35.8,880.6459777416293
36.0,880.6187996756025
36.2,880.5897909291589
36.4,880.5588488554743
36.6,880.5258665674785
36.8,880.4907328638997
37.0,880.4533321605314
37.2,880.4135444271516
37.4,880.3712451305169
37.6,880.3263051838588
37.8,880.2785909032885
38.0,880.2279639715186
38.2,880.1742814092878
38.4,880.1173955548667
38.6,880.0571540519989
38.8,879.993399846616
39.0,879.9259711926389
39.2,879.8547016671557
39.4,879.7794201952325
39.6,879.699951084592
39.8,879.6161140703532
40.0,879.5277243699961
40.2,879.434592748674
40.4,879.3365255949625
40.6,879.2333250070855
40.8,879.1247888896216
41.0,879.0107110606489
41.2,878.8908813692358
41.4,878.765085823146
41.6,878.6331067265718
41.8,878.4947228276644
42.0,878.349709475581
42.2,878.1978387867196
42.4,878.0388798197615
42.6,877.8725987590992
42.8,877.6987591061721
43.0,877.5171218781933
43.2,877.3274458137014
43.4,877.1294875843316
43.6,876.9230020121557
43.8,876.7077422919047
44.0,876.4834602173495
44.2,876.2499064110851
44.4,876.0068305569297
44.6,875.7539816341247
44.8,875.4911081525007
45.0,875.2179583877544
45.2,874.934280615963
45.4,874.6398233464572
45.6,874.3343355521641
45.8,874.0175668965309
46.0,873.6892679561408
46.2,873.3491904381455
46.4,872.9970873916433
46.6,872.6327134121567
46.8,872.255824838379
47.0,871.8661799403883
47.2,871.4635390985626
47.4,871.0476649724559
47.6,870.6183226589437
47.8,870.175279838988
48.0,869.7183069124176
48.2,869.2471771201739
48.4,868.7616666535276
48.6,868.261554749829
48.8,867.7466237744151
49.0,867.2166592883656
49.2,866.671450101857
49.4,866.1107883129417
49.6,865.5344693316389
49.8,864.9422918893023
50.0,864.3340580332939
