0.0,801.6810567283844
0.2,803.7354444759504
0.4,805.7500725065664
0.6,807.7253055342462
0.8,809.6615118308009
1.0,811.5590633768655
1.2,813.4183359973774
1.4,815.2397094809343
1.6,817.0235676825204
1.8,818.7702986091618
2.0,820.4802944881424
2.2,822.1539518174826
2.4,823.79167139846
2.6,825.3938583500178
2.8,826.960922104988
3.0,828.4932763881236
3.2,829.9913391760114
3.4,831.4555326390034
3.6,832.8862830653817
3.8,834.2840207680348
4.0,835.6491799739929
4.2,836.9821986972332
4.4,838.2835185952305
4.6,839.5535848097819
4.8,840.7928457926968
5.0,842.0017531169926
5.2,843.1807612742851
5.4,844.3303274591102
5.6,845.4509113409518
5.8,846.5429748247932
6.0,847.6069818010362
6.2,848.6433978856674
6.4,849.6526901515691
6.6,850.6353268519027
6.8,851.5917771364939
7.0,852.5225107621768
7.2,853.4279977980492
7.4,854.308708326598
7.6,855.165112141657
7.8,855.9976784441473
8.0,856.8068755365435
8.2,857.5931705170004
8.4,858.3570289740488
8.6,859.0989146827588
8.8,859.8192893032373
9.0,860.5186120823033
9.2,861.1973395591567
9.4,861.855925275816
9.6,862.4948194930755
9.8,863.1144689126878
10.0,863.7153164064406
10.2,864.2978007527558
10.4,864.862356381397
10.6,865.4094131268247
10.8,865.9393959906971
11.0,866.4527249139662
11.2,866.9498145589736
11.4,867.4310741019033
11.6,867.8969070359017
11.8,868.3477109851307
12.0,868.78387752997
12.2,869.2057920435416
12.4,869.6138335396824
12.6,870.0083745324513
12.8,870.3897809072068
13.0,870.7584118032568
13.2,871.1146195080368
13.4,871.4587493627376
13.6,871.7911396792639
13.8,872.1121216683697
14.0,872.422019378787
14.2,872.7211496471277
14.4,873.0098220583103
14.6,873.2883389162382
14.8,873.5569952244289
15.0,873.8160786762678
15.2,874.0658696545456
15.4,874.306641239911
15.6,874.5386592278602
15.8,874.7621821538671
16.0,874.9774613262439
16.2,875.1847408663137
16.4,875.3842577554677
16.6,875.5762418886685
16.8,875.7609161339635
17.0,875.9384963975607
17.2,876.1091916940255
17.4,876.2732042211497
17.6,876.4307294390527
17.8,876.5819561530714
18.0,876.7270666000046
18.2,876.8662365372809
18.4,876.999635334626
18.6,877.1274260678135
18.8,877.2497656140926
19.0,877.3668047488948
19.2,877.4786882434329
19.4,877.5855549628166
19.6,877.6875379643196
19.8,877.7847645954483
20.0,877.8773565914701
20.2,877.9654301720782
20.4,878.0490961368777
20.6,878.1284599593936
20.8,878.2036218793165
21.0,878.2746769927123
21.2,878.3417153399377
21.4,878.4048219910161
21.6,878.464077128244
21.8,878.5195561258085
22.0,878.5713296262115
22.2,878.6194636133097
22.4,878.6640194817901
22.6,878.7050541029171
22.8,878.7426198863952
23.0,878.7767648382066
23.2,878.8075326142933
23.4,878.8349625699669
23.6,878.8590898049373
23.8,878.8799452038643
24.0,878.8975554723492
24.2,878.9119431682894
24.4,878.9231267285334
24.6,878.9311204907808
24.8,878.9359347106857
25.0,878.937575574127
25.2,878.936045204624
25.4,878.9313416658795
25.6,878.923458959449
25.8,878.9123870175405
26.0,878.898111690955
26.2,878.8806147322001
26.4,878.8598737738029
26.6,878.835862301871
26.8,878.808549624954
27.0,878.7779008382707
27.2,878.7438767833752
27.4,878.7064340033489
27.6,878.6655246936134
27.8,878.6210966484721
28.0,878.5730932034976
28.2,878.5214531738981
28.4,878.4661107890001
28.6,878.4069956230064
28.8,878.3440325221911
29.0,878.2771415287148
29.2,878.2062378012478
29.4,878.13123153261
29.6,878.0520278646429
29.8,877.9685268005464
30.0,877.8806231149251
30.2,877.7882062618035
30.4,877.6911602808824
30.6,877.5893637023213
30.8,877.4826894503487
31.0,877.3710047460115
31.2,877.2541710093905
31.4,877.1320437616226
31.6,877.0044725270794
31.8,876.8713007360694
32.0,876.7323656284362
32.2,876.5874981584439
32.4,876.4365229013436
32.6,876.2792579620314
32.8,876.115514886211
33.0,875.9450985744869
33.2,875.7678071998174
33.4,875.5834321287659
33.6,875.3917578469875
33.8,875.1925618893971
34.0,874.9856147754638
34.2,874.7706799500761
34.4,874.5475137304212
34.6,874.31586525932
34.8,874.0754764654507
35.0,873.8260820308911
35.2,873.5674093663994
35.4,873.2991785948391
35.6,873.0211025431464
35.8,872.7328867432209
36.0,872.4342294421007
36.2,872.1248216217693
36.4,871.8043470289172
36.6,871.4724822149566
36.8,871.128896586566
37.0,870.773252467009
37.2,870.4052051684475
37.4,870.0244030754333
37.6,869.6304877397299
37.8,869.2230939865833
38.0,868.8018500325181
38.2,868.3663776147042
38.4,867.9162921318893
38.6,867.4512027968607
38.8,866.9707128003479
39.0,866.4744194862413
39.2,865.9619145379509
39.4,865.4327841756852
39.6,864.8866093643891
39.8,864.3229660320225
40.0,863.741425297825
40.2,863.141553710159
40.4,862.5229134934798
40.6,861.885062803934
40.8,861.2275559930441
41.0,860.5499438788918
41.2,859.8517740241704
41.4,859.1325910204359
41.6,858.3919367778459
41.8,857.62935081964
42.0,856.8443705805776
42.2,856.03653170852
42.4,855.2053683683104
42.6,854.3504135470798
42.8,853.4711993600852
43.0,852.5672573561618
43.2,851.6381188218594
43.4,850.683315083314
43.6,849.7023778049028
43.8,848.6948392837197
44.0,847.6602327389123
44.2,846.5980925949209
44.4,845.5079547576684
44.6,844.3893568827627
44.8,843.2418386347898
45.0,842.0649419367911
45.2,840.8582112090513
45.4,839.621193596347
45.6,838.3534391828395
45.8,837.0545011938358
46.0,835.7239361836811
46.2,834.361304209092
46.4,832.966168987289
46.6,831.5380980383409
46.8,830.0766628111865
47.0,828.5814387928625
47.2,827.0520056005246
47.4,825.4879470559167
47.6,823.8888512420071
47.8,822.2543105415822
48.0,820.5839216576568
48.2,818.8772856156323
48.4,817.1340077472086
48.6,815.3536976561265
48.8,813.535969165893
49.0,811.6804402497138
49.2,809.7867329429337
49.4,807.8544732383529
49.6,805.8832909648646
49.8,803.8728196499208
50.0,801.8226963664096
