0.0,793.598614439957
0.2,795.729076045897
0.4,797.8202391243781
0.6,799.8724908166283
0.8,801.886219742858
1.0,803.8618160634113
1.2,805.7996715327537
1.4,807.7001795460199
1.6,809.5637351778789
1.8,811.3907352134971
2.0,813.1815781714078
2.2,814.9366643181243
2.4,816.6563956743632
2.6,818.3411760127717
2.8,819.991410847082
3.0,821.6075074126489
3.2,823.1898746383514
3.4,824.7389231098695
3.6,826.2550650243799
3.8,827.7387141367385
4.0,829.1902856972478
4.2,830.6101963811358
4.4,831.9988642098978
4.6,833.3567084646797
4.8,834.6841495919089
5.0,835.9816091013969
5.2,837.2495094571696
5.4,838.488273961295
5.6,839.6983266310054
5.8,840.880092069425
6.0,842.033995330237
6.2,843.160461776638
6.4,844.2599169349437
6.6,845.3327863432228
6.8,846.3794953953497
7.0,847.4004691808765
7.2,848.3961323211323
7.4,849.3669088019693
7.6,850.3132218035747
7.8,851.2354935277797
8.0,852.134145023291
8.2,853.0095960092776
8.4,853.8622646977427
8.6,854.6925676151084
8.8,855.5009194234366
9.0,856.2877327417077
9.2,857.0534179675682
9.4,857.7983830999526
9.6,858.5230335629766
9.8,859.2277720314866
10.0,859.9129982586402
10.2,860.5791089058795
10.4,861.2264973756446
10.6,861.8555536471624
10.8,862.4666641156258
11.0,863.0602114350696
11.2,863.6365743652227
11.4,864.1961276226082
11.6,864.7392417361372
11.8,865.2662829074293
12.0,865.7776128760675
12.2,866.273588789984
12.4,866.7545630811443
12.6,867.2208833466856
12.8,867.6728922356402
13.0,868.1109273413581
13.2,868.5353210997201
13.4,868.9464006932158
13.6,869.3444879609407
13.8,869.7298993145466
14.0,870.1029456601618
14.2,870.4639323262782
14.4,870.8131589975849
14.6,871.1509196547124
14.8,871.4775025198298
15.0,871.7931900080267
15.2,872.0982586843917
15.4,872.392979226687
15.6,872.6776163935035
15.8,872.9524289977654
16.0,873.2176698854449
16.2,873.4735859193315
16.4,873.7204179676905
16.6,873.9584008976368
16.8,874.1877635730375
17.0,874.4087288567508
17.2,874.6215136169982
17.4,874.8263287376635
17.6,875.0233791323016
17.8,875.2128637616387
18.0,875.3949756543389
18.2,875.5699019308067
18.4,875.7378238297972
18.6,875.8989167375979
18.8,876.0533502195481
19.0,876.2012880536591
19.2,876.3428882661009
19.4,876.4783031683185
19.6,876.6076793955459
19.8,876.7311579464838
20.0,876.8488742239145
20.2,876.9609580760259
20.4,877.067533838223
20.6,877.1687203752108
20.8,877.2646311231331
21.0,877.3553741315612
21.2,877.4410521051304
21.4,877.521762444629
21.6,877.5975972873497
21.8,877.6686435465231
22.0,877.7349829496576
22.2,877.7966920756195
22.4,877.8538423902937
22.6,877.9065002806759
22.8,877.9547270872526
23.0,877.9985791345377
23.2,878.0381077596397
23.4,878.0733593387462
23.6,878.104375311419
23.8,878.1311922026055
24.0,878.1538416422779
24.2,878.1723503826277
24.4,878.1867403127437
24.6,878.1970284707235
24.8,878.2032270531666
25.0,878.205343422018
25.2,878.2033801087323
25.4,878.1973348157474
25.6,878.1872004152584
25.8,878.1729649452998
26.0,878.1546116031506
26.2,878.1321187360882
26.4,878.1054598295267
26.6,878.0746034925872
26.8,878.0395134411548
27.0,878.00014847849
27.2,877.9564624734704
27.4,877.9084043365497
27.6,877.8559179935281
27.8,877.7989423572427
28.0,877.7374112972901
28.2,877.6712536079064
28.4,877.6003929741385
28.6,877.5247479364481
28.8,877.4442318538989
29.0,877.3587528660858
29.2,877.2682138539743
29.4,877.172512399823
29.6,877.0715407463716
29.8,876.9651857554855
30.0,876.8533288664485
30.2,876.7358460541099
30.4,876.6126077870906
30.6,876.4834789862624
30.8,876.3483189837184
31.0,876.2069814824556
31.2,876.0593145169971
31.4,875.9051604151812
31.6,875.7443557613511
31.8,875.5767313611778
32.0,875.4021122083508
32.2,875.2203174533731
32.4,875.0311603746969
32.6,874.8344483524329
32.8,874.629982844869
33.0,874.4175593680279
33.2,874.1969674784932
33.4,873.9679907597282
33.6,873.7304068121064
33.8,873.4839872468696
34.0,873.2284976842205
34.2,872.9636977557533
34.4,872.6893411114114
34.6,872.4051754311627
34.8,872.110942441562
35.0,871.8063779373683
35.2,871.4912118083699
35.4,871.1651680715582
35.6,870.8279649087797
35.8,870.4793147099808
36.0,870.1189241221464
36.2,869.7464941040184
36.4,869.3617199866642
36.6,868.9642915399488
36.8,868.5538930449488
37.0,868.130203372326
37.2,867.6928960666638
37.4,867.2416394367486
37.6,866.7760966517616
37.8,866.2959258433245
38.0,865.8007802133269
38.2,865.2903081474404
38.4,864.7641533342053
38.6,864.2219548895573
38.8,863.6633474866411
39.0,863.0879614907356
39.2,862.4954230991002
39.4,861.88535448553
39.6,861.2573739493846
39.8,860.6110960688476
40.0,859.9461318581409
40.2,859.2620889284144
40.4,858.5585716520033
40.6,857.8351813297373
40.8,857.0915163609661
41.0,856.3271724159501
41.2,855.5417426102571
41.4,854.7348176807866
41.6,853.9059861630367
41.8,853.0548345692143
42.0,852.1809475667861
42.2,851.2839081570525
42.4,850.3632978533254
42.6,849.4186968582871
42.8,848.4496842400969
43.0,847.455838106818
43.2,846.4367357787323
43.4,845.391953958113
43.6,844.3210688960257
43.8,843.2236565557374
44.0,842.0992927723146
44.2,840.9475534079994
44.4,839.7680145029642
44.6,838.5602524210542
44.8,837.3238439901397
45.0,836.0583666367141
45.2,834.7633985143889
45.4,833.4385186259519
45.6,832.083306938679
45.8,830.6973444925995
46.0,829.2802135014472
46.2,827.8314974460413
46.4,826.3507811598731
46.6,824.8376509066911
46.8,823.2916944499096
47.0,821.7125011136866
47.2,820.0996618355462
47.4,818.4527692104489
47.6,816.7714175262407
47.8,815.0552027904396
48.0,813.3037227483491
48.2,811.5165768925182
48.4,809.6933664635925
48.6,807.833694442637
48.8,805.937165535034
49.0,804.0033861460943
49.2,802.0319643485442
49.4,800.0225098420826
49.6,797.974633905226
49.8,795.8879493396919
50.0,793.7620704075896
