0.0,787.5922865674763
0.2,789.7885762981977
0.4,791.9432508549964
0.6,794.0574838917119
0.8,796.1322549349806
1.0,798.1683753409922
1.2,800.1665212477228
1.4,802.1272676979567
1.6,804.0511193846195
1.8,805.9385354313325
2.0,807.7899475221591
2.2,809.6057720471663
2.4,811.3864175947807
2.6,813.1322892225788
2.8,814.8437907097781
3.0,816.5213256536597
3.2,818.1652979558509
3.4,819.7761120096488
3.6,821.3541727498784
3.8,822.899885642183
4.0,824.4136566455294
4.2,825.8958921616951
4.4,827.3469989769865
4.6,828.7673841980926
4.8,830.1574551827715
5.0,831.5176194656678
5.2,832.8482846794445
5.4,834.1498584713862
5.6,835.4227484156324
5.8,836.6673619212111
6.0,837.8841061360506
6.2,839.0733878471627
6.4,840.235613377193
6.6,841.3711884775522
6.8,842.4805182183436
7.0,843.5640068753128
7.2,844.6220578140517
7.4,845.655073371696
7.6,846.6634547363584
7.8,847.6476018245465
8.0,848.6079131568146
8.2,849.5447857319057
8.4,850.4586148996374
8.6,851.3497942327881
8.8,852.2187153982413
9.0,853.0657680276413
9.2,853.8913395878168
9.4,854.6958152512216
9.6,855.4795777666428
9.8,856.2430073304196
10.0,856.9864814584126
10.2,857.7103748589593
10.4,858.4150593070418
10.6,859.1009035198912
10.8,859.7682730342399
11.0,860.4175300854325
11.2,861.049033488589
11.4,861.6631385220122
11.6,862.2601968130202
11.8,862.8405562263713
12.0,863.4045607554425
12.2,863.9525504163148
12.4,864.4848611448976
12.6,865.001824697226
12.8,865.5037685530451
13.0,865.9910158227873
13.2,866.4638851580365
13.4,866.9226906655615
13.6,867.3677418249898
13.8,867.7993434101809
14.0,868.2177954143473
14.2,868.6233929789574
14.4,869.0164263264489
14.6,869.3971806967627
14.8,869.7659362877013
15.0,870.1229681991053
15.2,870.4685463808261
15.4,870.8029355844677
15.6,871.1263953188597
15.8,871.4391798092097
16.0,871.7415379598795
16.2,872.0337133207188
16.4,872.3159440568788
16.6,872.5884629220238
16.8,872.8514972348494
17.0,873.1052688588084
17.2,873.3499941849408
17.4,873.5858841176944
17.6,873.8131440636195
17.8,874.0319739228173
18.0,874.2425680830114
18.2,874.4451154161127
18.4,874.6397992771421
18.6,874.8267975053722
18.8,875.0062824275459
19.0,875.1784208630294
19.2,875.343374130753
19.4,875.5012980577924
19.6,875.6523429894452
19.8,875.7966538006522
20.0,875.9343699086164
20.2,876.0656252864744
20.4,876.1905484778713
20.6,876.3092626122971
20.8,876.421885421041
21.0,876.5285292536237
21.2,876.6293010945716
21.4,876.7243025803971
21.6,876.8136300166558
21.8,876.8973743949548
22.0,876.9756214097887
22.2,877.0484514750871
22.4,877.1159397403599
22.6,877.1781561063353
22.8,877.2351652399868
23.0,877.2870265888553
23.2,877.3337943945745
23.4,877.3755177055197
23.6,877.412240388499
23.8,877.4440011394207
24.0,877.4708334928713
24.2,877.492765830549
24.4,877.5098213885035
24.6,877.5220182631407
24.8,877.5293694159582
25.0,877.5318826769848
25.2,877.5295607469048
25.4,877.5224011978572
25.6,877.5103964729021
25.8,877.4935338841635
26.0,877.4717956096557
26.2,877.4451586888148
26.4,877.4135950167606
26.6,877.3770713373248
26.8,877.3355492348849
27.0,877.2889851250551
27.2,877.2373302442886
27.4,877.1805306384556
27.6,877.1185271504664
27.8,877.0512554070174
28.0,876.9786458045409
28.2,876.9006234944533
28.4,876.8171083677913
28.6,876.7280150393424
28.8,876.6332528313744
29.0,876.5327257570775
29.2,876.4263325038362
29.4,876.3139664164516
29.6,876.1955154804432
29.8,876.0708623055572
30.0,875.939884109619
30.2,875.8024527028631
30.4,875.6584344728832
30.6,875.5076903703438
30.8,875.3500758955975
31.0,875.1854410863544
31.2,875.0136305065503
31.4,874.8344832365601
31.6,874.6478328649076
31.8,874.4535074816147
32.0,874.2513296733401
32.2,874.0411165204513
32.4,873.8226795961739
32.6,873.5958249679593
32.8,873.3603532012087
33.0,873.1160593654911
33.2,872.8627330433824
33.4,872.6001583420565
33.6,872.3281139077491
33.8,872.0463729432095
34.0,871.7547032282553
34.2,871.4528671435302
34.4,871.1406216975669
34.6,870.8177185572425
34.8,870.4839040817127
35.0,870.1389193598957
35.2,869.7825002515767
35.4,869.4143774321868
35.6,869.0342764413066
35.8,868.6419177349314
36.0,868.2370167415278
36.2,867.8192839218992
36.4,867.3884248328682
36.6,866.9441401947711
36.8,866.486125962753
37.0,866.0140734018355
37.2,865.5276691657206
37.4,865.0265953792845
37.6,864.5105297246973
37.8,863.9791455311025
38.0,863.4321118677669
38.2,862.8690936406124
38.4,862.2897516920178
38.6,861.6937429037793
38.8,861.080720303094
39.0,860.4503331714332
39.2,859.8022271561496
39.4,859.1360443846628
39.6,858.4514235810473
39.8,857.7480001848447
40.0,857.0254064719111
40.2,856.2832716770974
40.4,855.521222118559
40.6,854.7388813234761
40.8,853.9358701549664
41.0,853.1118069399569
41.2,852.2663075977819
41.4,851.3989857692677
41.6,850.5094529460562
41.8,849.5973185999201
42.0,848.6621903118188
42.2,847.7036739004367
42.4,846.7213735499519
42.6,845.7148919367751
42.8,844.6838303550043
43.0,843.6277888403379
43.2,842.5463662921919
43.4,841.439160593771
43.6,840.3057687298444
43.8,839.1457869019822
44.0,837.9588106410159
44.2,836.7444349164874
44.4,835.5022542428635
44.6,834.2318627822968
44.8,832.9328544437238
45.0,831.6048229780994
45.2,830.2473620695785
45.4,828.8600654224643
45.6,827.4425268437556
45.8,825.9943403211317
46.0,824.5151000962204
46.2,823.0044007329609
46.4,821.4618371807633
46.6,819.8870048317436
46.8,818.2794995700771
47.0,816.6389178080594
47.2,814.9648564946813
47.4,813.2569130618825
47.6,811.5146852291944
47.8,809.737770500243
48.0,807.9257650302349
48.2,806.0782613014846
48.4,804.1948437178863
48.6,802.275080877578
48.8,800.3185130475952
49.0,798.3246334681504
49.2,796.2928627993596
49.4,794.2225174181613
49.6,792.112774233675
49.8,789.9626367118975
50.0,787.770908116692
