0.0,859.2277121399852
0.2,859.9000465156412
0.4,860.5568593933943
0.6,861.1983498862966
0.8,861.8247179263715
1.0,862.4361642479287
1.2,863.0328903670876
1.4,863.6150985574869
1.6,864.1829918221649
1.8,864.736773861617
2.0,865.2766490380445
2.2,865.8028223358303
2.4,866.3154993182865
2.6,866.8148860807322
2.8,867.3011891999806
3.0,867.774615680318
3.2,868.235372896078
3.4,868.6836685309239
3.6,869.1197105139622
3.8,869.5437069528281
4.0,869.9558660638842
4.2,870.3563960996964
4.4,870.7455052739497
4.6,871.1234016839805
4.8,871.4902932311121
5.0,871.8463875389817
5.2,872.1918918700578
5.4,872.5270130405528
5.6,872.8519573339373
5.8,873.1669304132713
6.0,873.4721372325652
6.2,873.7677819473915
6.4,874.0540678249664
6.6,874.3311971539193
6.8,874.5993711539768
7.0,874.8587898857729
7.2,875.1096521610106
7.4,875.3521554531851
7.6,875.5864958090837
7.8,875.8128677612684
8.0,876.0314642417485
8.2,876.2424764970343
8.4,876.4460940047729
8.6,876.6425043921438
8.8,876.8318933561967
9.0,877.0144445863018
9.2,877.1903396888722
9.4,877.3597581145167
9.6,877.5228770877616
9.8,877.6798715394833
10.0,877.8309140421705
10.2,877.9761747481361
10.4,878.115821330782
10.6,878.2500189290101
10.8,878.3789300948671
11.0,878.5027147444922
11.2,878.6215301124328
11.4,878.735530709379
11.6,878.8448682833593
11.8,878.9496917844256
12.0,879.050147332849
12.2,879.1463781908354
12.4,879.2385247377604
12.6,879.3267244489115
12.8,879.411111877719
13.0,879.4918186414433
13.2,879.5689734102816
13.4,879.6427018998439
13.6,879.7131268669436
13.8,879.7803681086357
14.0,879.8445424644332
14.2,879.9057638216179
14.4,879.9641431235638
14.6,880.0197883809749
14.8,880.0728046859425
15.0,880.1232942287138
15.2,880.1713563170645
15.4,880.2170873981592
15.6,880.2605810827813
15.8,880.3019281718102
16.0,880.341216684819
16.2,880.3785318906644
16.4,880.4139563399392
16.6,880.4475698991506
16.8,880.4794497864934
17.0,880.5096706090801
17.2,880.538304401492
17.4,880.5654206655137
17.6,880.591086410915
17.8,880.615366197143
18.0,880.6383221757884
18.2,880.6600141336919
18.4,880.6804995365558
18.6,880.6998335729304
18.8,880.7180691984452
19.0,880.7352571801547
19.2,880.7514461408773
19.4,880.7666826034008
19.6,880.7810110344374
19.8,880.7944738882085
20.0,880.8071116495491
20.2,880.8189628764172
20.4,880.8300642417045
20.6,880.8404505742434
20.8,880.8501548989112
21.0,880.8592084757356
21.2,880.8676408379081
21.4,880.8754798286207
21.6,880.8827516366366
21.8,880.8894808305208
22.0,880.8956903914486
22.2,880.901401744526
22.4,880.9066347885487
22.6,880.9114079241417
22.8,880.9157380802147
23.0,880.919640738682
23.2,880.9231299573942
23.4,880.9262183912342
23.6,880.9289173113368
23.8,880.9312366223899
24.0,880.933184877986
24.2,880.9347692939924
24.4,880.935995759912
24.6,880.9368688482158
24.8,880.9373918216255
25.0,880.937566638335
25.2,880.9373939551583
25.4,880.9368731285991
25.6,880.9360022138409
25.8,880.9347779616573
26.0,880.9331958132512
26.2,880.9312498930312
26.4,880.9289329993405
26.6,880.9262365931564
26.8,880.9231507847832
27.0,880.9196643185634
27.2,880.9157645556401
27.4,880.911437454804
27.6,880.9066675514628
27.8,880.9014379347789
28.0,880.8957302230194
28.2,880.8895245371718
28.4,880.8827994728786
28.6,880.8755320707535
28.8,880.8676977851399
29.0,880.859270451381
29.2,880.8502222516738
29.4,880.8405236795813
29.6,880.8301435032854
29.8,880.8190487276627
30.0,880.8072045552733
30.2,880.7945743463523
30.4,880.7811195779032
30.6,880.766799801989
30.8,880.7515726033288
31.0,880.7353935563037
31.2,880.7182161814835
31.4,880.6999919017891
31.6,880.6806699984064
31.8,880.6601975665715
32.0,880.6385194713516
32.2,880.6155783035458
32.4,880.591314335834
32.6,880.5656654793032
32.8,880.5385672404857
33.0,880.5099526790382
33.2,880.4797523662018
33.4,880.4478943441751
33.6,880.4143040865382
33.8,880.3789044598648
34.0,880.3416156866593
34.2,880.3023553097551
34.4,880.2610381583103
34.6,880.2175763155345
34.8,880.1718790882827
35.0,880.1238529786425
35.2,880.0734016576479
35.4,880.0204259412428
35.6,879.9648237686189
35.8,879.9064901830426
36.0,879.845317315291
36.2,879.7811943698016
36.4,879.7140076136438
36.6,879.6436403684099
36.8,879.5699730051177
37.0,879.4928829422136
37.2,879.4122446467529
37.4,879.3279296388326
37.6,879.2398064993383
37.8,879.1477408810629
38.0,879.0515955232453
38.2,878.9512302695682
38.4,878.8465020896424
38.6,878.7372651040009
38.8,878.6233706126125
39.0,878.5046671269126
39.2,878.381000405347
39.4,878.2522134924019
39.6,878.1181467610957
39.8,877.9786379588855
40.0,877.8335222569411
40.2,877.6826323027195
40.4,877.5257982757689
40.6,877.3628479466772
40.8,877.1936067390691
41.0,877.0178977945465
41.2,876.8355420404584
41.4,876.6463582603724
41.6,876.4501631671114
41.8,876.2467714782148
42.0,876.0359959936644
42.2,875.8176476757175
42.4,875.5915357306718
42.6,875.3574676923871
42.8,875.1152495073745
43.0,874.864685621264
43.2,874.6055790664491
43.4,874.3377315507048
43.6,874.0609435465732
43.8,873.7750143813001
44.0,873.4797423271098
44.2,873.1749246915978
44.4,872.860357908023
44.6,872.5358376252775
44.8,872.2011587973126
45.0,871.8561157718019
45.2,871.5005023778222
45.4,871.1341120123351
45.6,870.7567377252587
45.8,870.3681723029171
46.0,869.9682083496659
46.2,869.556638367497
46.4,869.1332548334266
46.6,868.6978502744854
46.8,868.2502173401349
47.0,867.7901488719409
47.2,867.3174379703466
47.4,866.8318780583991
47.6,866.3332629422907
47.8,865.8213868685922
48.0,865.296044578062
48.2,864.7570313559338
48.4,864.2041430785912
48.6,863.6371762565595
48.8,863.0559280737504
49.0,862.4601964229153
49.2,861.8497799372747
49.4,861.2244780183055
49.6,860.584090859684
49.8,859.9284194673955
50.0,859.2572656760385
