0.0,861.7467617259701
0.2,862.3874305268886
0.4,863.0123866685175
0.6,863.6218304793094
0.8,864.2159639397896
1.0,864.7949906741775
1.2,865.3591159348393
1.4,865.908546579537
1.6,866.4434910414649
1.8,866.9641592921047
2.0,867.470762796946
2.2,867.9635144641633
2.4,868.4426285863556
2.6,868.9083207754951
2.8,869.3608078912474
3.0,869.8003079628628
3.2,870.2270401048539
3.4,870.6412244267083
3.6,871.0430819368971
3.8,871.4328344414753
4.0,871.8107044375755
4.2,872.176915002127
4.4,872.5316896761423
4.6,872.8752523449311
4.8,873.2078271146153
5.0,873.529638185328
5.2,873.8409097214951
5.4,874.1418657195977
5.6,874.4327298738289
5.8,874.7137254400568
6.0,874.985075098511
6.2,875.247000815609
6.4,875.4997237053402
6.6,875.7434638906202
6.8,875.9784403650256
7.0,876.204870855311
7.2,876.4229716851056
7.4,876.6329576401729
7.6,876.8350418356118
7.8,877.0294355853606
8.0,877.2163482743538
8.2,877.3959872336678
8.4,877.5685576189744
8.6,877.7342622926051
8.8,877.8933017095111
9.0,878.0458738073864
9.2,878.1921739011992
9.4,878.3323945823612
9.6,878.4667256227426
9.8,878.5953538837174
10.0,878.7184632304053
10.2,878.8362344512557
10.4,878.9488451830963
10.6,879.0564698417492
10.8,879.1592795582934
11.0,879.2574421210383
11.2,879.3511219232422
11.4,879.4404799166015
11.6,879.5256735705058
11.8,879.6068568370417
12.0,879.6841801217086
12.2,879.757790259788
12.4,879.8278304982974
12.6,879.894440483438
12.8,879.9577562534305
13.0,880.0179102366242
13.2,880.0750312547418
13.4,880.1292445311198
13.6,880.1806717037831
13.8,880.2294308431885
14.0,880.2756364744585
14.2,880.3193996039198
14.4,880.3608277497522
14.6,880.4000249765454
14.8,880.4370919335591
15.0,880.4721258964727
15.2,880.5052208124101
15.4,880.5364673480216
15.6,880.5659529403993
15.8,880.5937618506068
16.0,880.6199752195997
16.2,880.6446711263133
16.4,880.6679246476995
16.6,880.6898079204894
16.8,880.7103902044694
17.0,880.7297379470521
17.2,880.7479148489361
17.4,880.7649819306467
17.6,880.7809975997545
17.8,880.7960177185796
18.0,880.8100956721868
18.2,880.8232824364889
18.4,880.8356266462781
18.6,880.8471746630131
18.8,880.8579706421951
19.0,880.8680566001749
19.2,880.8774724802365
19.4,880.8862562178119
19.6,880.8944438046891
19.8,880.9020693520793
20.0,880.9091651524201
20.2,880.9157617397959
20.4,880.9218879488623
20.6,880.927570972171
20.8,880.9328364157982
21.0,880.9377083531795
21.2,880.9422093770706
21.4,880.9463606495508
21.6,880.9501819499951
21.8,880.9536917209471
22.0,880.9569071118287
22.2,880.959844020429
22.4,880.9625171321167
22.6,880.96493995673
22.8,880.9671248630989
23.0,880.9690831111577
23.2,880.9708248816135
23.4,880.9723593031378
23.6,880.9736944770523
23.8,880.9748374994817
24.0,880.9757944809547
24.2,880.9765705634298
24.4,880.9771699347324
24.6,880.9775958403881
24.8,880.9778505928416
25.0,880.9779355780533
25.2,880.9778512594665
25.4,880.977597179342
25.6,880.9771719574595
25.8,880.9765732871872
26.0,880.9757979289221
26.2,880.9748417009083
26.4,880.9736994674415
26.6,880.9723651244703
26.8,880.9708315826091
27.0,880.9690907475784
27.2,880.9671334980931
27.4,880.9649496612187
27.6,880.9625279852258
27.8,880.9598561099655
28.0,880.9569205348045
28.2,880.953706584153
28.4,880.9501983706265
28.6,880.9463787558853
28.8,880.9422293092026
29.0,880.937730263813
29.2,880.9328604711008
29.4,880.92759735269
29.6,880.9219168505094
29.8,880.9157933749012
30.0,880.9091997508572
30.2,880.9021071624685
30.4,880.8944850956801
30.6,880.886301279449
30.8,880.8775216254114
31.0,880.8681101661713
31.2,880.8580289923278
31.4,880.8472381883665
31.6,880.8356957675492
31.8,880.8233576059378
32.0,880.8101773757008
32.2,880.796106477855
32.4,880.7810939746006
32.6,880.7650865214176
32.8,880.7480282990955
33.0,880.7298609458755
33.2,880.7105234898905
33.4,880.689952282094
33.6,880.6680809298741
33.8,880.6448402315539
34.0,880.6201581119847
34.2,880.5939595594427
34.4,880.566166564041
34.6,880.5366980578775
34.8,880.5054698571337
35.0,880.472394606349
35.2,880.4373817250914
35.4,880.4003373572464
35.6,880.3611643231478
35.8,880.3197620747695
36.0,880.2760266541983
36.2,880.2298506556023
36.4,880.1811231909073
36.6,880.1297298593871
36.8,880.0755527213698
37.0,880.0184702762525
37.2,879.9583574450118
37.4,879.8950855573876
37.6,879.828522343907
37.8,879.7585319329057
38.0,879.6849748526909
38.2,879.6077080389798
38.4,879.5265848477311
38.6,879.4414550734721
38.8,879.3521649732132
39.0,879.258557296019
39.2,879.1604713182932
39.4,879.0577428848122
39.6,878.950204455529
39.8,878.837685158145
40.0,878.7200108464292
40.2,878.5970041642474
40.4,878.4684846152365
40.6,878.3342686380468
40.8,878.1941696870447
41.0,878.0479983183568
41.2,877.8955622811063
41.4,877.7366666136779
41.6,877.5711137448229
41.8,877.3987035993972
42.0,877.2192337085019
42.2,877.032499323783
42.4,876.838293535618
42.6,876.6364073949067
42.8,876.4266300381609
43.0,876.2087488155753
43.2,875.9825494217416
43.4,875.7478160286545
43.6,875.5043314206494
43.8,875.2518771308909
44.0,874.9902335790293
44.2,874.7191802096266
44.4,874.4384956309486
44.6,874.1479577537142
44.8,873.8473439293866
45.0,873.5364310875901
45.2,873.2149958722338
45.4,872.8828147759247
45.6,872.5396642722576
45.8,872.1853209455702
46.0,871.8195616177593
46.2,871.4421634717648
46.4,871.0529041713345
46.6,870.6515619766967
46.8,870.2379158557794
47.0,869.8117455906354
47.2,869.3728318787395
47.4,868.9209564288556
47.6,868.4559020511788
47.8,867.9774527414908
48.0,867.4853937590789
48.2,866.9795116982041
48.4,866.4595945529192
48.6,865.9254317750713
48.8,865.3768143253474
49.0,864.8135347172505
49.2,864.2353870539221
49.4,863.6421670577572
49.6,863.0336720927872
49.8,862.4097011798355
50.0,861.7700550044814
