0.0,865.1911800438959
0.2,865.7898716149716
0.4,866.372274081666
0.6,866.9385851812642
0.8,867.489006839985
1.0,868.0237451836911
1.2,868.5430105294732
1.4,869.0470173580919
1.6,869.5359842673535
1.8,870.0101339065995
2.0,870.4696928925828
2.2,870.9148917070922
2.4,871.3459645767854
2.6,871.7631493357678
2.8,872.1666872715482
3.0,872.5568229550701
3.2,872.9338040556011
3.4,873.2978811413241
3.6,873.6493074665427
3.8,873.9883387464643
4.0,874.3152329205817
4.2,874.6302499057144
4.4,874.933651339809
4.6,875.2257003176303
4.8,875.506661119499
5.0,875.7767989342472
5.2,876.0363795775768
5.4,876.2856692070052
5.6,876.5249340345837
5.8,876.7544400385631
6.0,876.9744526751634
6.2,877.1852365915842
6.4,877.3870553413652
6.6,877.5801711031714
6.8,877.7648444040393
7.0,877.9413338480778
7.2,878.1098958515702
7.4,878.2707843853705
7.6,878.4242507254326
7.8,878.5705432122542
8.0,878.7099070199538
8.2,878.8425839356381
8.4,878.9688121496508
8.6,879.0888260572276
8.8,879.2028560720177
9.0,879.3111284518601
9.2,879.4138651371417
9.4,879.5112836019897
9.6,879.6035967184939
9.8,879.6910126340807
10.0,879.773734662105
10.2,879.851961185659
10.4,879.9258855745433
10.6,879.9956961152837
10.8,880.0615759540286
11.0,880.1237030521064
11.2,880.1822501539789
11.4,880.2373847672798
11.6,880.289269154587
11.8,880.3380603365403
12.0,880.383910105883
12.2,880.4269650519768
12.4,880.4673665953075
12.6,880.5052510314865
12.8,880.5407495842237
13.0,880.5739884667379
13.2,880.605088951059
13.4,880.6341674446641
13.6,880.6613355738888
13.8,880.6867002735476
14.0,880.7103638822044
14.2,880.7324242425339
14.4,880.7529748062188
14.6,880.7721047428452
14.8,880.7898990522575
15.0,880.80643867986
15.2,880.8218006343561
15.4,880.8360581074426
15.6,880.8492805949855
15.8,880.8615340192331
16.0,880.872880851633
16.2,880.8833802358498
16.4,880.8930881105965
16.6,880.9020573319176
16.8,880.9103377945868
17.0,880.9179765523021
17.2,880.9250179363871
17.4,880.93150367273
17.6,880.9374729967141
17.8,880.9429627659183
18.0,880.9480075703849
18.2,880.9526398402779
18.4,880.9568899507728
18.6,880.9607863240408
18.8,880.9643555282074
19.0,880.9676223731893
19.2,880.9706100033225
19.4,880.9733399867205
19.6,880.9758324013088
19.8,880.9781059175025
20.0,880.9801778775031
20.2,880.9820643712045
20.4,880.9837803087108
20.6,880.9853394894751
20.8,880.9867546680806
21.0,880.9880376166927
21.2,880.9891991842162
21.4,880.9902493521986
21.6,880.9911972875274
21.8,880.9920513919691
22.0,880.9928193486041
22.2,880.9935081652134
22.4,880.9941242146714
22.6,880.9946732724056
22.8,880.9951605509766
23.0,880.9955907318365
23.2,880.9959679943206
23.4,880.9962960419235
23.6,880.9965781259106
23.8,880.9968170663108
24.0,880.9970152703336
24.2,880.9971747482493
24.4,880.9972971267675
24.6,880.9973836599414
24.8,880.9974352376253
25.0,880.9974523915032
25.2,880.9974352987012
25.4,880.9973837829959
25.6,880.9972973136164
25.8,880.9971750016429
26.0,880.9970155939885
26.2,880.9968174649539
26.4,880.9965786053332
26.6,880.9962966090484
26.8,880.9959686572812
27.0,880.9955915000689
27.2,880.9951614353263
27.4,880.9946742852478
27.6,880.994125370048
27.8,880.9935094789863
28.0,880.9928208386266
28.2,880.9920530782758
28.4,880.991199192546
28.6,880.9902515009827
28.8,880.9892016047023
29.0,880.9880403399833
29.2,880.9867577287541
29.4,880.9853429259266
29.6,880.9837841635236
29.8,880.9820686915568
30.0,880.9801827156115
30.2,880.9781113311057
30.4,880.9758384541931
30.6,880.9733467492925
30.8,880.9706175532306
31.0,880.967630795997
31.2,880.964364918125
31.4,880.9607967847159
31.6,880.9569015961466
31.8,880.9526527955104
32.0,880.9480219728543
32.2,880.942978766298
32.4,880.9374907601346
32.6,880.9315233800298
32.8,880.9250397854587
33.0,880.9180007595379
33.2,880.910364596433
33.4,880.9020869865408
33.6,880.8931208996704
33.8,880.883416466469
34.0,880.8729208583609
34.2,880.8615781662911
34.4,880.8493292785919
34.6,880.836111758308
34.8,880.8218597203454
35.0,880.8065037088268
35.2,880.789970575062
35.4,880.7721833565624
35.6,880.7530611575486
35.8,880.7325190314184
36.0,880.7104678656673
36.2,880.6868142697593
36.4,880.6614604664722
36.6,880.6343041872469
36.8,880.6052385720848
37.0,880.5741520745459
37.2,880.5409283724057
37.4,880.5054462845325
37.6,880.4675796945497
37.8,880.4271974818427
38.0,880.3841634604651
38.2,880.3383363264952
38.4,880.2895696143721
38.6,880.2377116627367
38.8,880.182605590274
39.0,880.1240892820368
39.2,880.0619953867026
39.4,879.9961513251831
39.6,879.9263793109769
39.8,879.8524963826143
40.0,879.7743144485041
40.2,879.6916403444483
40.4,879.6042759040421
40.6,879.5120180421262
40.8,879.4146588514045
41.0,879.3119857122834
41.2,879.2037814159315
41.4,879.0898243004942
41.6,878.9698884003379
41.8,878.843743608131
42.0,878.7111558495044
42.2,878.5718872699663
42.4,878.4256964336803
42.6,878.2723385336469
42.8,878.1115656127608
43.0,877.9431267951531
43.2,877.7667685271596
43.4,877.5822348271954
43.6,877.3892675437529
43.8,877.1876066206835
44.0,876.9769903688683
44.2,876.7571557433303
44.4,876.527838624793
44.6,876.2887741046482
44.8,876.0396967722559
45.0,875.7803410034674
45.2,875.5104412492325
45.4,875.2297323231339
45.6,874.9379496866701
45.8,874.6348297311043
46.0,874.3201100546908
46.2,873.993529734093
46.4,873.6548295888233
46.6,873.3037524375432
46.8,872.940043345095
47.0,872.5634498591647
47.2,872.1737222355099
47.4,871.7706136507358
47.6,871.3538804016525
47.8,870.9232820903022
48.0,870.4785817938085
48.2,870.01954621827
48.4,869.5459458359928
48.6,869.0575550054377
48.8,868.5541520733368
49.0,868.0355194585256
49.2,867.5014437171246
49.4,866.9517155887985
49.6,866.3861300239155
49.8,865.804486191527
50.0,865.2065874681861
