0.0,835.1599925462104
0.2,837.2050231308302
0.4,839.1705134106827
0.6,841.0553172654705
0.8,842.8587958853476
1.0,844.5808202814451
1.2,846.2217637786374
1.4,847.7824849869697
1.6,849.2643020155411
1.8,850.6689589239508
2.0,851.9985855935868
2.2,853.2556523383251
2.4,854.4429206584038
2.6,855.5633915717458
2.8,856.620252935701
3.0,857.616827103185
3.2,858.5565201465558
3.4,859.4427737377875
3.6,860.2790206030343
3.8,861.0686442825046
4.0,861.814943731589
4.2,862.5211031048904
4.4,863.1901668787921
4.6,863.825020296944
4.8,864.4283749716541
5.0,865.0027593463141
5.2,865.5505136218233
5.4,866.0737886743063
5.6,866.5745484417212
5.8,867.0545752316774
6.0,867.5154773994757
6.2,867.9586988609901
6.4,868.385529936118
6.6,868.7971190615128
6.8,869.1944849626732
7.0,869.5785289318179
7.2,869.95004691637
7.4,870.309741180692
7.6,870.6582313588981
7.8,870.9960647674817
8.0,871.3237258920327
8.2,871.6416450017927
8.4,871.9502058789072
8.6,872.2497526760394
8.8,872.5405959367852
9.0,872.8230178285916
9.2,873.0972766482181
9.4,873.3636106659254
9.6,873.6222413771997
9.8,873.8733762306662
10.0,874.1172108985394
10.2,874.3539311521015
10.4,874.5837143998205
10.6,874.8067309402206
10.8,875.0231449758869
11.0,875.2331154292539
11.2,875.4367965953402
11.4,875.634338661447
11.6,875.8258881191555
11.8,876.0115880897753
12.0,876.191578580708
12.2,876.3659966870189
12.4,876.534976749799
12.6,876.6986504806233
12.8,876.8571470595232
13.0,877.0105932123358
13.2,877.1591132720415
13.4,877.3028292276819
13.6,877.4418607636519
13.8,877.5763252915239
14.0,877.7063379760626
14.2,877.8320117567104
14.4,877.9534573655237
14.6,878.0707833423147
14.8,878.184096047581
15.0,878.2934996736761
15.2,878.3990962545729
15.4,878.500985674499
15.6,878.5992656756677
15.8,878.6940318652811
16.0,878.7853777219544
16.2,878.8733946016802
16.4,878.9581717434336
16.6,879.0397962745037
16.8,879.1183532156206
17.0,879.1939254859392
17.2,879.2665939079304
17.4,879.3364372122198
17.6,879.4035320424125
17.8,879.4679529599283
18.0,879.5297724488743
18.2,879.5890609209684
18.4,879.645886720529
18.6,879.7003161295368
18.8,879.7524133727757
19.0,879.80224062305
19.2,879.8498580064798
19.4,879.8953236078631
19.6,879.9386934761022
19.8,879.98002162968
20.0,880.0193600621767
20.2,880.0567587478101
20.4,880.0922656469852
20.6,880.1259267118362
20.8,880.1577858917433
21.0,880.1878851388044
21.2,880.216264413244
21.4,880.2429616887374
21.6,880.2680129576347
21.8,880.2914522360599
22.0,880.3133115688677
22.2,880.3336210344398
22.4,880.3524087492992
22.6,880.3697008725261
22.8,880.3855216099562
23.0,880.399893218146
23.2,880.4128360080878
23.4,880.4243683486593
23.6,880.4345066697947
23.8,880.4432654653638
24.0,880.450657295747
24.2,880.4566927900961
24.4,880.4613806482724
24.6,880.4647276424523
24.8,880.4667386183968
25.0,880.4674164963766
25.2,880.4667622717524
25.4,880.4647750152053
25.6,880.4614518726193
25.8,880.4567880646135
26.0,880.4507768857313
26.2,880.4434097032824
26.4,880.4346759558523
26.6,880.4245631514767
26.8,880.4130568654954
27.0,880.4001407380919
27.2,880.3857964715293
27.4,880.3700038270949
27.6,880.352740621767
27.8,880.3339827246162
28.0,880.3137040529597
28.2,880.2918765682797
28.4,880.2684702719289
28.6,880.2434532006367
28.8,880.2167914218353
29.0,880.1884490288264
29.2,880.1583881358073
29.4,880.1265688727743
29.6,880.0929493803274
29.8,880.0574858043924
30.0,880.0201322908825
30.2,879.980840980318
30.4,879.9395620024236
30.6,879.8962434707204
30.8,879.8508314771321
31.0,879.8032700866194
31.2,879.7535013318562
31.4,879.7014652079654
31.6,879.6470996673197
31.8,879.5903406144196
32.0,879.5311219008535
32.2,879.4693753203443
32.4,879.4050306038812
32.6,879.3380154149352
32.8,879.2682553447501
33.0,879.1956739076976
33.2,879.1201925366811
33.4,879.0417305785655
33.6,878.9602052896084
33.8,878.8755318308574
34.0,878.7876232634721
34.2,878.6963905439269
34.4,878.6017425190303
34.6,878.5035859206973
34.8,878.4018253603908
35.0,878.2963633231328
35.2,878.1871001609701
35.4,878.0739340857494
35.6,877.9567611610257
35.8,877.8354752928852
36.0,877.7099682194076
36.2,877.580129498417
36.4,877.445846493073
36.6,877.3070043547233
36.8,877.1634860022662
37.0,877.0151720970439
37.2,876.8619410119927
37.4,876.7036687933921
37.6,876.5402291130544
37.8,876.3714932081667
38.0,876.1973298051873
38.2,876.0176050231876
38.4,875.8321822507693
38.6,875.6409219891354
38.8,875.4436816519974
39.0,875.2403153107227
39.2,875.030673370418
39.4,874.814602159451
39.6,874.591943411239
39.8,874.3625336129292
40.0,874.1262031909075
40.2,873.8827754979282
40.4,873.6320655611423
40.6,873.3738785445827
40.8,873.1080078739001
41.0,872.8342329656566
41.2,872.5523164985765
41.4,872.2620011602988
41.6,871.9630058008669
41.8,871.6550209240207
42.0,871.3377034499958
42.2,871.0106706896732
42.4,870.673493480279
42.6,870.325688448112
42.8,869.9667093845823
43.0,869.5959377486805
43.2,869.2126723421596
43.4,868.8161182432358
43.6,868.4053751302177
43.8,867.9794251774614
44.0,867.5371207613045
44.2,867.0771722715497
44.4,866.5981363825327
44.6,866.0984051942687
44.8,865.5761967055906
45.0,865.0295471242675
45.2,864.4563055502332
45.4,863.8541315837069
45.6,863.2204964066785
45.8,862.5526878609226
46.0,861.8478199959583
46.2,861.1028474845879
46.4,860.3145852013574
46.6,859.4797331312407
46.8,858.5949066242488
47.0,857.656671840172
47.2,856.6615860413801
47.4,855.6062421970418
47.6,854.4873171668604
47.8,853.3016225449868
48.0,852.0461570740471
48.2,850.718159394235
48.4,849.3151597816086
48.6,847.8350294606328
48.8,846.2760260546671
49.0,844.6368337686325
49.2,842.9165969824039
49.4,841.1149460709441
49.6,839.2320144546292
49.8,837.2684461148406
50.0,835.2253930776593
