0.0,803.7271470615103
0.2,805.7634001648217
0.4,807.7597011089541
0.6,809.7164051808359
0.8,811.6338720725755
1.0,813.5124660688425
1.2,815.3525562148974
1.4,817.1545164645628
1.6,818.9187258075167
1.8,820.6455683753776
2.0,822.3354335261482
2.2,823.9887159066733
2.4,825.6058154928671
2.6,827.1871376075578
2.8,828.7330929158944
3.0,830.2440973983558
3.2,831.7205723014923
3.4,833.1629440666276
3.6,834.5716442368351
3.8,835.947109342592
4.0,837.289780766598
4.2,838.6001045883293
4.4,839.8785314089731
4.6,841.1255161574642
4.8,842.3415178784137
5.0,843.5269995027833
5.2,844.6824276022209
5.4,845.8082721280241
5.6,846.9050061357522
5.8,847.973105496546
6.0,849.0130485962568
6.2,850.025316023513
6.4,851.0103902478885
6.6,851.9687552893444
6.8,852.9008963801435
7.0,853.8072996204374
7.2,854.6884516287324
7.4,855.5448391884387
7.6,856.3769488916976
7.8,857.1852667816711
8.0,857.9702779944588
8.2,858.7324664017824
8.4,859.4723142555538
8.6,860.1903018354096
8.8,860.886907100257
9.0,861.5626053448393
9.2,862.2178688622827
9.4,862.8531666135426
9.6,863.4689639046169
9.8,864.0657220723399
10.0,864.643898179521
10.2,865.2039447201324
10.4,865.7463093351935
10.6,866.271434539943
10.8,866.7797574628288
11.0,867.2717095967855
11.2,867.7477165632095
11.4,868.2081978889843
11.6,868.6535667968442
11.8,869.08423000931
12.0,869.5005875663707
12.2,869.9030326570283
12.4,870.2919514647689
12.6,870.6677230269668
12.8,871.0307191081821
13.0,871.3813040872566
13.2,871.7198348580696
13.4,872.0466607437681
13.6,872.362123424245
13.8,872.6665568765969
14.0,872.9602873282593
14.2,873.2436332224762
14.4,873.5169051957396
14.6,873.7804060667926
14.8,874.0344308367763
15.0,874.2792667000676
15.2,874.5151930653427
15.4,874.7424815863742
15.6,874.9613962020666
15.8,875.1721931852106
16.0,875.3751211994369
16.2,875.5704213638344
16.4,875.7583273247022
16.6,875.9390653338937
16.8,876.1128543332159
17.0,876.2799060443482
17.2,876.4404250637466
17.4,876.5946089620077
17.6,876.7426483871704
17.8,876.884727171448
18.0,877.0210224408848
18.2,877.1517047274524
18.4,877.2769380831058
18.6,877.396880195339
18.8,877.5116825037871
19.0,877.6214903174462
19.2,877.7264429320901
19.4,877.8266737474847
19.6,877.922310384014
19.8,878.0134747983512
20.0,878.1002833978242
20.2,878.1828471531425
20.4,878.2612717091698
20.6,878.3356574934438
20.8,878.4060998221601
21.0,878.4726890033572
21.2,878.5355104370534
21.4,878.5946447121001
21.6,878.6501676995404
21.8,878.7021506422639
22.0,878.7506602407772
22.2,878.7957587349113
22.4,878.8375039813117
22.6,878.8759495265605
22.8,878.9111446757986
23.0,878.9431345567272
23.2,878.9719601788767
23.4,878.9976584880436
23.6,879.0202624158084
23.8,879.0398009240533
24.0,879.0562990444126
24.2,879.0697779125943
24.4,879.0802547975213
24.6,879.0877431252519
24.8,879.0922524976413
25.0,879.0937887057199
25.2,879.0923537377695
25.4,879.0879457820838
25.6,879.0805592244141
25.8,879.0701846400971
26.0,879.0568087808842
26.2,879.0404145564848
26.4,879.020981010854
26.6,878.9984832932581
26.8,878.9728926241618
27.0,878.9441762559873
27.2,878.9122974288073
27.4,878.8772153210386
27.6,878.8388849952191
27.8,878.7972573389533
28.0,878.7522790011279
28.2,878.7038923235095
28.4,878.6520352678413
28.6,878.5966413385784
28.8,878.5376395014047
29.0,878.4749540976924
29.2,878.4085047550768
29.4,878.3382062943347
29.6,878.2639686327666
29.8,878.1856966843031
30.0,878.1032902565647
30.2,878.0166439451269
30.4,877.9256470252541
30.6,877.8301833413848
30.8,877.7301311946682
31.0,877.6253632288654
31.2,877.5157463149513
31.4,877.4011414347679
31.6,877.2814035640922
31.8,877.156381555511
32.0,877.0259180214957
32.2,876.8898492181036
32.4,876.7480049297304
32.6,876.600208355371
32.8,876.4462759968458
33.0,876.2860175494737
33.2,876.119235795679
33.4,875.9457265020332
33.6,875.7652783202458
33.8,875.57767269262
34.0,875.3826837625039
34.2,875.1800782902683
34.4,874.9696155753469
34.6,874.75104738488
34.8,874.5241178894972
35.0,874.2885636067737
35.2,874.0441133528946
35.4,873.790488203047
35.6,873.5274014610558
35.8,873.2545586387635
36.0,872.9716574456413
36.2,872.6783877891002
36.4,872.3744317859492
36.6,872.0594637854292
36.8,871.7331504042164
37.0,871.3951505737703
37.2,871.0451156003606
37.4,870.6826892380811
37.6,870.3075077751109
37.8,869.9192001334562
38.0,869.5173879823514
38.2,869.1016858654598
38.4,868.6717013419681
38.6,868.2270351416101
38.8,867.7672813336171
39.0,867.2920275095245
39.2,866.8008549797204
39.4,866.2933389835589
39.6,865.769048912804
39.8,865.2275485481123
40.0,864.6683963082024
40.2,864.0911455112982
40.4,863.495344648376
40.6,862.8805376676783
40.8,862.2462642699094
41.0,861.5920602134561
41.2,860.9174576289311
41.4,860.2219853422696
41.6,859.5051692055686
41.8,858.766532434792
42.0,858.0055959534276
42.2,857.2218787411272
42.4,856.4148981863239
42.6,855.5841704417743
42.8,854.7292107819436
43.0,853.8495339611153
43.2,852.9446545710819
43.4,852.0140873972489
43.6,851.0573477719677
43.8,850.0739519238974
44.0,849.0634173221924
44.2,848.0252630143048
44.4,846.9590099561984
44.6,845.864181333781
44.8,844.7403028743682
45.0,843.5869031470268
45.2,842.4035138506565
45.4,841.1896700887163
45.6,839.9449106295256
45.8,838.6687781511267
46.0,837.3608194697357
46.2,836.0205857508671
46.4,834.6476327022774
46.6,833.2415207479369
46.8,831.8018151823093
47.0,830.3280863042903
47.2,828.8199095302382
47.4,827.2768654856081
47.6,825.6985400747861
47.8,824.0845245288104
48.0,822.4344154307539
48.2,820.7478147186375
48.4,819.0243296658336
48.6,817.2635728390211
48.8,815.4651620338396
49.0,813.6287201884957
49.2,811.7538752756618
49.4,809.840260173108
49.6,807.8875125135972
49.8,805.8952745146638
50.0,803.8631927889905
