0.0,876.4077119312975
0.2,876.9336154084648
0.4,877.4189803606496
0.6,877.8641424553491
0.8,878.2698158085246
1.0,878.6370722254097
1.2,878.9673107259839
1.4,879.2622188424887
1.6,879.5237274948968
1.8,879.7539614561988
2.0,879.9551875050655
2.2,880.1297623302916
2.4,880.2800821092536
2.6,880.4085354483475
2.8,880.5174610691565
3.0,880.6091112751262
3.2,880.6856218657529
3.4,880.7489888033065
3.6,880.801051602397
3.8,880.8434831222404
4.0,880.8777852070807
4.2,880.9052894482022
4.4,880.9271622324529
4.6,880.9444131938507
4.8,880.9579061897214
5.0,880.9683719715717
5.2,880.9764218028329
5.4,880.9825613797519
5.6,880.9872045276953
5.8,880.9906862638187
6.0,880.9932749310295
6.2,880.9951832118599
6.4,880.996577920597
6.6,880.9975885458845
6.8,880.9983145735234
7.0,880.9988316611154
7.2,880.9991967640192
7.4,880.9994523279086
7.6,880.9996296692921
7.8,880.9997516639969
8.0,880.9998348569462
8.2,880.9998910964565
8.4,880.9999287842971
8.6,880.999953820089
8.8,880.9999703061835
9.0,880.9999810675392
9.2,880.9999880306877
9.4,880.9999924968117
9.6,880.9999953362977
9.8,880.9999971257909
10.0,880.9999982436824
10.2,880.9999989359063
10.4,880.9999993607892
10.6,880.9999996192925
10.8,880.9999997751888
11.0,880.9999998683808
11.2,880.9999999236001
11.4,880.9999999560322
11.6,880.9999999749134
11.8,880.9999999858089
12.0,880.9999999920411
12.2,880.9999999955746
12.4,880.9999999975604
12.6,880.9999999986666
12.8,880.9999999992774
13.0,880.9999999996116
13.2,880.9999999997929
13.4,880.9999999998905
13.6,880.9999999999426
13.8,880.99999999997
14.0,880.9999999999843
14.2,880.9999999999917
14.4,880.9999999999957
14.6,880.9999999999978
14.8,880.999999999999
15.0,880.9999999999995
15.2,880.9999999999999
15.4,881.0
15.6,881.0
15.8,881.0
16.0,881.0
16.2,881.0
16.4,881.0
16.6,881.0
16.8,881.0
17.0,881.0
17.2,881.0
17.4,881.0
17.6,881.0
17.8,881.0
18.0,881.0
18.2,881.0
18.4,881.0
18.6,881.0
18.8,881.0
19.0,881.0
19.2,881.0
19.4,881.0
19.6,881.0
19.8,881.0
20.0,881.0
20.2,881.0
20.4,881.0
20.6,881.0
20.8,881.0
21.0,881.0
21.2,881.0
21.4,881.0
21.6,881.0
21.8,881.0
22.0,881.0
22.2,881.0
22.4,881.0
22.6,881.0
22.8,881.0
23.0,881.0
23.2,881.0
23.4,881.0
23.6,881.0
23.8,881.0
24.0,881.0
24.2,881.0
24.4,881.0
24.6,881.0
24.8,881.0
25.0,881.0
25.2,881.0
25.4,881.0
25.6,881.0
25.8,881.0
26.0,881.0
26.2,881.0
26.4,881.0
26.6,881.0
26.8,881.0
27.0,881.0
27.2,881.0
27.4,881.0
27.6,881.0
27.8,881.0
28.0,881.0
28.2,881.0
28.4,881.0
28.6,881.0
28.8,881.0
29.0,881.0
29.2,881.0
29.4,881.0
29.6,881.0
29.8,881.0
30.0,881.0
30.2,881.0
30.4,881.0
30.6,881.0
30.8,881.0
31.0,881.0
31.2,881.0
31.4,881.0
31.6,881.0
31.8,881.0
32.0,881.0
32.2,881.0
32.4,881.0
32.6,881.0
32.8,881.0
33.0,881.0
33.2,881.0
33.4,881.0
33.6,881.0
33.8,881.0
34.0,881.0
34.2,881.0
34.4,881.0
34.6,881.0
34.8,880.9999999999999
35.0,880.9999999999995
35.2,880.999999999999
35.4,880.9999999999978
35.6,880.9999999999957
35.8,880.9999999999917
36.0,880.9999999999843
36.2,880.99999999997
36.4,880.9999999999426
36.6,880.9999999998905
36.8,880.9999999997929
37.0,880.9999999996116
37.2,880.9999999992774
37.4,880.9999999986666
37.6,880.9999999975604
37.8,880.9999999955746
38.0,880.9999999920412
38.2,880.999999985809
38.4,880.9999999749136
38.6,880.9999999560326
38.8,880.9999999236009
39.0,880.999999868382
39.2,880.999999775191
39.4,880.9999996192964
39.6,880.999999360796
39.8,880.9999989359178
40.0,880.9999982437021
40.2,880.9999971258243
40.4,880.9999953363535
40.6,880.9999924969047
40.8,880.999988030841
41.0,880.9999810677901
41.2,880.999970306591
41.4,880.9999538207454
41.6,880.9999287853462
41.8,880.99989109812
42.0,880.9998348595628
42.2,880.9997516680804
42.4,880.999629675615
42.6,880.9994523376229
42.8,880.9991967788284
43.0,880.9988316835173
43.2,880.9983146071514
43.4,880.997588595979
43.6,880.9965779946555
43.8,880.9951833205205
44.0,880.9932750892639
44.2,880.9906864925267
44.4,880.9872048558177
44.6,880.9825618470409
44.8,880.9764224634555
45.0,880.9683728987508
45.2,880.9579074816567
45.4,880.9444149812053
45.6,880.9271646877281
45.8,880.9052927973694
46.0,880.8777897438792
46.2,880.8434892255852
46.4,880.8010597573776
46.6,880.7489996262764
46.8,880.6856361340272
47.0,880.6091299617993
47.2,880.5174853835368
47.4,880.4085668824704
47.6,880.2801224908745
47.8,880.1298138826853
48.0,879.9552529138545
48.2,879.7540439433179
48.4,879.5238308996576
48.6,879.2623477095549
48.8,878.9674703999045
49.0,878.6372689511869
49.2,878.2700568375218
49.4,877.8644361556841
49.6,877.4193363310729
49.8,876.9340445945911
50.0,876.4082267429602
