0.0,509.87597256070177
0.2,515.7521140686681
0.4,521.5566713298851
0.6,527.2896235684932
0.8,532.9509733367614
1.0,538.5407470025413
1.2,544.0589951549824
1.4,549.5057929277958
1.6,554.8812402397274
1.8,560.1854619522825
2.0,565.4186079451146
2.2,570.5808531098658
2.4,575.6723972636063
2.6,580.6934649833754
2.8,585.6443053636667
3.0,590.5251916990317
3.2,595.3364210942832
3.4,600.0783140050802
3.6,604.7512137119475
3.8,609.3554857310415
4.0,613.8915171652054
4.2,618.3597159990652
4.4,622.7605103421108
4.6,627.0943476238573
4.8,631.361693745325
5.0,635.5630321911847
5.2,639.6988631069939
5.4,643.7697023460138
5.6,647.7760804901203
5.8,651.7185418493351
6.0,655.5976434444774
6.2,659.4139539773961
6.4,663.1680527931704
6.6,666.8605288385821
6.8,670.4919796210432
7.0,674.0630101720361
7.2,677.5742320189672
7.4,681.0262621691691
7.6,684.4197221095991
7.8,687.7552368255839
8.0,691.0334338417454
8.2,694.2549422880242
8.4,697.4203919934804
8.6,700.5304126103149
8.8,703.5856327703045
9.0,706.5866792756049
9.2,709.5341763256089
9.4,712.428744781311
9.6,715.2710014683678
9.8,718.0615585198005
10.0,720.8010227590424
10.2,723.4899951237912
10.4,726.1290701309022
10.6,728.7188353823288
10.8,731.2598711119085
11.0,733.7527497725821
11.2,736.1980356634513
11.4,738.5962845958912
11.6,740.9480435977722
11.8,743.2538506546886
12.0,745.5142344869532
12.2,747.7297143609904
12.4,749.9007999336458
12.6,752.0279911278363
12.8,754.1117780378801
13.0,756.152640862774
13.2,758.1510498656346
13.4,760.1074653574783
13.6,762.0223377034813
13.8,763.8961073498542
14.0,765.729204869457
14.2,767.522051024291
14.4,769.2750568430268
14.6,770.9886237117545
14.8,772.6631434761839
15.0,774.298998553575
15.2,775.8965620527316
15.4,777.4561979004595
15.6,778.9782609729602
15.8,780.4630972307089
16.0,781.911043855449
16.2,783.3224293880179
16.4,784.6975738658119
16.6,786.0367889587882
16.8,787.340378102995
17.0,788.6086366307176
17.2,789.8418518964218
17.4,791.0403033977686
17.6,792.2042628910746
17.8,793.3339945006751
18.0,794.4297548217465
18.2,795.4917930162261
18.4,796.5203509015525
18.6,797.5156630320356
18.8,798.4779567727369
19.0,799.4074523658176
19.2,800.30436298938
19.4,801.1688948088945
19.6,802.001247021358
19.8,802.8016118923955
20.0,803.5701747865525
20.2,804.3071141910852
20.4,805.0126017335858
20.6,805.6868021938158
20.8,806.3298735101577
21.0,806.9419667811102
21.2,807.5232262622804
21.4,808.0737893593355
21.6,808.5937866173923
21.8,809.0833417073268
22.0,809.5425714094855
22.2,809.9715855952843
22.4,810.3704872071679
22.6,810.7393722373969
22.8,811.0783297061145
23.0,811.3874416391296
23.2,811.6667830458307
23.4,811.9164218976241
23.6,812.1364191072661
23.8,812.3268285094257
24.0,812.4876968427901
24.2,812.6190637339914
24.4,812.7209616835964
24.6,812.7934160543718
24.8,812.8364450619943
25.0,812.8500597683443
25.2,812.8342640774779
25.4,812.7890547343361
25.6,812.7144213262114
25.8,812.61034628695
26.0,812.4768049038319
26.2,812.3137653270301
26.4,812.1211885815119
26.6,811.8990285812112
26.8,811.6472321452582
27.0,811.3657390160238
27.2,811.0544818786991
27.4,810.7133863820998
27.6,810.3423711603522
27.8,809.9413478550968
28.0,809.5102211378111
28.2,809.0488887318378
28.4,808.5572414336816
28.6,808.0351631331201
28.8,807.4825308316643
29.0,806.8992146588902
29.2,806.2850778861606
29.4,805.6399769372515
29.6,804.963761395401
29.8,804.2562740063021
30.0,803.517350676578
30.2,802.7468204672834
30.4,801.9445055820075
30.6,801.1102213491695
30.8,800.2437761981317
31.0,799.3449716287922
31.2,798.4136021743533
31.4,797.4494553570129
31.6,796.4523116363725
31.8,795.4219443504119
32.0,794.3581196489384
32.2,793.2605964194886
32.4,792.1291262057215
32.6,790.9634531184237
32.8,789.7633137393178
33.0,788.5284370179515
33.2,787.2585441620274
33.4,785.9533485216199
33.6,784.6125554678194
33.8,783.2358622664316
34.0,781.8229579474576
34.2,780.3735231711727
34.4,778.8872300917177
34.6,777.3637422192108
34.8,775.8027142814818
35.0,774.203792086624
35.2,772.566612387644
35.4,770.8908027505825
35.6,769.1759814275545
35.8,767.4217572362392
36.0,765.6277294474188
36.2,763.7934876822311
36.4,761.9186118208598
36.6,760.0026719244318
36.8,758.0452281719364
37.0,756.0458308140077
37.2,754.0040201454351
37.4,751.9193264982727
37.6,749.7912702574188
37.8,747.6193619005195
38.0,745.4031020640239
38.2,743.1419816371758
38.4,740.8354818856739
38.6,738.483074606659
38.8,736.0842223166103
39.0,733.6383784736282
39.2,731.144987735474
39.4,728.6034862546074
39.6,726.0133020113258
39.8,723.3738551859506
40.0,720.6845585708445
40.2,717.944818022858
40.4,715.154032956616
40.6,712.3115968788475
40.8,709.4168979637535
41.0,706.4693196691801
41.2,703.4682413931342
41.4,700.4130391699449
41.6,697.3030864051223
41.8,694.1377546477257
42.0,690.9164143987977
42.2,687.6384359541685
42.4,684.3031902796871
42.6,680.9100499166833
42.8,677.4583899152216
43.0,673.9475887924664
43.2,670.377029513248
43.4,666.7461004896945
43.6,663.054196596581
43.8,659.3007201988535
44.0,655.4850821875918
44.2,651.6067030205153
44.4,647.6650137629761
44.6,643.659457125257
44.8,639.5894884918747
45.0,635.4545769385045
45.2,631.2542062320653
45.4,626.987875809469
45.6,622.6551017305122
45.8,618.2554176003941
46.0,613.7883754573808
46.2,609.2535466211842
46.4,604.6505224977176
46.6,599.978915335988
46.8,595.2383589330327
47.0,590.4285092829592
47.2,585.5490451663348
47.4,580.5996686763895
47.6,575.5801056787171
47.8,570.490106201426
48.0,565.3294447529566
48.2,560.0979205650866
48.4,554.7953577589483
48.6,549.4216054322186
48.8,543.9765376659764
49.0,538.460053450082
49.2,532.8720765262901
49.4,527.2125551486827
49.6,521.481461761379
49.8,515.6787925938623
50.0,509.8045671746336
