0.0,730.0771571208198
0.2,733.0260652896512
0.4,735.9192527842695
0.6,738.7578140322612
0.8,741.5428273965746
1.0,744.2753545970686
1.2,746.9564401777513
1.4,749.5871110205421
1.6,752.1683759061776
1.8,754.7012251226624
2.0,757.1866301214545
2.2,759.6255432213582
2.4,762.0188973598944
2.6,764.3676058917104
2.8,766.6725624333973
3.0,768.9346407538952
3.2,771.154694709482
3.4,773.3335582221762
3.6,775.4720453002203
3.8,777.5709500991637
4.0,779.6310470219272
4.2,781.6530908561075
4.4,783.6378169466687
4.6,785.5859414020689
4.8,787.4981613317883
5.0,789.375155113153
5.2,791.2175826852947
5.4,793.02608586804
5.6,794.8012887034998
5.8,796.5437978181105
6.0,798.2542028028757
6.2,799.9330766095708
6.4,801.5809759606924
6.6,803.19844177097
6.8,804.7859995783014
7.0,806.3441599820281
7.2,807.8734190865334
7.4,809.3742589482158
7.6,810.8471480239713
7.8,812.2925416194082
8.0,813.7108823351094
8.2,815.1026005093534
8.4,816.4681146558139
8.6,817.8078318948575
8.8,819.1221483771699
9.0,820.4114496985521
9.2,821.6761113048371
9.4,822.9164988859877
9.6,824.1329687585475
9.8,825.3258682357244
10.0,826.4955359844944
10.2,827.6423023692099
10.4,828.7664897813092
10.6,829.8684129548071
10.8,830.9483792673486
11.0,832.0066890266892
11.2,833.0436357425519
11.4,834.0595063838865
11.6,835.0545816216285
11.8,836.029136057123
12.0,836.98343843644
12.2,837.9177518508603
12.4,838.8323339238635
12.6,839.7274369849922
12.8,840.6033082310051
13.0,841.4601898747641
13.2,842.2983192823281
13.4,843.1179290987513
13.6,843.9192473630958
13.8,844.7024976131871
14.0,845.4678989806472
14.2,846.2156662767428
14.4,846.9460100695915
14.6,847.6591367532602
14.8,848.3552486092901
15.0,849.0345438611682
15.2,849.6972167222569
15.4,850.3434574376809
15.6,850.9734523206495
15.8,851.5873837836818
16.0,852.1854303651779
16.2,852.7677667517613
16.4,853.3345637967989
16.6,853.8859885354788
16.8,854.4222041968089
17.0,854.9433702128742
17.2,855.4496422256689
17.4,855.9411720917983
17.6,856.4181078853234
17.8,856.8805938989976
18.0,857.3287706441299
18.2,857.7627748492803
18.4,858.1827394579823
18.6,858.588793625663
18.8,858.9810627159171
19.0,859.3596682962718
19.2,859.7247281335664
19.4,860.0763561890535
19.6,860.4146626133173
19.8,860.7397537410889
20.0,861.0517320860293
20.2,861.3506963355402
20.4,861.636741345649
20.6,861.9099581360119
20.8,862.1704338850652
21.0,862.4182519253498
21.2,862.6534917390316
21.4,862.8762289536265
21.6,863.0865353379423
21.8,863.2844787982397
22.0,863.4701233746152
22.2,863.6435292376042
22.4,863.8047526849964
22.6,863.9538461388626
22.8,864.0908581427807
23.0,864.2158333592548
23.2,864.3288125673157
23.4,864.4298326602939
23.6,864.5189266437557
23.8,864.5961236335903
24.0,864.6614488542393
24.2,864.7149236370603
24.4,864.7565654188139
24.6,864.7863877402671
24.8,864.8044002449082
25.0,864.8106086777644
25.2,864.8050148843192
25.4,864.7876168095245
25.6,864.7584084969071
25.8,864.7173800877663
26.0,864.6645178204625
26.2,864.5998040297997
26.4,864.523217146501
26.6,864.4347316967826
26.8,864.334318302029
27.0,864.2219436785741
27.2,864.0975706375947
27.4,863.961158085121
27.6,863.8126610221716
27.8,863.6520305450184
28.0,863.4792138455895
28.2,863.2941542120135
28.4,863.0967910293124
28.6,862.8870597802472
28.8,862.664892046318
29.0,862.4302155089197
29.2,862.1829539506539
29.4,861.9230272567881
29.6,861.6503514168602
29.8,861.3648385264116
30.0,861.066396788836
30.2,860.7549305173181
30.4,860.43034013684
30.6,860.0925221862124
30.8,859.7413693200966
31.0,859.3767703109585
31.2,858.9986100508971
31.4,858.6067695532769
31.6,858.2011259540782
31.8,857.7815525128727
32.0,857.3479186133144
32.2,856.9000897630222
32.4,856.4379275927176
32.6,855.9612898544611
32.8,855.4700304188153
33.0,854.963999270745
33.2,854.443042504047
33.4,853.9070023140779
33.6,853.3557169885333
33.8,852.7890208960088
34.0,852.2067444720498
34.2,851.608714202381
34.4,850.9947526029795
34.6,850.3646781966362
34.8,849.7183054856297
35.0,849.0554449201145
35.2,848.3759028618052
35.4,847.6794815425217
35.6,846.9659790171369
35.8,846.2351891104596
36.0,845.4869013575616
36.2,844.7209009370521
36.4,843.9369685967887
36.6,843.1348805715064
36.8,842.3144084918401
37.0,841.4753192842189
37.2,840.6173750611034
37.4,839.740333001052
37.6,838.8439452181054
37.8,837.9279586199935
38.0,836.9921147546902
38.2,836.0361496448603
38.4,835.059793609777
38.6,834.0627710743145
38.8,833.0448003646671
39.0,832.0055934904859
39.2,830.9448559131747
39.4,829.8622863001456
39.6,828.757576264893
39.8,827.630410092813
40.0,826.480464452769
40.2,825.3074080944807
40.4,824.1109015318963
40.6,822.8905967127985
40.8,821.6461366749829
41.0,820.3771551894501
41.2,819.0832763911453
41.4,817.7641143978898
41.6,816.4192729182514
41.8,815.0483448492084
42.0,813.6509118645749
42.2,812.2265439952606
42.4,810.7747992025519
42.6,809.29522294571
42.8,807.7873477452882
43.0,806.2506927436771
43.2,804.6847632644852
43.4,803.0890503724665
43.6,801.4630304357886
43.8,799.8061646925329
44.0,798.1178988233886
44.2,796.3976625325772
44.4,794.6448691391082
44.6,792.8589151805184
44.8,791.039180031289
45.0,789.1850255381737
45.2,787.2957956746793
45.4,785.3708162169638
45.6,783.4093944433992
45.8,781.4108188600381
46.0,779.3743589541898
46.2,777.2992649782617
46.4,775.1847677659742
46.6,773.0300785829729
46.8,770.8343890137854
47.0,768.5968708869634
47.2,766.316676240141
47.4,763.9929373266107
47.6,761.6247666648829
47.8,759.211257132539
48.0,756.751482105529
48.2,754.2444956438907
48.4,751.689332724683
48.6,749.0850095227374
48.8,746.4305237396303
49.0,743.724854981073
49.2,740.9669651827116
49.4,738.1557990841023
49.6,735.290284750425
49.8,732.3693341412682
50.0,729.3918437256041
