0.0,867.9046276806575
0.2,868.473154225862
0.4,869.0243918834943
0.6,869.5585301263734
0.8,870.0757675634912
1.0,870.5763119704517
1.2,871.0603802714481
1.4,871.5281984729975
1.6,871.9800015499666
1.8,872.4160332847387
2.0,872.8365460606658
2.2,873.2418006112463
2.4,873.6320657267402
2.6,874.007617920195
2.8,874.3687410551001
3.0,874.7157259371024
3.2,875.0488698724249
3.4,875.3684761958008
3.6,875.6748537708934
3.8,875.9683164662961
4.0,876.2491826103156
4.2,876.5177744278142
4.4,876.7744174624389
4.6,877.0194399875911
4.8,877.253172409491
5.0,877.4759466656625
5.2,877.6880956221198
5.4,877.8899524724584
5.6,878.081850141966
5.8,878.2641206997494
6.0,878.4370947817404
6.2,878.6011010272979
6.4,878.7564655319513
6.6,878.9035113186561
6.8,879.0425578297394
7.0,879.1739204415152
7.2,879.2979100033388
7.4,879.4148324026601
7.6,879.5249881574173
7.8,879.6286720368947
8.0,879.7261727119522
8.2,879.8177724353181
8.4,879.9037467524245
8.6,879.9843642430612
8.8,880.0598862939229
9.0,880.1305669019354
9.2,880.1966525080649
9.4,880.2583818611434
9.6,880.3159859110865
9.8,880.3696877307299
10.0,880.4197024653799
10.2,880.4662373090516
10.4,880.5094915062585
10.6,880.5496563781301
10.8,880.5869153715471
11.0,880.6214441299253
11.2,880.6534105842185
11.4,880.6829750626786
11.6,880.7102904178804
11.8,880.7355021695025
12.0,880.7587486613575
12.2,880.7801612311648
12.4,880.7998643915843
12.6,880.8179760210503
12.8,880.8346075629828
13.0,880.8498642319947
13.2,880.8638452257668
13.4,880.8766439413087
13.6,880.888348194398
13.8,880.8990404410403
14.0,880.9087979998709
14.2,880.9176932744848
14.4,880.9257939747553
14.6,880.933163336274
14.8,880.9398603371212
15.0,880.945939911246
15.2,880.9514531578116
15.4,880.9564475459309
15.6,880.9609671142887
15.8,880.965052665212
16.0,880.9687419528202
16.2,880.972069864942
16.4,880.9750685985534
16.6,880.9777678285395
16.8,880.9801948696402
17.0,880.9823748314867
17.2,880.9843307666831
17.4,880.9860838119238
17.6,880.9876533221826
17.8,880.9890569980379
18.0,880.9903110062307
18.2,880.9914300935814
18.4,880.9924276944101
18.6,880.9933160316326
18.8,880.9941062117159
19.0,880.994808313693
19.2,880.9954314724512
19.4,880.9959839565126
19.6,880.9964732405386
19.8,880.9969060727857
20.0,880.9972885377526
20.2,880.9976261142515
20.4,880.9979237291383
20.6,880.9981858069352
20.8,880.998416315573
21.0,880.9986188084742
21.2,880.9987964631985
21.4,880.998952116855
21.6,880.999088298489
21.8,880.9992072586324
22.0,880.9993109962048
22.2,880.9994012829428
22.4,880.9994796855183
22.6,880.9995475855079
22.8,880.9996061973548
23.0,880.9996565844604
23.2,880.999699673533
23.4,880.9997362673049
23.6,880.9997670557265
23.8,880.999792625729
24.0,880.999813469643
24.2,880.9998299923441
24.4,880.9998425171924
24.6,880.9998512908178
24.8,880.9998564867972
25.0,880.999858208256
25.2,880.9998564894203
25.4,880.9998512961329
25.6,880.9998425253385
25.8,880.9998300035338
26.0,880.9998134841667
26.2,880.9997926439617
26.4,880.9997670781354
26.6,880.9997362944599
26.8,880.9996997061182
27.0,880.999656623289
27.2,880.9996062433855
27.4,880.9995476398653
27.6,880.9994797495149
27.8,880.9994013581058
28.0,880.9993110843066
28.2,880.9992073617242
28.4,880.9990884189413
28.6,880.9989522574012
28.8,880.9987966269869
29.0,880.9986189991256
29.2,880.9984165372457
29.4,880.9981860643996
29.6,880.9979240278597
29.8,880.9976264604845
30.0,880.9972889386473
30.2,880.9969065365065
30.4,880.9964737763978
30.6,880.9959845751209
30.8,880.9954321858855
31.0,880.9948091356847
31.2,880.9941071578603
31.4,880.9933171196238
31.6,880.9924289443022
31.8,880.9914315280796
32.0,880.9903126510147
32.2,880.9890588821213
32.4,880.9876554783117
32.6,880.9860862770195
32.8,880.9843335823299
33.0,880.982378044473
33.2,880.9801985325552
33.4,880.977772000432
33.6,880.9750733456558
33.8,880.9720752614687
34.0,880.9687480818438
34.2,880.9650596196257
34.4,880.9609749978604
34.6,880.9564564744583
34.8,880.9514632603849
35.0,880.9459513316276
35.2,880.9398732352503
35.4,880.9331778899065
35.6,880.9258103812489
35.8,880.9177117527394
36.0,880.9088187924348
36.2,880.8990638163951
36.4,880.8883744494332
36.6,880.876673403998
36.8,880.8638782580614
37.0,880.8499012329445
37.2,880.8346489721008
37.4,880.8180223219362
37.6,880.7999161158184
37.8,880.7802189624922
38.0,880.7588130401743
38.2,880.7355738976638
38.4,880.7103702638435
38.6,880.6830638670011
38.8,880.6535092654248
39.0,880.6215536907632
39.2,880.5870369056474
39.4,880.5497910770902
39.6,880.5096406671651
39.8,880.4664023424607
40.0,880.4198849037725
40.2,880.3698892374579
40.4,880.316208289828
40.6,880.2586270658817
40.8,880.1969226536085
41.0,880.1308642749939
41.2,880.0602133647523
41.4,879.9847236776936
41.6,879.904141425495
41.8,879.818205443499
42.0,879.7266473880076
42.2,879.6291919643637
42.4,879.5255571859342
42.6,879.4154546639177
42.8,879.2985899277014
43.0,879.1746627752838
43.2,879.0433676530702
43.4,878.9043940641346
43.6,878.7574270038177
43.8,878.6021474213202
44.0,878.4382327057301
44.2,878.2653571947105
44.4,878.083192703867
44.6,877.8914090746138
44.8,877.689674738167
45.0,877.4776572931156
45.2,877.2550240938511
45.4,877.0214428469918
45.6,876.7765822127999
45.8,876.5201124084774
46.0,876.2517058101326
46.2,875.9710375501356
46.4,875.6777861065325
46.6,875.3716338811638
46.8,875.0522677631303
47.0,874.7193796742773
47.2,874.3726670934159
47.4,874.0118335560811
47.6,873.6365891267279
47.8,873.2466508403924
48.0,872.8417431110057
48.2,872.4215981037179
48.4,871.9859560687942
48.6,871.5345656348692
48.8,871.0671840595832
49.0,870.5835774358849
49.2,870.0835208525656
49.4,869.5667985078742
49.6,869.033203775368
49.8,868.4825392214617
50.0,867.9146165744572
