0.0,828.5609619113646
0.2,830.5122138079781
0.4,832.4087636814143
0.6,834.2502963111459
0.8,836.036613736225
1.0,837.7676386675774
1.2,839.443416667385
1.4,841.0641170906769
1.6,842.6300328018305
1.8,844.1415786957281
2.0,845.5992890694972
2.2,847.0038139058045
2.4,848.3559141423161
2.6,849.6564560139619
2.8,850.9064045648568
3.0,852.1068164350288
3.2,853.2588320333615
3.4,854.3636672123502
3.6,855.4226045624074
3.8,856.436984443553
4.0,857.4081958705032
4.2,858.3376673635365
4.4,859.22685787223
4.6,860.0772478724
4.8,860.8903307285696
5.0,861.6676044052153
5.2,862.4105636001852
5.4,863.1206923632169
5.6,863.7994572516989
5.8,864.44830106489
6.0,865.0686371869842
6.2,865.661844558861
6.4,866.2292632882697
6.6,866.7721908987223
6.8,867.29187920863
7.0,867.7895318243236
7.2,868.2663022236202
7.4,868.7232924005948
7.6,869.1615520372021
7.8,869.5820781633871
8.0,869.9858152642904
8.2,870.3736557910775
8.4,870.7464410307257
8.6,871.1049622897464
8.8,871.4499623472013
9.0,871.7821371334318
9.2,872.1021375925452
9.4,872.4105716888229
9.6,872.7080065197184
9.8,872.9949705009308
10.0,873.2719555920659
10.2,873.5394195345689
10.4,873.7977880768406
10.6,874.0474571646827
10.8,874.288795078386
11.0,874.5221445008367
11.2,874.7478245039246
11.4,874.966132443266
11.6,875.1773457537715
11.8,875.3817236408821
12.0,875.5795086643597
12.2,875.7709282133313
12.4,875.9561958728771
12.6,876.1355126837917
12.8,876.3090682982862
13.0,876.4770420353091
13.2,876.6396038398924
13.4,876.7969151514773
13.6,876.949129686555
13.8,877.0963941412127
14.0,877.2388488192875
14.2,877.3766281918535
14.4,877.5098613936946
14.6,877.6386726622654
14.8,877.7631817244438
15.0,877.8835041361297
15.2,877.9997515794583
15.4,878.1120321221013
15.6,878.2204504428032
15.8,878.3251080269878
16.0,878.4261033359388
16.2,878.523531952754
16.4,878.6174867079617
16.6,878.7080577874045
16.8,878.7953328247154
17.0,878.8793969804622
17.2,878.9603330097958
17.4,879.0382213202206
17.6,879.1131400209082
17.8,879.1851649647931
18.0,879.2543697845317
18.2,879.3208259232537
18.4,879.3846026609141
18.6,879.4457671369345
18.8,879.5043843697231
19.0,879.5605172735778
19.2,879.6142266733939
19.4,879.665571317539
19.6,879.7146078891956
19.8,879.7613910164209
20.0,879.8059732811388
20.2,879.8484052272313
20.4,879.888735367879
20.6,879.9270101922624
20.8,879.9632741717232
21.0,879.9975697654602
21.2,880.0299374258216
21.4,880.0604156032451
21.6,880.0890407508806
21.8,880.1158473289263
22.0,880.1408678087023
22.2,880.1641326764759
22.4,880.1856704370516
22.6,880.2055076171338
22.8,880.2236687684658
23.0,880.240176470752
23.2,880.2550513343579
23.4,880.2683120027934
23.6,880.2799751549749
23.8,880.2900555072634
24.0,880.298565815281
24.2,880.3055168754963
24.4,880.3109175265828
24.6,880.3147746505438
24.8,880.3170931736034
25.0,880.3178760668617
25.2,880.3171243467128
25.4,880.3148370750259
25.6,880.3110113590873
25.8,880.3056423513053
26.0,880.2987232486794
26.2,880.290245292032
26.4,880.2801977650091
26.6,880.2685679928477
26.8,880.2553413409154
27.0,880.2405012130229
27.2,880.2240290495146
27.4,880.2059043251362
27.6,880.1861045466853
27.8,880.1646052504443
28.0,880.1413799993958
28.2,880.1164003802229
28.4,880.0896360000883
28.6,880.06105448319
28.8,880.0306214670843
29.0,879.9983005987663
29.2,879.9640535304892
29.4,879.9278399153039
29.6,879.8896174022868
29.8,879.8493416314188
30.0,879.8069662280683
30.2,879.7624427970151
30.4,879.7157209159419
30.6,879.6667481282941
30.8,879.6154699353965
31.0,879.5618297876797
31.2,879.5057690748472
31.4,879.4472271147706
31.6,879.3861411408641
31.8,879.3224462876361
32.0,879.2560755740598
32.2,879.186959884338
32.4,879.1150279455621
32.6,879.040206301673
32.8,878.9624192830363
33.0,878.8815889708274
33.2,878.7976351552929
33.4,878.71047528681
33.6,878.6200244185035
33.8,878.5261951390006
34.0,878.4288974937041
34.2,878.3280388927457
34.4,878.2235240035457
34.6,878.1152546256501
34.8,878.0031295452397
35.0,877.8870443664171
35.2,877.766891316075
35.4,877.642559018833
35.6,877.5139322382081
35.8,877.3808915798631
36.0,877.2433131524597
36.2,877.1010681813385
36.4,876.9540225699665
36.6,876.8020364038429
36.8,876.6449633913525
37.0,876.4826502359047
37.2,876.3149359336314
37.4,876.1416509909233
37.6,875.962616556214
37.8,875.777643460664
38.0,875.5865311627813
38.2,875.3890665925667
38.4,875.1850228914956
38.6,874.9741580455643
38.8,874.7562134097632
39.0,874.5309121236841
39.2,874.2979574195598
39.4,874.0570308258485
39.6,873.8077902715421
39.8,873.5498680986711
40.0,873.2828689930049
40.2,873.0063678456686
40.4,872.7199075613221
40.6,872.4229968316009
40.8,872.1151078956991
41.0,871.7956743132081
41.2,871.4640887775589
41.4,871.1197010015893
41.6,870.7618157097942
41.8,870.3896907746295
42.0,870.0025355367568
42.2,869.5995093512305
42.4,869.1797204032649
42.6,868.7422248382754
42.8,868.2860262512719
43.0,867.8100755803254
43.2,867.3132714476345
43.4,866.794460989637
43.6,866.2524412145752
43.8,865.6859609219156
44.0,865.0937232129985
44.2,864.4743886162879
44.4,863.8265788435987
44.6,863.1488811857778
44.8,862.439853547564
45.0,861.698030111862
45.2,860.9219276135659
45.4,860.1100521925011
45.6,859.2609067842137
45.8,858.3729989963963
46.0,857.4448494079322
46.2,856.475000217069
46.4,855.4620241553533
46.6,854.4045335748827
46.8,853.3011896083985
47.0,852.1507112949843
47.2,850.9518845588368
47.4,849.7035709249371
47.6,848.4047158536226
47.8,847.0543565761662
48.0,845.651629315605
48.2,844.1957757812513
48.4,842.6861488316026
48.6,841.1222172086535
48.8,839.5035692568586
49.0,837.8299155520305
49.2,836.1010903791183
49.4,834.3170520128751
49.6,832.477881771629
49.8,830.5837818314402
50.0,828.6350718055309
