0.0,753.025050236163
0.2,755.7415861783571
0.4,758.3975156336551
0.6,760.9945016742236
0.8,763.5341705256757
1.0,766.0181103169058
1.2,768.4478699856227
1.4,770.8249583414387
1.6,773.150843287189
1.8,775.4269511979851
2.0,777.6546664563684
2.2,779.8353311408449
2.4,781.9702448640467
2.6,784.0606647558064
2.8,786.1078055855427
3.0,788.1128400175567
3.2,790.0768989921288
3.4,792.0010722246963
3.6,793.8864088148729
3.8,795.7339179566716
4.0,797.5445697409695
4.2,799.3192960410561
4.4,801.0589914719884
4.6,802.7645144144616
4.8,804.4366880939766
5.0,806.076301706241
5.2,807.68411157997
5.4,809.2608423685576
5.6,810.8071882624465
5.8,812.3238142144413
6.0,813.8113571706671
6.2,815.2704273003686
6.4,816.7016092182668
6.6,818.1054631937267
6.8,819.4825263415443
7.0,820.83331378971
7.2,822.1583198200598
7.4,823.4580189782636
7.6,824.7328671501293
7.8,825.9833026017025
8.0,827.2097469811263
8.2,828.4126062806815
8.4,829.5922717578464
8.6,830.7491208146104
8.8,831.8835178346342
9.0,832.9958149781727
9.2,834.0863529349633
9.4,835.1554616355444
9.6,836.2034609216851
9.8,837.2306611767983
10.0,838.2373639173765
10.2,839.2238623466075
10.4,840.1904418714465
10.6,841.1373805844911
10.8,842.0649497120659
11.0,842.973414029965
11.2,843.8630322483172
11.4,844.7340573670409
11.6,845.5867370033565
11.8,846.4213136927915
12.0,847.2380251650953
12.2,848.0371045964354
12.4,848.818780839211
12.6,849.5832786307653
12.8,850.3308187822358
13.0,851.0616183487197
13.2,851.775890781888
13.4,852.4738460661221
13.6,853.1556908391947
13.8,853.8216284984677
14.0,854.4718592935274
14.2,855.1065804061292
14.4,855.7259860182802
14.6,856.3302673692411
14.8,856.9196128021905
15.0,857.4942078012558
15.2,858.0542350195765
15.4,858.5998742990336
15.6,859.1313026822462
15.8,859.6486944174097
16.0,860.1522209565146
16.2,860.6420509474706
16.4,861.1183502206246
16.6,861.5812817701501
16.8,862.031005730751
17.0,862.4676793501168
17.2,862.8914569575362
17.4,863.3024899290626
17.6,863.7009266496068
17.8,864.0869124723162
18.0,864.460589675583
18.2,864.8220974180078
18.4,865.1715716916303
18.6,865.5091452737274
18.8,865.8349476774574
19.0,866.1491051016243
19.2,866.4517403798143
19.4,866.7429729291496
19.6,867.022918698889
19.8,867.2916901190906
20.0,867.5493960495434
20.2,867.7961417291618
20.4,868.0320287260214
20.6,868.2571548882082
20.8,868.4716142956404
21.0,868.675497213011
21.2,868.8688900439903
21.4,869.0518752868144
21.6,869.2245314913839
21.8,869.3869332179772
22.0,869.5391509976836
22.2,869.6812512946485
22.4,869.8132964702145
22.6,869.9353447490386
22.8,870.0474501872545
23.0,870.1496626427438
23.2,870.2420277475745
23.4,870.3245868826582
23.6,870.3973771546702
23.8,870.4604313752754
24.0,870.5137780426924
24.2,870.5574413256277
24.4,870.5914410496066
24.6,870.6157926857186
24.8,870.6305073417984
25.0,870.6355917560519
25.2,870.6310482931386
25.4,870.6168749427131
25.6,870.5930653204292
25.8,870.5596086714012
26.0,870.5164898761186
26.2,870.4636894588007
26.4,870.4011835981787
26.6,870.3289441406869
26.8,870.2469386160363
27.0,870.1551302551503
27.2,870.0534780104227
27.4,869.941936578266
27.6,869.8204564239079
27.8,869.6889838083858
28.0,869.5474608176894
28.2,869.3958253939892
28.4,869.2340113688884
28.6,869.0619484986233
28.8,868.8795625011337
29.0,868.6867750949183
29.2,868.4835040395753
29.4,868.2696631779322
29.6,868.045162479646
29.8,867.809908086159
30.0,867.5638023568745
30.2,867.306743916418
30.4,867.0386277028291
30.6,866.7593450165255
30.8,866.4687835698671
31.0,866.1668275371377
31.2,865.8533576047475
31.4,865.5282510214545
31.6,865.1913816483795
31.8,864.8426200085901
32.0,864.4818333360043
32.2,864.1088856233596
32.4,863.7236376689737
32.6,863.3259471220149
32.8,862.9156685259798
33.0,862.4926533600662
33.2,862.0567500781128
33.4,861.6078041447568
33.6,861.1456580684537
33.8,860.6701514309779
34.0,860.1811209130063
34.2,859.6784003153772
34.4,859.1618205755826
34.6,858.631209779045
34.8,858.0863931646995
35.0,857.5271931243823
35.2,856.9534291954981
35.4,856.36491804642
35.6,855.7614734540349
35.8,855.1429062728282
36.0,854.509024394863
36.2,853.8596326999718
36.4,853.1945329954464
36.6,852.5135239444663
36.8,851.8164009824671
37.0,851.1029562206007
37.2,850.372978335394
37.4,849.6262524436612
37.6,848.8625599616731
37.8,848.0816784475321
38.0,847.2833814256452
38.2,846.4674381921335
38.4,845.6336135999603
38.6,844.7816678225008
38.8,843.9113560942313
39.0,843.0224284271583
39.2,842.1146293015668
39.4,841.1876973296295
39.6,840.2413648903819
39.8,839.2753577345545
40.0,838.2893945577366
40.2,837.2831865403551
40.4,836.2564368529717
40.6,835.2088401254382
40.8,834.1400818785127
41.0,833.0498379166189
41.2,831.937773680545
41.4,830.803543559006
41.6,829.6467901581698
41.8,828.4671435284366
42.0,827.2642203479973
42.2,826.0376230629588
42.4,824.7869389841319
42.6,823.5117393409029
42.8,822.2115782929957
43.0,820.8859919013273
43.2,819.5344970596092
43.4,818.1565903888136
43.6,816.7517470971275
43.8,815.3194198085432
44.0,813.8590373637803
44.2,812.3700035977962
44.4,810.8516960987171
44.6,809.3034649535933
44.8,807.7246314869606
45.0,806.1144869987422
45.2,804.4722915085761
45.4,802.7972725141577
45.6,801.0886237716687
45.8,799.3455041067897
46.0,797.567036265172
46.2,795.7523058115551
46.4,793.9003600869537
46.6,792.0102072335035
46.8,790.0808152966232
47.0,788.1111114141364
47.2,786.0999811018756
47.4,784.0462676450747
47.6,781.948771604531
47.8,779.8062504460885
48.0,777.6174183014601
48.2,775.3809458677657
48.4,773.0954604524254
48.6,770.7595461692101
48.8,768.3717442903317
49.0,765.930553758447
49.2,763.434431861377
49.4,760.8817950712059
49.6,758.2710200482436
49.8,755.6004448091122
50.0,752.8683700569819
