0.0,764.3406608314401
0.2,766.6790378773456
0.4,768.9721543822709
0.6,771.2219511149069
0.8,773.4301072872234
1.0,775.5980653217737
1.2,777.7270637710052
1.4,779.8181736954521
1.6,781.87233426243
1.8,783.8903844393243
2.0,785.8730890315627
2.2,787.8211585916052
2.4,789.7352636673462
2.6,791.6160443884482
2.8,793.4641165550885
3.0,795.2800753092863
3.2,797.0644972578186
3.4,798.8179416745872
3.6,800.5409511971185
3.8,802.2340522700714
4.0,803.8977554788992
4.2,805.5325558489488
4.4,807.1389331465616
4.6,808.7173521981722
4.8,810.268263233184
5.0,811.7921022516131
5.2,813.2892914153724
5.4,814.7602394611729
5.6,816.2053421326553
5.8,817.6249826292335
6.0,819.0195320690798
6.2,820.3893499636946
6.4,821.7347847015209
6.6,823.0561740381095
6.8,824.3538455903999
7.0,825.6281173327503
7.2,826.8792980924277
7.4,828.1076880423692
7.6,829.3135791891193
7.8,830.4972558539602
8.0,831.658995145372
8.2,832.79906742108
8.4,833.9177367380738
8.6,835.0152612891221
8.8,836.091893824436
9.0,837.1478820572751
9.2,838.1834690524297
9.4,839.1988935966506
9.6,840.1943905502345
9.8,841.170191179114
10.0,842.1265234669282
10.2,843.0636124066848
10.4,843.9816802717495
10.6,844.880946866017
10.8,845.7616297532373
11.0,846.6239444655773
11.2,847.4681046916029
11.4,848.2943224439648
11.6,849.102808207157
11.8,849.8937710658013
12.0,850.6674188139888
12.2,851.4239580462712
12.4,852.1635942309615
12.6,852.8865317664477
12.8,853.5929740212775
13.0,854.2831233588032
13.2,854.9571811472084
13.4,855.6153477557639
13.6,856.2578225381747
13.8,856.8848038038931
14.0,857.4964887782777
14.2,858.0930735524748
14.4,858.6747530238996
14.6,859.2417208281745
14.8,859.7941692633771
15.0,860.3322892074232
15.2,860.8562700293927
15.4,861.3662994955771
15.6,861.8625636710026
15.8,862.345246817147
16.0,862.8145312865408
16.2,863.2705974149044
16.4,863.7136234114388
16.6,864.1437852478523
16.8,864.5612565466644
17.0,864.966208469295
17.2,865.3588096044066
17.4,865.7392258569294
17.6,866.1076203381659
17.8,866.4641532573312
18.0,866.8089818148525
18.2,867.1422600977181
18.4,867.4641389771294
18.6,867.7747660086828
18.8,868.0742853352749
19.0,868.3628375928976
19.2,868.6405598194613
19.4,868.9075853667632
19.6,869.1640438156871
19.8,869.4100608947078
20.0,869.6457584017464
20.2,869.8712541294096
20.4,870.0866617936249
20.6,870.2920909656741
20.8,870.4876470076086
21.0,870.6734310110237
21.2,870.8495397391555
21.4,871.0160655722561
21.6,871.1730964561988
21.8,871.3207158542523
22.0,871.4590027019674
22.2,871.5880313651091
22.4,871.7078716005676
22.6,871.8185885201821
22.8,871.9202425574074
23.0,872.0128894367598
23.2,872.0965801459728
23.4,872.1713609108037
23.6,872.2372731724295
23.8,872.2943535673758
24.0,872.3426339099296
24.2,872.3821411769862
24.4,872.412897495291
24.6,872.4349201310392
24.8,872.4482214818054
25.0,872.452809070776
25.2,872.4486855432706
25.4,872.4358486655406
25.6,872.4142913258402
25.8,872.3840015377722
26.0,872.34496244592
26.2,872.2971523337791
26.4,872.2405446340108
26.6,872.1751079410474
26.8,872.1008060260822
27.0,872.0175978544844
27.2,871.9254376056848
27.4,871.82427469558
27.6,871.714053801513
27.8,871.5947148898848
28.0,871.4661932464594
28.2,871.3284195094272
28.4,871.1813197052893
28.6,871.0248152876311
28.8,870.8588231788493
29.0,870.6832558148992
29.2,870.498021193122
29.4,870.3030229232144
29.6,870.0981602813937
29.8,869.8833282678075
30.0,869.6584176672305
30.2,869.4233151130811
30.4,869.1779031547812
30.6,868.9220603284713
30.8,868.6556612310786
31.0,868.3785765977221
31.2,868.0906733824215
31.4,867.7918148420599
31.6,867.4818606235262
31.8,867.1606668539484
32.0,866.8280862338977
32.2,866.483968133425
32.4,866.1281586907586
32.6,865.7605009134691
32.8,865.3808347818725
33.0,864.9889973544151
33.2,864.584822874747
33.4,864.1681428801613
33.6,863.7387863110365
33.8,863.2965796208878
34.0,862.8413468865921
34.2,862.3729099183182
34.4,861.8910883686525
34.6,861.395699840376
34.8,860.8865599923101
35.0,860.363482642611
35.2,859.826279868858
35.4,859.274762104248
35.6,858.7087382291718
35.8,858.1280156574207
36.0,857.5324004162437
36.2,856.921697219445
36.4,856.2957095326965
36.6,855.6542396302156
36.8,854.9970886419471
37.0,854.3240565903761
37.2,853.6349424160934
37.4,852.9295439912376
37.6,852.2076581199381
37.8,851.4690805249021
38.0,850.7136058192984
38.2,849.9410274631214
38.4,849.1511377032471
38.6,848.3437274964328
38.8,847.5185864145551
39.0,846.6755025314361
39.2,845.8142622906702
39.4,844.934650353926
39.6,844.0364494292802
39.8,843.1194400792187
40.0,842.1834005080319
40.2,841.2281063284295
40.4,840.2533303073033
40.6,839.2588420906768
40.8,838.2444079079955
41.0,837.2097902560371
41.2,836.1547475628431
41.4,835.0790338322081
41.6,833.9823982693928
41.8,832.8645848888674
42.0,831.7253321050298
42.2,830.5643723069793
42.4,829.3814314185717
42.6,828.1762284451148
42.8,826.9484750082039
43.0,825.6978748703256
43.2,824.4241234509941
43.4,823.1269073362997
43.6,821.805903783873
43.8,820.4607802253759
44.0,819.0911937687321
44.2,817.6967907024018
44.4,816.2772060040851
44.6,814.8320628563114
44.8,813.3609721714256
45.0,811.8635321285277
45.2,810.3393277249434
45.4,808.7879303448087
45.6,807.2088973473046
45.8,805.601771676935
46.0,803.9660814978665
46.2,802.3013398534198
46.4,800.6070443495984
46.6,798.8826768565748
46.8,797.127703211434
47.0,795.3415728841147
47.2,793.5237185282577
47.4,791.6735552681797
47.6,789.7904794591883
47.8,787.8738664903683
48.0,785.9230669775073
48.2,783.9374004433582
48.4,781.9161453631328
48.6,779.8585243656811
48.8,777.7636835534458
49.0,775.6306654553421
49.2,773.4583761057897
49.4,771.2455480694159
49.6,768.9907026607984
49.8,766.6921157645335
50.0,764.3477921332518
