0.0,874.6023499067604
0.2,875.1277808846811
0.4,875.6245177091664
0.6,876.0927188930298
0.8,876.5326680825324
1.0,876.9447714982756
1.2,877.3295535300283
1.4,877.6876506068958
1.6,878.0198035023111
1.8,878.3268482660436
2.0,878.6097060018591
2.2,878.8693717289518
2.4,879.1069025774187
2.6,879.3234055727555
2.8,879.5200252617806
3.0,879.6979314229854
3.2,879.8583070886973
3.4,880.0023370854944
3.6,880.1311972740068
3.8,880.246044640662
4.0,880.3480083632265
4.2,880.4381819402721
4.4,880.51761644305
4.6,880.5873149176688
4.8,880.6482279368212
5.0,880.7012502743038
5.2,880.7472186528007
5.4,880.786910496239
5.6,880.8210436027027
5.8,880.8502766424784
6.0,880.8752103782209
6.2,880.8963895002721
6.4,880.9143049695183
6.6,880.9293967624637
6.8,880.9420569179679
7.0,880.9526327918907
7.2,880.9614304342143
7.4,880.968718012612
7.6,880.9747292164631
7.8,880.9796665855806
8.0,880.9837047180728
8.2,880.986993321513
8.4,880.989660080717
8.6,880.9918133237476
8.8,880.9935444751679
9.0,880.994930291984
9.2,880.9960348831253
9.4,880.9969115177437
9.6,880.997604231089
9.8,880.9981492393377
10.0,880.998576176581
10.2,880.9989091683217
10.4,880.9991677563926
10.6,880.9993676902745
10.8,880.9995215994851
11.0,880.9996395610855
11.2,880.9997295755259
11.4,880.9997979630624
11.6,880.9998496919153
11.8,880.9998886482257
12.0,880.9999178567718
12.2,880.9999396603299
12.4,880.9999558645585
12.6,880.9999678543395
12.8,880.9999766866523
13.0,880.9999831642868
13.2,880.9999878940112
13.4,880.9999913322117
13.6,880.9999938205036
13.8,880.9999956133578
14.0,880.9999968994168
14.2,880.9999978178512
14.4,880.9999984708398
14.6,880.9999989330422
14.8,880.9999992587493
15.0,880.9999994872511
15.2,880.9999996468458
15.4,880.9999997578178
15.6,880.9999998346377
15.8,880.9999998875794
16.0,880.9999999239028
16.2,880.9999999487134
16.4,880.9999999655847
16.6,880.9999999770064
16.8,880.999999984704
17.0,880.9999999898689
17.2,880.9999999933191
17.4,880.9999999956133
17.6,880.999999997132
17.8,880.999999998133
18.0,880.9999999987897
18.2,880.9999999992189
18.4,880.999999999498
18.6,880.9999999996786
18.8,880.999999999795
19.0,880.9999999998697
19.2,880.9999999999173
19.4,880.9999999999477
19.6,880.9999999999669
19.8,880.9999999999791
20.0,880.9999999999868
20.2,880.9999999999916
20.4,880.9999999999948
20.6,880.9999999999967
20.8,880.9999999999981
21.0,880.999999999999
21.2,880.9999999999995
21.4,880.9999999999999
21.6,881.0
21.8,881.0
22.0,881.0
22.2,881.0
22.4,881.0
22.6,881.0
22.8,881.0
23.0,881.0
23.2,881.0
23.4,881.0
23.6,881.0
23.8,881.0
24.0,881.0
24.2,881.0
24.4,881.0
24.6,881.0
24.8,881.0
25.0,881.0
25.2,881.0
25.4,881.0
25.6,881.0
25.8,881.0
26.0,881.0
26.2,881.0
26.4,881.0
26.6,881.0
26.8,881.0
27.0,881.0
27.2,881.0
27.4,881.0
27.6,881.0
27.8,881.0
28.0,881.0
28.2,881.0
28.4,881.0
28.6,880.9999999999999
28.8,880.9999999999995
29.0,880.999999999999
29.2,880.9999999999981
29.4,880.9999999999967
29.6,880.9999999999948
29.8,880.9999999999916
30.0,880.9999999999868
30.2,880.9999999999791
30.4,880.9999999999669
30.6,880.9999999999477
30.8,880.9999999999173
31.0,880.9999999998697
31.2,880.999999999795
31.4,880.9999999996786
31.6,880.999999999498
31.8,880.9999999992189
32.0,880.9999999987897
32.2,880.999999998133
32.4,880.999999997132
32.6,880.9999999956133
32.8,880.9999999933191
33.0,880.9999999898691
33.2,880.9999999847042
33.4,880.9999999770067
33.6,880.9999999655854
33.8,880.9999999487145
34.0,880.9999999239044
34.2,880.9999998875818
34.4,880.9999998346412
34.6,880.9999997578229
34.8,880.9999996468533
35.0,880.999999487262
35.2,880.9999992587653
35.4,880.9999989330656
35.6,880.9999984708738
35.8,880.9999978179006
36.0,880.9999968994885
36.2,880.999995613461
36.4,880.9999938206523
36.6,880.999991332425
36.8,880.9999878943158
37.0,880.9999831647209
37.2,880.9999766872677
37.4,880.9999678552088
37.6,880.9999558657814
37.8,880.9999396620435
38.0,880.9999178591636
38.2,880.9998886515506
38.4,880.9998496965188
38.6,880.9997979694112
38.8,880.999729584247
39.0,880.999639573018
39.2,880.9995216157472
39.4,880.9993677123499
39.6,880.9991677862421
39.8,880.9989092085257
40.0,880.998576230521
40.2,880.9981493114268
40.4,880.9976043270619
40.6,880.9969116450225
40.8,880.9960350512757
41.0,880.994930513284
41.2,880.9935447653115
41.4,880.9918137027134
41.6,880.9896605738345
41.8,880.9869939607638
42.0,880.9837055436741
42.2,880.9796676479012
42.4,880.9747305783326
42.6,880.9687197520872
42.8,880.9614326478824
43.0,880.9526355987923
43.2,880.9420604642347
43.4,880.9294012267749
43.6,880.9143105694909
43.8,880.8963964999094
44.0,880.8752190965533
44.2,880.8502874635393
44.4,880.8210569869925
44.6,880.7869269938359
44.8,880.7472389182835
45.0,880.7012750836574
45.2,880.648258206494
45.4,880.5873517259568
45.6,880.5176610539737
45.8,880.4382358301102
46.0,880.3480732498575
46.2,880.2461225158571
46.4,880.1312904387947
46.6,880.0024481887032
46.8,879.8584391687519
47.0,879.698087953013
47.2,879.5202101980436
47.4,879.3236234063991
47.6,879.1071583894812
47.8,878.869671248549
48.0,878.6100556674113
48.2,878.3272552893714
48.4,878.0202759353879
48.6,877.6881974109989
48.8,877.3301846469938
49.0,876.9454979235238
49.2,876.5335019394947
49.4,876.0936735085802
49.6,875.6256076896316
49.8,875.1290221919845
50.0,874.6037599342409
