0.0,823.3484743548928
0.2,825.2785933906204
0.4,827.1615361239869
0.6,828.9973133552178
0.8,830.785983829809
1.0,832.5276559799296
1.2,834.222489304874
1.4,835.870695383521
1.6,837.4725385153448
1.8,839.0283359900887
2.0,840.538457989734
2.2,842.0033271298055
2.4,843.423417650338
2.6,844.7992542699221
2.8,846.1314107191316
3.0,847.4205079722775
3.2,848.6672121987964
3.4,849.8722324576573
3.6,851.0363181599269
3.8,852.160256326071
4.0,853.2448686656664
4.2,854.2910085079618
4.4,855.2995576121526
4.6,856.2714228863351
4.8,857.2075330438805
5.0,858.1088352254499
5.2,858.9762916140586
5.4,859.8108760695281
5.6,860.6135708073489
5.8,861.3853631454551
6.0,862.1272423407048
6.2,862.8401965349942
6.4,863.5252098289535
6.6,864.1832594990885
6.8,864.8153133720957
7.0,865.4223273679032
7.2,866.0052432208134
7.4,866.564986385966
7.6,867.1024641362405
7.8,867.6185638526731
8.0,868.1141515095253
8.2,868.5900703533081
8.4,869.0471397733519
8.6,869.4861543599491
8.8,869.9078831446662
9.0,870.3130690161623
9.2,870.702428303735
9.4,871.0766505198781
9.6,871.4363982523413
9.8,871.7823071955661
10.0,872.1149863108914
10.2,872.4350181046086
10.4,872.7429590127585
10.6,873.0393398815106
10.8,873.3246665320382
11.0,873.5994203989825
11.2,873.8640592318742
11.4,874.1190178492521
11.6,874.3647089356533
11.8,874.6015238721536
12.0,874.8298335916944
12.2,875.0499894510187
12.4,875.2623241116678
12.6,875.4671524231248
12.8,875.6647723018474
13.0,875.855465600575
13.2,876.0394989629452
13.4,876.2171246590788
13.6,876.388581398402
13.8,876.5540951165596
14.0,876.7138797338212
14.2,876.8681378829107
14.4,877.0170616046664
14.6,877.1608330103916
14.8,877.2996249101624
15.0,877.4336014067333
15.2,877.5629184550056
15.4,877.6877243873242
15.6,877.8081604051205
15.8,877.9243610376392
16.0,878.036454568676
16.2,878.1445634324041
16.4,878.2488045794927
16.6,878.3492898148226
16.8,878.4461261081623
17.0,878.5394158792353
17.2,878.6292572586201
17.4,878.7157443259448
17.6,878.7989673268296
17.8,878.8790128700095
18.0,878.9559641060416
18.2,879.0299008889558
18.4,879.100899922165
18.6,879.1690348898916
18.8,879.2343765753081
19.0,879.2969929665302
19.2,879.3569493515283
19.4,879.4143084029685
19.6,879.4691302539126
19.8,879.5214725652583
20.0,879.5713905857186
20.2,879.6189372050931
20.4,879.6641630015074
20.6,879.7071162832557
20.8,879.7478431258094
21.0,879.7863874045175
21.2,879.8227908234659
21.4,879.8570929409185
21.6,879.8893311917267
21.8,879.9195409070453
22.0,879.9477553316622
22.2,879.9740056392154
22.4,879.9983209455391
22.6,880.0207283203499
22.8,880.0412527974669
23.0,880.059917383728
23.2,880.0767430667481
23.4,880.091748821645
23.6,880.1049516168443
23.8,880.1163664190537
24.0,880.1260061974906
24.2,880.1338819274279
24.4,880.1400025931157
24.6,880.1443751901264
24.8,880.1470047271557
25.0,880.1478942273125
25.2,880.1470447289133
25.4,880.1444552857952
25.6,880.1401229671492
25.8,880.1340428568728
26.0,880.1262080524283
26.2,880.1166096631885
26.4,880.105236808242
26.6,880.0920766136226
26.8,880.0771142089139
27.0,880.0603327231786
27.2,880.0417132801383
27.4,880.0212349925295
27.6,879.9988749555378
27.8,879.9746082392053
28.0,879.9484078796825
28.2,879.9202448691797
28.4,879.8900881444561
28.6,879.857904573653
28.8,879.823658941261
29.0,879.7873139309792
29.2,879.7488301061912
29.4,879.7081658877559
29.6,879.6652775287671
29.8,879.6201190859041
30.0,879.5726423869455
30.2,879.5227969939783
30.4,879.470530161783
30.6,879.4157867908209
30.8,879.358509374201
31.0,879.29863793794
31.2,879.2361099737694
31.4,879.1708603636838
31.6,879.1028212953579
31.8,879.0319221674916
32.0,878.9580894840811
32.2,878.8812467365428
32.4,878.801314272555
32.6,878.7182091504175
32.8,878.6318449776692
33.0,878.5421317326516
33.2,878.4489755676533
33.4,878.3522785922331
33.6,878.2519386352873
33.8,878.1478489844044
34.0,878.0398981010504
34.2,877.9279693101316
34.4,877.8119404625139
34.6,877.6916835691246
34.8,877.5670644053356
35.0,877.4379420844215
35.2,877.3041685990125
35.4,877.1655883296161
35.6,877.0220375194663
35.8,876.873343715183
36.0,876.7193251729751
36.2,876.5597902304212
36.4,876.394536644187
36.6,876.2233508944134
36.8,876.046007456917
37.0,875.862268044792
37.2,875.671880821492
37.4,875.474579587984
37.6,875.2700829471288
37.8,875.0580934490195
38.0,874.8382967216229
38.2,874.6103605916953
38.4,874.37393420159
38.6,874.1286471282207
38.8,873.874108511102
39.0,873.6099061970241
39.2,873.3356059095416
39.4,873.0507504520548
39.6,872.7548589538113
39.8,872.4474261686636
40.0,872.1279218368518
40.2,871.7957901204572
40.4,871.4504491234411
40.6,871.0912905073677
40.8,870.7176792139843
41.0,870.3289533057709
41.2,869.924423935399
41.4,869.5033754547081
41.6,869.0650656733432
41.8,868.6087262765634
42.0,868.1335634109537
42.2,867.6387584458189
42.4,867.1234689169328
42.6,866.5868296580445
42.8,866.0279541241222
43.0,865.4459359087382
43.2,864.8398504562928
43.4,864.2087569679344
43.6,863.5517004980901
43.8,862.8677142364816
44.0,862.155821968393
44.2,861.4150407037996
44.4,860.6443834637855
44.6,859.8428622105035
44.8,859.0094909047873
45.0,858.143288673442
45.2,857.2432830662572
45.4,856.3085133809134
45.6,855.3380340322523
45.8,854.3309179408484
46.0,853.2862599145072
46.2,852.2031799952445
46.4,851.0808267434841
46.6,849.9183804306978
46.8,848.715056111476
47.0,847.4701065461301
47.2,846.1828249453465
47.4,844.852547509181
47.6,843.4786557337796
47.8,842.0605784606526
48.0,840.5977936450871
48.2,839.089829822361
48.4,837.5362672527895
48.6,835.9367387292825
48.8,834.2909300339758
49.0,832.5985800336017
49.2,830.8594804065482
49.4,829.0734749979745
49.6,827.2404588028724
49.8,825.3603765805383
50.0,823.4332211075105
