0.0,770.4353616891545
0.2,772.6354684543561
0.4,774.7971671710443
0.6,776.9213321511236
0.8,779.0088133075845
1.0,781.0604354467857
1.2,783.0769976727381
1.4,785.0592729047524
1.6,787.0080075090268
1.8,788.9239210439706
2.0,790.8077061183003
2.2,792.6600283601906
2.4,794.4815264950478
2.6,796.2728125287831
2.8,798.0344720328131
3.0,799.7670645264093
3.2,801.4711239514588
3.4,803.1471592341946
3.6,804.7956549280032
3.8,806.417071931028
4.0,808.0118482719556
4.2,809.5803999571076
4.4,811.1231218717556
4.6,812.6403887284379
4.8,814.1325560549791
5.0,815.5999612148985
5.2,817.0429244529382
5.4,818.4617499585421
5.6,819.8567269402741
5.8,821.2281307043726
6.0,822.5762237308862
6.2,823.9012567411429
6.4,825.2034697506294
6.6,826.4830931017349
6.8,827.7403484712046
7.0,828.975449847578
7.2,830.1886044743181
7.4,831.380013754798
7.6,832.5498741157746
7.8,833.6983778264408
8.0,834.8257137706215
8.2,835.9320681701333
8.4,837.017625257788
8.6,838.0825678989523
8.8,839.1270781610075
9.0,840.1513378304531
9.2,841.1555288777846
9.4,842.1398338706298
9.6,843.1044363359681
9.8,844.049521072556
10.0,844.975274414961
10.2,845.8818844508537
10.4,846.7695411934253
10.6,847.6384367109808
10.8,848.4887652159227
11.0,849.3207231154606
11.2,850.1345090264892
11.4,850.9303237571429
11.6,851.7083702575892
11.8,852.4688535426395
12.0,853.2119805887585
12.2,853.9379602080307
12.4,854.6470029016036
12.6,855.3393206950636
12.8,856.0151269581337
13.0,856.6746362109907
13.2,857.3180639194001
13.4,857.945626280761
13.6,858.557540003036
13.8,859.1540220784175
14.0,859.735289553455
14.2,860.3015592972413
14.4,860.8530477691193
14.6,861.3899707872447
14.8,861.9125432992079
15.0,862.4209791557902
15.2,862.915490888808
15.4,863.3962894938755
15.6,863.8635842188038
15.8,864.3175823582433
16.0,864.758489055073
16.2,865.1865071089453
16.4,865.6018367922993
16.6,866.0046756740776
16.8,866.3952184513009
17.0,866.773656788587
17.2,867.140179165635
17.4,867.4949707326434
17.6,867.8382131735766
17.8,868.1700845771513
18.0,868.4907593153814
18.2,868.8004079294809
18.4,869.0991970229018
18.6,869.3872891612622
18.8,869.664842778902
19.0,869.9320120917895
19.2,870.1889470164948
19.4,870.43579309494
19.6,870.6726914246342
19.8,870.8997785940992
20.0,871.1171866231978
20.2,871.3250429080789
20.4,871.5234701704621
20.6,871.7125864109911
20.8,871.8925048663951
21.0,872.0633339702093
21.2,872.2251773168127
21.4,872.3781336285599
21.6,872.5222967257873
21.8,872.6577554994949
22.0,872.7845938865106
22.2,872.9028908469621
22.4,873.0127203438888
22.6,873.1141513248438
22.8,873.2072477053418
23.0,873.2920683540275
23.2,873.3686670794445
23.4,873.4370926182993
23.6,873.4973886251245
23.8,873.5495936632564
24.0,873.5937411970509
24.2,873.6298595852719
24.4,873.6579720755979
24.6,873.6780968001966
24.8,873.6902467723319
25.0,873.6944298839715
25.2,873.690648904375
25.4,873.6789014796492
25.6,873.6591801332659
25.8,873.6314722675452
26.0,873.5957601661171
26.2,873.5520209973803
26.4,873.5002268189875
26.6,873.4403445833942
26.8,873.3723361445169
27.0,873.2961582655548
27.2,873.2117626280416
27.4,873.119095842198
27.6,873.0180994586731
27.8,872.9087099817648
28.0,872.7908588842275
28.2,872.6644726237816
28.4,872.5294726614521
28.6,872.3857754818772
28.8,872.233292615736
29.0,872.0719306644612
29.2,871.9015913274108
29.4,871.7221714316879
29.6,871.5335629648116
29.8,871.3356531104482
30.0,871.1283242874335
30.2,870.9114541923201
30.4,870.6849158456982
30.6,870.4485776425519
30.8,870.2023034069153
31.0,869.9459524511079
31.2,869.6793796398298
31.4,869.4024354594064
31.6,869.1149660924722
31.8,868.816813498383
32.0,868.5078154996477
32.2,868.1878058746586
32.4,867.8566144569965
32.6,867.5140672415696
32.8,867.1599864978288
33.0,866.7941908902826
33.2,866.4164956065049
33.4,866.0267124927976
33.6,865.6246501976354
33.8,865.2101143229701
34.0,864.7829075834288
34.2,864.3428299733778
34.4,863.8896789417656
34.6,863.4232495745844
34.8,862.9433347847153
35.0,862.4497255088378
35.2,861.9422109109933
35.4,861.4205785922935
35.6,860.8846148061659
35.8,860.334104678412
36.0,859.7688324312439
36.2,859.1885816103442
36.4,858.5931353138661
36.6,857.9822764221701
36.8,857.3557878269546
37.0,856.7134526583162
37.2,856.0550545081376
37.4,855.3803776480743
37.6,854.6892072402842
37.8,853.9813295389208
38.0,853.2565320802969
38.2,852.514603859513
38.4,851.7553354912527
38.6,850.9785193523522
38.8,850.1839497036865
39.0,849.3714227888482
39.2,848.5407369070637
39.4,847.6916924577606
39.6,846.8240919542114
39.8,845.9377400036906
40.0,845.032443251639
40.2,844.1080102873982
40.4,843.1642515091796
40.6,842.2009789460639
40.8,841.2180060349841
41.0,840.2151473508333
41.2,839.1922182880588
41.4,838.1490346923514
41.6,837.0854124413156
41.8,836.001166973318
42.0,834.8961127640403
42.2,833.7700627506263
42.4,832.6228277036993
42.6,831.4542155479303
42.8,830.2640306322633
43.0,829.0520729513482
43.2,827.8181373201869
43.4,826.5620125044559
43.6,825.2834803094468
43.8,823.9823146310266
44.0,822.6582804724875
44.2,821.3111329316114
44.4,819.9406161627177
44.6,818.5464623188809
44.8,817.1283904799094
45.0,815.686105572041
45.2,814.2192972856517
45.4,812.7276389975681
45.6,811.2107867048288
45.8,809.6683779769492
46.0,808.1000309338953
46.2,806.5053432570784
46.4,804.8838912407226
46.6,803.2352288909397
46.8,801.5588870797695
47.0,799.8543727613036
47.2,798.1211682567977
47.4,796.3587306154176
47.6,794.5664910569249
47.8,792.7438545022173
48.0,790.8901991971888
48.2,789.0048764348572
48.4,787.0872103801563
48.6,785.1364980011692
48.8,783.1520091099322
49.0,781.1329865152417
49.2,779.0786462891745
49.4,776.9881781482815
49.6,774.8607459496399
49.8,772.6954883011726
50.0,770.4915192848514
