0.0,753.3956334570249
0.2,755.644421565357
0.4,757.8902320909864
0.6,760.1339335746738
0.8,762.3751968863166
1.0,764.6126270543466
1.2,766.843944587347
1.4,769.0661996008552
1.6,771.2760004306825
1.8,773.4697388716363
2.0,775.6437964750518
2.2,777.7947199867141
2.4,779.9193583951966
2.6,782.0149585573498
2.8,784.0792204215534
3.0,786.1103160809616
3.2,788.1068790441283
3.4,790.0679711767466
3.6,791.9930348627422
3.8,793.8818372719662
4.0,795.734412466411
4.2,797.551005684617
4.4,799.3320227329469
4.6,801.0779861416969
4.8,802.7894987085289
5.0,804.4672142884319
5.2,806.1118151906054
5.4,807.7239952714476
5.6,809.3044477180143
5.8,810.8538565441524
6.0,812.3728909236738
6.2,813.8622016227839
6.4,815.3224189397753
6.6,816.7541516961907
6.8,818.1579869409213
7.0,819.534490123735
7.2,820.8842055680602
7.4,822.2076571271433
7.6,823.5053489464793
7.8,824.7777662822355
8.0,826.0253763434074
8.2,827.2486291372734
8.4,828.4479583052768
8.6,829.6237819412493
8.8,830.7765033868666
9.0,831.9065120010808
9.2,833.0141839014424
9.4,834.0998826759775
9.6,835.1639600647958
9.8,836.2067566109636
10.0,837.2286022804499
10.2,838.2298170511739
10.4,839.2107114713546
10.6,840.1715871875231
10.8,841.1127374426824
11.0,842.0344475452131
11.2,842.9369953092146
11.4,843.8206514670577
11.6,844.6856800549812
11.8,845.5323387726231
12.0,846.3608793174174
12.2,847.1715476948142
12.4,847.9645845053067
12.6,848.7402252092523
12.8,849.4987003704895
13.0,850.2402358797381
13.2,850.9650531587714
13.4,851.6733693463294
13.6,852.3653974667251
13.8,853.0413465820768
14.0,853.7014219290736
14.2,854.3458250411527
14.4,854.9747538569451
14.6,855.5884028158099
14.8,856.186962941251
15.0,856.7706219129817
15.2,857.339564128367
15.4,857.8939707539467
15.6,858.4340197677132
15.8,858.9598859927834
16.0,859.471741123084
16.2,859.9697537416323
16.4,860.4540893319753
16.6,860.9249102833201
16.8,861.3823758898632
17.0,861.826642344806
17.2,862.2578627295169
17.4,862.6761869982796
17.6,863.0817619590473
17.8,863.4747312506014
18.0,863.8552353164932
18.2,864.2234113761297
18.4,864.5793933933472
18.6,864.9233120427969
18.8,865.2552946744539
19.0,865.575465276544
19.2,865.8839444371653
19.4,866.1808493048696
19.6,866.4662935484574
19.8,866.7403873162197
20.0,867.0032371948528
20.2,867.2549461682594
20.4,867.4956135764338
20.6,867.7253350746219
20.8,867.9442025929303
21.0,868.152304296557
21.2,868.3497245467936
21.4,868.53654386295
21.6,868.7128388853366
21.8,868.8786823394325
22.0,869.0341430013576
22.2,869.1792856647602
22.4,869.3141711092206
22.6,869.4388560702663
22.8,869.5533932110832
23.0,869.6578310960044
23.2,869.752214165846
23.4,869.8365827151573
23.6,869.9109728714426
23.8,869.9754165764068
24.0,870.0299415692722
24.2,870.0745713722041
24.4,870.1093252778824
24.6,870.1342183392451
24.8,870.1492613614291
25.0,870.1544608959243
25.2,870.1498192369536
25.4,870.1353344200868
25.6,870.1110002230889
25.8,870.0768061690006
26.0,870.0327375314405
26.2,869.9787753421172
26.4,869.9148964005306
26.6,869.8410732858374
26.8,869.7572743708524
27.0,869.6634638381463
27.2,869.5596016982022
27.4,869.4456438095801
27.6,869.3215419010373
27.8,869.187243595543
28.0,869.0426924361216
28.2,868.8878279134506
28.4,868.7225854951316
28.6,868.5468966565485
28.8,868.3606889132138
29.0,868.1638858545024
29.2,867.9564071786594
29.4,867.7381687289626
29.6,867.5090825309079
29.8,867.269056830282
30.0,867.0179961319722
30.2,866.7558012393553
30.4,866.4823692940981
30.6,866.197593816189
30.8,865.9013647440094
31.0,865.5935684742458
31.2,865.2740879014259
31.4,864.9428024568525
31.6,864.5995881466962
31.8,864.2443175889933
32.0,863.8768600492822
32.2,863.4970814745959
32.4,863.1048445255146
32.6,862.7000086059629
32.8,862.282429890426
33.0,861.8519613482346
33.2,861.4084527645552
33.4,860.9517507577023
33.6,860.4816987923664
33.8,859.9981371883365
34.0,859.5009031242694
34.2,858.9898306360361
34.4,858.4647506091555
34.6,857.9254907647951
34.8,857.3718756387982
35.0,856.8037265531666
35.2,856.2208615794004
35.4,855.6230954930704
35.6,855.0102397189656
35.8,854.3821022661285
36.0,853.7384876520622
36.2,853.0791968153587
36.4,852.4040270159682
36.6,851.7127717222945
36.8,851.0052204842765
37.0,850.2811587915759
37.2,849.5403679159704
37.4,848.7826247370197
37.6,848.0077015500464
37.8,847.2153658554529
38.0,846.4053801283741
38.2,845.5775015676547
38.4,844.7314818231265
38.6,843.8670667001613
38.8,842.9839958404772
39.0,842.0820023781863
39.2,841.1608125700976
39.4,840.2201453993127
39.6,839.2597121512011
39.8,838.2792159608907
40.0,837.2783513314794
40.2,836.2568036222553
40.4,835.2142485063116
40.6,834.1503513970537
40.8,833.0647668432374
41.0,831.957137892327
41.2,830.8270954221512
41.4,829.6742574410598
41.6,828.4982283570612
41.8,827.2985982167903
42.0,826.0749419156771
42.2,824.8268183814426
42.4,823.5537697342274
42.6,822.2553204285198
42.8,820.9309763850364
43.0,819.5802241254843
43.2,818.20252993071
43.4,816.7973390545401
43.6,815.3640750436211
43.8,813.9021392403458
44.0,812.4109105846562
44.2,810.8897458847136
44.4,809.3379807996084
44.6,807.754931872118
44.8,806.1399000665504
45.0,804.4921764026068
45.2,802.8110504216958
45.4,801.0958223596613
45.6,799.3458200018237
45.8,797.5604212239692
46.0,795.7390831282604
46.2,793.8813784123321
46.4,791.9870391119996
46.6,790.056007096251
46.8,788.0884896597936
47.0,786.0850172903232
47.2,784.0464992795946
47.4,781.9742714580382
47.6,779.8701291798028
47.8,777.7363380256191
48.0,775.5756147853646
48.2,773.3910723465876
48.4,771.1861242662116
48.6,768.9643480078981
48.8,766.7293098733021
49.0,764.4843591430954
49.2,762.232403323159
49.4,759.9756800320383
49.6,757.7155433554841
49.8,755.4522829503511
50.0,753.184992551576
