0.0,857.5655333690681
0.2,858.2588204818966
0.4,858.9366560956686
0.6,859.5992376744551
0.8,860.2467631745209
1.0,860.8794310239182
1.2,861.4974400995469
1.4,862.1009897016587
1.6,862.6902795257973
1.8,863.2655096321718
2.0,863.826880412471
2.2,864.3745925541377
2.4,864.9088470021302
2.6,865.4298449182057
2.8,865.9377876377732
3.0,866.4328766243693
3.2,866.9153134218196
3.4,867.3852996041592
3.6,867.843036723388
3.8,868.288726255154
4.0,868.7225695424529
4.2,869.1447677374508
4.4,869.5555217415362
4.6,869.9550321437163
4.8,870.3434991574791
5.0,870.7211225562443
5.2,871.0881016075375
5.4,871.4446350060193
5.6,871.7909208055103
5.8,872.1271563501509
6.0,872.4535382048458
6.2,872.770262085135
6.4,873.077522786643
6.6,873.3755141142561
6.8,873.6644288111768
7.0,873.9444584880083
7.2,874.2157935520173
7.4,874.4786231367258
7.6,874.7331350319805
7.8,874.9795156146437
8.0,875.2179497800523
8.2,875.4486208743841
8.4,875.6717106280688
8.6,875.8873990903797
8.8,876.095864565333
9.0,876.2972835490225
9.2,876.4918306685088
9.4,876.6796786223784
9.6,876.8609981230833
9.8,877.0359578411625
10.0,877.2047243514471
10.2,877.3674620813358
10.4,877.5243332612292
10.6,877.6754978772001
10.8,877.8211136259685
11.0,877.9613358722507
11.2,878.0963176085336
11.4,878.2262094173287
11.6,878.3511594359452
11.8,878.4713133238193
12.0,878.5868142324279
12.2,878.6978027778039
12.4,878.8044170156725
12.6,878.9067924192082
12.8,879.0050618594171
13.0,879.0993555881338
13.2,879.1898012236196
13.4,879.2765237387391
13.6,879.35964545169
13.8,879.439286019251
14.0,879.5155624325072
14.2,879.5885890150076
14.4,879.6584774233038
14.6,879.7253366498117
14.8,879.7892730279361
15.0,879.8503902393893
15.2,879.9087893236338
15.4,879.9645686893725
15.6,880.0178241280086
15.8,880.0686488289881
16.0,880.1171333969429
16.2,880.1633658705406
16.4,880.2074317429513
16.6,880.2494139838332
16.8,880.289393062744
17.0,880.3274469738743
17.2,880.3636512620047
17.4,880.3980790495848
17.6,880.4308010648289
17.8,880.4618856707264
18.0,880.4913988948624
18.2,880.5194044599416
18.4,880.5459638149147
18.6,880.5711361665991
18.8,880.5949785116944
19.0,880.6175456690856
19.2,880.6388903123359
19.4,880.6590630022649
19.6,880.6781122195174
19.8,880.6960843970198
20.0,880.713023952234
20.2,880.7289733191108
20.4,880.7439729796533
20.6,880.7580614950011
20.8,880.7712755359481
21.0,880.783649912809
21.2,880.7952176045557
21.4,880.8060097871421
21.6,880.8160558609452
21.8,880.8253834772457
22.0,880.8340185636846
22.2,880.8419853486247
22.4,880.8493063843583
22.6,880.8560025690998
22.8,880.862093167709
23.0,880.8675958310926
23.2,880.8725266142362
23.4,880.876899992822
23.6,880.8807288783904
23.8,880.8840246320101
24.0,880.8867970764229
24.2,880.8890545066338
24.4,880.890803698919
24.6,880.8920499182346
24.8,880.8927969240041
25.0,880.8930469742726
25.2,880.8928008282181
25.4,880.8920577470137
25.6,880.8908154930389
25.8,880.8890703274416
26.0,880.8868170060574
26.2,880.884048773696
26.4,880.8807573568082
26.6,880.8769329545519
26.8,880.872564228278
27.0,880.867638289463
27.2,880.8621406861173
27.4,880.8560553877007
27.6,880.8493647685864
27.8,880.8420495901099
28.0,880.8340889812507
28.2,880.8254604179938
28.4,880.8161397014223
28.6,880.8061009345997
28.8,880.795316498296
29.0,880.783757025625
29.2,880.7713913756568
29.4,880.7581866060733
29.6,880.7441079449417
29.8,880.72911876168
30.0,880.7131805372925
30.2,880.6962528339591
30.4,880.6782932640592
30.6,880.6592574587204
30.8,880.6390990359778
31.0,880.6177695686387
31.2,880.5952185519448
31.4,880.5713933711271
31.6,880.546239268953
31.8,880.5196993133621
32.0,880.4917143652953
32.2,880.4622230468144
32.4,880.4311617096189
32.6,880.3984644040617
32.8,880.3640628487684
33.0,880.3278864009651
33.2,880.2898620276183
33.4,880.2499142774925
33.6,880.207965254229
33.8,880.1639345905473
34.0,880.117739423675
34.2,880.0692943721024
34.4,880.0185115137654
34.6,879.9653003657495
34.8,879.9095678656146
35.0,879.851218354429
35.2,879.7901535616048
35.4,879.7262725916212
35.6,879.6594719127171
35.8,879.5896453476353
36.0,879.5166840664912
36.2,879.440476581839
36.4,879.3609087460007
36.6,879.277863750722
36.8,879.1912221292071
37.0,879.1008617605908
37.2,879.0066578768863
37.4,878.9084830724531
37.6,878.806207316018
37.8,878.6996979652741
38.0,878.5888197840828
38.2,878.473434962289
38.4,878.3534031381607
38.6,878.2285814234498
38.8,878.0988244310712
39.0,877.9639843053833
39.2,877.8239107550514
39.4,877.6784510884636
39.6,877.5274502516655
39.8,877.37075086877
40.0,877.208193284791
40.2,877.0396156108475
40.4,876.864853771667
40.6,876.6837415553235
40.8,876.4961106651275
41.0,876.3017907735833
41.2,876.1006095783243
41.4,875.8923928599239
41.6,875.6769645414822
41.8,875.4541467498752
42.0,875.2237598785531
42.2,874.9856226517653
42.4,874.7395521900879
42.6,874.4853640771214
42.8,874.2228724272276
43.0,873.9518899541634
43.2,873.6722280404745
43.4,873.3836968075012
43.6,873.0861051858532
43.8,872.7792609862007
44.0,872.4629709702369
44.2,872.1370409216579
44.4,871.8012757170086
44.6,871.4554793962467
44.8,871.0994552328713
45.0,870.733005803469
45.2,870.355933056529
45.4,869.9680383803831
45.6,869.5691226701273
45.8,869.1589863933868
46.0,868.7374296547891
46.2,868.3042522590138
46.4,867.8592537722938
46.6,867.4022335822474
46.8,866.9329909559256
47.0,866.4513250959668
47.2,865.9570351947561
47.4,865.4499204864956
47.6,864.9297802970955
47.8,864.3964140918105
48.0,863.8496215205463
48.2,863.289202460774
48.4,862.7149570579991
48.6,862.1266857637376
48.8,861.5241893709655
49.0,860.9072690470114
49.2,860.2757263638761
49.4,859.6293633259719
49.6,858.9679823952813
49.8,858.2913865139461
50.0,857.599379124309
