0.0,780.2909131834256
0.2,782.0477620333606
0.4,783.8216113557697
0.6,785.613469588696
0.8,787.4230732142491
1.0,789.2489898175711
1.2,791.0887696213083
1.4,792.9391331738133
1.6,794.7961809843391
1.8,796.6556104275272
2.0,798.5129261173736
2.2,800.3636319591008
2.4,802.2033958972735
2.6,804.0281816062303
2.8,805.8343446319745
3.0,807.6186934610886
3.2,809.378518415469
3.4,811.1115930080276
3.6,812.8161534032199
3.8,814.4908619552684
4.0,816.1347605591379
4.2,817.747218894837
4.4,819.3278817351586
4.6,820.8766184698268
4.8,822.3934769979588
5.0,823.8786432442934
5.2,825.3324068158462
5.4,826.7551327559079
5.6,828.1472389680956
5.8,829.5091786540531
6.0,830.8414270046519
6.2,832.1444713735505
6.4,833.4188042128671
6.6,834.6649181372343
6.8,835.8833025842763
7.0,837.0744416421837
7.2,838.2388127095161
7.4,839.3768857338672
7.6,840.489122842929
7.8,841.5759782341867
8.0,842.6378982295437
8.2,843.6753214306927
8.4,844.6886789321974
8.6,845.678394564012
8.8,846.6448851452382
9.0,847.5885607376375
9.2,848.5098248918272
9.4,849.4090748819248
9.6,850.2867019262164
9.8,851.143091392563
10.0,851.9786229879799
10.2,852.7936709322802
10.4,853.5886041159653
10.6,854.3637862427348
10.8,855.1195759571204
11.0,855.8563269578351
11.2,856.5743880974915
11.4,857.2741034693867
11.6,857.9558124820805
11.8,858.6198499225146
12.0,859.2665460084247
12.2,859.8962264308058
12.4,860.509212387181
12.6,861.1058206064165
12.8,861.6863633658077
13.0,862.2511485011429
13.2,862.8004794104269
13.4,863.3346550519184
13.6,863.8539699371112
13.8,864.3587141192515
14.0,864.849173177956
14.2,865.3256282004604
14.4,865.7883557599971
14.6,866.2376278917609
14.8,866.6737120668952
15.0,867.096871164892
15.2,867.5073634447718
15.4,867.9054425153716
15.6,868.2913573050462
15.8,868.6653520310514
16.0,869.0276661688558
16.2,869.3785344215972
16.4,869.7181866898748
16.6,870.0468480420486
16.8,870.3647386851902
17.0,870.6720739368102
17.2,870.96906419747
17.4,871.255914924365
17.6,871.5328266059521
17.8,871.7999947376759
18.0,872.05760979884
18.2,872.3058572306501
18.4,872.5449174154493
18.6,872.7749656571527
18.8,872.9961721628827
19.0,873.2087020257916
19.2,873.4127152090595
19.4,873.6083665310392
19.6,873.7958056515245
19.8,873.9751770591025
20.0,874.1466200595576
20.2,874.310268765279
20.4,874.4662520856349
20.6,874.6146937182584
20.8,874.7557121412035
21.0,874.8894206059164
21.2,875.0159271309739
21.4,875.1353344965363
21.6,875.2477402394651
21.8,875.3532366490527
22.0,875.451910763315
22.2,875.5438443657995
22.4,875.6291139828568
22.6,875.7077908813351
22.8,875.7799410666481
23.0,875.8456252811773
23.2,875.9048990029673
23.4,875.957812444679
23.6,876.0044105527617
23.8,876.0447330068173
24.0,876.0788142191236
24.2,876.1066833342934
24.4,876.1283642290448
24.6,876.1438755120663
24.8,876.1532305239574
25.0,876.1564373372349
25.2,876.1534987563948
25.4,876.1444123180243
25.6,876.1291702909622
25.8,876.1077596765119
26.0,876.0801622087067
26.2,876.0463543546427
26.4,876.0063073148865
26.6,875.9599870239773
26.8,875.9073541510404
27.0,875.8483641005353
27.2,875.7829670131639
27.4,875.711107766969
27.6,875.6327259786518
27.8,875.5477560051469
28.0,875.4561269454887
28.2,875.3577626430118
28.4,875.2525816879257
28.6,875.1404974203072
28.8,875.021417933559
29.0,874.8952460783808
29.2,874.7618794673004
29.4,874.6212104798175
29.6,874.4731262682071
29.8,874.3175087640386
30.0,874.1542346854543
30.2,873.9831755452653
30.4,873.8041976599096
30.6,873.6171621593201
30.8,873.4219249977521
31.0,873.2183369656128
31.2,873.0062437023308
31.4,872.785485710308
31.6,872.555898369982
31.8,872.31731195603
32.0,872.069551654735
32.2,871.8124375825288
32.4,871.545784805721
32.6,871.2694033614137
32.8,870.9830982795875
33.0,870.6866696063453
33.2,870.3799124282729
33.4,870.0626168978768
33.6,869.734568260037
33.8,869.3955468793994
34.0,869.0453282686152
34.2,868.6836831173191
34.4,868.3103773217118
34.6,867.9251720145983
34.8,867.5278235957073
35.0,867.1180837620907
35.2,866.6956995383806
35.4,866.2604133066518
35.6,865.8119628356079
35.8,865.3500813087821
36.0,864.8744973514096
36.2,864.384935055597
36.4,863.8811140033841
36.6,863.3627492872516
36.8,862.8295515276037
37.0,862.2812268867115
37.2,861.7174770785738
37.4,861.1379993741156
37.6,860.5424866011115
37.8,859.9306271381915
38.0,859.3021049022549
38.2,858.6565993285899
38.4,857.9937853429786
38.6,857.3133333250371
38.8,856.6149090620328
39.0,855.8981736924067
39.2,855.1627836382216
39.4,854.4083905257667
39.6,853.6346410935475
39.8,852.8411770869237
40.0,852.0276351386732
40.2,851.1936466348201
40.4,850.3388375651155
40.6,849.4628283576598
40.8,848.565233697283
41.0,847.6456623274925
41.2,846.7037168360982
41.4,845.7389934250806
41.6,844.7510816659941
41.8,843.7395642433474
42.0,842.7040166902191
42.2,841.6440071232204
42.4,840.5590959883416
42.6,839.448835835965
42.8,838.3127711534389
43.0,837.1504382984159
43.2,835.9613655973849
43.4,834.7450737034366
43.6,833.501076347503
43.8,832.228881670178
44.0,830.9279943883374
44.2,829.5979191325455
44.4,828.2381653859817
44.6,826.8482545585789
44.8,825.4277298321441
45.0,823.976169499009
45.2,822.4932045677853
45.4,820.9785413987507
45.6,819.431990027264
45.8,817.8534986037337
46.0,816.2431939931747
46.2,814.6014280158189
46.4,812.9288280690462
46.6,811.226349971559
46.8,809.4953298664523
47.0,807.737530999453
47.2,805.9551802752808
47.4,804.1509888386024
47.6,802.3281506876145
47.8,800.4903136585314
48.0,798.6415181314158
48.2,796.7861005499494
48.4,794.928561278979
48.6,793.0733992998536
48.8,791.2249195172958
49.0,789.3870216897845
49.2,787.5629828144093
49.4,785.7552468118089
49.6,783.9652362373682
49.8,782.1932002721271
50.0,780.4381113555025
