0.0,870.8756730372386
0.2,871.4175062310653
0.4,871.9396315346962
0.6,872.4422189726373
0.8,872.9254629912924
1.0,873.3895824511218
1.2,873.8348204427516
1.4,874.261443929948
1.6,874.669743224067
1.8,875.0600312962181
2.0,875.4326429349117
2.2,875.7879337583848
2.4,876.1262790920879
2.6,876.448072722964
2.8,876.7537255431411
3.0,877.0436640964825
3.2,877.3183290420855
3.4,877.5781735492905
3.6,877.8236616390526
3.8,878.0552664866341
4.0,878.273468700512
4.2,878.4787545921636
4.4,878.6716144509878
4.6,878.8525408380859
4.8,879.0220269119316
5.0,879.1805647981622
5.2,879.3286440148038
5.4,879.4667499632408
5.6,879.5953624941609
5.8,879.7149545565702
6.0,879.8259909367987
6.2,879.9289270932218
6.4,880.024208091218
6.6,880.1122676416988
6.8,880.1935272453743
7.0,880.2683954438008
7.2,880.3372671771793
7.4,880.4005232478646
7.6,880.4585298876103
7.8,880.5116384257128
8.0,880.5601850544513
8.2,880.6044906875372
8.4,880.6448609067004
8.6,880.6815859910454
8.8,880.7149410234141
9.0,880.7451860676863
9.2,880.7725664107279
9.4,880.7973128625746
9.6,880.8196421083824
9.8,880.8397571057059
10.0,880.8578475207581
10.2,880.8740901974643
10.4,880.8886496533313
10.6,880.9016785964147
10.8,880.9133184579641
11.0,880.9236999356609
11.2,880.9329435427151
11.4,880.9411601584718
11.6,880.948451576558
11.8,880.9549110470005
12.0,880.9606238091396
12.2,880.9656676125512
12.4,880.9701132235753
12.6,880.9740249154149
12.8,880.9774609401243
13.0,880.980473981137
13.2,880.9831115852999
13.4,880.9854165736654
13.6,880.9874274305661
13.8,880.9891786707326
14.0,880.990701184435
14.2,880.9920225608233
14.4,880.9931673898042
14.6,880.9941575429435
14.8,880.9950124340038
15.0,880.9957492598256
15.2,880.996383222347
15.4,880.9969277326165
15.6,880.9973945977015
15.8,880.9977941914259
16.0,880.9981356098876
16.2,880.9984268127134
16.4,880.9986747510001
16.6,880.9988854828803
16.8,880.9990642776273
17.0,880.9992157091839
17.2,880.9993437399698
17.4,880.9994517957794
17.6,880.999542832547
17.8,880.9996193957099
18.0,880.9996836728557
18.2,880.9997375402968
18.4,880.9997826041722
18.6,880.9998202366277
18.8,880.9998516075882
19.0,880.9998777125905
19.2,880.9998993971075
19.4,880.9999173777537
19.6,880.9999322607306
19.8,880.9999445578303
20.0,880.9999547002916
20.2,880.9999630507654
20.4,880.9999699136259
20.6,880.999975543836
20.8,880.9999801545491
21.0,880.9999839236172
21.2,880.9999869991449
21.4,880.9999895042231
21.6,880.9999915409509
21.8,880.9999931938465
22.0,880.9999945327332
22.2,880.999995615175
22.4,880.9999964885277
22.6,880.9999971916618
22.8,880.9999977564055
23.0,880.9999982087501
23.2,880.9999985698544
23.4,880.999998856877
23.6,880.9999990836643
23.8,880.9999992613156
24.0,880.9999993986429
24.2,880.9999995025422
24.4,880.9999995782875
24.6,880.999999629759
24.8,880.9999996596124
25.0,880.9999996693954
25.2,880.9999996596165
25.4,880.9999996297677
25.6,880.9999995783011
25.8,880.9999995025614
26.0,880.9999993986689
26.2,880.99999926135
26.4,880.999999083709
26.6,880.9999988569347
26.8,880.9999985699285
27.0,880.9999982088451
27.2,880.9999977565267
27.4,880.9999971918161
27.6,880.9999964887237
27.8,880.9999956154235
28.0,880.9999945330478
28.2,880.9999931942439
28.4,880.9999915414521
28.6,880.9999895048543
28.8,880.9999869999385
29.0,880.9999839246132
29.2,880.9999801557971
29.4,880.999975545397
29.6,880.9999699155753
29.8,880.9999630531959
30.0,880.999954703317
30.2,880.9999445615903
30.4,880.9999322653955
30.6,880.9999173835322
30.8,880.9998994042536
31.0,880.9998777214138
31.2,880.9998516184645
31.4,880.9998202500133
31.6,880.9997826206194
31.8,880.9997375604735
32.0,880.9996836975679
32.2,880.999619425929
32.4,880.9995428694411
32.6,880.9994518407515
32.8,880.9993437947013
33.0,880.9992157756869
33.2,880.9990643583056
33.4,880.9988855806012
33.6,880.9986748691772
33.8,880.9984269554044
34.0,880.9981357819072
34.2,880.9977943984777
34.4,880.9973948465312
34.6,880.9969280311881
34.8,880.9963835800477
35.0,880.9957496877013
35.2,880.9950129450305
35.4,880.9941581523393
35.6,880.9931681153872
35.8,880.9920234234211
36.0,880.9907022083519
36.2,880.9891798842841
36.4,880.9874288666865
36.6,880.9854182705968
36.8,880.9831135873759
37.0,880.9804763396683
37.2,880.9774637143989
37.4,880.9740281738277
37.6,880.9701170448972
37.8,880.9656720873556
38.0,880.9606290414027
38.2,880.9549171558905
38.4,880.9484586984346
38.6,880.9411684491151
38.8,880.932953179805
39.0,880.9237111215314
39.2,880.9133314226555
39.4,880.9016936010506
39.6,880.8886669938483
39.8,880.8741102087206
40.0,880.8578705810544
40.2,880.8397836417477
40.4,880.8196726007174
40.6,880.7973478515396
40.8,880.7726065029399
41.0,880.7452319431128
41.2,880.7149934430616
41.4,880.6816458053019
41.6,880.6449290643719
41.8,880.6045682456138
42.0,880.5602731886448
42.2,880.511738441802
42.4,880.4586432336322
42.6,880.4006515271901
42.8,880.337412162508
43.0,880.2685590921116
43.2,880.1937117138632
43.4,880.1124753047382
43.6,880.0244415583635
43.8,879.9291892282956
44.0,879.8262848780707
44.2,879.7152837380586
44.4,879.5957306680679
44.6,879.4671612235352
44.8,879.3291028219585
45.0,879.1810760050497
45.2,879.0225957908742
45.4,878.8531731090546
45.6,878.6723163109353
45.8,878.4795327454722
46.0,878.2743303905318
46.2,878.0562195282791
46.4,877.8247144524188
46.6,877.5793351942477
46.8,877.3196092537968
47.0,877.0450733217896
47.2,876.7552749777544
47.4,876.449774349388
47.6,876.1281457182033
47.8,875.7899790566074
48.0,875.43488148184
48.2,875.0624786126767
48.4,874.6724158154487
48.6,874.2643593267522
48.8,873.8379972412132
49.0,873.3930403538207
49.2,872.9292228476324
49.4,872.4463028190794
49.6,871.9440626346297
49.8,871.4223091141996
50.0,870.8808735383982
