0.0,779.0171901824325
0.2,780.9483463152767
0.4,782.8551957434412
0.6,784.7389858831851
0.8,786.6008209627977
1.0,788.4416611069552
1.2,790.2623231546622
1.4,792.0634831565212
1.6,793.8456804660392
1.8,795.6093233113128
2.0,797.3546957084362
2.2,799.0819655569034
2.4,800.7911937405771
2.6,802.4823440457492
2.8,804.1552937005621
3.0,805.8098443375895
3.2,807.4457331835351
3.4,809.0626442864987
3.6,810.6602196017079
3.8,812.2380697704943
4.0,813.7957844440538
4.2,815.3329420225386
4.4,816.8491187006506
4.6,818.343896732461
4.8,819.8168718500767
5.0,821.2676597923726
5.2,822.6959019208043
5.4,824.1012699188127
5.6,825.4834695891535
5.8,826.842243779307
6.0,828.1773744787382
6.2,829.4886841430408
6.4,830.7760363088562
6.6,832.0393355699425
6.8,833.2785269889573
7.0,834.4935950215615
7.2,835.6845620295535
7.4,836.8514864581084
7.6,837.994460749104
7.8,839.1136090581958
8.0,840.209084838058
8.2,841.2810683442528
8.4,842.329764113811
8.6,843.3553984599969
8.8,844.3582170200992
9.0,845.3384823866201
9.2,846.2964718460402
9.4,847.2324752435678
9.6,848.1467929869847
9.8,849.0397341979664
10.0,849.9116150150903
10.2,850.7627570491742
10.4,851.5934859886064
10.6,852.4041303498943
10.8,853.1950203667648
11.0,853.966487009724
11.2,854.7188611269992
11.4,855.452472697175
11.6,856.1676501835506
11.8,856.8647199802309
12.0,857.5440059401748
12.2,858.2058289757957
12.4,858.850506723232
12.6,859.4783532619931
12.8,860.0896788823583
13.0,860.6847898935919
13.2,861.263988466736
13.4,861.8275725064319
13.6,862.3758355468798
13.8,862.9090666676732
14.0,863.4275504258252
14.2,863.9315668008336
14.4,864.4213911501207
14.6,864.897294172606
14.8,865.3595418785601
15.0,865.8083955642143
15.2,866.2441117898949
15.4,866.6669423606978
15.6,867.0771343089247
15.8,867.4749298776869
16.0,867.8605665052218
16.2,868.2342768095931
16.4,868.596288573541
16.6,868.9468247293294
16.8,869.2861033434951
17.0,869.6143376014587
17.2,869.9317357919872
17.4,870.2385012915269
17.6,870.534832548449
17.8,870.8209230672542
18.0,871.0969613928006
18.2,871.3631310946138
18.4,871.6196107513456
18.6,871.8665739354432
18.8,872.1041891980881
19.0,872.3326200544591
19.2,872.552024969371
19.4,872.7625573433301
19.6,872.9643654990479
19.8,873.1575926684428
20.0,873.342376980159
20.2,873.5188514476197
20.4,873.6871439576337
20.6,873.8473772595647
20.8,873.9996689550685
21.0,874.1441314884013
21.2,874.2808721372977
21.4,874.409993004412
21.6,874.5315910093154
21.8,874.6457578810413
22.0,874.7525801511621
22.2,874.8521391473881
22.4,874.9445109876715
22.6,875.0297665747995
22.8,875.1079715914615
23.0,875.1791864957726
23.2,875.2434665172373
23.4,875.3008616531381
23.6,875.3514166653334
23.8,875.3951710774481
24.0,875.4321591724458
24.2,875.462409990569
24.4,875.4859473276358
24.6,875.5027897336837
24.8,875.512950511953
25.0,875.5164377182026
25.2,875.5132541603538
25.4,875.5033973984595
25.6,875.4868597449972
25.8,875.4636282654882
26.0,875.4336847794422
26.2,875.3970058616363
26.4,875.3535628437304
26.6,875.3033218162301
26.8,875.2462436308039
27.0,875.182283902967
27.2,875.1113930151445
27.4,875.0335161201251
27.6,874.9485931449217
27.8,874.856558795053
28.0,874.7573425592624
28.2,874.6508687146886
28.4,874.537056332506
28.6,874.4158192840498
28.8,874.2870662474386
29.0,874.1507007147135
29.2,874.0066209995015
29.4,873.8547202452181
29.6,873.6948864338165
29.8,873.5270023950897
30.0,873.3509458165308
30.2,873.1665892537517
30.4,872.9738001414535
30.6,872.7724408049462
30.8,872.5623684722009
31.0,872.3434352864194
31.2,872.1154883190967
31.4,871.8783695835486
31.6,871.6319160488694
31.8,871.3759596542786
32.0,871.11032732381
32.2,870.8348409812883
32.4,870.5493175655386
32.6,870.2535690457618
32.8,869.9474024370118
33.0,869.6306198157064
33.2,869.3030183351032
33.4,868.9643902406768
33.6,868.6145228853425
33.8,868.25319874448
34.0,867.8801954307345
34.2,867.4952857085972
34.4,867.0982375087999
34.6,866.6888139426158
34.8,866.2667733162091
35.0,865.8318691452641
35.2,865.383850170216
35.4,864.9224603725305
35.6,864.4474389926257
35.8,863.9585205502024
36.0,863.4554348679676
36.2,862.937907099978
36.4,862.4056577661208
36.6,861.8584027945876
36.8,861.2958535745756
37.0,860.7177170218844
37.2,860.1236956605611
37.4,859.5134877242801
37.6,858.8867872817265
37.8,858.2432843908792
38.0,857.582665287756
38.2,856.9046126158665
38.4,856.2088057033262
38.6,855.4949208952736
38.8,854.7626319498978
39.0,854.0116105069885
39.2,853.2415266384289
39.4,852.452049490441
39.6,851.6428480275913
39.8,850.8135918885607
40.0,849.9639523633912
40.2,849.0936035013127
40.4,848.2022233572645
40.6,847.2894953837998
40.8,846.3551099731546
41.0,845.3987661518327
41.2,844.4201734270584
41.4,843.4190537808718
41.6,842.3951438034657
41.8,841.3481969526125
42.0,840.2779859207195
42.2,839.1843050852618
42.4,838.0669730121352
42.6,836.9258349749782
42.8,835.760765446863
43.0,834.5716705141317
43.2,833.3584901557466
43.4,832.121200325567
43.6,830.8598147696935
43.8,829.5743865067012
44.0,828.2650088954786
44.2,826.931816213757
44.4,825.574983670524
44.6,824.1947267775653
44.8,822.7913000095926
45.0,821.3649946889237
45.2,819.9161360395708
45.4,818.4450793669046
45.6,816.9522053327194
45.8,815.4379143114081
46.0,813.9026198308397
46.2,812.346741121096
46.4,810.7706948150857
46.6,809.1748858667404
46.8,807.5596977744443
47.0,805.9254822189954
47.2,804.2725482460736
47.4,802.6011511422602
47.6,800.9114811704682
47.8,799.2036523445657
48.0,797.4776914334443
48.2,795.7335273912969
48.4,793.9709814130235
48.6,792.1897578111959
48.8,790.38943590372
49.0,788.5694630892393
49.2,786.7291492705501
49.4,784.8676627651506
49.6,782.984027816944
49.8,781.077123794652
50.0,779.1456861313291
