0.0,761.7844437908276
0.2,764.2276476921498
0.4,766.6183952500846
0.6,768.9586172611492
0.8,771.2501501734828
1.0,773.4947349370601
1.2,775.6940168736003
1.4,777.8495465141226
1.6,779.9627813304976
1.8,782.0350882692379
2.0,784.0677469817446
2.2,786.0619536356104
2.4,788.0188251864818
2.6,789.9394039892745
2.8,791.824662630898
3.0,793.6755088735556
3.2,795.492790607546
3.4,797.2773007245663
3.6,799.0297818360793
3.8,800.7509307756337
4.0,802.4414028384278
4.2,804.1018157253
4.4,805.7327531712293
4.6,807.3347682499535
4.8,808.9083863562194
5.0,810.454107875338
5.2,811.9724105560917
5.4,813.4637516076907
5.6,814.9285695445387
5.8,816.367285804221
6.0,817.7803061645739
6.2,819.168021985183
6.4,820.5308112973829
6.6,821.869039765031
6.8,823.1830615361852
7.0,824.4732200034806
7.2,825.7398484886355
7.4,826.9832708641995
7.6,828.203802123483
7.8,829.4017489076198
8.0,830.5774099969444
8.2,831.7310767723314
8.4,832.8630336508323
8.6,833.9735584988632
8.8,835.0629230253047
9.0,836.1313931561768
9.2,837.1792293919925
9.4,838.2066871484889
9.6,839.2140170811225
9.8,840.2014653935058
10.0,841.1692741298225
10.2,842.1176814511738
10.4,843.0469218957693
10.6,843.9572266228763
10.8,844.8488236404505
11.0,845.7219380164148
11.2,846.5767920735977
11.4,847.413605568398
11.6,848.232595853298
11.8,849.0339780234136
12.0,849.8179650473206
12.2,850.5847678824615
12.4,851.3345955754846
12.6,852.067655347922
12.8,852.7841526676565
13.0,853.4842913066694
13.2,854.1682733856004
13.4,854.836299405677
13.6,855.4885682686057
13.8,856.1252772850323
14.0,856.7466221722007
14.2,857.3527970414525
14.4,857.9439943762176
14.6,858.5204050011494
14.8,859.0822180430634
15.0,859.629620884332
15.2,860.1627991093815
15.4,860.681936444932
15.6,861.1872146946055
15.8,861.6788136685121
16.0,862.1569111084134
16.2,862.6216826090325
16.4,863.0733015360718
16.6,863.5119389414656
16.8,863.937763476381
17.0,864.350941302446
17.2,864.7516360016702
17.4,865.1400084854838
17.6,865.516216903306
17.8,865.8804165510221
18.0,866.23275977972
18.2,866.5733959050156
18.4,866.902471117267
18.6,867.2201283929552
18.8,867.5265074074772
19.0,867.8217444495849
19.2,868.1059723376677
19.4,868.3793203380627
19.6,868.6419140855533
19.8,868.8938755061934
20.0,869.135322742581
20.2,869.3663700816808
20.4,869.5871278852854
20.6,869.7977025231837
20.8,869.9981963090936
21.0,870.1887074394012
21.2,870.3693299347418
21.4,870.5401535844383
21.6,870.7012638938129
21.8,870.8527420343734
22.0,870.9946647968694
22.2,871.1271045472105
22.4,871.2501291852276
22.6,871.3638021062613
22.8,871.4681821655533
23.0,871.5633236454139
23.2,871.6492762251423
23.4,871.72608495367
23.6,871.7937902249002
23.8,871.8524277557169
24.0,871.9020285666376
24.2,871.9426189650851
24.4,871.9742205312585
24.6,871.9968501065812
24.8,872.0105197847108
25.0,872.0152369051002
25.2,872.0110040490946
25.4,871.9978190385632
25.6,871.9756749370611
25.8,871.9445600535208
26.0,871.9044579484821
26.2,871.8553474428631
26.4,871.7972026292894
26.6,871.7299928859918
26.8,871.6536828932943
27.0,871.5682326527094
27.2,871.473597508663
27.4,871.3697281728773
27.6,871.2565707514307
27.8,871.1340667745253
28.0,871.0021532289865
28.2,870.8607625935169
28.4,870.7098228767331
28.6,870.5492576580015
28.8,870.3789861310925
29.0,870.1989231506697
29.2,870.0089792816167
29.4,869.8090608512088
29.6,869.5990700041223
29.8,869.3789047602683
30.0,869.1484590754291
30.2,868.907622904663
30.4,868.6562822684306
30.6,868.3943193213886
30.8,868.1216124237732
31.0,867.8380362152889
31.2,867.5434616913958
31.4,867.2377562818738
31.6,866.9207839315202
31.8,866.5924051828214
32.0,866.252477260412
32.2,865.9008541571204
32.4,865.5373867213666
32.6,865.1619227456645
32.8,864.7743070559487
33.0,864.3743816014232
33.2,863.9619855446036
33.4,863.5369553511978
33.6,863.0991248794428
33.8,862.6483254684919
34.0,862.1843860254152
34.2,861.7071331103555
34.4,861.2163910193543
34.6,860.7119818643356
34.8,860.1937256497168
35.0,859.6614403450894
35.2,859.1149419533944
35.4,858.5540445739957
35.6,857.9785604600427
35.8,857.3883000694915
36.0,856.78307210915
36.2,856.162683571099
36.4,855.5269397608366
36.6,854.8756443164888
36.8,854.2085992184354
37.0,853.5256047887009
37.2,852.8264596794697
37.4,852.1109608501035
37.6,851.3789035320485
37.8,850.6300811810515
38.0,849.8642854161258
38.2,849.0813059447412
38.4,848.2809304737532
38.6,847.4629446056222
38.8,846.6271317195257
39.0,845.7732728370137
39.2,844.9011464719133
39.4,844.0105284642465
39.6,843.1011917979804
39.8,842.1729064024963
40.0,841.2254389377149
40.2,840.2585525628731
40.4,839.2720066889929
40.6,838.2655567151198
40.8,837.2389537484204
41.0,836.1919443082244
41.2,835.1242700140491
41.4,834.0356672575591
41.6,832.9258668582603
41.8,831.7945937025064
42.0,830.6415663650754
42.2,829.466496712138
42.4,828.2690894838665
42.6,827.0490418541968
42.8,825.8060429643331
43.0,824.5397734254491
43.2,823.2499047846843
43.4,821.9360989469309
43.6,820.5980075430688
43.8,819.2352712332435
44.0,817.8475189315155
44.2,816.434366935816
44.4,814.9954179446709
44.6,813.5302599397514
44.8,812.0384649110744
45.0,810.5195873998117
45.2,808.9731628323609
45.4,807.3987056187913
45.6,805.7957069892639
45.8,804.1636325437511
46.0,802.5019194935685
46.2,800.80997357809
46.4,799.0871656466429
46.6,797.3328279040827
46.8,795.546249828846
47.0,793.7266737842815
47.2,791.8732903574694
47.4,789.9852334741915
47.6,788.0615753536945
47.8,786.1013213817773
48.0,784.103404994839
48.2,782.0666826800725
48.4,779.9899292072276
48.6,777.8718332145536
48.8,775.7109932750028
49.0,773.5059145680374
49.2,771.255006277058
49.4,768.9565798224631
49.6,766.6088480257424
49.8,764.2099252811639
50.0,761.7578287891387
