0.0,868.8547315032434
0.2,869.4137955581873
0.4,869.9550071672596
0.6,870.4785509253497
0.8,870.984623700254
1.0,871.4734346663524
1.2,871.945205267802
1.4,872.4001691117646
1.6,872.838571792705
1.8,873.2606706492925
2.0,873.6667344559218
2.2,874.0570430513324
2.4,874.4318869072331
2.6,874.79156664025
2.8,875.1363924708786
3.0,875.4666836334569
3.2,875.7827677414695
3.4,876.0849801127416
3.6,876.3736630592941
3.8,876.649165146789
4.0,876.911840428618
4.2,877.1620476597584
4.4,877.4001494955462
4.6,877.6265116805067
4.8,877.8415022323175
5.0,878.0454906258851
5.2,878.2388469823754
5.4,878.421941267862
5.6,878.5951425060545
5.8,878.75881800932
6.0,878.9133326319568
6.2,879.0590480493789
6.4,879.1963220665676
6.6,879.3255079588157
6.8,879.4469538474548
7.0,879.561002112904
7.2,879.6679888470297
7.4,879.7682433464466
7.6,879.8620876480423
7.8,879.9498361076554
8.0,880.0317950224992
8.2,880.108262297593
8.4,880.1795271561508
8.6,880.2458698935698
8.8,880.3075616743902
9.0,880.3648643713261
9.2,880.4180304452292
9.4,880.4673028646317
9.6,880.5129150633129
9.8,880.5550909341637
10.0,880.5940448574775
10.2,880.6299817616655
10.4,880.6630972142976
10.6,880.6935775412891
10.8,880.7215999719981
11.0,880.7473328079651
11.2,880.7709356130094
11.4,880.7925594224039
11.6,880.8123469688719
11.8,880.8304329231896
12.0,880.8469441472287
12.2,880.8619999573457
12.4,880.8757123961005
12.6,880.888186510375
12.8,880.899520634065
13.0,880.9098066736186
13.2,880.9191303948073
13.4,880.9275717092318
13.6,880.9352049591763
13.8,880.9420991995538
14.0,880.9483184757911
14.2,880.9539220966327
14.4,880.9589649009503
14.6,880.9634975177619
14.8,880.9675666187755
15.0,880.971215162875
15.2,880.9744826320664
15.4,880.9774052585063
15.6,880.9800162423101
15.8,880.9823459599357
16.0,880.9844221630083
16.2,880.9862701675223
16.4,880.9879130334298
16.6,880.9893717346727
16.8,880.9906653197801
17.0,880.9918110631876
17.2,880.9928246074855
17.4,880.9937200968332
17.6,880.9945103018051
17.8,880.995206735966
18.0,880.9958197644821
18.2,880.9963587051013
18.4,880.9968319218373
18.6,880.9972469117077
18.8,880.9976103848765
19.0,880.9979283385505
19.2,880.9982061249851
19.4,880.9984485139404
19.6,880.9986597499324
19.8,880.9988436046084
20.0,880.9990034245718
20.2,880.9991421749652
20.4,880.9992624791151
20.6,880.9993666545231
20.8,880.999456745478
21.0,880.9995345525502
21.2,880.999601659213
21.4,880.9996594558243
21.6,880.9997091611846
21.8,880.9997518418788
22.0,880.999788429587
22.2,880.9998197365445
22.4,880.9998464693123
22.6,880.9998692410096
22.8,880.9998885821445
23.0,880.9999049501708
23.2,880.9999187378831
23.4,880.999930280755
23.6,880.999939863312
23.8,880.9999477246205
24.0,880.9999540629681
24.2,880.9999590397949
24.4,880.9999627829311
24.6,880.9999653891856
24.8,880.9999669263226
25.0,880.9999674344526
25.2,880.9999669268605
25.4,880.9999653902793
25.6,880.999962784617
25.8,880.9999590421291
26.0,880.999954066028
26.2,880.9999477285066
26.4,880.9999398681512
26.6,880.999930286704
26.8,880.9999187451318
27.0,880.9999049589488
27.2,880.999888592727
27.4,880.9998692537238
27.6,880.9998464845471
27.8,880.9998197547599
28.0,880.9997884513258
28.2,880.9997518677804
28.4,880.9997091920009
28.6,880.9996594924376
28.8,880.9996017026579
29.0,880.999534604037
29.2,880.9994568064216
29.4,880.999366726575
29.6,880.9992625642002
29.8,880.9991422753246
30.0,880.9990035428118
30.2,880.9988437437555
30.4,880.9986599134971
30.6,880.99844870599
30.8,880.9982063502256
31.0,880.9979286024206
31.2,880.9976106936541
31.4,880.997247272631
31.6,880.9968323432406
31.8,880.9963591965709
32.0,880.9958203370301
32.2,880.9952074022273
32.4,880.9945110762595
32.6,880.9937209960547
32.8,880.9928256504229
33.0,880.991812271478
33.2,880.9906667181025
33.4,880.989373351141
33.6,880.9879149000334
33.8,880.9862723206169
34.0,880.9844246438631
34.2,880.9823488153428
34.4,880.98001952526
34.6,880.9774090289397
34.8,880.9744869577054
35.0,880.9712201201434
35.2,880.9675722938168
35.4,880.9635040075613
35.6,880.9589723145725
35.8,880.9539305565836
36.0,880.9483281195141
36.2,880.9421101810734
36.4,880.9352174508983
36.6,880.9275859039144
36.8,880.919146507716
37.0,880.9098249448773
37.2,880.8995413312203
37.4,880.8882099311866
37.6,880.875738871575
37.8,880.8620298550306
38.0,880.8469778747823
38.2,880.8304709322463
38.4,880.8123897592212
38.6,880.7926075465015
38.8,880.77098968084
39.0,880.747393492279
39.2,880.7216680139397
39.4,880.6936537564403
39.6,880.6631824991562
39.8,880.6300771005806
40.0,880.594151330065
40.2,880.5552097232212
40.4,880.5130474632583
40.6,880.467450290486
40.8,880.4181944421651
41.0,880.3650466248051
41.2,880.3077640209065
41.4,880.2460943320222
41.6,880.1797758598641
41.8,880.1085376270041
42.0,880.0320995385265
42.2,879.9501725857709
42.4,879.8624590930557
42.6,879.768653008021
42.8,879.6684402359368
43.0,879.5614990180308
43.2,879.4475003535691
43.4,879.3261084650993
43.6,879.1969813059164
43.8,879.0597711084766
44.0,878.9141249721179
44.2,878.7596854881004
44.4,878.596091399623
44.6,878.4229782941239
44.8,878.2399793248345
45.0,878.0467259582327
45.2,877.8428487437266
45.4,877.6279781016121
45.6,877.4017451250857
45.8,877.1637823918464
46.0,876.9137247806219
46.2,876.651210287773
46.4,876.375880838994
46.6,876.0873830910289
46.8,875.7853692182616
47.0,875.4694976790277
47.2,875.1394339565167
47.4,874.7948512692159
47.6,874.4354312459578
47.8,874.0608645608004
48.0,873.6708515231786
48.2,873.2651026190142
48.4,872.8433389987671
48.6,872.4052929087421
48.8,871.9507080623365
49.0,871.4793399483145
49.2,870.9909560736352
49.4,870.4853361388105
49.6,869.9622721442654
49.8,869.4215684266609
50.0,868.8630416246638
