0.0,718.246616294025
0.2,719.9805101206024
0.4,721.8179348666565
0.6,723.7496751129729
0.8,725.763518220919
1.0,727.8456652419266
1.2,729.982175948207
1.4,732.1601290637055
1.6,734.3683262771519
1.8,736.5975324418129
2.0,738.840362117045
2.2,741.0909684644254
2.4,743.3446748917489
2.6,745.5976420787437
2.8,747.8466119249836
3.0,750.0887326235714
3.2,752.3214497147486
3.4,754.5424427564885
3.6,756.7495898471724
3.8,758.9409474480316
4.0,761.1147378368717
4.2,763.2693400257862
4.4,765.4032821014855
4.6,767.5152340849372
4.8,769.6040009551436
5.0,771.6685157219853
5.2,773.7078325290215
5.4,775.7211198017326
5.6,777.7076534672468
5.8,779.6668102734138
6.0,781.5980612338906
6.2,783.500965223715
6.4,785.37516274732
6.6,787.2203698982972
6.8,789.0363725275694
7.0,790.8230206339796
7.2,792.5802229887303
7.4,794.307942002588
7.6,796.0061888423793
7.8,797.6750188010183
8.0,799.3145269231736
8.2,800.9248438867029
8.4,802.5061321381636
8.6,804.0585822790634
8.8,805.5824096980499
9.0,807.0778514429371
9.2,808.5451633253613
9.4,809.9846172499011
9.6,811.3964987587299
9.8,812.7811047822382
10.0,814.1387415856012
10.2,815.4697229009307
10.4,816.7743682344551
10.6,818.0530013380818
10.8,819.3059488347237
11.0,820.5335389868844
11.2,821.7361005981977
11.4,822.9139620378818
11.6,824.0674503783999
11.8,825.196890636993
12.0,826.3026051121643
12.2,827.38491280664
12.4,828.4441289287937
12.6,829.4805644649962
12.8,830.4945258158399
13.0,831.4863144896617
13.2,832.4562268472697
13.4,833.4045538922433
13.6,834.3315811016266
13.8,835.2375882922737
14.0,836.1228495185156
14.2,836.9876329972187
14.4,837.8322010566699
14.6,838.6568101060808
14.8,839.4617106228224
15.0,840.2471471548059
15.2,841.0133583357074
15.4,841.7605769109829
15.6,842.4890297728648
15.8,843.1989380027348
16.0,843.8905169194686
16.2,844.5639761325189
16.4,845.2195195986635
16.6,845.857345681484
16.8,846.4776472127684
17.0,847.0806115551419
17.2,847.6664206653319
17.4,848.2352511575574
17.6,848.7872743666162
17.8,849.3226564103041
18.0,849.8415582508678
18.2,850.344135755239
18.4,850.8305397538447
18.6,851.3009160978306
18.8,851.7554057145625
19.0,852.1941446613051
19.2,852.6172641770006
19.4,853.0248907320903
19.6,853.4171460763409
19.8,853.7941472846542
20.0,854.1560068008484
20.2,854.502832479415
20.4,854.8347276252575
20.6,855.1517910314338
20.8,855.4541170149214
21.0,855.7417954504363
21.2,856.0149118023354
21.4,856.2735471546392
21.6,856.517778239208
21.8,856.7476774621124
22.0,856.9633129282337
22.2,857.1647484641351
22.4,857.3520436392392
22.6,857.5252537853517
22.8,857.6844300145641
23.0,857.8296192355753
23.2,857.9608641684589
23.4,858.078203357913
23.6,858.1816711850184
23.8,858.2712978775331
24.0,858.3471095187467
24.2,858.4091280549188
24.4,858.457371301317
24.6,858.4918529468737
24.8,858.512582557474
25.0,858.519565577886
25.2,858.5128033323406
25.4,858.4922930237644
25.6,858.4580277316709
25.8,858.4099964087039
26.0,858.3481838758331
26.2,858.2725708161915
26.4,858.183133767546
26.6,858.0798451133879
26.8,857.9626730726272
27.0,857.8315816878708
27.2,857.686530812267
27.4,857.5274760948884
27.6,857.3543689646291
27.8,857.1671566125883
28.0,856.965781972909
28.2,856.7501837020403
28.4,856.5202961563896
28.6,856.2760493683289
28.8,856.017369020521
29.0,855.744176418527
29.2,855.4563884616605
29.4,855.15391761205
29.6,854.8366718618757
29.8,854.5045546987449
30.0,854.1574650691745
30.2,853.7952973401522
30.4,853.4179412587492
30.6,853.0252819097661
30.8,852.6171996713954
31.0,852.1935701688951
31.2,851.7542642262769
31.4,851.2991478160196
31.6,850.8280820068366
31.8,850.3409229095379
32.0,849.8375216210501
32.2,849.3177241666718
32.4,848.7813714406768
32.6,848.2282991453984
32.8,847.6583377289683
33.0,847.0713123219183
33.2,846.4670426729036
33.4,845.8453430838528
33.6,845.2060223449157
33.8,844.5488836696451
34.0,843.8737246309252
34.2,843.1803370982524
34.4,842.4685071770696
34.6,841.7380151509711
34.8,840.9886354277181
35.0,840.220136490151
35.2,839.4322808532393
35.4,838.6248250286848
35.6,837.7975194986936
35.8,836.9501087007386
36.0,836.0823310253759
36.2,835.1939188294324
36.4,834.2845984671626
36.6,833.3540903422752
36.8,832.4021089840563
37.0,831.4283631511688
37.2,830.4325559670763
37.4,829.4143850914398
37.6,828.3735429322526
37.8,827.3097169039092
38.0,826.22258973687
38.2,825.1118398450352
38.4,823.9771417574349
38.6,822.8181666213139
38.8,821.634582784183
39.0,820.4260564628795
39.2,819.1922525081532
39.4,817.9328352737344
39.6,816.6474695992613
39.8,815.3358219168194
40.0,813.997561491182
40.2,812.6323618041063
40.4,811.2399020932461
40.6,809.8198690563597
40.8,808.3719587315192
41.0,806.8958785639454
41.2,805.3913496699003
41.4,803.8581093077365
41.6,802.2959135657447
41.8,800.7045402758189
42.0,799.0837921611856
42.2,797.4335002255076
42.4,795.7535273895529
42.6,794.043772380338
42.8,792.3041738761872
43.0,790.5347149095093
43.2,788.7354275272826
43.4,786.9063977072609
43.6,785.0477705257808
43.8,783.1597555707814
44.0,781.2426325912471
44.2,779.2967573717839
44.4,777.3225678184565
44.6,775.3205902393785
44.8,773.2914458008901
45.0,771.2358571375233
45.2,769.1546550914348
45.4,767.0487855547902
45.6,764.9193163873841
45.8,762.767444383553
46.0,760.5945022728703
46.2,758.4019657733323
46.4,756.1914608106853
46.6,753.9647712551482
46.8,751.7238480691923
47.0,749.4708218862609
47.2,747.2080231440829
47.4,744.9380173609305
47.6,742.6636679760207
47.8,740.3882443332748
48.0,738.1155949580042
48.2,735.8504011121897
48.4,733.5985064643081
48.6,731.3672817591665
48.8,729.1659328092677
49.0,727.0056128651427
49.2,724.8991849652035
49.4,722.8605252491157
49.6,720.9033747506403
49.8,719.0399093144554
50.0,717.2793432622839
