0.0,869.8405441728859
0.2,870.3906431590202
0.4,870.922120761244
0.6,871.4351551799595
0.8,871.9299415823234
1.0,872.4066921294133
1.2,872.8656358956999
1.4,873.3070186820297
1.6,873.7311027242135
1.8,874.1381663001837
2.0,874.5285032394975
2.2,874.9024223397536
2.4,875.2602466951993
2.6,875.6023129434702
2.8,875.9289704369958
3.0,876.2405803461156
3.2,876.5375147013917
3.4,876.8201553829575
3.6,877.0888930650116
3.8,877.3441261237529
4.0,877.5862595171544
4.2,877.8157036449882
4.4,878.0328731974446
4.6,878.2381860005524
4.8,878.4320618663777
5.0,878.6149214556946
5.2,878.7871851604664
5.4,878.9492720130595
5.6,879.1015986286507
5.8,879.244578186778
6.0,879.3786194574388
6.2,879.504125876563
6.4,879.6214946750861
6.6,879.7311160652437
6.8,879.8333724870765
7.0,879.9286379175226
7.2,880.0172772438575
7.4,880.0996457026408
7.6,880.17608838475
7.8,880.2469398065192
8.0,880.3125235464805
8.2,880.3731519467049
8.4,880.4291258772839
8.6,880.4807345620795
8.8,880.528255463488
9.0,880.5719542236376
9.2,880.6120846591468
9.4,880.648888806334
9.6,880.6825970135646
9.8,880.7134280772742
10.0,880.7415894180881
10.2,880.7672772933938
10.4,880.7906770426847
10.6,880.8119633620026
10.8,880.8313006038411
11.0,880.8488430989432
11.2,880.8647354965219
11.4,880.8791131195524
11.6,880.8921023319293
11.8,880.9038209144408
12.0,880.9143784466879
12.2,880.9238766922643
12.4,880.9324099847066
12.6,880.9400656119303
12.8,880.9469241970686
13.0,880.9530600738419
13.2,880.9585416547833
13.4,880.9634317908569
13.6,880.9677881211962
13.8,880.971663411875
14.0,880.9751058828186
14.2,880.9781595221187
14.4,880.9808643871903
14.6,880.9832568923528
14.8,880.9853700825591
15.0,880.9872338931262
15.2,880.9888753954348
15.4,880.9903190286707
15.6,880.9915868177751
15.8,880.9926985778496
16.0,880.9936721053349
16.2,880.9945233563404
16.4,880.9952666125547
16.6,880.9959146352024
16.8,880.9964788075534
17.0,880.9969692665037
17.2,880.9973950237752
17.4,880.9977640772822
17.6,880.9980835132228
17.8,880.9983595994486
18.0,880.9985978706613
18.2,880.9988032059774
18.4,880.9989798993828
18.6,880.9991317235906
18.8,880.9992619877903
19.0,880.999373589761
19.2,880.9994690627962
19.4,880.9995506178676
19.6,880.9996201814316
19.8,880.9996794292556
20.0,880.9997298166213
20.2,880.9997726052385
20.4,880.9998088871758
20.6,880.9998396060978
20.8,880.9998655760705
21.0,880.999887498183
21.2,880.9999059752059
21.4,880.999921524493
21.6,880.9999345893127
21.8,880.99994554878
22.0,880.9999547265423
22.2,880.9999623983579
22.4,880.999968798693
22.6,880.9999741264506
22.8,880.9999785499296
23.0,880.9999822111055
23.2,880.9999852293115
23.4,880.9999877043899
23.6,880.9999897193757
23.8,880.9999913427646
24.0,880.9999926304147
24.2,880.9999936271172
24.4,880.9999943678731
24.6,880.9999948789007
24.8,880.9999951783977
25.0,880.9999952770742
25.2,880.999995178466
25.4,880.99999487904
25.6,880.9999943680899
25.8,880.9999936274211
26.0,880.999992630819
26.2,880.9999913432868
26.4,880.9999897200383
26.6,880.9999877052215
26.8,880.9999852303472
27.0,880.9999822123884
27.2,880.9999785515128
27.4,880.9999741283987
27.6,880.9999688010843
27.8,880.9999624012873
28.0,880.9999547301248
28.2,880.9999455531538
28.4,880.9999345946444
28.6,880.999921530983
28.8,880.9999059830947
29.0,880.9998875077584
29.2,880.9998655876774
29.4,880.9998396201478
29.6,880.99980890416
29.8,880.9997726257418
30.0,880.9997298413397
30.2,880.9996794590157
30.4,880.999620217214
30.6,880.9995506608336
30.8,880.9994691143193
31.0,880.9993736514637
31.2,880.9992620615856
31.4,880.9991318117314
31.6,880.998980004519
31.8,880.998803331221
32.0,880.9985980196616
32.2,880.9983597764791
32.4,880.9980837232813
32.6,880.9977643262049
32.8,880.997395318368
33.0,880.9969696146924
33.2,880.9964792185542
33.4,880.9959151197181
33.6,880.9952671829963
33.8,880.9945240270804
34.0,880.9936728929933
34.2,880.99269950162
34.4,880.9915878997912
34.6,880.9903202944218
34.8,880.9888768742345
35.0,880.9872356186389
35.2,880.9853720933926
35.4,880.9832592327238
35.6,880.9808671076698
35.8,880.9781626804657
36.0,880.9751095449118
36.2,880.9716676527513
36.4,880.967793026208
36.6,880.9634374569587
36.8,880.9585481919581
37.0,880.9530676066853
37.2,880.9469328665378
37.4,880.9400755772785
37.6,880.9324214256171
37.8,880.923889811198
38.0,880.9143934714666
38.2,880.9038381010816
38.4,880.8921219677521
38.6,880.8791355265786
38.8,880.864761035187
39.0,880.8488721721479
39.2,880.831333661361
39.4,880.812000905282
39.6,880.790719630041
39.8,880.7673255456554
40.0,880.7416440246957
40.2,880.71348980287
40.4,880.682666705098
40.6,880.6489674007114
40.8,880.6121731914546
41.0,880.5720538359659
41.2,880.5283674143833
41.4,880.4808602366559
41.6,880.4292667980195
41.8,880.3733097849508
42.0,880.3127001347104
42.2,880.247137151344
42.4,880.1763086807234
42.6,880.0998913468783
42.8,880.0175508514913
43.0,879.9289423380137
43.2,879.8337108214001
43.4,879.7314916839659
43.6,879.6219112373448
43.8,879.5045873499636
44.0,879.3791301388742
44.2,879.2451427241762
44.4,879.1022220436546
44.6,878.9499597246335
44.8,878.7879430094274
45.0,878.6157557301574
45.2,878.4329793281012
45.4,878.2391939121692
45.6,878.0339793505535
45.8,877.8169163890828
46.0,877.5875877893578
46.2,877.3455794793238
46.4,877.0904817085825
46.6,876.8218902004611
46.8,876.5394072926285
47.0,876.2426430579095
47.2,875.9312163968812
47.4,875.6047560938497
47.6,875.2629018279084
47.8,874.905305130963
48.0,874.531630284882
48.2,874.1415551502819
48.4,873.7347719199007
48.6,873.3109877900229
48.8,872.8699255440134
49.0,872.4113240426774
49.2,871.9349386168811
49.4,871.4405413586536
49.6,870.9279213078044
49.8,870.3968845319644
50.0,869.8472540988407
