0.0,831.567824004269
0.2,833.5509386877546
0.4,835.4713390637335
0.6,837.328400555496
0.8,839.1217147963486
1.0,840.851094272389
1.2,842.5165740372424
1.4,844.1184105355788
1.6,845.6570776264563
1.8,847.1332599484091
2.0,848.5478438145169
2.2,849.9019058663796
2.4,851.1966997501222
2.6,852.4336411046124
2.8,853.614291171572
3.0,854.7403393490195
3.2,855.8135850135535
3.4,856.8359189336273
3.6,857.8093045856604
3.8,858.7357596682328
4.0,859.6173380874776
4.2,860.4561126600668
4.4,861.2541587498238
4.6,862.0135390210239
4.8,862.7362894568801
5.0,863.4244067565509
5.2,864.0798371891759
5.4,864.7044669498008
5.6,865.3001140303405
5.8,865.8685215895715
6.0,866.4113527800389
6.2,866.9301869670809
6.4,867.4265172561462
6.6,867.9017492293037
6.8,868.3572007803293
7.0,868.7941029298647
7.2,869.2136014976946
7.4,869.6167595078789
7.6,870.004560204001
7.8,870.3779105557439
8.0,870.7376451440168
8.2,871.0845303194961
8.4,871.4192685383377
8.6,871.7425027885575
8.8,872.054821030835
9.0,872.3567605879283
9.2,872.64881242723
9.4,872.9314252909992
9.6,873.2050096382821
9.8,873.4699413713317
10.0,873.7265653273454
10.2,873.9751985234917
10.4,874.2161331494514
10.6,874.4496393070489
10.8,874.6759675010308
11.0,874.895350888672
11.2,875.1080072987468
11.4,875.3141410325284
11.6,875.513944460981
11.8,875.7075994332324
12.0,875.8952785118765
12.2,876.077146050696
12.4,876.2533591301252
12.6,876.4240683652334
12.8,876.5894186002783
13.0,876.7495495030099
13.2,876.9045960709394
13.4,877.054689060781
13.6,877.1999553512377
13.8,877.3405182482924
14.0,877.4764977411746
14.2,877.6080107162409
14.4,877.7351711351266
14.6,877.8580901827208
14.8,877.9768763897713
15.0,878.0916357342668
15.2,878.2024717251389
15.4,878.3094854713063
15.6,878.4127757386112
15.8,878.5124389968023
16.0,878.6085694583624
16.2,878.7012591106824
16.4,878.7905977428271
16.6,878.8766729679188
16.8,878.9595702419841
17.0,879.0393728799594
17.2,879.1161620694115
17.4,879.1900168824405
17.6,879.2610142861279
17.8,879.3292291518342
18.0,879.3947342635836
18.2,879.4576003257265
18.4,879.5178959700341
18.6,879.5756877623459
18.8,879.6310402088623
19.0,879.68401576216
19.2,879.7346748269835
19.4,879.7830757658583
19.6,879.8292749045567
19.8,879.8733265374399
20.0,879.9152829326915
20.2,879.9551943374533
20.4,879.993108982868
20.6,880.0290730890291
20.8,880.0631308698381
21.0,880.095324537763
21.2,880.1256943084917
21.4,880.1542784054733
21.6,880.1811130643368
21.8,880.2062325371782
22.0,880.2296690967027
22.2,880.2514530402151
22.4,880.2716126934424
22.6,880.2901744141783
22.8,880.3071625957404
23.0,880.3225996702249
23.2,880.3365061115519
23.4,880.3489004382876
23.6,880.3597992162353
23.8,880.3692170607862
24.0,880.377166639021
24.2,880.3836586715536
24.4,880.3887019341139
24.6,880.3923032588598
24.8,880.3944675354153
25.0,880.3951977116322
25.2,880.3944947940719
25.4,880.3923578482036
25.6,880.3887839983224
25.8,880.3837684271853
26.0,880.3773043753652
26.2,880.3693831403316
26.4,880.3599940752541
26.6,880.3491245875404
26.8,880.336760137109
27.0,880.3228842344079
27.2,880.3074784381847
27.4,880.2905223530157
27.6,880.2719936266063
27.8,880.25186794687
28.0,880.2301190387969
28.2,880.2067186611255
28.4,880.1816366028239
28.6,880.154840679399
28.8,880.1262967290384
29.0,880.0959686086029
29.2,880.0638181894776
29.4,880.0298053532929
29.6,879.9938879875288
29.8,879.9560219810085
30.0,879.9161612192923
30.2,879.8742575799777
30.4,879.8302609279106
30.6,879.7841191103105
30.8,879.7357779518094
31.0,879.6851812493973
31.2,879.6322707672699
31.4,879.576986231559
31.6,879.5192653249246
31.8,879.4590436809797
32.0,879.3962548785017
32.2,879.3308304353785
32.4,879.2626998022131
32.6,879.191790355495
32.8,879.1180273902185
33.0,879.0413341117967
33.2,878.9616316270811
33.4,878.8788389342469
33.6,878.7928729112489
33.8,878.7036483024766
34.0,878.6110777031531
34.2,878.5150715409139
34.4,878.4155380538763
34.6,878.312383264354
34.8,878.2055109471926
35.0,878.0948225914782
35.2,877.9802173541236
35.4,877.8615920035273
35.6,877.7388408511579
35.8,877.6118556685054
36.0,877.4805255863841
36.2,877.3447369730329
36.4,877.2043732868723
36.6,877.0593148990985
36.8,876.9094388805637
37.0,876.7546187465756
37.2,876.5947241523696
37.4,876.429620531076
37.6,876.2591686650081
37.8,876.0832241800864
38.0,875.9016369521771
38.2,875.714250413115
38.4,875.5209007432074
38.6,875.3214159361536
38.8,875.115614721573
39.0,874.9033053298024
39.2,874.6842840833419
39.4,874.45833379938
39.6,874.2252219882772
39.8,873.9846988338254
40.0,873.7364949425872
40.2,873.4803188517619
40.4,873.2158542878724
40.6,872.9427571722042
40.8,872.6606523734079
41.0,872.3691302130361
41.2,872.0677427360492
41.4,871.7559997654824
41.6,871.4333647684884
41.8,871.0992505697798
42.0,870.7530149579816
42.2,870.3939562404305
42.4,870.0213088123062
42.6,869.6342388164353
42.8,869.2318399803731
43.0,868.8131297271325
43.2,868.3770456648255
43.4,867.9224425681448
43.6,867.4480899706278
43.8,866.952670490606
44.0,866.434779015267
44.2,865.892922865955
44.4,865.3255230633729
44.6,864.7309168034577
44.8,864.1073612431661
45.0,863.4530386801176
45.2,862.7660631909878
45.4,862.0444887708281
45.6,861.2863189893561
45.8,860.4895181510539
46.0,859.6520239141647
46.2,858.7717612899816
46.4,857.8466579089423
46.6,856.8746604048431
46.8,855.8537517338608
47.0,854.7819692120604
47.2,853.6574230246634
47.4,852.4783149335819
47.6,851.2429568875742
47.8,849.9497892227472
48.0,848.5973981308051
48.2,847.1845320690901
48.4,845.7101167905266
48.6,844.1732686833569
48.8,842.5733061300779
49.0,840.9097586220854
49.2,839.1823734007785
49.4,837.3911194366163
49.6,835.5361886040083
49.8,833.6179939608579
50.0,831.6371650958804
