0.0,777.5950310427438
0.2,779.5907261864711
0.4,781.5567426047211
0.6,783.4942107517957
0.8,785.4041763004305
1.0,787.2875988788926
1.2,789.1453515773915
1.4,790.9782212135501
1.6,792.7869093362216
1.8,794.5720339370213
2.0,796.3341318297463
2.2,798.0736616495496
2.4,799.7910074164504
2.6,801.4864826016233
2.8,803.1603346299843
3.0,804.8127497489554
3.2,806.4438581909502
3.4,808.0537395560926
3.6,809.6424283419113
3.8,811.2099195481969
4.0,812.7561742877804
4.2,814.281125337584
4.4,815.7846825687933
4.6,817.2667382002621
4.8,818.7271718251483
5.0,820.1658551671471
5.2,821.5826565293665
5.4,822.9774449057555
5.6,824.3500937318855
5.8,825.7004842586764
6.0,827.0285085392217
6.2,828.3340720250972
6.4,829.6170957743408
6.6,830.8775182785871
6.8,832.1152969215722
7.0,833.3304090853436
7.2,834.5228529240063
7.4,835.6926478276705
7.6,836.8398346014737
7.8,837.9644753861305
8.0,839.0666533474491
8.2,840.146472162688
8.4,841.2040553315545
8.6,842.2395453391259
8.8,843.2531026970506
9.0,844.2449048881381
9.2,845.2151452379194
9.4,846.1640317350185
9.6,847.0917858202807
9.8,847.9986411626032
10.0,848.8848424373671
10.2,849.7506441213063
10.4,850.5963093156334
10.6,851.4221086072778
10.8,852.2283189762333
11.0,853.0152227552671
11.2,853.783106646635
11.4,854.53226079898
11.6,855.2629779462882
11.8,855.9755526096221
12.0,856.6702803613538
12.2,857.3474571507795
12.4,858.0073786892985
12.6,858.6503398927741
12.8,859.2766343782641
13.0,859.8865540119846
13.2,860.4803885051531
13.4,861.058425054234
13.6,861.6209480220554
13.8,862.1682386562892
14.0,862.7005748418582
14.2,863.2182308839485
14.4,863.7214773184645
14.6,864.2105807469331
14.8,864.6858036930696
15.0,865.1474044784169
15.2,865.5956371146874
15.4,866.030751210648
15.6,866.4529918915987
15.8,866.862599729697
16.0,867.2598106835725
16.2,867.6448560458613
16.4,868.0179623974542
16.6,868.3793515674122
16.8,868.7292405976425
17.0,869.0678417115597
17.2,869.395362286071
17.4,869.7120048263245
17.6,870.0179669427547
17.8,870.3134413300359
18.0,870.5986157476216
18.2,870.8736730016111
18.4,871.1387909277317
18.6,871.3941423752669
18.8,871.6398951918015
19.0,871.8762122086792
19.2,872.1032512270939
19.4,872.3211650047588
19.6,872.530101243108
19.8,872.7302025750021
20.0,872.921606552916
20.2,873.1044456375982
20.4,873.2788471871903
20.6,873.4449334468044
20.8,873.6028215385574
21.0,873.7526234520595
21.2,873.894446035361
21.4,874.0283909863534
21.6,874.1545548446302
21.8,874.2730289838033
22.0,874.3838996042767
22.2,874.4872477264742
22.4,874.5831491845197
22.6,874.6716746203665
22.8,874.7528894783719
23.0,874.8268540003116
23.2,874.8936232208315
23.4,874.9532469633282
23.6,875.0057698362557
23.8,875.0512312298515
24.0,875.0896653132769
24.2,875.1211010321676
24.4,875.1455621065872
24.6,875.1630670293833
24.8,875.1736290649387
25.0,875.1772562483187
25.2,875.1739513848083
25.4,875.1637120498411
25.6,875.1465305893181
25.8,875.1223941203152
26.0,875.0912845321841
26.2,875.0531784880435
26.4,875.0080474266681
26.6,874.9558575647736
26.8,874.8965698997054
27.0,874.8301402125325
27.2,874.7565190715535
27.4,874.6756518362166
27.6,874.5874786614603
27.8,874.4919345024789
28.0,874.3889491199185
28.2,874.2784470855046
28.4,874.1603477881081
28.6,874.0345654402522
28.8,873.9010090850597
29.0,873.7595826036451
29.2,873.6101847229512
29.4,873.4527090240283
29.6,873.2870439507567
29.8,873.1130728190087
30.0,872.9306738262507
30.2,872.7397200615782
30.4,872.5400795161881
30.6,872.3316150942829
30.8,872.1141846244116
31.0,871.8876408712512
31.2,871.6518315478428
31.4,871.4065993282954
31.6,871.1517818609885
31.8,870.8872117823122
32.0,870.6127167309996
32.2,870.3281193631274
32.4,870.0332373678825
32.6,869.727883484226
32.8,869.4118655186154
33.0,869.0849863639953
33.2,868.7470440203134
33.4,868.3978316168765
33.6,868.0371374369334
33.8,867.6647449449509
34.0,867.2804328171336
34.2,866.88397497585
34.4,866.4751406287359
34.6,866.0536943133781
34.8,865.6193959486237
35.0,865.172000893717
35.2,864.7112600166325
35.4,864.2369197731604
35.6,863.7487222984871
35.8,863.2464055132251
36.0,862.7297032460456
36.2,862.1983453752913
36.4,861.6520579921545
36.6,861.0905635882121
36.8,860.5135812703138
37.0,859.9208270059869
37.2,859.3120139026877
37.4,858.6868525243337
37.6,858.0450512486373
37.8,857.3863166687679
38.0,856.7103540428329
38.2,856.0168677945308
38.4,855.3055620681178
38.6,854.5761413405078
38.8,853.8283110928868
39.0,853.0617785436616
39.2,852.2762534438633
39.4,851.4714489352783
39.6,850.6470824705815
39.8,849.8028767935949
40.0,848.9385609764777
40.2,848.0538715091911
40.4,847.1485534349689
40.6,846.2223615237709
40.8,845.2750614738362
41.0,844.3064311294848
41.2,843.3162617012948
41.4,842.3043589727112
41.6,841.2705444750957
41.8,840.2146566112192
42.0,839.1365517053006
42.2,838.0361049559506
42.4,836.9132112668517
42.6,835.767785928752
42.8,834.5997651254286
43.0,833.40910623576
43.2,832.1957879039699
43.4,830.9598098505505
43.6,829.7011923973638
43.8,828.4199756820061
44.0,827.1162185387386
44.2,825.789997026138
44.4,824.4414025851269
44.6,823.0705398151795
44.8,821.6775238612508
45.0,820.2624774092927
45.2,818.8255272940419
45.4,817.3668007290207
45.6,815.8864211752747
45.8,814.3845038721865
46.0,812.8611510606218
46.2,811.3164469355419
46.4,809.7504523719311
46.6,808.1631994742643
46.8,806.5546860056487
47.0,804.9248697580534
47.2,803.2736629295466
47.4,801.6009265780636
47.6,799.9064652238072
47.8,798.1900216738184
48.0,796.4512721424932
48.2,794.6898217407728
48.4,792.9052004043868
48.6,791.096859327869
48.8,789.2641679661236
49.0,787.4064116591519
49.2,785.5227899282263
49.4,783.6124154834671
49.6,781.6743139735364
49.8,779.7074244982084
50.0,777.7106008940722
