0.0,638.1944247691173
0.2,643.2186836505117
0.4,648.1256731066871
0.6,652.9192295796204
0.8,657.6030452701086
1.0,662.1806650933016
1.2,666.6554846516144
1.4,671.0307492196774
1.6,675.309553723525
1.8,679.4948436842428
2.0,683.5894170850157
2.2,687.5959271101003
2.4,691.5168856948827
2.6,695.3546678179848
2.8,699.1115164594866
3.0,702.7895481438017
3.2,706.3907589816528
3.4,709.9170311229417
3.6,713.3701395311089
3.8,716.7517589897877
4.0,720.063471254106
4.2,723.3067722618035
4.4,726.4830793232993
4.6,729.5937382148331
4.8,732.6400301046785
5.0,735.623178249045
5.2,738.5443544014664
5.4,741.4046848870922
5.6,744.205256301158
5.8,746.947120798887
6.0,749.6313009520081
6.2,752.2587941548238
6.4,754.830576570215
6.6,757.3476066130063
6.8,759.8108279746507
7.0,762.2211721991459
7.2,764.5795608254043
7.4,766.8869071159324
7.6,769.1441173955991
7.8,771.3520920274743
8.0,773.5117260552264
8.2,775.6239095433637
8.4,777.6895276477586
8.6,779.7094604494183
8.8,781.6845825844285
9.0,783.615762702442
9.2,785.5038627850787
9.4,787.3497373542122
9.6,789.1542325984008
9.8,790.9181854437375
10.0,792.6424225932275
10.2,794.3277595564806
10.4,795.9749996891118
10.6,797.5849332588202
10.8,799.1583365526997
11.0,800.6959710379753
11.2,802.1985825860966
11.4,803.666900767958
11.6,805.1016382260158
11.8,806.5034901272064
12.0,807.8731336988951
12.2,809.2112278485727
12.4,810.5184128666903
12.6,811.7953102108747
12.8,813.0425223687951
13.0,814.2606327961403
13.2,815.4502059255254
13.4,816.6117872416431
13.6,817.7459034176131
13.8,818.8530625072428
14.0,819.9337541877824
14.2,820.9884500477199
14.4,822.0176039142137
14.6,823.0216522148762
14.8,824.0010143687987
15.0,824.9560932019319
15.2,825.8872753821956
15.4,826.794931869975
15.6,827.6794183799713
15.8,828.541075850682
16.0,829.3802309181157
16.2,830.1971963906559
16.4,830.9922717223109
16.6,831.7657434818846
16.8,832.5178858159
17.0,833.2489609033838
17.2,833.9592194008816
17.4,834.6489008763189
17.6,835.318234230553
17.8,835.9674381056661
18.0,836.5967212792434
18.2,837.2062830440551
18.4,837.7963135727158
18.6,838.3669942670388
18.8,838.9184980919242
19.0,839.4509898937351
19.2,839.9646267032086
19.4,840.4595580230374
19.6,840.9359261003272
19.8,841.3938661842006
20.0,841.8335067688676
20.2,842.254969822526
20.4,842.6583710024967
20.6,843.0438198570132
20.8,843.4114200141237
21.0,843.7612693581619
21.2,844.0934601942635
21.4,844.4080794014061
21.6,844.7052085744505
21.8,844.9849241556576
22.0,845.247297556149
22.2,845.4923952677683
22.4,845.7202789657858
22.6,845.9310056028754
22.8,846.1246274947736
23.0,846.3011923980087
23.2,846.4607435800698
23.4,846.6033198823576
23.6,846.7289557762389
23.8,846.8376814124941
24.0,846.9295226644257
24.2,847.0045011648645
24.4,847.0626343372805
24.6,847.1039354211794
24.8,847.1284134919271
25.0,847.136073475126
25.2,847.1269161556226
25.4,847.1009381812046
25.6,847.0581320610075
25.8,846.9984861586221
26.0,846.9219846798612
26.2,846.8286076551145
26.4,846.7183309161843
26.6,846.5911260674712
26.8,846.4469604513386
27.0,846.2857971074648
27.2,846.107594725956
27.4,845.9123075939647
27.6,845.6998855355333
27.8,845.4702738443553
28.0,845.2234132091186
28.2,844.9592396310748
28.4,844.6776843334532
28.6,844.3786736623189
28.8,844.0621289784548
29.0,843.7279665398315
29.2,843.376097374215
29.4,843.0064271414487
29.6,842.6188559849423
29.8,842.2132783718902
30.0,841.7895829217457
30.2,841.3476522224792
30.4,840.8873626341539
30.6,840.4085840793729
30.8,839.9111798201643
31.0,839.3950062209013
31.2,838.8599124968869
31.4,838.3057404482748
31.6,837.7323241790467
31.8,837.1394898008299
32.0,836.5270551214072
32.2,835.894829317856
32.4,835.2426125943457
32.6,834.5701958247352
32.8,833.8773601802303
33.0,833.1638767425065
33.2,832.4295061028487
33.4,831.6739979480378
33.6,830.8970906339017
33.8,830.0985107476521
34.0,829.2779726603575
34.2,828.4351780711427
34.4,827.5698155449661
34.6,826.6815600461017
34.8,825.7700724697418
35.0,824.834999174441
35.2,823.8759715184324
35.4,822.8926054031623
35.6,821.884500827714
35.8,820.851241458098
36.0,819.7923942156951
36.2,818.7075088894218
36.4,817.5961177764447
36.6,816.4577353564962
36.8,815.2918580050207
37.0,814.0979637504929
37.2,812.8755120813101
37.4,811.6239438076155
37.6,810.34268098329
37.8,809.0311268931076
38.0,807.6886661096892
38.2,806.3146646243993
38.4,804.9084700556813
38.6,803.4694119375315
38.8,801.996802089844
39.0,800.4899350712142
39.2,798.9480887134732
39.4,797.3705247357233
39.6,795.7564894339703
39.8,794.1052144406073
40.0,792.4159175459995
40.2,790.6878035722825
40.4,788.9200652872263
40.6,787.1118843436734
40.8,785.2624322276571
41.0,783.3708711958907
41.2,781.4363551809373
41.4,779.4580306400655
41.6,777.4350373216338
41.8,775.3665089208798
42.0,773.2515735952834
42.2,771.0893543082851
42.4,768.8789689691504
42.6,766.6195303362144
42.8,764.3101456507188
43.0,761.949915968971
43.2,759.5379351617134
43.4,757.0732885513914
43.6,754.5550511605024
43.8,751.9822855474126
44.0,749.3540392099401
44.2,746.6693415416267
44.4,743.9272003309183
44.6,741.1265977994117
44.8,738.2664861818461
45.0,735.345782857531
45.2,732.3633650503413
45.4,729.3180641221301
45.6,726.2086594923305
45.8,723.0338722244551
46.0,719.7923583280558
46.2,716.4827018322858
46.4,713.1034076943779
46.6,709.652894612939
46.8,706.1294878218201
47.0,702.531411945294
47.2,698.8567839992182
47.4,695.1036066256651
47.6,691.2697616500388
47.8,687.3530040499006
48.0,683.3509564235181
48.2,679.2611040435087
48.4,675.0807905768474
48.6,670.8072145470012
48.8,666.437426607049
49.0,661.9683276844793
49.2,657.3966680489942
49.4,652.7190473442628
49.6,647.931915613298
49.8,643.0315753351832
50.0,638.0141844784381
