0.0,816.4207540541299
0.2,818.3667049352838
0.4,820.2699282312116
0.6,822.1306436637651
0.8,823.9490892530299
1.0,825.7255220611254
1.2,827.4602188335864
1.4,829.153476535313
1.6,830.8056127787908
1.8,832.4169661430099
2.0,833.9878963822384
2.2,835.518784524533
2.4,837.010032860587
2.6,838.4620648242224
2.8,839.8753247665109
3.0,841.2502776261725
3.2,842.5874084995254
3.4,843.887222113849
3.6,845.1502422085839
3.8,846.377010829289
4.0,847.5680875397478
4.2,848.7240485580218
4.4,849.8454858226108
4.6,850.9330059951864
4.8,851.9872294066098
5.0,853.00878895315
5.2,853.9983289499443
5.4,854.9565039488372
5.6,855.8839775277535
5.8,856.7814210587411
6.0,857.6495124617394
6.2,858.4889349510045
6.4,859.3003757809486
6.6,860.0845249979352
6.8,860.8420742043165
7.0,861.5737153407018
7.2,862.2801394921242
7.4,862.9620357234155
7.6,863.6200899487179
7.8,864.2549838396626
8.0,864.8673937763253
8.2,865.4579898446409
8.4,866.027434883519
8.6,866.5763835844614
8.8,867.1054816460365
9.0,867.6153649851291
9.2,868.1066590064459
9.4,868.5799779313378
9.6,869.0359241865873
9.8,869.4750878534119
10.0,869.8980461765617
10.2,870.3053631330299
10.4,870.6975890595597
10.6,871.0752603378215
10.8,871.4388991358468
11.0,871.7890132040459
11.2,872.1260957239016
11.4,872.4506252072246
11.6,872.7630654436755
11.8,873.0638654941077
12.0,873.3534597271552
12.2,873.6322678963901
12.4,873.9006952553012
12.6,874.1591327072883
12.8,874.4079569878419
13.0,874.6475308760715
13.2,874.8782034327556
13.4,875.100310262119
13.6,875.3141737945974
13.8,875.520103587906
14.0,875.7183966438154
14.2,875.9093377381236
14.4,876.0931997614193
14.6,876.2702440683385
14.8,876.4407208331417
15.0,876.6048694095562
15.2,876.7629186929635
15.4,876.9150874831408
15.6,877.061584845903
15.8,877.2026104721232
16.0,877.3383550327488
16.2,877.4690005285607
16.4,877.5947206335533
16.6,877.7156810309432
16.8,877.8320397409365
17.0,877.9439474395031
17.2,878.0515477675209
17.4,878.1549776297613
17.6,878.254367483288
17.8,878.3498416149383
18.0,878.4415184076446
18.2,878.5295105954373
18.4,878.6139255070458
18.6,878.6948652980839
18.8,878.7724271718691
19.0,878.846703588983
19.2,878.9177824657262
19.4,878.9857473616707
19.6,879.0506776565477
19.8,879.1126487167412
20.0,879.1717320516882
20.2,879.2279954605056
20.4,879.2815031691819
20.6,879.3323159586893
20.8,879.3804912843748
21.0,879.426083386999
21.2,879.4691433957923
21.4,879.5097194238954
21.6,879.5478566565503
21.8,879.5835974323988
22.0,879.6169813182383
22.2,879.6480451775723
22.4,879.6768232332823
22.6,879.703347124735
22.8,879.7276459596167
23.0,879.7497463607772
23.2,879.769672508346
23.4,879.7874461773615
23.6,879.8030867711389
23.8,879.81661135058
24.0,879.8280346596104
24.2,879.8373691469028
24.4,879.8446249840333
24.6,879.8498100801871
24.8,879.8529300935135
25.0,879.8539884392078
25.2,879.8529862943744
25.4,879.8499225997034
25.6,879.8447940579741
25.8,879.8375951293714
26.0,879.8283180235849
26.2,879.8169526886333
26.4,879.8034867963407
26.6,879.7879057243622
26.8,879.7701925346412
27.0,879.7503279481567
27.2,879.728290315797
27.4,879.7040555851765
27.6,879.6775972631918
27.8,879.6488863740935
28.0,879.6178914128294
28.2,879.5845782933981
28.4,879.5489102919337
28.6,879.5108479842247
28.8,879.4703491773555
29.0,879.4273688351437
29.2,879.3818589970376
29.4,879.3337686901198
29.6,879.2830438338636
29.8,879.2296271372753
30.0,879.1734579880526
30.2,879.1144723333935
30.4,879.052602552085
30.6,878.987777317511
30.8,878.9199214512269
31.0,878.8489557667615
31.2,878.7747969033256
31.4,878.6973571491269
31.6,878.6165442540201
31.8,878.5322612312556
32.0,878.4444061481216
32.2,878.3528719053303
32.4,878.257546005035
32.6,878.1583103074345
32.8,878.0550407759749
33.0,877.9476072112346
33.2,877.8358729736499
33.4,877.7196946953235
33.6,877.5989219812508
33.8,877.4733971003864
34.0,877.3429546670849
34.2,877.2074213135521
34.4,877.066615354058
34.6,876.9203464417827
34.8,876.7684152192912
35.0,876.6106129637557
35.2,876.4467212281806
35.4,876.2765114800176
35.6,876.099744738688
35.8,875.9161712136741
36.0,875.7255299449656
36.2,875.5275484477884
36.4,875.3219423636677
36.6,875.1084151200042
36.8,874.8866576004604
37.0,874.6563478285656
37.2,874.4171506670508
37.4,874.1687175355152
37.6,873.910686149104
37.8,873.6426802809467
38.0,873.364309551148
38.2,873.0751692451593
38.4,872.7748401643722
38.6,872.4628885117659
38.8,872.1388658154134
39.0,871.8023088925986
39.2,871.4527398572204
39.4,871.0896661730612
39.6,870.7125807553655
39.8,870.3209621230258
40.0,869.9142746034908
40.2,869.4919685923014
40.4,869.0534808689301
40.6,868.5982349703347
40.8,868.1256416233533
41.0,867.6350992367535
41.2,867.1259944534166
41.4,866.5977027627772
41.6,866.0495891732613
41.8,865.4810089440743
42.0,864.8913083752725
42.2,864.2798256546336
42.4,863.6458917594017
42.6,862.9888314105489
42.8,862.3079640767426
43.0,861.6026050247731
43.2,860.8720664127517
43.4,860.1156584219588
43.6,859.3326904228081
43.8,858.5224721699861
44.0,857.684315021449
44.2,856.8175331756007
44.4,855.9214449206542
44.6,854.9953738898763
44.8,854.0386503161684
45.0,853.0506122792126
45.2,852.0306069382411
45.4,850.9779917433647
45.6,849.8921356183125
45.8,848.7724201074159
46.0,847.6182404796945
46.2,846.4290067829852
46.4,845.2041448411961
46.6,843.9430971879607
46.8,842.6453239302168
47.0,841.3103035355465
47.2,839.9375335374651
47.4,838.5265311532696
47.6,837.0768338095095
47.8,835.5879995706613
48.0,834.0596074671346
48.2,832.4912577193347
48.4,830.8825718551312
48.6,829.2331927187472
48.8,827.5427843697613
49.0,825.8110318716243
49.2,824.0376409698112
49.4,822.2223376604534
49.6,820.3648676510311
49.8,818.464995715428
50.0,816.5225049463678
