0.0,689.9744831365304
0.2,694.3252224646789
0.4,698.533614294897
0.6,702.6039783014652
0.8,706.5406686923166
1.0,710.3480721778321
1.2,714.0306041471895
1.4,717.592703087388
1.6,721.0388233224779
1.8,724.3734261904914
2.0,727.6009698120235
2.2,730.7258976364296
2.4,733.7526259784037
2.6,736.6855307786817
2.8,739.5289338373556
3.0,742.2870887765743
3.2,744.9641669912318
3.4,747.5642438417585
3.6,750.0912853327076
3.8,752.5491355049595
4.0,754.9415047487078
4.2,757.2719592196912
4.4,759.5439115132353
4.6,761.7606127204431
4.8,763.9251459592368
5.0,766.0404214407865
5.2,768.1091731000162
5.4,770.1339567881566
5.6,772.1171499964056
5.8,774.0609530532785
6.0,775.9673917146793
6.2,777.8383210454715
6.4,779.6754304746283
6.6,781.4802498930516
6.8,783.254156653865
7.0,784.998383329363
7.2,786.7140260766265
7.4,788.4020534648805
7.6,790.0633156216353
7.8,791.698553561158
8.0,793.3084085674826
8.2,794.8934315145618
8.4,796.4540920178737
8.6,797.9907873244285
8.8,799.5038508612707
9.0,800.9935603758933
9.2,802.4601456151559
9.4,803.9037955020319
9.6,805.3246647815846
9.8,806.7228801187873
10.0,808.0985456410165
10.2,809.4517479271663
10.4,810.7825604532803
10.6,812.0910475113775
10.8,813.3772676237397
11.0,814.6412764794026
11.2,815.883129422973
11.4,817.1028835283
11.6,818.3005992910064
11.8,819.476341974581
12.0,820.6301826447108
12.2,821.7621989259201
12.4,822.8724755134841
12.6,823.9611044720775
12.8,825.0281853508249
13.0,826.0738251423982
13.2,827.0981381116446
13.4,828.1012455169935
13.6,829.0832752456279
13.8,830.0443613811849
14.0,830.9846437205775
14.2,831.9042672544704
14.4,832.8033816239869
14.6,833.6821405644183
14.8,834.5407013450349
15.0,835.3792242125778
15.2,836.1978718446488
15.4,836.9968088179915
15.6,837.7762010955793
15.8,838.5362155354916
16.0,839.2770194237339
16.2,839.9987800324716
16.4,840.7016642045453
16.6,841.3858379646509
16.8,842.051466157151
17.0,842.6987121101572
17.2,843.3277373252565
17.4,843.9387011920479
17.6,844.5317607264965
17.8,845.1070703320021
18.0,845.6647815819966
18.2,846.2050430228397
18.4,846.727999995757
18.6,847.2337944765621
18.8,847.7225649319191
19.0,848.1944461909243
19.2,848.649569330827
19.4,849.088061575748
19.6,849.510046207308
19.8,849.915642486126
20.0,850.304965583209
20.2,850.6781265203035
20.4,851.0352321183427
20.6,851.3763849531728
20.8,851.7016833178022
21.0,852.0112211904675
21.2,852.3050882078614
21.4,852.5833696429198
21.6,852.8461463866105
21.8,853.0934949332087
22.0,853.3254873685944
22.2,853.5421913611372
22.4,853.7436701547791
22.6,853.9299825639594
22.8,854.1011829700582
23.0,854.2573213190674
23.2,854.3984431202292
23.4,854.5245894454055
23.6,854.6357969289731
23.8,854.732097768061
24.0,854.813519722966
24.2,854.8800861176162
24.4,854.9318158399564
24.6,854.968723342164
24.8,854.9908186406147
25.0,854.9981073155369
25.2,854.9905905103154
25.4,854.968264930417
25.6,854.9311228419325
25.8,854.8791520697437
26.0,854.8123359953438
26.2,854.7306535543548
26.4,854.6340792338053
26.6,854.5225830692488
26.8,854.3961306418245
27.0,854.2546830753786
27.2,854.0981970337889
27.4,853.9266247186526
27.6,853.7399138675289
27.8,853.5380077529408
28.0,853.3208451823784
28.2,853.0883604995652
28.4,852.8404835872839
28.6,852.5771398720867
28.8,852.2982503312506
29.0,852.0037315023732
29.2,851.693495496042
29.4,851.3674500120532
29.6,851.0254983596947
29.8,850.6675394826563
30.0,850.2934679891765
30.2,849.9031741880852
30.4,849.496544131452
30.6,849.0734596646055
30.8,848.6337984843448
31.0,848.1774342062147
31.2,847.7042364417824
31.4,847.2140708869033
31.6,846.7067994220199
31.8,846.1822802255953
32.0,845.6403679018267
32.2,845.0809136238347
32.4,844.5037652935555
32.6,843.9087677195972
32.8,843.2957628143267
33.0,842.6645898114638
33.2,842.0150855054255
33.4,841.3470845136288
33.6,840.6604195628743
33.8,839.9549218008292
34.0,839.2304211334728
34.2,838.4867465891588
34.4,837.7237267097005
34.6,836.9411899685434
34.8,836.1389652157025
35.0,835.316882148641
35.2,834.4747718076937
35.4,833.6124670939464
35.6,832.7298033066759
35.8,831.8266186965312
36.0,830.902755029566
36.2,829.9580581560319
36.4,828.9923785764867
36.6,828.0055719962711
36.8,826.9974998577555
37.0,825.9680298379624
37.2,824.9170362972409
37.4,823.8444006626239
37.6,822.7500117273444
37.8,821.6337658457841
38.0,820.4955670008783
38.2,819.3353267187798
38.4,818.1529638034297
38.6,816.948403861669
38.8,815.7215785877269
39.0,814.4724247744067
39.2,813.2008830171794
39.4,811.9068960767482
39.6,810.5904068656018
39.8,809.2513560247053
40.0,807.8896790579101
40.2,806.5053029939808
40.4,805.0981425494343
40.6,803.6680957697541
40.8,802.2150391320081
41.0,800.7388220985466
41.2,799.2392611192522
41.4,797.7161330887673
41.6,796.1691682751654
41.8,794.5980427475648
42.0,793.0023703420667
42.2,791.3816942179482
42.4,789.735478069029
42.6,788.0630970682747
42.8,786.3638286366922
43.0,784.6368431400612
43.2,782.8811946286487
43.4,781.09581174537
43.6,779.2794889364785
43.8,777.4308781053952
44.0,775.5484808543081
44.2,773.6306414593596
44.4,771.6755407232558
44.6,769.6811908437452
44.8,767.6454314274479
45.0,765.5659267658908
45.2,763.4401644743409
45.4,761.265455574264
45.6,759.0389360772178
45.8,756.75757010208
46.0,754.4181545292143
46.2,752.0173251650583
46.4,749.5515643593953
46.6,747.0172099860085
46.8,744.410465666338
47.0,741.727412086069
47.2,738.9640192271241
47.4,736.116159313222
47.6,733.1796202467715
47.8,730.1501192991931
48.0,727.0233168063766
48.2,723.7948296164452
48.4,720.4602440386149
48.6,717.0151280499081
48.8,713.4550425307641
49.0,709.7755513209984
49.2,705.9722299136748
49.4,702.0406726356902
49.6,697.9764981994635
49.8,693.7753535491653
50.0,689.4329159663678
