0.0,774.21114663474
0.2,776.3166639309983
0.4,778.3868107585729
0.6,780.4225605908299
0.8,782.4248460416665
1.0,784.3945578919843
1.2,786.3325443647734
1.4,788.2396106497215
1.6,790.1165186759727
1.8,791.9639871294231
2.0,793.7826917087723
2.2,795.5732656124883
2.4,797.3363002469079
2.6,799.0723461439026
2.8,800.781914074917
3.0,802.4654763467536
3.2,804.1234682632265
3.4,805.7562897357852
3.6,807.3643070253789
3.8,808.9478545972421
4.0,810.5072370698921
4.2,812.0427312394753
4.4,813.5545881606379
4.6,815.0430352653524
4.8,816.5082785015751
5.0,817.9505044742265
5.2,819.3698825717769
5.4,820.7665670626486
5.6,822.1406991467062
5.8,823.4924089482752
6.0,824.8218174383895
6.2,826.1290382752903
6.4,827.4141795535768
6.6,828.6773454538123
6.8,829.9186377858
7.0,831.1381574201475
7.2,832.336005604117
7.4,833.5122851590938
7.6,834.6671015582829
7.8,835.800563884459
8.0,836.9127856687231
8.2,838.0038856122648
8.4,839.0739881940774
8.6,840.1232241684203
8.8,841.1517309565677
9.0,842.1596529380216
9.2,843.1471416468979
9.4,844.1143558796264
9.6,845.0614617204276
9.8,845.9886324912643
10.0,846.896048633098
10.2,847.7838975253342
10.4,848.6523732503103
10.6,849.5016763095792
10.8,850.3320132985731
11.0,851.1435965460124
11.2,851.9366437241508
11.4,852.7113774356316
11.6,853.468024782391
11.8,854.206816921666
12.0,854.9279886137751
12.2,855.6317777659456
12.4,856.3184249760401
12.6,856.9881730796425
12.8,857.6412667035493
13.0,858.2779518283304
13.2,858.8984753622349
13.4,859.5030847283668
13.6,860.0920274667021
13.8,860.6655508522086
14.0,861.2239015300253
14.2,861.76732516839
14.4,862.2960661297546
14.6,862.8103671603017
14.8,863.310469097884
15.0,863.7966105982298
15.2,864.269027879108
15.4,864.7279544820216
15.6,865.1736210508874
15.8,865.6062551270775
16.0,866.0260809601267
16.2,866.4333193333592
16.4,866.8281874036539
16.6,867.2108985545412
16.8,867.5816622618169
17.0,867.9406839708574
17.2,868.2881649848305
17.4,868.6243023630086
17.6,868.9492888284248
17.8,869.2633126841256
18.0,869.5665577373201
18.2,869.8592032307532
18.4,870.1414237806699
18.6,870.413389320778
18.8,870.6752650516524
19.0,870.9272113950697
19.2,871.169383952794
19.4,871.4019334693792
19.6,871.6250057985848
19.8,871.8387418730432
20.0,872.0432776768431
20.2,872.2387442207345
20.4,872.4252675196806
20.6,872.6029685725185
20.8,872.7719633435121
21.0,872.932362745602
21.2,873.0842726251863
21.4,873.2277937482778
21.6,873.363021787908
21.8,873.4900473126589
22.0,873.6089557762225
22.2,873.7198275078988
22.4,873.8227377039548
22.6,873.9177564197786
22.8,874.0049485627707
23.0,874.0843738859218
23.2,874.1560869820379
23.4,874.2201372785726
23.6,874.2765690330393
23.8,874.3254213289753
24.0,874.3667280724368
24.2,874.4005179890069
24.4,874.4268146213013
24.6,874.4456363269596
24.8,874.4569962771133
25.0,874.4609024553223
25.2,874.4573576569752
25.4,874.4463594891506
25.6,874.4279003709371
25.8,874.4019675342131
26.0,874.3685430248885
26.2,874.3276037046128
26.4,874.2791212529555
26.6,874.2230621700677
26.8,874.1593877798358
27.0,874.0880542335422
27.2,874.0090125140479
27.4,873.9222084405199
27.6,873.8275826737265
27.8,873.7250707219322
28.0,873.614602947424
28.2,873.4961045737135
28.4,873.3694956934603
28.6,873.2346912771748
28.8,873.0916011827647
29.0,872.9401301660018
29.2,872.7801778919945
29.4,872.6116389477679
29.6,872.4344028560665
29.8,872.248354090509
30.0,872.0533720922447
30.2,871.8493312882821
30.4,871.6361011116775
30.6,871.4135460237981
30.8,871.1815255389025
31.0,870.9398942513025
31.2,870.688501865406
31.4,870.4271932289691
31.6,870.155808369923
31.8,869.8741825371694
32.0,869.5821462457857
32.2,869.279525327108
32.4,868.9661409842097
32.6,868.6418098533244
32.8,868.3063440718059
33.0,867.9595513532581
33.2,867.6012350704999
33.4,867.2311943470717
33.6,866.8492241580182
33.8,866.4551154407135
34.0,866.0486552165132
34.2,865.6296267240429
34.4,865.1978095649306
34.6,864.7529798628035
34.8,864.2949104363455
35.0,863.8233709872007
35.2,863.3381283034638
35.4,862.8389464794525
35.6,862.3255871523833
35.8,861.7978097564895
36.0,861.2553717950117
36.2,860.6980291303626
36.4,860.1255362926187
36.6,859.5376468063162
36.8,858.9341135353317
37.0,858.3146890454025
37.2,857.6791259835968
37.4,857.0271774737661
37.6,856.3585975267177
37.8,855.673141463525
38.0,854.9705663500472
38.2,854.2506314403714
38.4,853.5130986265091
38.6,852.7577328912868
38.8,851.9843027609675
39.0,851.1925807537348
39.2,850.3823438197575
39.4,849.5533737681592
39.6,848.7054576758161
39.8,847.8383882725456
40.0,846.9519642968921
40.2,846.0459908164105
40.4,845.1202795060716
40.6,844.1746488781962
40.8,843.2089244571508
41.0,842.2229388919469
41.2,841.216531999851
41.4,840.1895507341678
41.6,839.1418490694989
41.8,838.0732877980058
42.0,836.983734230545
42.2,835.8730617969626
42.4,834.741149540381
42.6,833.587881500949
42.8,832.4131459852725
43.0,831.2168347185964
43.2,829.9988418777642
43.4,828.7590630040243
43.6,827.4973937958927
43.8,826.2137287834964
44.0,824.9079598871076
44.2,823.5799748639163
44.4,822.2296556484766
44.6,820.8568765936672
44.8,819.461502620421
45.0,818.0433872858986
45.2,816.6023707811405
45.4,815.1382778705841
45.6,813.6509157870756
45.8,812.14007209719
46.0,810.6055125527301
46.2,809.04697894521
46.4,807.4641869809142
46.6,805.8568241947484
46.8,804.2245479215372
47.0,802.5669833436752
47.2,800.883721634084
47.4,799.1743182132604
47.6,797.4382911388162
47.8,795.6751196453071
48.0,793.8842428513215
48.2,792.0650586497619
48.4,790.216922796001
48.6,788.3391482071498
48.8,786.4310044840427
49.0,784.4917176657449
49.2,782.5204702244432
49.4,780.5164013065046
49.6,778.4786072233121
49.8,776.4061421932405
50.0,774.298019333828
