0.0,866.9812138129622
0.2,867.5595611140459
0.4,868.1210431100419
0.6,868.6658529313777
0.8,869.1941906539912
1.0,869.7062633234536
1.2,870.2022849444988
1.4,870.6824764360415
1.6,871.1470655519676
1.8,871.5962867681875
2.0,872.0303811366365
2.2,872.4495961071002
2.4,872.8541853179279
2.6,873.244408356866
2.8,873.6205304934165
3.0,873.9828223842695
3.2,874.3315597535062
3.4,874.6670230493899
3.6,874.9894970796807
3.8,875.2992706275061
4.0,875.5966360498982
4.2,875.8818888611833
4.4,876.1553273034541
4.6,876.4172519063947
4.8,876.6679650387433
5.0,876.9077704536888
5.2,877.1369728304763
5.4,877.3558773144791
5.6,877.5647890579469
5.8,877.76401276359
6.0,877.9538522330902
6.2,878.1346099225469
6.4,878.3065865067827
6.6,878.4700804543229
6.8,878.625387614763
7.0,878.772800820113
7.2,878.9126095015865
7.4,879.0450993231706
7.6,879.1705518331787
7.8,879.2892441348513
8.0,879.4014485769251
8.2,879.5074324649553
8.4,879.6074577940309
8.6,879.7017810033838
8.8,879.7906527532539
9.0,879.8743177242387
9.2,879.9530144392252
9.4,880.0269751078711
9.6,880.09642549349
9.8,880.1615848020715
10.0,880.2226655930672
10.2,880.2798737114656
10.4,880.3334082405942
10.6,880.3834614749935
10.8,880.4302189126367
11.0,880.4738592656987
11.2,880.5145544890166
11.4,880.5524698253348
11.6,880.587763866381
11.8,880.6205886287903
12.0,880.65108964386
12.2,880.679406060106
12.4,880.7056707575742
12.6,880.7300104728622
12.8,880.7525459338005
13.0,880.7733920027621
13.2,880.7926578275739
13.4,880.8104469990293
13.6,880.8268577140266
13.8,880.8419829433852
14.0,880.8559106034257
14.2,880.8687237304395
14.4,880.8805006572109
14.6,880.8913151908
14.8,880.9012367908368
15.0,880.9103307476247
15.2,880.9186583594004
15.4,880.9262771081419
15.6,880.9332408333688
15.8,880.9395999034235
16.0,880.9454013837735
16.2,880.9506892019202
16.4,880.9555043085477
16.6,880.959884834586
16.8,880.9638662439138
17.0,880.9674814814604
17.2,880.9707611165114
17.4,880.9737334810596
17.6,880.976424803077
17.8,880.97885933462
18.0,880.9810594747104
18.2,880.9830458869629
18.4,880.9848376119595
18.6,880.9864521743928
18.8,880.9879056850249
19.0,880.9892129375285
19.2,880.9903875002937
19.4,880.9914418032979
19.6,880.9923872201579
19.8,880.9932341454823
20.0,880.9939920676659
20.2,880.9946696372634
20.4,880.9952747310958
20.6,880.9958145122423
20.8,880.9962954860724
21.0,880.9967235524812
21.2,880.9971040544842
21.4,880.9974418233326
21.6,880.9977412203028
21.8,880.9980061753181
22.0,880.998240222549
22.2,880.9984465331423
22.4,880.9986279452133
22.6,880.9987869912433
22.8,880.9989259230022
23.0,880.9990467341253
23.2,880.9991511804503
23.4,880.9992407982262
23.6,880.9993169202863
23.8,880.9993806902786
24.0,880.9994330750303
24.2,880.9994748751192
24.4,880.9995067337132
24.6,880.9995291437315
24.8,880.9995424533686
25.0,880.9995468700175
25.2,880.9995424626143
25.4,880.9995291624189
25.6,880.9995067622376
25.8,880.9994749140818
26.0,880.9994331252492
26.2,880.9993807528022
26.4,880.9993169964117
26.6,880.9992408895217
26.8,880.9991512887809
27.0,880.9990468616846
27.2,880.998926072349
27.4,880.9987871653428
27.6,880.998628147486
27.8,880.9984467675176
28.0,880.9982404935286
28.2,880.9980064880449
28.4,880.9977415806413
28.6,880.997442237957
28.8,880.9971045309785
29.0,880.9967240994506
29.2,880.9962961132684
29.4,880.9958152307017
29.6,880.9952755532963
29.8,880.9946705772957
30.0,880.9939931414262
30.2,880.993235370885
30.4,880.9923886173713
30.6,880.9914433950063
30.8,880.990389311986
31.0,880.9892149978183
31.2,880.9879080260024
31.4,880.9864548320139
31.6,880.9848406264733
31.8,880.9830493033827
32.0,880.9810633433309
32.2,880.9788637115851
32.4,880.976429751002
32.6,880.9737390697131
32.8,880.970767423561
33.0,880.967488593288
33.2,880.9638742565053
33.4,880.9598938545022
33.6,880.9555144539813
33.8,880.9507006038469
34.0,880.9454141872022
34.2,880.9396142687553
34.4,880.9332569378696
34.6,880.9262951475392
34.8,880.9186785496121
35.0,880.9103533266269
35.2,880.9012620206826
35.4,880.8913433597968
35.6,880.8805320822673
35.8,880.8687587595925
36.0,880.8559496185577
36.2,880.8420263631436
36.4,880.8269059969563
36.6,880.8105006469308
36.8,880.7927173890995
37.0,880.7734580772619
37.2,880.752619175432
37.4,880.7300915949767
37.6,880.7057605373925
37.8,880.6795053436983
38.0,880.6511993514441
38.2,880.62070976036
38.4,880.587897507682
38.6,880.5526171541995
38.8,880.5147167820742
39.0,880.4740379054723
39.2,880.4304153950459
39.4,880.3836774172711
39.6,880.3336453896351
39.8,880.2801339526193
40.0,880.2229509593876
40.2,880.1618974840364
40.4,880.096767849204
40.6,880.0273496737619
40.8,879.9534239412458
41.0,879.8747650895848
41.2,879.7911411226069
41.4,879.702313743689
41.6,879.6080385118161
41.8,879.5080650201993
42.0,879.4021370974817
42.2,879.2899930314306
42.4,879.1713658148924
42.6,879.0459834136406
42.8,878.91356905562
43.0,878.7738415409399
43.2,878.6265155718356
43.4,878.4713021016739
43.6,878.3079087019335
43.8,878.1360399459605
44.0,877.9553978081593
44.2,877.7656820771489
44.4,877.5665907812938
44.6,877.3578206248944
44.8,877.1390674332206
45.0,876.9100266044608
45.2,876.6703935665788
45.4,876.4198642369813
45.6,876.1581354828404
45.8,875.8849055798531
46.0,875.5998746671843
46.2,875.302745196311
46.4,874.9932223714745
46.6,874.6710145794495
46.8,874.3358338063631
47.0,873.9873960393256
47.2,873.6254216506932
47.4,873.2496357628439
47.6,872.8597685914363
47.8,872.455555765215
48.0,872.0367386205404
48.2,871.6030644689508
48.4,871.1542868362005
48.6,870.6901656713735
48.8,870.2104675248378
49.0,869.7149656939761
49.2,869.2034403358172
49.4,868.6756785458805
49.6,868.1314744027451
49.8,867.5706289780593
50.0,866.9929503119093
