0.0,758.9939662019269
0.2,761.5337928668464
0.4,764.0175223940696
0.6,766.4469815192019
0.8,768.8239352268437
1.0,771.1500852218753
1.2,773.4270688219829
1.4,775.656458266528
1.6,777.8397604313469
1.8,779.9784169339127
2.0,782.0738046086218
2.2,784.1272363278474
2.4,786.1399621409216
2.6,788.1131707004016
2.8,790.0479909428898
3.0,791.9454939902968
3.2,793.8066952367773
3.4,795.6325565865752
3.6,797.4239888086603
3.8,799.1818539752496
4.0,800.9069679530227
4.2,802.6001029179727
4.4,804.2619898673062
4.6,805.8933211045232
4.8,807.4947526766981
5.0,809.0669067459482
5.2,810.610373880056
5.4,812.1257152501267
5.6,813.6134647259562
5.8,815.0741308624156
6.0,816.5081987725721
6.2,817.9161318854433
6.4,819.2983735882059
6.6,820.6553487543333
6.8,821.9874651605165
7.0,823.2951147963522
7.2,824.5786750716496
7.4,825.8385099268467
7.6,827.0749708524567
7.8,828.2883978237035
8.0,829.4791201565796
8.2,830.6474572915016
8.4,831.7937195105625
8.6,832.9182085941171
8.8,834.0212184221101
9.0,835.1030355251805
9.2,836.1639395901716
9.4,837.2042039242647
9.6,838.224095881535
9.8,839.2238772553261
10.0,840.2038046394525
10.2,841.1641297608819
10.4,842.1050997862129
10.6,843.026957603967
10.8,843.9299420844475
11.0,844.8142883186787
11.2,845.6802278377409
11.4,846.5279888136397
11.6,847.3577962427061
11.8,848.1698721124019
12.0,848.9644355523079
12.2,849.7417029699966
12.4,850.5018881724292
12.6,851.2452024734728
12.8,851.9718547881002
13.0,852.6820517138106
13.2,853.3759975997949
13.4,854.0538946043621
13.6,854.7159427411343
13.8,855.3623399145215
14.0,855.993281944985
14.2,856.608962584602
14.4,857.2095735234442
14.6,857.7953043872899
14.8,858.3663427271831
15.0,858.9228740013613
15.2,859.4650815500667
15.4,859.9931465637563
15.6,860.5072480452208
15.8,861.0075627661145
16.0,861.4942652183961
16.2,861.9675275611638
16.4,862.4275195633641
16.6,862.8744085428349
16.8,863.3083593021372
17.0,863.729534061608
17.2,864.1380923900547
17.4,864.5341911334957
17.6,864.9179843423307
17.8,865.2896231973085
18.0,865.6492559346433
18.2,865.9970277706062
18.4,866.3330808259052
18.6,866.6575540501452
18.8,866.9705831466405
19.0,867.272300497834
19.2,867.562835091558
19.4,867.842312448356
19.6,868.1108545500617
19.8,868.3685797698212
20.0,868.6156028037218
20.2,868.8520346041782
20.4,869.077982315212
20.6,869.2935492097436
20.8,869.498834629004
21.0,869.6939339241605
21.2,869.8789384002399
21.4,870.0539352624173
21.6,870.2190075647361
21.8,870.3742341613053
22.0,870.5196896600227
22.2,870.6554443788552
22.4,870.781564304708
22.6,870.8981110549015
22.8,871.0051418412779
23.0,871.1027094369454
23.2,871.1908621456715
23.4,871.2696437739309
23.6,871.3390936056073
23.8,871.3992463793554
24.0,871.4501322686174
24.2,871.4917768642937
24.4,871.5242011600657
24.6,871.5474215403668
24.8,871.5614497709994
25.0,871.5662929923927
25.2,871.5619537155034
25.4,871.5484298203517
25.6,871.5257145571975
25.8,871.493796550351
26.0,871.4526598046216
26.2,871.4022837144031
26.4,871.3426430753995
26.6,871.2737080989888
26.8,871.1954444292305
27.0,871.1078131625146
27.2,871.0107708698524
27.4,870.9042696218123
27.6,870.7882570160928
27.8,870.6626762077319
28.0,870.5274659419448
28.2,870.382560589579
28.4,870.2278901851732
28.6,870.0633804676003
28.8,869.8889529232714
29.0,869.7045248318691
29.2,869.5100093145744
29.4,869.3053153847403
29.6,869.0903480009608
29.8,868.8650081224706
30.0,868.6291927668049
30.2,868.3827950696315
30.4,868.125704346664
30.6,867.8578061575423
30.8,867.5789823715635
31.0,867.2891112351205
31.2,866.988067440702
31.4,866.6757221972832
31.6,866.3519433019227
31.8,866.0165952123673
32.0,865.6695391204416
32.2,865.3106330259892
32.4,864.939731811107
32.6,864.5566873143996
32.8,864.1613484049608
33.0,863.7535610557683
33.2,863.3331684161622
33.4,862.9000108830555
33.6,862.4539261705086
33.8,861.9947493772822
34.0,861.5223130519638
34.2,861.0364472552468
34.4,860.5369796189267
34.6,860.023735401164
34.8,859.4965375375486
35.0,858.9552066874891
35.2,858.3995612754413
35.4,857.8294175264784
35.6,857.2445894956986
35.8,856.644889090963
36.0,856.030126088448
36.2,855.400108140496
36.4,854.7546407752493
36.6,854.0935273875472
36.8,853.4165692205733
37.0,852.7235653377381
37.2,852.0143125842869
37.4,851.2886055381204
37.6,850.5462364493221
37.8,849.7869951678805
38.0,849.0106690590856
38.2,848.2170429060789
38.4,847.4058987990081
38.6,846.5770160102201
38.8,845.7301708548841
39.0,844.8651365363975
39.2,843.9816829758499
39.4,843.0795766247528
39.6,842.1585802601272
39.8,841.2184527609274
40.0,840.2589488646139
40.2,839.2798189025177
40.4,838.2808085124187
40.6,837.2616583265174
40.8,836.2221036326998
41.0,835.1618740066816
41.2,834.0806929122693
41.4,832.9782772666064
41.6,831.8543369668587
41.8,830.7085743743861
42.0,829.5406837520004
42.2,828.3503506494891
42.4,827.1372512321564
42.6,825.9010515467488
42.8,824.6414067187881
43.0,823.3579600750634
43.2,822.0503421848537
43.4,820.7181698133883
43.6,819.3610447811365
43.8,817.9785527227651
44.0,816.5702617400513
44.2,815.1357209437036
44.4,813.674458879956
44.6,812.1859818389673
44.8,810.6697720435026
45.0,809.1252857180964
45.2,807.5519510408957
45.4,805.9491659826514
45.6,804.3162960398433
45.8,802.652671871654
46.0,800.95758685342
46.2,799.2302945622255
46.4,797.4700062133934
46.6,795.6758880697256
46.8,793.8470588483435
47.0,791.9825871528054
47.2,790.0814889607514
47.4,788.1427251995402
47.6,786.1651994441244
47.8,784.1477557726683
48.0,782.0891768160797
48.2,779.9881820376308
48.4,777.843426278153
48.6,775.6534986008472
48.8,773.4169214675791
49.0,771.1321502756016
49.2,768.7975732800194
49.4,766.4115119230253
49.6,763.9722215860633
49.8,761.4778927757133
50.0,758.9266527483448
