0.0,799.6467398266183
0.2,801.7196991013701
0.4,803.7530539028735
0.6,805.7471765282849
0.8,807.7024421493394
1.0,809.6192289338987
1.2,811.4979181548689
1.4,813.338894286014
1.6,815.1425450842463
1.8,816.9092616580242
2.0,818.6394385215472
2.2,820.3334736344914
2.4,821.9917684270849
2.6,823.6147278103839
2.8,825.2027601716618
3.0,826.756277354887
3.2,828.2756946263163
3.4,829.7614306252939
3.6,831.2139073003946
3.8,832.6335498311089
4.0,834.0207865353206
4.2,835.376048762876
4.4,836.6997707755974
4.6,837.9923896141371
4.8,839.2543449521182
5.0,840.4860789380475
5.2,841.6880360255282
5.4,842.8606627923374
5.6,844.0044077489698
5.8,845.119721137276
6.0,846.2070547198603
6.2,847.2668615609213
6.4,848.2995957992446
6.6,849.305712414076
6.8,850.2856669846175
7.0,851.2399154439034
7.2,852.168913827821
7.4,853.0731180200453
7.6,853.9529834936636
7.8,854.8089650502615
8.0,855.6415165572377
8.2,856.4510906841133
8.4,857.2381386385841
8.6,858.0031099030562
8.8,858.746451972391
9.0,859.4686100935628
9.2,860.1700270079161
9.4,860.8511426966844
9.6,861.512394130409
9.8,862.1542150228671
10.0,862.777035590093
10.2,863.3812823150423
10.4,863.9673777184204
10.6,864.53574013616
10.8,865.0867835040026
11.0,865.6209171495977
11.2,866.1385455925061
11.4,866.6400683524471
11.6,867.1258797661022
11.8,867.5963688127447
12.0,868.0519189489287
12.2,868.4929079524393
12.4,868.9197077756594
12.6,869.332684408483
12.8,869.7321977508614
13.0,870.1186014950389
13.2,870.4922430174985
13.4,870.8534632806037
13.6,871.2025967438962
13.8,871.53997128497
14.0,871.8659081298216
14.2,872.1807217925425
14.4,872.4847200241942
14.6,872.778203770683
14.8,873.0614671394258
15.0,873.3347973745769
15.2,873.5984748405647
15.4,873.8527730136695
15.6,874.0979584813548
15.8,874.3342909490484
16.0,874.5620232540604
16.2,874.7814013863019
16.4,874.9926645154717
16.6,875.1960450243561
16.8,875.391768547887
17.0,875.5800540175939
17.2,875.7611137110813
17.4,875.9351533061601
17.6,876.1023719392582
17.8,876.2629622677352
18.0,876.4171105357284
18.2,876.564996643155
18.4,876.7067942175014
18.6,876.8426706880331
18.8,876.9727873620631
19.0,877.0972995029225
19.2,877.2163564092831
19.4,877.3301014954895
19.6,877.4386723725664
19.8,877.5422009295737
20.0,877.6408134149918
20.2,877.7346305178314
20.4,877.8237674481669
20.6,877.9083340168083
20.8,877.9884347138346
21.0,878.0641687857207
21.2,878.1356303108064
21.4,878.2029082728626
21.6,878.266086632522
21.8,878.3252443963576
22.0,878.3804556833958
22.2,878.431789788873
22.4,878.4793112450462
22.6,878.5230798788871
22.8,878.5631508664964
23.0,878.5995747840911
23.2,878.632397655424
23.4,878.6616609955086
23.6,878.6874018505368
23.8,878.7096528338826
24.0,878.7284421580995
24.2,878.7437936628311
24.4,878.755726838564
24.6,878.7642568461616
24.8,878.7693945321336
25.0,878.7711464396004
25.2,878.7695148149264
25.4,878.7644976100075
25.6,878.7560884802054
25.8,878.744276777936
26.0,878.729047541926
26.2,878.7103814821677
26.4,878.6882549606074
26.6,878.6626399676167
26.8,878.6335040943077
27.0,878.6008105007611
27.2,878.5645178802506
27.4,878.5245804195552
27.6,878.4809477554642
27.8,878.4335649275909
28.0,878.3823723276209
28.2,878.327305645135
28.4,878.2682958101536
28.6,878.2052689325699
28.8,878.1381462386379
29.0,878.066844004707
29.2,877.9912734883953
29.4,877.9113408574132
29.6,877.8269471162549
29.8,877.7379880309924
30.0,877.6443540524124
30.2,877.5459302377537
30.4,877.4425961713091
30.6,877.3342258841693
30.8,877.2206877733967
31.0,877.1018445209264
31.2,876.9775530125037
31.4,876.8476642569736
31.6,876.712023306251
31.8,876.5704691763043
32.0,876.422834769498
32.2,876.2689467986415
32.4,876.1086257131033
32.6,875.9416856273485
32.8,875.7679342522724
33.0,875.5871728296931
33.2,875.3991960703821
33.4,875.2037920960046
33.6,875.0007423853434
33.8,874.7898217251843
34.0,874.5707981662296
34.2,874.3434329844124
34.4,874.1074806479736
34.6,873.8626887906576
34.8,873.6087981913781
35.0,873.345542760693
35.2,873.072649534416
35.4,872.7898386746847
35.6,872.4968234787842
35.8,872.193310396015
36.0,871.8789990528724
36.2,871.5535822867901
36.4,871.2167461886761
36.6,870.8681701544477
36.8,870.5075269457499
37.0,870.1344827600168
37.2,869.7486973100047
37.4,869.3498239129033
37.6,868.9375095890953
37.8,868.5113951706126
38.0,868.0711154192945
38.2,867.6162991546307
38.4,867.1465693912302
38.6,866.6615434858271
38.8,866.1608332936969
39.0,865.6440453343207
39.2,865.1107809660973
39.4,864.5606365698703
39.6,863.9932037409936
39.8,863.4080694896295
40.0,862.8048164489294
40.2,862.1830230907161
40.4,861.542263948249
40.6,860.8821098456164
40.8,860.2021281332688
41.0,859.5018829291718
41.2,858.7809353650217
41.4,858.0388438369466
41.6,857.275164260075
41.8,856.4894503263351
42.0,855.681253764821
42.2,854.8501246040366
42.4,853.9956114353125
42.6,853.1172616766678
42.8,852.2146218363758
43.0,851.2872377754835
43.2,850.3346549685159
43.4,849.3564187615991
43.6,848.3520746272259
43.8,847.3211684148895
44.0,846.2632465968142
44.2,845.1778565080141
44.4,844.0645465799265
44.6,842.9228665668717
44.8,841.7523677646127
45.0,840.5526032203043
45.2,839.3231279331449
45.4,838.0634990450698
45.6,836.7732760208524
45.8,835.4520208170138
46.0,834.0992980389756
46.2,832.7146750859262
46.4,831.2977222829167
46.6,829.8480129997392
46.8,828.3651237561913
47.0,826.8486343133756
47.2,825.2981277507323
47.4,823.7131905285589
47.6,822.0934125358175
47.8,820.4383871230905
48.0,818.7477111206006
48.2,817.0209848412622
48.4,815.2578120687969
48.6,813.4578000309953
48.8,811.6205593582728
49.0,809.7457040277155
49.2,807.8328512928774
49.4,805.8816215996419
49.6,803.891638488517
49.8,801.8625284837856
50.0,799.7939209699896
