0.0,789.6007182194198
0.2,791.770421330867
0.4,793.9009384871441
0.6,795.9926622416557
0.8,798.045986040073
1.0,800.0613042562782
1.2,802.0390122232031
1.4,803.9795062583723
1.6,805.8831836839726
1.8,807.7504428412936
2.0,809.5816830994002
2.2,811.3773048579134
2.4,813.1377095438017
2.6,814.8632996020988
2.8,816.5544784804839
3.0,818.2116506076842
3.2,819.8352213656733
3.4,821.4255970556636
3.6,822.983184857908
3.8,824.5083927853462
4.0,826.00162963115
4.2,827.4633049102403
4.4,828.8938287948699
4.6,830.293612044379
4.8,831.6630659292526
5.0,833.0026021496241
5.2,834.3126327483856
5.4,835.5935700190807
5.6,836.8458264087725
5.8,838.0698144160906
6.0,839.265946484677
6.2,840.4346348922613
6.4,841.5762916356086
6.6,842.6913283115924
6.8,843.7801559946555
7.0,844.8431851109314
7.2,845.8808253093033
7.4,846.8934853296873
7.6,847.8815728688319
7.8,848.8454944439263
8.0,849.78565525432
8.2,850.702459041652
8.4,851.596307948695
8.6,852.467602377214
8.8,853.3167408451465
9.0,854.1441198433985
9.2,854.950133692561
9.4,855.7351743998356
9.6,856.4996315164615
9.8,857.2438919959285
10.0,857.9683400532521
10.2,858.6733570255828
10.4,859.3593212344125
10.6,860.0266078496309
10.8,860.6755887556792
11.0,861.3066324200333
11.2,861.9201037642438
11.4,862.5163640377432
11.6,863.0957706946241
11.8,863.6586772735773
12.0,864.2054332811663
12.2,864.7363840786044
12.4,865.2518707721831
12.6,865.7522301074927
12.8,866.2377943675563
13.0,866.7088912749913
13.2,867.1658438982925
13.4,867.6089705623218
13.6,868.0385847630741
13.8,868.4549950867735
14.0,868.8585051333436
14.2,869.2494134442805
14.4,869.628013434943
14.6,869.9945933312621
14.8,870.349436110862
15.0,870.6928194485665
15.2,871.0250156662579
15.4,871.3462916870405
15.6,871.6569089936528
15.8,871.9571235910553
16.0,872.2471859731194
16.2,872.527341093325
16.4,872.7978283393679
16.6,873.0588815115703
16.8,873.3107288049783
17.0,873.5535927950206
17.2,873.7876904265993
17.4,874.0132330064731
17.6,874.2304261987889
17.8,874.439470023612
18.0,874.6405588583012
18.2,874.8338814415673
18.4,875.0196208800547
18.6,875.1979546572783
18.8,875.3690546447458
19.0,875.5330871150987
19.2,875.6902127570952
19.4,875.8405866922634
19.6,875.9843584930533
19.8,876.1216722023106
20.0,876.2526663539032
20.2,876.3774739943264
20.4,876.4962227051182
20.6,876.6090346259182
20.8,876.7160264780043
21.0,876.8173095881457
21.2,876.912989912615
21.4,877.0031680612051
21.6,877.0879393211025
21.8,877.1673936804704
22.0,877.241615851605
22.2,877.3106852935285
22.4,877.3746762338923
22.6,877.4336576900696
22.8,877.4876934893205
23.0,877.5368422879212
23.2,877.5811575891579
23.4,877.6206877600879
23.6,877.6554760469849
23.8,877.6855605893865
24.0,877.7109744326746
24.2,877.7317455391246
24.4,877.747896797368
24.6,877.7594460302228
24.8,877.7664060008526
25.0,877.7687844172257
25.2,877.766583934849
25.4,877.7598021577695
25.6,877.7484316378343
25.8,877.7324598722166
26.0,877.7118692992182
26.2,877.6866372923724
26.4,877.6567361528761
26.6,877.6221331003883
26.8,877.582790262245
27.0,877.5386646611436
27.2,877.489708201359
27.4,877.4358676535659
27.6,877.3770846383427
27.8,877.3132956084476
28.0,877.2444318299575
28.2,877.1704193623748
28.4,877.091179037806
28.6,877.0066264393336
28.8,876.9166718786961
29.0,876.8212203734106
29.2,876.7201716234663
29.4,876.6134199877326
29.6,876.5008544602235
29.8,876.3823586463686
30.0,876.2578107394456
30.2,876.1270834973296
30.4,875.9900442197239
30.6,875.8465547260342
30.8,875.6964713340549
31.0,875.5396448396355
31.2,875.3759204975021
31.4,875.2051380034019
31.6,875.0271314777459
31.8,874.8417294509252
32.0,874.6487548504698
32.2,874.4480249902263
32.4,874.239351561721
32.6,874.0225406278817
32.8,873.7973926192785
33.0,873.5637023330532
33.2,873.3212589346884
33.4,873.0698459627781
33.6,872.8092413369445
33.8,872.5392173690467
34.0,872.2595407778196
34.2,871.9699727070725
34.4,871.6702687475735
34.6,871.3601789627315
34.8,871.0394479181889
35.0,870.7078147154173
35.2,870.36501302941
35.4,870.0107711505483
35.6,869.6448120307084
35.8,869.2668533336699
36.0,868.8766074898697
36.2,868.4737817555352
36.4,868.0580782762222
36.6,867.6291941547626
36.8,867.1868215236227
37.0,866.7306476216557
37.2,866.2603548752159
37.4,865.7756209835946
37.6,865.276119008722
37.8,864.7615174690608
38.0,864.2314804376115
38.2,863.6856676439301
38.4,863.1237345800465
38.6,862.5453326101587
38.8,861.9501090839628
39.0,861.3377074534702
39.2,860.7077673931419
39.4,860.0599249231664
39.6,859.3938125356868
39.8,858.7090593237793
40.0,858.0052911129634
40.2,857.2821305950233
40.4,856.539197463902
40.6,855.7761085534237
40.8,854.9924779765882
41.0,854.1879172661758
41.2,853.3620355163868
41.4,852.5144395252428
41.6,851.6447339374604
41.8,850.7525213875078
42.0,849.8374026425507
42.2,848.8989767449875
42.4,847.9368411542742
42.6,846.9505918877342
42.8,845.9398236600496
43.0,844.9041300211339
43.2,843.8431034920806
43.4,842.7563356988878
43.6,841.6434175036679
43.8,840.5039391330454
44.0,839.3374903034593
44.2,838.1436603430911
44.4,836.9220383101461
44.6,835.6722131072249
44.8,834.3937735915321
45.0,833.0863086806785
45.2,831.749407453848
45.4,830.3826592481072
45.6,828.9856537496551
45.8,827.5579810798199
46.0,826.0992318756279
46.2,824.6089973647838
46.4,823.086869434917
46.6,821.5324406969689
46.8,819.9453045426105
47.0,818.3250551955985
47.2,816.6712877569989
47.4,814.9835982442229
47.6,813.26158362384
47.8,811.5048418381554
48.0,809.7129718255534
48.2,807.8855735346343
48.4,806.0222479321862
48.6,804.1225970050566
48.8,802.1862237560081
49.0,800.2127321936582
49.2,798.2017273166294
49.4,796.1528150920457
49.6,794.0656024285366
49.8,791.9396971439263
50.0,789.774707927799
