0.0,768.4574553336811
0.2,770.701083764616
0.4,772.9052509466617
0.6,775.0707938603422
0.8,777.1985297233133
1.0,779.289255378087
1.2,781.3437467605208
1.4,783.3627584502899
1.6,785.3470233040538
1.8,787.2972521715237
2.0,789.214133694141
2.2,791.0983341855791
2.4,792.9504975928148
2.6,794.7712455360446
2.8,796.5611774252865
3.0,798.3208706510935
3.2,800.0508808464082
3.4,801.7517422162357
3.6,803.4239679314778
3.8,805.0680505829783
4.0,806.6844626915721
4.2,808.2736572697042
4.4,809.8360684300035
4.6,811.372112036047
4.8,812.8821863904446
5.0,814.3666729553004
5.2,815.8259371000785
5.4,817.260328871904
5.6,818.6701837833681
5.8,820.0558236129835
6.0,821.4175572135405
6.2,822.7556813237499
6.4,824.0704813787285
6.6,825.362232315066
6.8,826.6311993664324
7.0,827.877638845915
7.2,829.1017989115255
7.4,830.3039203115865
7.6,831.4842371069818
7.8,832.6429773675461
8.0,833.780363840158
8.2,834.8966145864027
8.4,835.9919435879675
8.6,837.066561318225
8.8,838.1206752787612
9.0,839.1544904998811
9.2,840.1682100044131
9.4,841.1620352343909
9.6,842.1361664404591
9.8,843.09080303408
10.0,844.0261439028582
10.2,844.9423876895039
10.4,845.8397330351557
10.6,846.7183787879643
10.8,847.5785241779942
11.0,848.420368959651
11.2,849.2441135229617
11.4,850.0499589751463
11.6,850.838107194008
11.8,851.6087608547411
12.0,852.3621234318167
12.2,853.0983991776374
12.4,853.8177930796893
12.6,854.5205107979191
12.8,855.2067585840684
13.0,855.8767431846809
13.2,856.5306717294684
13.4,857.1687516066899
13.6,857.7911903271483
13.8,858.3981953783564
14.0,858.989974070361
14.2,859.5667333746535
14.4,860.1286797575106
14.6,860.6760190090461
14.8,861.2089560691683
15.0,861.7276948515572
15.2,862.2324380666944
15.4,862.7233870448973
15.6,863.2007415602238
15.8,863.6646996560343
16.0,864.1154574729172
16.2,864.5532090796087
16.4,864.9781463074554
16.6,865.3904585889069
16.8,865.7903328004463
17.0,866.1779531103087
17.2,866.5535008312697
17.4,866.9171542787336
17.6,867.2690886342959
17.8,867.6094758149012
18.0,867.9384843476784
18.2,868.2562792504885
18.4,868.5630219181862
18.6,868.8588700145605
18.8,869.1439773698911
19.0,869.4184938840326
19.2,869.6825654349127
19.4,869.9363337923127
19.6,870.1799365367863
19.8,870.413506983551
20.0,870.6371741111855
20.2,870.8510624949511
20.4,871.0552922445538
20.6,871.2499789461575
20.8,871.43523360846
21.0,871.6111626126402
21.2,871.7778676659902
21.4,871.9354457590445
21.6,872.0839891260275
21.8,872.2235852084425
22.0,872.3543166216333
22.2,872.4762611241536
22.4,872.5894915897912
22.6,872.6940759820988
22.8,872.7900773312921
23.0,872.8775537133862
23.2,872.9565582314498
23.4,873.0271389988638
23.6,873.0893391244848
23.8,873.1431966996194
24.0,873.1887447867268
24.2,873.2260114097779
24.4,873.255019546205
24.6,873.2757871203897
24.8,873.2883269986473
25.0,873.2926469856675
25.2,873.2887498223926
25.4,873.2766331853153
25.6,873.2562896871902
25.8,873.2277068791649
26.0,873.1908672543422
26.2,873.1457482528
26.4,873.0923222680979
26.6,873.0305566553171
26.8,872.9604137406837
27.0,872.8818508328375
27.2,872.7948202358191
27.4,872.6992692638563
27.6,872.5951402580403
27.8,872.4823706049929
28.0,872.3608927576341
28.2,872.2306342581708
28.4,872.0915177634326
28.6,871.9434610726943
28.8,871.7863771581299
29.0,871.6201741980508
29.2,871.4447556130921
29.4,871.2600201055108
29.6,871.0658617017751
29.8,870.8621697986207
30.0,870.6488292127577
30.2,870.4257202344169
30.4,870.192718684921
30.6,869.9496959784709
30.8,869.6965191883312
31.0,869.4330511175999
31.2,869.159150374739
31.4,868.8746714540331
31.6,868.5794648211371
31.8,868.2733770038574
32.0,867.9562506882949
32.2,867.6279248204602
32.4,867.2882347134484
32.6,866.9370121602336
32.8,866.5740855521152
33.0,866.1992800028125
33.2,865.8124174781691
33.4,865.4133169313835
33.6,865.0017944436422
33.8,864.5776633699749
34.0,864.1407344901041
34.2,863.6908161639999
34.4,863.2277144917897
34.6,862.7512334776079
34.8,862.2611751969024
35.0,861.7573399666385
35.2,861.2395265177712
35.4,860.7075321692739
35.6,860.1611530029364
35.8,859.600184038059
36.0,859.0244194050914
36.2,858.4336525171792
36.4,857.8276762385012
36.6,857.2062830481966
36.8,856.5692651986072
37.0,855.9164148664779
37.2,855.2475242956916
37.4,854.5623859300467
37.6,853.860792534522
37.8,853.142537303423
38.0,852.407413953757
38.2,851.6552168021476
38.4,850.8857408235735
38.6,850.0987816902024
38.8,849.2941357885869
39.0,848.4716002135046
39.2,847.630972736745
39.4,846.7720517491916
39.6,845.8946361746026
39.8,844.9985253535667
40.0,844.0835188962027
40.2,843.1494165022805
40.4,842.1960177475667
40.6,841.2231218353429
40.8,840.2305273122073
41.0,839.2180317474509
41.2,838.1854313754959
41.4,837.1325207010982
41.6,836.0590920672473
41.8,834.9649351859366
42.0,833.8498366322391
42.2,832.7135793023913
42.4,831.555941836866
42.6,830.3766980097054
42.8,829.1756160856744
43.0,827.9524581471013
43.2,826.7069793925601
43.4,825.4389274098581
43.6,824.1480414260794
43.8,822.8340515377282
44.0,821.4966779242899
44.2,820.1356300488021
44.4,818.75060584927
44.6,817.341290925004
44.8,815.9073577221671
45.0,814.4484647230081
45.2,812.9642556434252
45.4,811.45435864364
45.6,809.9183855568659
45.8,808.3559311409301
46.0,806.7665723578493
46.2,805.1498676863573
46.4,803.5053564723556
46.6,801.8325583221825
46.8,800.1309725434877
47.0,798.4000776383515
47.2,796.6393308530993
47.4,794.8481677890396
47.6,793.0260020780919
47.8,791.1722251269697
48.0,789.2862059332597
48.2,787.3672909763688
48.4,785.4148041859221
48.6,783.4280469897724
48.8,781.4062984433428
49.0,779.3488154415576
49.2,777.2548330141346
49.4,775.1235647045257
49.6,772.9542030322798
49.8,770.7459200381028
50.0,768.4978679103771
