0.0,866.7385025791984
0.2,867.2652572979263
0.4,867.7746496356775
0.6,868.2668950390523
0.8,868.7422191364664
1.0,869.2008577503034
1.2,869.6430568460598
1.4,870.0690724189768
1.6,870.4791703191247
1.8,870.8736260163648
2.0,871.2527243070616
2.2,871.616758964833
2.4,871.9660323380309
2.6,872.3008548970105
2.8,872.6215447345842
3.0,872.9284270233611
3.2,873.2218334339368
3.4,873.5021015181266
3.6,873.7695740616209
3.8,874.0245984105916
4.0,874.2675257768711
4.2,874.4987105264005
4.4,874.718509455651
4.6,874.9272810607083
4.8,875.1253848036478
5.0,875.3131803807252
5.2,875.4910269967799
5.4,875.659282650074
5.6,875.8183034315942
5.8,875.9684428426156
6.0,876.1100511340759
6.2,876.2434746710359
6.4,876.3690553252076
6.6,876.487129898233
6.8,876.5980295780702
7.0,876.7020794305297
7.2,876.7995979276676
7.4,876.8908965144163
7.6,876.9762792145096
7.8,877.056042276433
8.0,877.1304738598209
8.2,877.1998537624188
8.4,877.2644531874424
8.6,877.3245345508883
8.8,877.3803513281007
9.0,877.4321479386558
9.2,877.4801596684136
9.4,877.5246126273871
9.6,877.5657237419056
9.8,877.603700779401
10.0,877.6387424040082
10.2,877.6710382610697
10.4,877.7007690885487
10.6,877.7281068532861
10.8,877.75321491
11.0,877.7762481808959
11.2,877.7973533537566
11.4,877.8166690963898
11.6,877.8343262853414
11.8,877.8504482468259
12.0,877.8651510078821
12.2,877.8785435558319
12.4,877.8907281041983
12.6,877.9018003633281
12.8,877.9118498140585
13.0,877.920959982872
13.2,877.9292087170854
13.4,877.9366684587332
13.6,877.9434065159128
13.8,877.9494853304747
14.0,877.9549627410499
14.2,877.95989224052
14.4,877.9643232271403
14.6,877.9683012486373
14.8,877.9718682386971
15.0,877.9750627453632
15.2,877.9779201509529
15.4,877.9804728831895
15.6,877.9827506173276
15.8,877.984780469128
16.0,877.9865871786044
16.2,877.9881932845321
16.4,877.9896192897658
16.6,877.9908838174622
16.8,877.9920037583566
17.0,877.9929944092748
17.2,877.9938696031044
17.4,877.9946418304734
17.6,877.9953223534142
17.8,877.9959213113068
18.0,877.9964478194137
18.2,877.9969100603307
18.4,877.9973153686851
18.6,877.9976703094178
18.8,877.99798074999
19.0,877.9982519268484
19.2,877.9984885064879
19.4,877.9986946414366
19.6,877.9988740214878
19.8,877.9990299204904
20.0,877.9991652390011
20.2,877.9992825430883
20.4,877.9993840995713
20.6,877.9994719079563
20.8,877.999547729327
21.0,877.9996131124295
21.2,877.9996694171763
21.4,877.9997178357844
21.6,877.9997594117474
21.8,877.9997950568268
22.0,877.9998255662365
22.2,877.999851632181
22.4,877.9998738558953
22.6,877.9998927583229
22.8,877.9999087895566
23.0,877.9999223371566
23.2,877.9999337334463
23.4,877.9999432618811
23.6,877.9999511625734
23.8,877.9999576370454
24.0,877.999962852276
24.2,877.9999669440981
24.4,877.999970019995
24.6,877.9999721613327
24.8,877.9999734250669
25.0,877.9999738449426
25.2,877.9999734322097
25.4,877.9999721758625
25.6,877.9999700424065
25.8,877.9999669751519
26.0,877.9999628930195
26.2,877.999957688844
26.4,877.9999512271489
26.6,877.9999433413608
26.8,877.9999338304225
27.0,877.9999224547591
27.2,877.9999089315377
27.4,877.9998929291592
27.6,877.9998740609079
27.8,877.9998518776753
28.0,877.9998258596653
28.2,877.999795406982
28.4,877.9997598289814
28.6,877.9997183322669
28.8,877.9996700071918
29.0,877.9996138127203
29.2,877.9995485594895
29.4,877.999472890898
29.6,877.9993852620345
29.8,877.9992839162526
30.0,877.9991668591736
30.2,877.9990318298967
30.4,877.9988762691752
30.6,877.9986972843067
30.8,877.9984916104723
31.0,877.9982555682487
31.2,877.9979850170004
31.4,877.9976753038544
31.6,877.9973212079469
31.8,877.9969168796197
32.0,877.9964557742453
32.2,877.9959305803457
32.4,877.9953331416709
32.6,877.9946543729058
32.8,877.9938841686668
33.0,877.9930113054661
33.2,877.992023336321
33.4,877.9909064777029
33.6,877.9896454885345
33.8,877.9882235409676
34.0,877.986622082693
34.2,877.9848206905731
34.4,877.9827969154138
34.6,877.9805261177415
34.8,877.9779812944927
35.0,877.9751328965762
35.2,877.9719486373311
35.4,877.9683932919609
35.6,877.9644284881006
35.8,877.9600124877472
36.0,877.9550999608663
36.2,877.9496417510735
36.4,877.9435846338885
36.6,877.9368710681456
36.8,877.9294389412611
37.0,877.9212213091482
37.2,877.9121461316923
37.4,877.9021360047992
37.6,877.891107890148
37.8,877.878972843889
38.0,877.8656357456391
38.2,877.850995029237
38.4,877.8349424168241
38.6,877.8173626579219
38.8,877.7981332752677
39.0,877.7771243192619
39.2,877.7541981329555
39.4,877.729209129575
39.6,877.7020035846423
39.8,877.6724194447802
40.0,877.6402861553333
40.2,877.6054245089349
40.4,877.5676465171515
40.6,877.5267553073068
40.8,877.4825450465438
41.0,877.4348008951176
41.2,877.3832989908241
41.4,877.3278064663583
41.6,877.2680815012708
41.8,877.2038734100248
42.0,877.134922767494
42.2,877.0609615730323
42.4,876.9817134540313
42.6,876.8968939096435
42.8,876.8062105950879
43.0,876.7093636466811
43.2,876.6060460474455
43.4,876.4959440328415
43.6,876.3787375358594
43.8,876.2541006703755
44.0,876.1217022513588
44.2,875.9812063501732
44.4,875.8322728828992
44.6,875.6745582292658
44.8,875.5077158794714
45.0,875.3313971058606
45.2,875.1452516561353
45.4,874.9489284645027
45.6,874.74207637691
45.8,874.5243448862907
46.0,874.2953848735474
46.2,874.0548493498251
46.4,873.8023941955
46.6,873.5376788912064
46.8,873.2603672361661
47.0,872.9701280490652
47.2,872.666635846743
47.4,872.3495714960211
47.6,872.0186228341075
47.8,871.6734852531566
48.0,871.3138622447569
48.2,870.9394659003464
48.4,870.5500173638285
48.6,870.1452472329634
48.8,869.7248959064551
49.0,869.2887138740258
49.2,868.8364619471686
49.4,868.3679114287023
49.6,867.8828442196934
49.8,867.381052862779
50.0,866.8623405213995
