0.0,492.33362410204717
0.2,498.18110432724944
0.4,503.9647037832335
0.6,509.6830626908007
0.8,515.3351833776844
1.0,520.9203880294104
1.2,526.4382656652776
1.4,531.8886160322689
1.6,537.2713969243835
1.8,542.5866792594569
2.0,547.8346118465649
2.2,553.0153957745115
2.4,558.1292670647969
2.6,563.1764856798675
2.8,568.1573289825097
3.0,573.0720880623871
3.2,577.9210657702503
3.4,582.7045756942003
3.6,587.4229416156182
3.8,592.0764971872175
4.0,596.6655857002644
4.2,601.1905598772331
4.4,605.6517816616458
4.6,610.0496219937143
4.8,614.3844605678986
5.0,618.6566855716213
5.2,622.8666934056082
5.4,627.0148883867973
5.6,631.1016824349366
5.8,635.1274947440628
6.0,639.0927514400892
6.2,642.9978852257451
6.4,646.8433350141255
6.6,650.6295455521093
6.8,654.3569670349065
7.0,658.0260547129883
7.2,661.6372684926457
7.4,665.1910725314037
7.6,668.6879348295053
7.8,672.128326818648
8.0,675.5127229491384
8.2,678.841600276589
8.4,682.1154380492553
8.6,685.3347172970671
8.8,688.4999204233717
9.0,691.6115308003585
9.2,694.670032369093
9.4,697.675909245034
9.6,700.6296453298628
9.8,703.5317239303971
10.0,706.3826273853106
10.2,709.1828367003226
10.4,711.9328311924711
10.6,714.6330881440201
10.8,717.2840824665013
11.0,719.886286375332
11.2,722.4401690753944
11.4,724.9461964579068
11.6,727.404830808865
11.8,729.8165305292727
12.0,732.1817498673345
12.2,734.50093866273
12.4,736.774542103039
12.6,739.0030004923406
12.8,741.1867490319638
13.0,743.3262176133251
13.2,745.4218306227455
13.4,747.4740067580998
13.6,749.4831588571209
13.8,751.4496937371385
14.0,753.3740120460108
14.2,755.2565081239693
14.4,757.0975698760811
14.6,758.8975786550001
14.8,760.6569091536654
15.0,762.3759293075842
15.2,764.0550002063189
15.4,765.6944760137922
15.6,767.2947038970059
15.8,768.8560239627669
16.0,770.3787692020046
16.2,771.8632654412646
16.4,773.309831300959
16.6,774.7187781599549
16.8,776.0904101260904
17.0,777.4250240122033
17.2,778.7229093172722
17.4,779.9843482122747
17.6,781.2096155303736
17.8,782.3989787610606
18.0,783.5526980478851
18.2,784.6710261894283
18.4,785.7542086431743
18.6,786.8024835319612
18.8,787.8160816527031
19.0,788.7952264870873
19.2,789.7401342139729
19.4,790.6510137232266
19.6,791.5280666307539
19.8,792.3714872944915
20.0,793.181462831154
20.2,793.9581731335303
20.4,794.7017908881543
20.6,795.4124815931775
20.8,796.0904035762945
21.0,796.7357080125807
21.2,797.3485389421174
21.4,797.9290332872935
21.6,798.4773208696816
21.8,798.993524426402
22.0,799.4777596258929
22.2,799.9301350830235
22.4,800.3507523734861
22.6,800.7397060474194
22.8,801.0970836422188
23.0,801.4229656944965
23.2,801.7174257511625
23.4,801.9805303796007
23.6,802.2123391769186
23.8,802.4129047782562
24.0,802.5822728641399
24.2,802.7204821668705
24.4,802.82756447594
24.6,802.9035446424679
24.8,802.9484405826555
25.0,802.9622632802541
25.2,802.945016788044
25.4,802.8966982283242
25.6,802.8172977924121
25.8,802.7067987391516
26.0,802.5651773924322
26.2,802.3924031377202
26.4,802.1884384176024
26.6,801.9532387263494
26.8,801.6867526035011
27.0,801.3889216264814
27.2,801.0596804022551
27.4,800.6989565580332
27.6,800.306670731049
27.8,799.882736557421
28.0,799.4270606601265
28.2,798.9395426361186
28.4,798.4200750426203
28.6,797.8685433826387
28.8,797.2848260897501
29.0,796.6687945122148
29.2,796.0203128964877
29.4,795.3392383702047
29.6,794.6254209247312
29.8,793.8787033973739
30.0,793.098921453366
30.2,792.2859035677527
30.4,791.4394710073133
30.6,790.559437812673
30.8,789.6456107807705
31.0,788.6977894478646
31.2,787.7157660732752
31.4,786.6993256240731
31.6,785.6482457609475
31.8,784.5622968254943
32.0,783.4412418291898
32.2,782.2848364443231
32.4,781.0928289971827
32.6,779.8649604638042
32.8,778.6009644686022
33.0,777.3005672862253
33.2,775.9634878469832
33.4,774.5894377462116
33.6,773.17812125795
33.8,771.7292353533172
34.0,770.2424697239838
34.2,768.7175068111408
34.4,767.1540218403761
34.6,765.5516828628773
34.8,763.9101508033699
35.0,762.2290795152181
35.2,760.5081158431009
35.4,758.7468996936775
35.6,756.9450641146553
35.8,755.1022353826553
36.0,753.2180331002714
36.2,751.2920703026978
36.4,749.3239535742892
36.6,747.3132831753993
36.8,745.2596531798188
37.0,743.16265162312
37.2,741.0218606621772
37.4,738.8368567461147
37.6,736.6072107988947
37.8,734.3324884137318
38.0,732.0122500594749
38.2,729.6460512990692
38.4,727.2334430201594
38.6,724.7739716778633
38.8,722.2671795496884
39.0,719.7126050025247
39.2,717.1097827715959
39.4,714.4582442511966
39.6,711.7575177969975
39.8,709.0071290396407
40.0,706.2066012092973
40.2,703.355455470801
40.4,700.4532112689184
40.6,697.4993866832585
40.8,694.4934987922679
41.0,691.435064045703
41.2,688.3235986449149
41.4,685.1586189302271
41.6,681.939641774635
41.8,678.6661849829999
42.0,675.3377676958643
42.2,671.9539107969631
42.4,668.5141373234608
42.6,665.0179728779005
42.8,661.4649460408118
43.0,657.8545887828795
43.2,654.186436875551
43.4,650.4600302989202
43.6,646.6749136457034
43.8,642.8306365200987
44.0,638.9267539302975
44.2,634.9628266734101
44.4,630.9384217115471
44.6,626.8531125378047
44.8,622.7064795308875
45.0,618.4981102971205
45.2,614.227599998605
45.4,609.8945516662894
45.6,605.4985764967694
45.8,601.0392941316934
46.0,596.5163329188359
46.2,591.9293301543661
46.4,587.277932307075
46.6,582.5617952284488
46.8,577.7805843599646
47.0,572.9339749658617
47.2,568.021652455108
47.4,563.0433129255001
47.6,557.9986641874036
47.8,552.8874277294527
48.0,547.7093423917194
48.2,542.4641709056581
48.4,537.1517108845966
48.6,531.7718121686453
48.8,526.3244024329583
49.0,520.8095224157701
49.2,515.2273708357222
49.4,509.5783570656948
49.6,503.86315723172953
49.8,498.082767230521
50.0,492.2385449737871
