0.0,853.934472826198
0.2,854.6337308831593
0.4,855.3173888485679
0.6,855.9856599649057
0.8,856.6387574058625
1.0,857.2768942438964
1.2,857.9002834166381
1.4,858.5091376921285
1.6,859.103669632887
1.8,859.6840915588102
2.0,860.2506155089104
2.2,860.8034532019018
2.4,861.342815995658
2.6,861.8689148455575
2.8,862.3819602617488
3.0,862.882162265369
3.2,863.3697303437506
3.4,863.8448734046625
3.6,864.3077997296314
3.8,864.7587169263956
4.0,865.1978318805486
4.2,865.6253507064312
4.4,866.041478697338
4.6,866.4464202751051
4.8,866.8403789391507
5.0,867.2235572150422
5.2,867.5961566026674
5.4,867.9583775240901
5.6,868.3104192711698
5.8,868.6524799530324
6.0,868.9847564434734
6.2,869.3074443283846
6.4,869.6207378532893
6.6,869.9248298710754
6.8,870.2199117900153
7.0,870.5061735221622
7.2,870.7838034322107
7.4,871.0529882869109
7.6,871.3139132051238
7.8,871.5667616086026
8.0,871.811715173589
8.2,872.0489537833032
8.4,872.2786554814122
8.6,872.5009964265561
8.8,872.7161508480062
9.0,872.9242910025332
9.2,873.1255871325537
9.4,873.320207425625
9.6,873.508317975352
9.8,873.6900827437686
10.0,873.8656635252503
10.2,874.035219912013
10.4,874.1989092612465
10.6,874.3568866639299
10.8,874.5093049153681
11.0,874.6563144874904
11.2,874.7980635029392
11.4,874.9346977109809
11.6,875.0663604652608
11.8,875.1931927034209
12.0,875.3153329285965
12.2,875.4329171928001
12.4,875.5460790821982
12.6,875.6549497042827
12.8,875.7596576769314
13.0,875.8603291193505
13.2,875.957087644886
13.4,876.0500543556866
13.6,876.139347839197
13.8,876.2250841664561
14.0,876.30737689217
14.2,876.3863370565275
14.4,876.4620731887184
14.6,876.5346913121166
14.8,876.6042949510816
15.0,876.6709851393301
15.2,876.7348604298295
15.4,876.7960169061547
15.6,876.8545481952559
15.8,876.9105454815754
16.0,876.9640975224505
16.2,877.0152906647415
16.4,877.0642088626145
16.6,877.1109336964132
16.8,877.155544392549
17.0,877.1981178443369
17.2,877.2387286337059
17.4,877.2774490537086
17.6,877.3143491317552
17.8,877.3494966534967
18.0,877.382957187281
18.2,877.4147941091039
18.4,877.4450686279802
18.6,877.4738398116564
18.8,877.5011646125897
19.0,877.5270978941155
19.2,877.5516924567288
19.4,877.5749990644044
19.6,877.5970664708808
19.8,877.6179414458346
20.0,877.6376688008753
20.2,877.6562914152867
20.4,877.6738502614477
20.6,877.6903844298643
20.8,877.7059311537465
21.0,877.7205258330655
21.2,877.73420205803
21.4,877.7469916319205
21.6,877.758924593224
21.8,877.7700292370134
22.0,877.7803321355175
22.2,877.7898581578308
22.4,877.798630488717
22.6,877.806670646455
22.8,877.8139984996917
23.0,877.8206322832533
23.2,877.8265886128835
23.4,877.831882498872
23.6,877.8365273585398
23.8,877.8405350275559
24.0,877.8439157700557
24.2,877.8466782875417
24.4,877.8488297265458
24.6,877.8503756850341
24.8,877.8513202175461
25.0,877.8516658390522
25.2,877.8514135275267
25.4,877.8505627252299
25.6,877.8491113387003
25.8,877.8470557374568
26.0,877.84439075142
26.2,877.8411096670576
26.4,877.8372042222688
26.6,877.8326646000216
26.8,877.8274794207597
27.0,877.8216357336038
27.2,877.8151190063679
27.4,877.80791311442
27.6,877.8000003284172
27.8,877.7913613009487
28.0,877.7819750521211
28.2,877.7718189541276
28.4,877.7608687148422
28.6,877.7490983604799
28.8,877.7364802173768
29.0,877.722984892933
29.2,877.7085812557741
29.4,877.6932364151859
29.6,877.6769156998771
29.8,877.6595826361312
30.0,877.6411989254075
30.2,877.6217244214552
30.4,877.6011171070041
30.6,877.5793330701015
30.8,877.5563264801602
31.0,877.5320495637902
31.2,877.5064525804848
31.4,877.4794837982333
31.6,877.4510894691325
31.8,877.4212138050754
32.0,877.3897989535873
32.2,877.3567849738896
32.4,877.3221098132647
32.6,877.2857092837988
32.8,877.2475170395822
33.0,877.2074645544383
33.2,877.1654811002624
33.4,877.1214937260431
33.6,877.075427237643
33.8,877.0272041784107
34.0,876.9767448106996
34.2,876.9239670983648
34.4,876.8687866903067
34.6,876.8111169051324
34.8,876.7508687170001
35.0,876.6879507427127
35.2,876.6222692301222
35.4,876.5537280479055
35.6,876.4822286767691
35.8,876.4076702021381
36.0,876.3299493083803
36.2,876.2489602746144
36.4,876.1645949721493
36.6,876.0767428635924
36.8,875.98529100367
37.0,875.8901240417908
37.2,875.791124226384
37.4,875.6881714110386
37.6,875.5811430624672
37.8,875.4699142703095
38.0,875.3543577587922
38.2,875.2343439002525
38.4,875.1097407305309
38.6,874.9804139662319
38.8,874.8462270238505
39.0,874.7070410407517
39.2,874.5627148979928
39.4,874.4131052449661
39.6,874.2580665258417
39.8,874.0974510077806
40.0,873.9311088108853
40.2,873.7588879398528
40.4,873.5806343172842
40.6,873.3961918186094
40.8,873.2054023085743
41.0,873.0081056792343
41.2,872.8041398893989
41.4,872.5933410054624
41.6,872.3755432435569
41.8,872.1505790129534
42.0,871.9182789606444
42.2,871.6784720170267
42.4,871.430985442607
42.6,871.1756448756505
42.8,870.912274380685
43.0,870.6406964977767
43.2,870.3607322924904
43.4,870.0722014064414
43.6,869.7749221083509
43.8,869.4687113455118
44.0,869.1533847955724
44.2,868.828756918545
44.4,868.4946410089468
44.6,868.1508492479794
44.8,867.7971927556544
45.0,867.4334816427753
45.2,867.0595250626842
45.4,866.6751312626828
45.6,866.2801076350455
45.8,865.8742607675349
46.0,865.4573964933401
46.2,865.0293199403566
46.4,864.5898355797333
46.6,864.13874727361
46.8,863.6758583219786
47.0,863.2009715086004
47.2,862.7138891459181
47.4,862.214413118904
47.6,861.7023449277928
47.8,861.1774857296489
48.0,860.6396363787264
48.2,860.088597465581
48.4,859.5241693549023
48.6,858.946152222039
48.8,858.3543460881926
49.0,857.7485508542635
49.2,857.1285663333388
49.4,856.4941922818152
49.6,855.8452284291582
49.8,855.1814745063008
50.0,854.5027302726961
