0.0,822.2059364653287
0.2,824.0901314148439
0.4,825.9278439629351
0.6,827.7191037403227
0.8,829.463986875985
1.0,831.1626177057968
1.2,832.8151701267665
1.4,834.4218685898342
1.6,835.9829887277436
1.8,837.4988576180399
2.0,838.9698536847334
2.2,840.396406245556
2.4,841.778994714986
2.6,843.118147476286
2.8,844.4144404386614
3.0,845.6684952982564
3.2,846.8809775240528
3.4,848.052594091783
3.6,849.1840909907104
3.8,850.2762505295406
4.0,851.3298884688118
4.2,852.3458510078568
4.4,853.3250116548415
4.6,854.2682680084689
4.8,855.1765384797085
5.0,856.050758981375
5.2,856.8918796125662
5.4,857.7008613638919
5.6,858.4786728681131
5.8,859.2262872192865
6.0,859.9446788818053
6.2,860.6348207088743
6.4,861.2976810879753
6.6,861.9342212288219
6.8,862.5453926071648
7.0,863.1321345756658
7.2,863.6953721508909
7.4,864.2360139833462
7.6,864.7549505153956
7.8,865.25305232989
8.0,865.7311686904238
8.2,866.1901262723269
8.4,866.6307280818213
8.6,867.0537525592349
8.8,867.4599528607679
9.0,867.8500563120748
9.2,868.2247640258435
9.4,868.58475067464
9.6,868.9306644095294
9.8,869.2631269143844
10.0,869.5827335853513
10.2,869.8900538246394
10.4,870.1856314376456
10.6,870.4699851223877
10.8,870.7436090403148
11.0,871.0069734577525
11.2,871.2605254475385
11.4,871.5046896407736
11.6,871.7398690190686
11.8,871.9664457381691
12.0,872.1847819744041
12.2,872.395220785994
12.4,872.5980869818769
12.6,872.7936879913517
12.8,872.9823147284785
13.0,873.1642424458214
13.2,873.3397315727595
13.4,873.509028534202
13.6,873.6723665461512
13.8,873.8299663851246
14.0,873.9820371289878
14.2,874.1287768672651
14.4,874.2703733794597
14.6,874.4070047803552
14.8,874.5388401316662
15.0,874.6660400197613
15.2,874.7887570995053
15.4,874.907136604545
15.6,875.0213168246096
15.8,875.1314295506068
16.0,875.2376004884716
16.2,875.3399496428681
16.4,875.4385916719634
16.6,875.5336362145794
16.8,875.6251881910923
17.0,875.713348079495
17.2,875.7982121680537
17.4,875.8798727860058
17.6,875.9584185137215
17.8,876.0339343737446
18.0,876.1065020040794
18.2,876.1761998150583
18.4,876.2431031310695
18.6,876.3072843183654
18.8,876.3688129001199
19.0,876.4277556598315
19.2,876.4841767341079
19.4,876.5381376958029
19.6,876.5896976284062
19.8,876.6389131925272
20.0,876.6858386852451
20.2,876.730526093041
20.4,876.7730251389639
20.6,876.8133833246302
20.8,876.8516459675988
21.0,876.8878562346166
21.2,876.9220551711797
21.4,876.9542817278115
21.6,876.9845727834194
21.8,877.0129631660535
22.0,877.0394856713525
22.2,877.0641710789347
22.4,877.087048166961
22.6,877.1081437250687
22.8,877.1274825658512
23.0,877.1450875350416
23.2,877.1609795205296
23.4,877.175177460332
23.6,877.1876983496153
23.8,877.1985572468592
24.0,877.2077672792315
24.2,877.2153396472388
24.4,877.2212836287025
24.6,877.2256065821035
24.8,877.2283139493258
25.0,877.2294092578265
25.2,877.2288941222484
25.4,877.2267682454825
25.6,877.2230294191869
25.8,877.2176735237543
26.0,877.2106945277175
26.2,877.2020844865729
26.4,877.191833540998
26.6,877.1799299144226
26.8,877.1663599099144
27.0,877.1511079063212
27.2,877.1341563536087
27.4,877.1154857673127
27.6,877.0950747220216
27.8,877.0728998437789
28.0,877.0489358012894
28.2,877.0231552957883
28.4,876.9955290494146
28.6,876.9660257919078
28.8,876.9346122454217
29.0,876.9012531072235
29.2,876.8659110300142
29.4,876.8285465995762
29.6,876.7891183094146
29.8,876.7475825320274
30.0,876.7038934863883
30.2,876.6580032011876
30.4,876.6098614733276
30.6,876.5594158211136
30.8,876.5066114315331
31.0,876.4513911009507
31.2,876.3936951684944
31.4,876.3334614413394
31.6,876.2706251110329
31.8,876.2051186599421
32.0,876.136871756832
32.2,876.0658111405197
32.4,875.9918604904835
32.6,875.9149402832389
32.8,875.8349676332354
33.0,875.7518561169693
33.2,875.665515578956
33.4,875.575851918163
33.6,875.4827668534697
33.8,875.3861576666961
34.0,875.2859169217344
34.2,875.181932158319
34.4,875.074085558998
34.6,874.9622535879092
34.8,874.8463066000304
35.0,874.7261084196622
35.2,874.6015158870232
35.4,874.4723783719807
35.6,874.3385372541209
35.8,874.1998253685773
36.0,874.0560664172807
36.2,873.9070743455841
36.4,873.7526526845398
36.6,873.5925938594675
36.8,873.426678465856
37.0,873.254674514086
37.2,873.0763366449368
37.4,872.8914053183605
37.6,872.699605978556
37.8,872.5006481989549
38.0,872.2942248113447
38.2,872.0800110239766
38.4,871.8576635341567
38.6,871.6268196414732
38.8,871.3870963684618
39.0,871.1380895961695
39.2,870.8793732226964
39.4,870.6104983534125
39.6,870.3309925321001
39.8,870.0403590227986
40.0,869.7380761525802
40.2,869.4235967258679
40.4,869.0963475212054
40.6,868.755728881586
40.8,868.401114409541
41.0,868.0318507781528
41.2,867.6472576689994
41.4,867.246627847736
41.6,866.8292273875654
41.8,866.3942960502425
42.0,865.9410478334985
42.2,865.4686716928339
42.4,864.9763324445399
42.6,864.4631718555556
42.8,863.928309924355
43.0,863.3708463554946
43.2,862.7898622287523
43.4,862.1844218619573
43.6,861.5535748646627
43.8,860.8963583777845
44.0,860.2117994922041
44.2,859.4989178371825
44.4,858.7567283272342
44.6,857.98424405393
44.8,857.1804793069326
45.0,856.344452706482
45.2,855.4751904275312
45.4,854.5717294938602
45.6,853.6331211187581
45.8,852.6584340673228
46.0,851.6467580140883
46.2,850.597206868601
46.4,849.5089220407332
46.6,848.3810756169794
46.8,847.2128734187472
47.0,846.0035579137353
47.2,844.7524109519079
47.4,843.458756298331
47.6,842.1219619362264
47.8,840.7414421150371
48.0,839.3166591200528
48.2,837.8471247422241
48.4,836.3324014291696
48.6,834.7721031010269
48.8,833.1658956176989
49.0,831.5134968871569
49.2,829.8146766077557
49.4,828.0692556409534
49.6,826.2771050143544
49.8,824.4381445585934
50.0,822.5523411851707
