0.0,859.766801581689
0.2,860.3858542554259
0.4,860.9891782209595
0.6,861.5769959799806
0.8,862.1495310249651
1.0,862.7070078177322
1.2,863.2496517621264
1.4,863.7776891707978
1.6,864.291347226081
1.8,864.7908539350043
2.0,865.2764380784774
2.2,865.7483291547442
2.4,866.206757317201
2.6,866.6519533067147
2.8,867.084148378593
3.0,867.5035742243838
3.2,867.910462888707
3.4,868.3050466813372
3.6,868.6875580847791
3.8,869.0582296575957
4.0,869.4172939337684
4.2,869.76498331838
4.4,870.1015299799313
4.6,870.4271657396108
4.8,870.7421219578512
5.0,871.0466294185153
5.2,871.3409182110624
5.4,871.6252176110521
5.6,871.8997559593482
5.8,872.1647605403894
6.0,872.4204574598915
6.2,872.6670715223522
6.4,872.9048261087206
6.6,873.1339430545945
6.8,873.354642529305
7.0,873.5671429162359
7.2,873.7716606947256
7.4,873.9684103238822
7.6,874.1576041286372
7.8,874.339452188351
8.0,874.5141622282674
8.2,874.6819395141051
8.4,874.8429867500553
8.6,874.9975039804409
8.8,875.145688495277
9.0,875.2877347399526
9.2,875.4238342292371
9.4,875.5541754657995
9.6,875.6789438634029
9.8,875.798321674926
10.0,875.9124879253372
10.2,876.0216183497329
10.4,876.1258853365281
10.6,876.2254578758708
10.8,876.320501513333
11.0,876.4111783089104
11.2,876.4976468013441
11.4,876.5800619777639
11.6,876.6585752486296
11.8,876.733334427933
12.0,876.804483718606
12.2,876.8721637030666
12.4,876.9365113388142
12.6,876.9976599589769
12.8,877.0557392776986
13.0,877.1108754002378
13.2,877.1631908376439
13.4,877.2128045258612
13.6,877.2598318491015
13.8,877.3043846673215
14.0,877.3465713476265
14.2,877.3864967994195
14.4,877.4242625131067
14.6,877.4599666021655
14.8,877.4937038483768
15.0,877.525565750018
15.2,877.5556405728133
15.4,877.5840134034347
15.6,877.6107662053435
15.8,877.6359778767677
16.0,877.6597243106047
16.2,877.6820784560423
16.4,877.7031103816975
16.6,877.7228873400638
16.8,877.7414738330745
17.0,877.7589316785798
17.2,877.7753200775514
17.4,877.7906956818229
17.6,877.8051126621845
17.8,877.8186227766565
18.0,877.8312754387681
18.2,877.8431177856744
18.4,877.8541947459541
18.6,877.8645491069335
18.8,877.8742215813875
19.0,877.8832508734791
19.2,877.8916737438037
19.4,877.8995250734056
19.6,877.9068379266516
19.8,877.9136436128446
20.0,877.9199717464663
20.2,877.9258503059534
20.4,877.9313056909059
20.6,877.9363627776419
20.8,877.9410449730141
21.0,877.9453742664107
21.2,877.9493712798698
21.4,877.9530553162388
21.6,877.9564444053202
21.8,877.959555347945
22.0,877.9624037579237
22.2,877.9650041018276
22.4,877.9673697365575
22.6,877.9695129446608
22.8,877.9714449673625
23.0,877.9731760352794
23.2,877.9747153967879
23.4,877.9760713440229
23.6,877.977251236483
23.8,877.9782615222268
24.0,877.9791077566405
24.2,877.9797946187639
24.4,877.9803259251654
24.6,877.9807046413518
24.8,877.9809328907105
25.0,877.9810119609745
25.2,877.9809423082102
25.4,877.9807235583232
25.6,877.980354506085
25.8,877.9798331116797
26.0,877.9791564947778
26.2,877.9783209261395
26.4,877.9773218167576
26.6,877.9761537045484
26.8,877.9748102386022
27.0,877.9732841610069
27.2,877.9715672862628
27.4,877.9696504783047
27.6,877.9675236251537
27.8,877.9651756112224
28.0,877.9625942873016
28.2,877.959766438256
28.4,877.956677748466
28.6,877.9533127650491
28.8,877.9496548589045
29.0,877.9456861836252
29.2,877.9413876323256
29.4,877.93673879244
29.6,877.9317178985508
29.8,877.9263017833078
30.0,877.9204658265102
30.2,877.9141839024218
30.4,877.9074283254034
30.6,877.9001697939452
30.8,877.8923773331901
31.0,877.8840182360485
31.2,877.8750580030058
31.4,877.8654602807342
31.6,877.8551867996242
31.8,877.8441973103617
32.0,877.8324495196767
32.2,877.819899025404
32.4,877.8064992509937
32.6,877.7922013796267
32.8,877.7769542880851
33.0,877.7607044805421
33.2,877.7433960224388
33.4,877.7249704746193
33.6,877.705366827907
33.8,877.6845214382986
34.0,877.6623679629727
34.2,877.6388372972999
34.4,877.6138575130534
34.6,877.5873537980198
34.8,877.5592483972118
35.0,877.5294605558919
35.2,877.4979064646066
35.4,877.4644992064465
35.6,877.4291487067343
35.8,877.39176168535
36.0,877.3522416119002
36.2,877.3104886639323
36.4,877.2663996883972
36.6,877.2198681665554
36.8,877.17078418252
37.0,877.1190343956207
37.2,877.0645020167715
37.4,877.0070667890122
37.6,876.946604972389
37.8,876.8829893333262
38.0,876.8160891386385
38.2,876.7457701543087
38.4,876.6718946491616
38.6,876.5943214035327
38.8,876.5129057230334
39.0,876.4274994574866
39.2,876.3379510251012
39.4,876.2441054419315
39.6,876.1458043566533
39.8,876.0428860906709
40.0,875.9351856835525
40.2,875.8225349437695
40.4,875.7047625047014
40.6,875.5816938858445
40.8,875.4531515591466
41.0,875.3189550203681
41.2,875.1789208653519
41.4,875.0328628710639
41.6,874.8805920812474
41.8,874.7219168965155
42.0,874.5566431686848
42.2,874.3845742991391
42.4,874.2055113409896
42.6,874.0192531047837
42.8,873.825596267498
43.0,873.6243354845313
43.2,873.4152635044052
43.4,873.1981712858596
43.6,872.9728481170225
43.8,872.739081736317
44.0,872.4966584547634
44.2,872.2453632793225
44.4,871.9849800369165
44.6,871.715291498761
44.8,871.4360795046388
45.0,871.1471250867351
45.2,870.848208592661
45.4,870.5391098072892
45.6,870.2196080730237
45.8,869.8894824081362
46.0,869.5485116228024
46.2,869.1964744324772
46.4,868.8331495682621
46.6,868.4583158839223
46.8,868.071752459226
47.0,867.673238699294
47.2,867.2625544296558
47.4,866.8394799867341
47.6,866.4037963034896
47.8,865.9552849899832
48.0,865.4937284086293
48.2,865.0189097439383
48.4,864.5306130665675
48.6,864.0286233915256
48.8,863.5127267303967
49.0,862.9827101374816
49.2,862.4383617497738
49.4,861.8794708207164
49.6,861.3058277477171
49.8,860.7172240934174
50.0,860.1134526007476
