0.0,779.6297379785927
0.2,781.9827971024497
0.4,784.2854503036468
0.6,786.5388209024519
0.8,788.7440085338975
1.0,790.9020881429029
1.2,793.0141091312078
1.4,795.081094658491
1.6,797.1040410983296
1.8,799.0839176479631
2.0,801.0216660892023
2.2,802.9182006962847
2.4,804.7744082850438
2.6,806.5911483964651
2.8,808.3692536065378
3.0,810.1095299533242
3.2,811.8127574713329
3.4,813.4796908226346
3.6,815.1110600136799
3.8,816.7075711864817
4.0,818.2699074726881
4.2,819.7987298991158
4.4,821.2946783334891
4.6,822.7583724594681
4.8,824.1904127704925
5.0,825.5913815725345
5.2,826.9618439865112
5.4,828.3023489418306
5.6,829.613430153338
5.8,830.895607074754
6.0,832.1493858225481
6.2,833.3752600650429
6.4,834.5737118724072
6.6,835.7452125240092
6.8,836.8902232704168
7.0,838.0091960480745
7.2,839.1025741454007
7.4,840.1707928196996
7.6,841.2142798648683
7.8,842.2334561304092
8.0,843.2287359927196
8.2,844.2005277800251
8.4,845.1492341526557
8.6,846.0752524406392
8.8,846.9789749407918
9.0,847.8607891756507
9.2,848.7210781166981
9.4,849.5602203743889
9.6,850.3785903575166
9.8,851.1765584044406
10.0,851.9544908886522
10.2,852.7127503010889
10.4,853.4516953115191
10.6,854.171680811209
10.8,854.8730579389731
11.0,855.5561740925726
11.2,856.2213729273059
11.4,856.8689943434908
11.6,857.4993744644121
11.8,858.1128456061665
12.0,858.7097362407189
12.2,859.2903709533493
12.4,859.85507039556
12.6,860.4041512343966
12.8,860.9379260990355
13.0,861.4567035253907
13.2,861.9607878994065
13.4,862.4504793996196
13.6,862.9260739395002
13.8,863.3878631100135
14.0,863.8361341227821
14.2,864.271169754177
14.4,864.6932482906125
14.6,865.1026434752794
14.8,865.4996244565111
15.0,865.8844557379421
15.2,866.2573971305866
15.4,866.6187037069428
15.6,866.9686257571989
15.8,867.3074087475964
16.0,867.6352932809925
16.2,867.952515059642
16.4,868.2593048502041
16.6,868.555888450972
16.8,868.8424866613055
17.0,869.1193152532413
17.2,869.3865849452435
17.4,869.6445013780525
17.6,869.8932650925786
17.8,870.1330715097856
18.0,870.3641109125
18.2,870.5865684290792
18.4,870.8006240188677
18.6,871.0064524593627
18.8,871.2042233350155
19.0,871.3941010275821
19.2,871.5762447079429
19.4,871.7508083293058
19.6,871.9179406217037
19.8,872.077785087701
20.0,872.2304799992185
20.2,872.3761583953894
20.4,872.5149480813567
20.6,872.6469716279232
20.8,872.7723463719673
21.0,872.8911844175359
21.2,873.0035926375325
21.4,873.1096726759121
21.6,873.2095209503036
21.8,873.3032286549803
22.0,873.3908817640981
22.2,873.4725610351317
22.4,873.5483420124303
22.6,873.6182950308315
22.8,873.682485219262
23.0,873.740972504267
23.2,873.7938116134095
23.4,873.8410520784853
23.6,873.8827382385044
23.8,873.9189092423927
24.0,873.9495990513744
24.2,873.9748364409966
24.4,873.9946450027657
24.6,874.0090431453691
24.8,874.0180440954584
25.0,874.0216558979782
25.2,874.0198814160273
25.4,874.0127183302463
25.6,874.0001591377295
25.8,873.9821911504605
26.0,873.9587964932862
26.2,873.9299521014352
26.4,873.8956297176038
26.6,873.8557958886283
26.8,873.8104119617756
27.0,873.7594340806808
27.2,873.7028131809725
27.4,873.6404949856251
27.6,873.5724200000849
27.8,873.4985235072221
28.0,873.4187355621622
28.2,873.3329809870552
28.4,873.2411793658466
28.6,873.1432450391156
28.8,873.0390870990498
29.0,872.9286093846296
29.2,872.8117104770985
29.4,872.6882836957973
29.6,872.5582170944429
29.8,872.4213934579346
30.0,872.2776902997763
30.2,872.1269798601934
30.4,871.9691291050436
30.6,871.8039997255999
30.8,871.6314481393026
31.0,871.451325491568
31.2,871.2634776587432
31.4,871.0677452522993
31.6,870.8639636243506
31.8,870.6519628745872
32.0,870.431567858711
32.2,870.2025981984565
32.4,869.964868293282
32.6,869.7181873338099
32.8,869.4623593170916
33.0,869.1971830637754
33.2,868.92245223724
33.4,868.6379553647625
33.6,868.3434758607774
33.8,868.0387920522792
34.0,867.723677206417
34.2,867.3978995603151
34.4,867.0612223531499
34.6,866.7134038605045
34.8,866.354197431004
35.0,865.9833515252302
35.2,865.600609756895
35.4,865.2057109362348
35.6,864.798389115576
35.8,864.3783736369911
36.0,863.9453891819524
36.2,863.4991558228521
36.4,863.0393890762388
36.6,862.5657999575768
36.8,862.078095037304
37.0,861.5759764979138
37.2,861.0591421917464
37.4,860.5272856991145
37.6,859.9800963863307
37.8,859.417259463141
38.0,858.8384560389908
38.2,858.2433631774709
38.4,857.63165394821
38.6,857.002997475373
38.8,856.3570589818377
39.0,855.6934998279988
39.2,855.011977544046
39.4,854.3121458544308
39.6,853.5936546931179
39.8,852.8561502080839
40.0,852.0992747533954
40.2,851.3226668670662
40.4,850.5259612327667
40.6,849.7087886233302
40.8,848.8707758238911
41.0,848.0115455323815
41.2,847.1307162350274
41.4,846.227902054418
41.6,845.3027125676796
41.8,844.3547525922706
42.0,843.3836219369379
42.2,842.3889151154317
42.4,841.370221020688
42.6,840.3271225573332
42.8,839.2591962305788
43.0,838.1660116898382
43.2,837.0471312257162
43.4,835.9021092194172
43.6,834.7304915440629
43.8,833.5318149179226
44.0,832.3056062101407
44.2,831.0513817001774
44.4,829.768646292868
44.6,828.4568926917455
44.8,827.115600534053
45.0,825.7442354916772
45.2,824.342248343069
45.4,822.9090740220541
45.6,821.444130650264
45.8,819.9468185607277
46.0,818.4165193209337
46.2,816.8525947643823
46.4,815.2543860402908
46.6,813.6212126916615
46.8,811.9523717723646
47.0,810.2471370142105
47.2,808.5047580551659
47.4,806.7244597399042
47.6,804.9054415037523
47.8,803.0468768508082
48.0,801.1479129365326
48.2,799.2076702644907
48.4,797.2252425061029
48.6,795.1996964513016
48.8,793.1300720968588
49.0,791.0153828778807
49.2,788.8546160465722
49.4,786.6467332008725
49.6,784.3906709639751
49.8,782.0853418141021
50.0,779.7296350622184
