0.0,769.5737480678852
0.2,771.7605114341426
0.4,773.9079914374032
0.6,776.0171134592642
0.8,778.0887772782206
1.0,780.1238563146529
1.2,782.1231969932343
1.4,784.0876182241676
1.6,786.0179110038438
1.8,787.9148381346973
2.0,789.779134063241
2.2,791.6115048344777
2.4,793.4126281601422
2.6,795.1831535975032
2.8,796.9237028347825
3.0,798.634870078613
3.2,800.3172225383805
3.4,801.9713010017651
3.6,803.5976204953312
3.8,805.1966710236097
4.0,806.7689183797764
4.2,808.3148050207473
4.4,809.8347509993084
4.6,811.3291549457517
4.8,812.7983950914038
5.0,814.2428303264301
5.2,815.6628012843348
5.4,817.0586314456928
5.6,818.4306282538054
5.8,819.7790842351965
6.0,821.1042781181268
6.2,822.4064759426143
6.4,823.6859321558027
6.6,824.9428906869002
6.8,826.1775859963288
7.0,827.3902440941629
7.2,828.5810835233938
7.4,829.7503163040317
7.6,830.8981488345352
7.8,832.0247827475476
8.0,833.1304157174026
8.2,834.2152422173422
8.4,835.2794542248604
8.6,836.3232418740424
8.8,837.3467940542117
9.0,838.3502989546138
9.2,839.3339445552651
9.4,840.2979190644676
9.6,841.2424113038327
9.8,842.1676110419753
10.0,843.0737092783246
10.2,843.9608984787523
10.4,844.8293727649448
10.6,845.6793280596381
10.8,846.5109621899965
11.0,847.324474951546
11.2,848.1200681351797
11.4,848.8979455198247
11.6,849.6583128334046
11.8,850.4013776847603
12.0,851.1273494691845
12.2,851.8364392502036
12.4,852.5288596201985
12.6,853.2048245423948
12.8,853.864549176672
13.0,854.5082496915568
13.2,855.1361430646572
13.4,855.7484468736824
13.6,856.3453790800763
13.8,856.9271578071605
14.0,857.4940011145547
14.2,858.0461267705072
14.4,858.583752023632
14.6,859.107093375417
14.8,859.6163663547261
15.0,860.1117852953989
15.2,860.5935631179108
15.4,861.0619111159424
15.6,861.5170387485846
15.8,861.9591534387937
16.0,862.3884603786047
16.2,862.8051623415136
16.4,863.2094595023418
16.6,863.601549264817
16.8,863.9816260970186
17.0,864.3498813747725
17.2,864.7065032330091
17.4,865.0516764250451
17.6,865.3855821896975
17.8,865.7083981260944
18.0,866.0202980760091
18.2,866.3214520135122
18.4,866.612025941708
18.6,866.8921817963029
18.8,867.1620773557329
19.0,867.4218661575683
19.2,867.6716974209023
19.4,867.9117159744258
19.6,868.1420621898893
19.8,868.3628719206531
20.0,868.5742764450306
20.2,868.7764024141339
20.4,868.9693718039398
20.6,869.1533018713005
20.8,869.3283051136374
21.0,869.4944892320607
21.2,869.6519570976772
21.4,869.8008067208538
21.6,869.941131223222
21.8,870.0730188122185
22.0,870.1965527579703
22.2,870.3118113723483
22.4,870.4188679900232
22.6,870.5177909513693
22.8,870.6086435870799
23.0,870.691484204362
23.2,870.7663660745965
23.4,870.8333374223563
23.6,870.8924414156905
23.8,870.9437161575888
24.0,870.9871946785512
24.2,871.0229049302019
24.4,871.0508697798919
24.6,871.0711070062417
24.8,871.0836292955919
25.0,871.0884442393299
25.2,871.0855543320763
25.4,871.0749569707178
25.6,871.0566444542839
25.8,871.0306039846728
26.0,870.9968176682418
26.2,870.9552625182813
26.4,870.905910458405
26.6,870.8487283268951
26.8,870.7836778820496
27.0,870.7107158085901
27.2,870.6297937251965
27.4,870.5408581932439
27.6,870.4438507268312
27.8,870.3387078041945
28.0,870.2253608806177
28.2,870.1037364029572
28.4,869.9737558259112
28.6,869.8353356301811
28.8,869.6883873426747
29.0,869.5328175589246
29.2,869.3685279679
29.4,869.1954153794075
29.6,869.0133717542882
29.8,868.82228423763
30.0,868.6220351952298
30.2,868.4125022535494
30.4,868.1935583434228
30.6,867.9650717477834
30.8,867.7269061536883
31.0,867.4789207089259
31.2,867.2209700835028
31.4,866.9529045363074
31.6,866.6745699872538
31.8,866.3858080952086
32.0,866.0864563420046
32.2,865.7763481228327
32.4,865.4553128433056
32.6,865.123176023463
32.8,864.7797594089795
33.0,864.4248810898094
33.2,864.0583556264778
33.4,863.679994184196
33.6,863.289604674938
33.8,862.8869919075748
34.0,862.4719577461059
34.2,862.0443012759783
34.4,861.6038189784106
34.6,861.1503049125735
34.8,860.6835509053969
35.0,860.2033467486891
35.2,859.7094804031569
35.4,859.2017382088213
35.6,858.6799051012123
35.8,858.1437648326137
36.0,857.5931001975108
36.2,857.027693261271
36.4,856.4473255909551
36.6,855.8517784870302
36.8,855.2408332146147
37.0,854.6142712327562
37.2,853.9718744200995
37.4,853.3134252951746
37.6,852.6387072293965
37.8,851.9475046507453
38.0,851.2396032359679
38.2,850.5147900890373
38.4,849.772853903492
38.6,849.013585106197
38.8,848.2367759799781
39.0,847.4422207625324
39.2,846.6297157189606
39.4,845.7990591852548
39.6,844.9500515800652
39.8,844.0824953820922
40.0,843.1961950705021
40.2,842.290957025831
40.4,841.3665893889508
40.6,840.4229018757969
40.8,839.4597055457238
41.0,838.4768125215446
41.2,837.4740356595382
41.4,836.4511881679566
41.6,835.4080831728601
41.8,834.3445332304157
42.0,833.2603497851471
42.2,832.1553425739891
42.4,831.0293189764036
42.6,829.8820833112333
42.8,828.7134360814075
43.0,827.5231731680766
43.2,826.3110849762203
43.4,825.0769555342572
43.6,823.8205615506687
43.8,822.5416714311375
44.0,821.2400442601862
44.2,819.9154287517712
44.4,818.5675621737504
44.6,817.1961692515846
44.8,815.8009610570455
45.0,814.3816338880918
45.2,812.9378681464259
45.4,811.469327219556
45.6,809.9756563744536
45.8,808.456481670116
46.0,806.9114088965094
46.2,805.340022547474
46.4,803.7418848352224
46.6,802.1165347540517
46.8,800.4634872008047
47.0,798.7822321594821
47.2,797.0722339571867
47.4,795.3329305983136
47.6,793.5637331835536
47.8,791.7640254198724
48.0,789.9331632271627
48.2,788.0704744467378
48.4,786.1752586562554
48.6,784.24678709503
48.8,782.2843027030099
49.0,780.2870202759858
49.2,778.2541267388349
49.4,776.1847815378368
49.6,774.0781171522901
49.8,771.9332397248493
50.0,769.7492298091803
