0.0,757.9978096092782
0.2,760.5234008099679
0.4,762.9930342545437
0.6,765.4084865433178
0.8,767.7714759821743
1.0,770.0836611651273
1.2,772.3466399444205
1.4,774.561948783631
1.6,776.7310624842038
1.8,778.8553942711317
2.0,780.9362962192255
2.2,782.9750599976628
2.4,784.9729179073234
2.6,786.9310441828625
2.8,788.8505565295691
3.0,790.7325178638027
3.2,792.5779382252047
3.4,794.387776828889
3.6,796.1629442264128
3.8,797.9043045454388
4.0,799.6126777795649
4.2,801.2888421017534
4.4,802.9335361770426
4.6,804.5474614527096
4.8,806.1312844066857
5.0,807.6856387377336
5.2,809.2111274836085
5.4,810.7083250560812
5.6,812.1777791842512
5.8,813.6200127599608
6.0,815.0355255813282
6.2,816.4247959923914
6.4,817.7882824186017
6.6,819.1264247994113
6.8,820.4396459204462
7.0,821.7283526487853
7.2,822.9929370756448
7.4,824.233777571353
7.6,825.4512397578836
7.8,826.6456774044292
8.0,827.8174332515682
8.2,828.9668397695182
8.4,830.0942198558114
8.6,831.1998874774912
8.8,832.2841482626307
9.0,833.3473000456356
9.2,834.3896333704331
9.4,835.4114319552721
9.6,836.4129731224916
9.8,837.3945281962491
10.0,838.3563628708578
10.2,839.298737552062
10.4,840.2219076732849
10.6,841.126123988617
10.8,842.0116328440806
11.0,842.8786764284991
11.2,843.7274930051257
11.4,844.5583171250317
11.6,845.3713798231385
11.8,846.1669087976665
12.0,846.9451285737047
12.2,847.7062606515291
12.4,848.4505236402632
12.6,849.1781333774271
12.8,849.8893030349066
13.0,850.5842432118541
13.2,851.2631620150256
13.4,851.9262651270525
13.6,852.573755863151
13.8,853.2058352167707
14.0,853.822701894691
14.2,854.4245523420764
14.4,855.0115807580065
14.6,855.5839791020047
14.8,856.1419370920842
15.0,856.6856421948397
15.2,857.2152796081083
15.4,857.731032236721
15.6,858.2330806618664
15.8,858.7216031045771
16.0,859.1967753838458
16.2,859.6587708698696
16.4,860.1077604329041
16.6,860.5439123882048
16.8,860.9673924375147
17.0,861.3783636075407
17.2,861.7769861858504
17.4,862.1634176545991
17.6,862.5378126224819
17.8,862.900322755286
18.0,863.2510967053993
18.2,863.590280040613
18.4,863.9180151725367
18.6,864.2344412849222
18.8,864.5396942621787
19.0,864.833906618334
19.2,865.1172074266879
19.4,865.3897222503753
19.6,865.6515730740471
19.8,865.9028782368524
20.0,866.1437523668935
20.2,866.3743063173073
20.4,866.5946471041102
20.6,866.8048778459315
20.8,867.0050977057434
21.0,867.1954018346855
21.2,867.3758813180682
21.4,867.5466231236265
21.6,867.7077100520918
21.8,867.8592206901279
22.0,868.0012293656846
22.2,868.133806105797
22.4,868.2570165968691
22.6,868.3709221474588
22.8,868.4755796535876
23.0,868.571041566585
23.2,868.6573558634822
23.4,868.7345660199571
23.6,868.8027109858389
23.8,868.8618251631714
24.0,868.9119383868365
24.2,868.9530759077397
24.4,868.9852583785517
24.6,869.00850184201
24.8,869.0228177217755
25.0,869.0282128158447
25.2,869.0246892925168
25.4,869.0122446889162
25.6,868.990871912071
25.8,868.9605592425494
26.0,868.9212903406559
26.2,868.873044255193
26.4,868.8157954347878
26.6,868.7495137417919
26.8,868.6741644687561
27.0,868.5897083574831
27.2,868.496101620665
27.4,868.3932959661026
27.6,868.2812386235125
27.8,868.1598723739143
28.0,868.0291355815995
28.2,867.8889622286711
28.4,867.7392819521438
28.6,867.580020083587
28.8,867.4110976912917
29.0,867.2324316249316
29.2,867.0439345626834
29.4,866.8455150607654
29.6,866.6370776053411
29.8,866.4185226667288
30.0,866.1897467558438
30.2,865.950642482792
30.4,865.70109861752
30.6,865.4410001524119
30.8,865.1702283667133
31.0,864.8886608926435
31.2,864.5961717830456
31.4,864.2926315804034
31.6,863.9779073870421
31.8,863.6518629363077
32.0,863.3143586645041
32.2,862.9652517833476
32.4,862.6043963526799
32.6,862.2316433531597
32.8,861.8468407586355
33.0,861.4498336078811
33.2,861.0404640753571
33.4,860.6185715406386
33.6,860.1839926561365
33.8,859.7365614127137
34.0,859.2761092027868
34.2,858.8024648804784
34.4,858.3154548183793
34.6,857.8149029604537
34.8,857.3006308706119
35.0,856.7724577764665
35.2,856.2302006077649
35.4,855.6736740289957
35.6,855.1026904656467
35.8,854.5170601235934
36.0,853.9165910010894
36.2,853.3010888928284
36.4,852.6703573855452
36.6,852.0241978446248
36.8,851.3624093911906
37.0,850.6847888691399
37.2,849.9911308016068
37.4,849.2812273363246
37.6,848.5548681793668
37.8,847.811840516743
38.0,847.051928923319
38.2,846.2749152585261
38.4,845.4805785483007
38.6,844.6686948526788
38.8,843.8390371184295
39.0,842.9913750160679
39.2,842.1254747605188
39.4,841.2410989146312
39.6,840.33800617463
39.8,839.415951136475
40.0,838.4746840419394
40.2,837.5139505030406
40.4,836.5334912032407
40.6,835.5330415735922
40.8,834.5123314417176
41.0,833.4710846512015
41.2,832.4090186486236
41.4,831.3258440350804
41.6,830.2212640786439
41.8,829.0949741837716
42.0,827.9466613132549
42.2,826.776003357851
42.4,825.5826684483201
42.6,824.366314204199
42.8,823.1265869132931
43.0,821.8631206355957
43.2,820.5755362251607
43.4,819.2634402633897
43.6,817.9264238972772
43.8,816.5640615764092
44.0,815.1759096829659
44.2,813.7615050496482
44.4,812.3203633613767
44.6,810.8519774377885
44.8,809.3558153950272
45.0,807.8313186870629
45.2,806.2779000288083
45.4,804.6949412056007
45.6,803.0817907761713
45.8,801.4377616789944
46.0,799.7621287548732
46.2,798.0541262016893
46.4,796.3129449804006
46.6,794.537730194505
46.8,792.7275784682403
47.0,790.8815353516729
47.2,788.9985927834348
47.4,787.0776866441311
47.6,785.1176944352561
47.8,783.1174331197361
48.0,781.0756571609045
48.2,778.9910567967274
48.4,776.8622565853962
48.6,774.6878142569489
48.8,772.4662199033787
49.0,770.1958955367141
49.2,767.8751950408732
49.4,765.5024045387426
49.6,763.075743190973
49.8,760.5933644375355
50.0,758.0533576872353
