0.0,853.1021488870272
0.2,853.8141732501418
0.4,854.5099818438327
0.6,855.1899879310149
0.8,855.8545510116595
1.0,856.5039852469006
1.2,857.1385692482427
1.4,857.7585556688232
1.6,858.3641794712682
1.8,858.955664325512
2.0,859.5332271019424
2.2,860.0970807528283
2.4,860.6474360038409
2.6,861.1845022610028
2.8,861.7084880494078
3.0,862.2196011967875
3.2,862.7180488892772
3.4,863.2040376679768
3.6,863.6777733999264
3.8,864.1394612386089
4.0,864.5893055802397
4.2,865.0275100182666
4.4,865.4542772969669
4.6,865.8698092644717
4.8,866.2743068253606
5.0,866.6679698929098
5.2,867.0509973410667
5.4,867.4235869562144
5.6,867.785935388799
5.8,868.1382381048854
6.0,868.4806893377157
6.2,868.8134820393402
6.4,869.1368078323952
6.6,869.4508569621025
6.8,869.7558182485625
7.0,870.0518790394176
7.2,870.3392251629595
7.4,870.6180408817546
7.6,870.8885088468614
7.8,871.1508100527113
8.0,871.4051237927279
8.2,871.6516276157506
8.4,871.890497283336
8.6,872.1219067280007
8.8,872.3460280124738
9.0,872.5630312900198
9.2,872.7730847658949
9.4,872.9763546599926
9.6,873.1730051707376
9.8,873.3631984402774
10.0,873.5470945210225
10.2,873.7248513435833
10.4,873.8966246861453
10.6,874.062568145323
10.8,874.2228331085286
11.0,874.3775687278895
11.2,874.5269218957424
11.4,874.6710372217293
11.6,874.8100570115191
11.8,874.9441212471689
12.0,875.0733675691425
12.2,875.1979312599935
12.4,875.31794522972
12.6,875.4335400027933
12.8,875.5448437068577
13.0,875.651982063097
13.2,875.7550783782581
13.4,875.8542535383173
13.6,875.9496260037738
13.8,876.0413118065499
14.0,876.1294245484721
14.2,876.2140754013086
14.4,876.2953731083289
14.6,876.3734239873548
14.8,876.4483319352622
15.0,876.5201984338973
15.2,876.5891225573613
15.4,876.6552009806176
15.6,876.7185279893766
15.8,876.7791954912027
16.0,876.837293027794
16.2,876.8929077883773
16.4,876.9461246241632
16.6,876.9970260637999
16.8,877.045692329767
17.0,877.0922013556462
17.2,877.136628804206
17.4,877.1790480862354
17.6,877.219530380061
17.8,877.2581446516816
18.0,877.2949576754531
18.2,877.3300340552555
18.4,877.3634362460756
18.6,877.395224575936
18.8,877.4254572681037
19.0,877.4541904635093
19.2,877.4814782433106
19.4,877.5073726515324
19.6,877.5319237177176
19.8,877.5551794795226
20.0,877.577186005193
20.2,877.5979874158563
20.4,877.617625907569
20.6,877.636141773056
20.8,877.6535734230843
21.0,877.6699574074121
21.2,877.685328435256
21.4,877.6997193952234
21.6,877.7131613746561
21.8,877.7256836783343
22.0,877.7373138464933
22.2,877.7480776721043
22.4,877.7579992173786
22.6,877.767100829449
22.8,877.7754031551917
23.0,877.7829251551516
23.2,877.7896841165344
23.4,877.795695665236
23.6,877.8009737768788
23.8,877.8055307868278
24.0,877.8093773991648
24.2,877.8125226945966
24.4,877.8149741372828
24.6,877.8167375805639
24.8,877.8178172715807
25.0,877.8182158547739
25.2,877.8179343742569
25.4,877.816972275059
25.6,877.8153274032386
25.8,877.8129960048674
26.0,877.8099727238911
26.2,877.806250598876
26.4,877.8018210586505
26.6,877.7966739168567
26.8,877.7907973654285
27.0,877.7841779670151
27.2,877.776800646374
27.4,877.7686486807567
27.6,877.7597036893161
27.8,877.7499456215659
28.0,877.7393527449251
28.2,877.7279016313843
28.4,877.7155671433294
28.6,877.7023224185672
28.8,877.688138854593
29.0,877.6729860921469
29.2,877.6568319981055
29.4,877.6396426477603
29.6,877.6213823065323
29.8,877.6020134111781
30.0,877.5814965505426
30.2,877.5597904459154
30.4,877.5368519310482
30.6,877.5126359318975
30.8,877.4870954461486
31.0,877.460181522589
31.2,877.4318432403918
31.4,877.4020276883753
31.6,877.3706799443044
31.8,877.3377430543001
32.0,877.3031580124247
32.2,877.266863740509
32.4,877.2287970682897
32.6,877.1888927139245
32.8,877.1470832649532
33.0,877.1032991597706
33.2,877.0574686696802
33.4,877.0095178815922
33.6,876.9593706814334
33.8,876.9069487383348
34.0,876.852171489657
34.2,876.794956126918
34.4,876.7352175826841
34.6,876.6728685184827
34.8,876.6078193137952
35.0,876.5399780561837
35.2,876.4692505326078
35.4,876.3955402219802
35.6,876.3187482890119
35.8,876.2387735793912
36.0,876.1555126163428
36.2,876.0688595986039
36.4,875.9787063998596
36.6,875.8849425696677
36.8,875.7874553359086
37.0,875.6861296087842
37.2,875.5808479863937
37.4,875.4714907619052
37.6,875.3579359323417
37.8,875.2400592089942
38.0,875.1177340294729
38.2,874.990831571401
38.4,874.8592207677551
38.6,874.7227683238482
38.8,874.5813387359508
39.0,874.4347943115407
39.2,874.2829951911664
39.4,874.1257993719067
39.6,873.9630627324063
39.8,873.7946390594592
40.0,873.6203800761118
40.2,873.440135471254
40.4,873.2537529306576
40.6,873.0610781694239
40.8,872.861954965797
41.0,872.6562251962912
41.2,872.4437288720871
41.4,872.2243041766377
41.6,871.997787504429
41.8,871.7640135008361
42.0,871.5228151030099
42.2,871.2740235817319
42.4,871.0174685841677
42.6,870.7529781774492
42.8,870.4803788930163
43.0,870.1994957716433
43.2,869.9101524090752
43.4,869.6121710021989
43.6,869.3053723956731
43.8,868.9895761289373
44.0,868.6646004835244
44.2,868.3302625305968
44.4,867.9863781786295
44.6,867.6327622211608
44.8,867.2692283845355
45.0,866.8955893755613
45.2,866.5116569290058
45.4,866.1172418548585
45.6,865.7121540852869
45.8,865.2962027212122
46.0,864.8691960784399
46.2,864.4309417332666
46.4,863.9812465674756
46.6,863.519916812561
46.8,863.0467580928037
47.0,862.5615754661685
47.2,862.0641734601995
47.4,861.5543560956042
47.6,861.0319268798753
47.8,860.4966887316721
48.0,859.9484437558206
48.2,859.3869927201464
48.4,858.8121339852095
48.6,858.2236615173902
48.8,857.6213615118601
49.0,857.0050071327846
49.2,856.3743510287345
49.4,855.729115664058
49.6,855.0689821050822
49.8,854.3935785761124
50.0,853.7024706111349
