0.0,530.1002183299004
0.2,535.9418319612439
0.4,541.7016156752983
0.6,547.3794571127028
0.8,552.9753076465211
1.0,558.4891832242566
1.2,563.9211648547882
1.4,569.271398740325
1.6,574.5400960562284
1.8,579.7275323842416
2.0,584.8340468072943
2.2,589.8600406765675
2.4,594.8059760639028
2.6,599.6723739148916
2.8,604.4598119200563
3.0,609.1689221234363
3.2,613.8003882895823
3.4,618.3549430514354
3.6,622.8333648628196
3.8,627.2364747802901
4.0,631.5651330998433
4.2,635.8202358745341
4.4,640.0027113393168
4.6,644.1135162694745
4.8,648.1536322988073
5.0,652.124062223322
5.2,656.0258263155301
5.4,659.8599586736136
5.6,663.6275036286722
5.8,667.3295122320641
6.0,670.9670388434673
6.2,674.5411378387862
6.4,678.0528604553882
6.6,681.5032517904317
6.8,684.8933479662279
7.0,688.2241734747164
7.2,691.4967387112248
7.4,694.7120377057634
7.6,697.8710460581804
7.8,700.9747190816122
8.0,704.023990156799
8.2,707.0197692980388
8.4,709.962941929824
8.6,712.8543678715603
8.8,715.6948805262263
9.0,718.4852862673996
9.2,721.2263640177582
9.4,723.9188650109809
9.6,726.563512727911
9.8,729.1610029969313
10.0,731.7120042477143
10.2,734.2171579068676
10.4,736.677078923493
10.6,739.0923564123045
10.8,741.4635544017138
11.0,743.7912126741829
11.2,746.0758476861494
11.4,748.3179535549575
11.6,750.5180031004534
11.8,752.6764489292315
12.0,754.7937245499331
12.2,756.8702455084921
12.4,758.9064105327792
12.6,760.9026026767266
12.8,762.8591904546729
13.0,764.7765289573853
13.2,766.65496094195
13.4,768.4948178884804
13.6,770.296421017362
13.8,772.0600822615284
14.0,773.7861051890236
14.2,775.4747858718694
14.4,777.1264136979876
14.6,778.7412721236406
14.8,780.3196393645376
15.0,781.8617890244007
15.2,783.3679906603938
15.4,784.83851028539
15.6,786.2736108075738
15.8,787.6735524083592
16.0,789.0385928600339
16.2,790.3689877849292
16.4,791.6649908582559
16.6,792.9268539570367
16.8,794.1548272578141
17.0,795.3491592860208
17.2,796.510096920055
17.4,797.6378853532286
17.6,798.7327680168377
17.8,799.7949864676543
18.0,800.8247802431516
18.2,801.8223866877619
18.4,802.7880407534227
18.6,803.7219747776055
18.8,804.6244182419251
19.0,805.495597514335
19.2,806.33573557778
19.4,807.1450517480548
19.6,807.9237613834634
19.8,808.6720755887336
20.0,809.3902009154699
20.2,810.0783390612826
20.4,810.7366865695566
20.6,811.3654345316719
20.8,811.9647682933218
21.0,812.5348671664262
21.2,813.0759041479822
21.4,813.5880456470519
21.6,814.0714512209521
21.8,814.52627332158
22.0,814.9526570526855
22.2,815.3507399387942
22.4,815.7206517063771
22.6,816.0625140777714
22.8,816.3764405782728
23.0,816.6625363567426
23.2,816.9208980200082
23.4,817.1516134812761
23.6,817.3547618227295
23.8,817.5304131724372
24.0,817.6786285956703
24.2,817.7994600006933
24.4,817.8929500590732
24.6,817.9591321405371
24.8,817.9980302623931
25.0,818.0096590535254
25.2,817.9940237329656
25.4,817.9511201030394
25.6,817.8809345570916
25.8,817.7834441017809
26.0,817.658616393946
26.2,817.5064097920314
26.4,817.3267734220616
26.6,817.1196472581444
26.8,816.8849622174694
27.0,816.6226402697531
27.2,816.3325945610616
27.4,816.0147295519105
27.6,815.6689411695118
27.8,815.2951169739938
28.0,814.8931363383689
28.2,814.4628706419716
28.4,814.0041834770169
28.6,813.51693086786
28.8,813.0009615024463
29.0,812.4561169753576
29.2,811.8822320417466
29.4,811.279134881347
29.6,810.6466473716243
29.8,809.9845853690025
30.0,809.2927589969645
30.2,808.5709729396838
30.4,807.8190267396907
30.6,807.0367150979256
30.8,806.2238281743696
31.0,805.380151887287
31.2,804.5054682089468
31.4,803.5995554555365
31.6,802.6621885688193
31.8,801.6931393869394
32.0,800.6921769016323
32.2,799.6590674989648
32.4,798.5935751806107
32.6,797.4954617625609
32.8,796.3644870480783
33.0,795.2004089716485
33.2,794.0029837106263
33.4,792.7719657612743
33.6,791.5071079758951
33.8,790.2081615578146
34.0,788.874876011052
34.2,787.5069990416382
34.4,786.1042764077004
34.6,784.6664517156403
34.8,783.1932661599758
35.0,781.684458204714
35.2,780.1397632044597
35.4,778.5589129638505
35.6,776.9416352343458
35.8,775.2876531478722
36.0,773.596684587357
36.2,771.8684414947467
36.4,770.1026291177208
36.6,768.2989451969543
36.8,766.4570790964682
37.0,764.5767108803169
37.2,762.657510339598
37.4,760.6991359745248
37.6,758.7012339370692
37.8,756.663436940454
38.0,754.5853631425424
38.2,752.4666150109307
38.4,750.3067781782862
38.6,748.1054202971824
38.8,745.8620899043481
39.0,743.5763153048732
39.2,741.2476034874694
39.4,738.8754390823772
39.6,736.4592833739304
39.8,733.9985733801061
40.0,731.4927210116241
40.2,728.9411123232779
40.4,726.3431068701943
40.6,723.6980371816029
40.8,721.0052083644584
41.0,718.2638978488951
41.2,715.4733552869817
41.4,712.6328026156049
41.6,709.7414342935288
41.8,706.7984177217559
42.0,703.8028938552629
42.2,700.7539780129952
42.4,697.6507608916877
42.6,694.492309787657
42.8,691.2776700291537
43.0,688.0058666202345
43.2,684.6759060953813
43.4,681.2867785822924
43.6,677.8374600684223
43.8,674.3269148649389
44.0,670.7540982598603
44.2,667.117959350201
44.4,663.4174440410617
44.6,659.6514981977232
44.8,655.8190709349996
45.0,651.9191180263739
45.2,647.9506054138094
45.4,643.9125127976175
45.6,639.8038372843944
45.8,635.6235970698224
46.0,631.3708351320984
46.2,627.0446229108993
46.4,622.6440639461624
46.6,618.1682974505275
46.8,613.6165017890996
47.0,608.9878978402309
47.2,604.2817522113002
47.4,599.4973802840034
47.6,594.6341490644282
47.8,589.6914798142086
48.0,584.6688504402949
48.2,579.5657976223561
48.4,574.3819186585168
48.6,569.1168730120303
48.8,563.7703835435632
49.0,558.3422374160248
49.2,552.8322866612575
49.4,547.2404484004342
49.6,541.5667047126249
49.8,535.8111021486899
50.0,529.9737508904002
