0.0,728.237328939531
0.2,731.2008074035441
0.4,734.107881017656
0.6,736.9596440238626
0.8,739.7571749540099
1.0,742.5015360939361
1.2,745.1937729896528
1.4,747.8349139963498
1.6,750.4259698708103
1.8,752.9679334076205
2.0,755.4617791193647
2.2,757.9084629607984
2.4,760.3089220968039
2.6,762.6640747137426
2.8,764.9748198736404
3.0,767.2420374104688
3.2,769.4665878676146
3.4,771.6493124754793
3.6,773.7910331679975
3.8,775.8925526367292
4.0,777.9546544210511
4.2,779.9781030328636
4.4,781.963644114117
4.6,783.9120046253844
4.8,785.8238930636138
5.0,787.6999997071426
5.2,789.5409968859938
5.4,791.3475392754374
5.6,793.1202642107767
5.8,794.859792021295
6.0,796.566726381305
6.2,798.2416546762453
6.4,799.8851483817898
6.6,801.4977634539666
6.8,803.0800407283208
7.0,804.6325063262094
7.2,806.1556720663687
7.4,807.6500358799644
7.6,809.116082227408
7.8,810.5542825152971
8.0,811.9650955119305
8.2,813.3489677599287
8.4,814.7063339845921
8.6,816.0376174967203
8.8,817.3432305887156
9.0,818.6235749228973
9.2,819.8790419110462
9.4,821.1100130843116
9.6,822.3168604527001
9.8,823.4999468534747
10.0,824.6596262878841
10.2,825.7962442457393
10.4,826.910138017444
10.6,828.0016369931759
10.8,829.0710629489992
11.0,830.1187303197669
11.2,831.1449464587522
11.4,832.150011884014
11.6,833.1342205115702
11.8,834.0978598755147
12.0,835.0412113352673
12.2,835.9645502701989
12.4,836.8681462619185
12.6,837.752263264549
12.8,838.6171597633569
13.0,839.463088922126
13.2,840.2902987196985
13.4,841.0990320761194
13.6,841.8895269688443
13.8,842.6620165394772
14.0,843.4167291915189
14.2,844.1538886796046
14.4,844.8737141907168
14.6,845.5764204178548
14.8,846.2622176266358
15.0,846.9313117152973
15.2,847.5839042685611
15.4,848.2201926058033
15.6,848.8403698239662
15.8,849.4446248356279
16.0,850.033142402632
16.2,850.6061031656606
16.4,851.1636836701141
16.6,851.7060563886461
16.8,852.2333897406761
17.0,852.74584810919
17.2,853.2435918551118
17.4,853.7267773295144
17.6,854.1955568839173
17.8,854.6500788788982
18.0,855.0904876912302
18.2,855.5169237197329
18.4,855.9295233900148
18.6,856.3284191582633
18.8,856.7137395142245
19.0,857.0856089834996
19.2,857.4441481292712
19.4,857.7894735535582
19.6,858.1216978980889
19.8,858.4409298448651
20.0,858.7472741164855
20.2,859.0408314762825
20.4,859.3216987283197
20.6,859.5899687172888
20.8,859.8457303283391
21.0,860.0890684868613
21.2,860.3200641582497
21.4,860.5387943476527
21.6,860.745332099725
21.8,860.9397464983849
22.0,861.1221026665809
22.2,861.292461766067
22.4,861.4508809971845
22.6,861.5974135986445
22.8,861.7321088473067
23.0,861.8550120579465
23.2,861.9661645830021
23.4,862.0656038122918
23.6,862.1533631726949
23.8,862.2294721277832
24.0,862.2939561773961
24.2,862.3468368571487
24.4,862.3881317378635
24.6,862.417854424918
24.8,862.4360145574987
25.0,862.4426178077537
25.2,862.437665879837
25.4,862.4211565088384
25.6,862.3930834595901
25.8,862.3534365253494
26.0,862.3022015263472
26.2,862.239360308202
26.4,862.1648907401946
26.6,862.0787667133986
26.8,861.980958138667
27.0,861.8714309444692
27.2,861.750147074579
27.4,861.6170644856088
27.6,861.4721371443903
27.8,861.3153150251967
28.0,861.1465441068053
28.2,860.965766369396
28.4,860.7729197912813
28.6,860.567938345462
28.8,860.3507519960006
29.0,860.1212866942036
29.2,859.8794643746021
29.4,859.6252029507126
29.6,859.3584163105655
29.8,859.079014311975
30.0,858.7869027775272
30.2,858.4819834892548
30.4,858.1641541829644
30.6,857.833308542168
30.8,857.4893361915776
31.0,857.1321226900985
31.2,856.7615495232596
31.4,856.3774940950055
31.6,855.9798297187647
31.8,855.5684256076994
32.0,855.1431468640292
32.2,854.7038544673082
32.4,854.2504052615244
32.6,853.7826519408718
32.8,853.3004430340354
33.0,852.803622886811
33.2,852.2920316428635
33.4,851.7655052224194
33.6,851.2238752986575
33.8,850.6669692715593
34.0,850.094610238952
34.2,849.5066169644625
34.4,848.9028038420835
34.6,848.2829808570333
34.8,847.6469535425742
35.0,846.9945229324352
35.2,846.3254855084703
35.4,845.6396331431674
35.6,844.9367530366075
35.8,844.2166276474621
36.0,843.4790346176037
36.2,842.7237466898962
36.4,841.950531618723
36.6,841.1591520728065
36.8,840.3493655298724
37.0,839.520924162706
37.2,838.6735747161612
37.4,837.8070583746821
37.6,836.9211106199139
37.8,836.0154610779891
38.0,835.0898333561015
38.2,834.1439448679969
38.4,833.1775066480457
38.6,832.1902231535864
38.8,831.1817920552766
39.0,830.1519040152228
39.2,829.1002424527178
39.4,828.0264832974552
39.6,826.9302947301632
39.8,825.8113369106501
40.0,824.6692616933336
40.2,823.5037123303888
40.4,822.3143231627353
40.6,821.1007192991614
40.8,819.8625162839709
41.0,818.5993197536274
41.2,817.310725082961
41.4,815.996317021604
41.6,814.6556693214125
41.8,813.2883443557345
42.0,811.8938927314856
42.2,810.4718528950917
42.4,809.0217507334586
42.6,807.5430991712324
42.8,806.0353977657055
43.0,804.498132300823
43.2,802.930774381833
43.4,801.3327810322143
43.6,799.7035942945947
43.8,798.0426408374528
44.0,796.3493315694627
44.2,794.623061263406
44.4,792.8632081916302
44.6,791.0691337750762
44.8,789.2401822479338
45.0,787.3756803400106
45.2,785.4749369789143
45.4,783.5372430141513
45.6,781.5618709652324
45.8,779.5480747958659
46.0,777.4950897162694
46.2,775.4021320156
46.4,773.2683989264359
46.6,771.093068523169
46.8,768.8752996560893
47.0,766.6142319228386
47.2,764.3089856788029
47.4,761.9586620878912
47.6,759.5623432150131
47.8,757.119092161424
48.0,754.6279532439488
48.2,752.0879522189346
48.4,749.4980965516024
48.6,746.8573757312934
48.8,744.1647616329092
49.0,741.4192089246591
49.2,738.619655522019
49.4,735.7650230876138
49.6,732.8542175765216
49.8,729.886129826297
50.0,726.8596361908038
