0.0,811.1404552722615
0.2,813.0690211592281
0.4,814.9567091130231
0.6,816.8038171355734
0.8,818.6106536567205
1.0,820.3775379745862
1.2,822.1048006433747
1.4,823.7927838068638
1.6,825.4418414761476
1.8,827.0523397505192
2.0,828.6246569806978
2.2,830.1591838739345
2.4,831.6563235408556
2.6,833.1164914842225
2.8,834.5401155301041
3.0,835.9276357022719
3.2,837.2795040409201
3.4,838.5961843671113
3.6,839.8781519946194
3.8,841.1258933911027
4.0,842.3399057907876
4.2,843.520696761069
4.4,844.6687837256418
4.6,845.784693446966
4.8,846.8689614710344
5.0,847.922131537557
5.2,848.9447549588
5.4,849.9373899704156
5.6,850.9006010576776
5.8,851.8349582605906
6.0,852.7410364613742
6.2,853.6194146578309
6.4,854.4706752260975
6.6,855.29540317624
6.8,856.0941854041081
7.0,856.8676099427829
7.2,857.6162652168672
7.4,858.3407393027554
7.6,859.0416191979003
7.8,859.7194901019515
8.0,860.3749347124942
8.2,861.0085325379506
8.4,861.6208592300349
8.6,862.2124859379747
8.8,862.7839786865211
9.0,863.3358977795765
9.2,863.8687972310779
9.4,864.383224224567
9.6,864.8797186026856
9.8,865.3588123876307
10.0,865.8210293334107
10.2,866.2668845105482
10.4,866.696883923682
10.6,867.1115241623468
10.8,867.5112920850186
11.0,867.8966645363532
11.2,868.268108097381
11.4,868.6260788682633
11.6,868.9710222830807
11.8,869.3033729559816
12.0,869.6235545579011
12.2,869.9319797229492
12.4,870.2290499834595
12.6,870.5151557326061
12.8,870.7906762134146
13.0,871.0559795329222
13.2,871.311422700189
13.4,871.5573516868144
13.6,871.7941015085722
13.8,872.0219963267598
14.0,872.2413495678302
14.2,872.452464059879
14.4,872.6556321845479
14.6,872.8511360429253
14.8,873.0392476340367
15.0,873.2202290445412
15.2,873.3943326482822
15.4,873.561801314375
15.6,873.7228686225567
15.8,873.8777590845668
16.0,874.02668837038
16.2,874.1698635381616
16.4,874.3074832668749
16.6,874.4397380905266
16.8,874.5668106330941
17.0,874.6888758432424
17.2,874.806101227998
17.4,874.9186470846067
17.6,875.0266667298661
17.8,875.1303067262852
18.0,875.2297071044787
18.2,875.325001581265
18.4,875.4163177729945
18.6,875.5037774036842
18.8,875.5874965075965
19.0,875.6675856259372
19.2,875.7441499974125
19.4,875.8172897424095
19.6,875.8871000406282
19.8,875.9536713020158
20.0,876.0170893309006
20.2,876.0774354832523
20.4,876.1347868170293
20.6,876.1892162355967
20.8,876.240792624233
21.0,876.289580979753
21.2,876.3356425333066
21.4,876.3790348664223
21.6,876.4198120203806
21.8,876.458024599015
22.0,876.4937198650462
22.2,876.5269418300647
22.4,876.5577313382788
22.6,876.5861261441484
22.8,876.61216098403
23.0,876.6358676419512
23.2,876.6572750096337
23.4,876.6764091408808
23.6,876.6932933004367
23.8,876.7079480074218
24.0,876.7203910734346
24.2,876.7306376354084
24.4,876.7387001832966
24.6,876.7445885826505
24.8,876.7483100921422
25.0,876.7498693760738
25.2,876.7492685119008
25.4,876.7465069927865
25.6,876.7415817251881
25.8,876.7344870214657
26.0,876.7252145874912
26.2,876.7137535052202
26.4,876.700090210179
26.6,876.684208463808
26.8,876.6660893205867
27.0,876.6457110898624
27.2,876.6230492922848
27.4,876.5980766107505
27.6,876.5707628357436
27.8,876.5410748049602
28.0,876.5089763370914
28.2,876.4744281596414
28.4,876.4373878306527
28.6,876.3978096542071
28.8,876.3556445895779
29.0,876.3108401539048
29.2,876.263340318276
29.4,876.2130853971003
29.6,876.1600119306688
29.8,876.1040525608172
30.0,876.045135899608
30.2,875.9831863909778
30.4,875.9181241653084
30.6,875.8498648869073
30.8,875.7783195944046
31.0,875.7033945341072
31.2,875.6249909863784
31.4,875.5430050851465
31.6,875.4573276306857
31.8,875.3678438958489
32.0,875.2744334259799
32.2,875.1769698327728
32.4,875.0753205824012
32.6,874.9693467782871
32.8,874.8589029389324
33.0,874.7438367712942
33.2,874.6239889402428
33.4,874.499192834696
33.6,874.3692743310907
33.8,874.2340515549088
34.0,874.0933346410397
34.2,873.9469254938239
34.4,873.7946175476828
34.6,873.6361955293061
34.8,873.471435222422
35.0,873.3001032362405
35.2,873.1219567787148
35.4,872.9367434358176
35.6,872.7442009580824
35.8,872.544057055707
36.0,872.3360292035545
36.2,872.1198244574288
36.4,871.8951392830285
36.6,871.6616593990101
36.8,871.4190596356075
37.0,871.1670038102653
37.2,870.9051446217447
37.4,870.6331235641512
37.6,870.3505708623226
37.8,870.0571054299821
38.0,869.7523348520302
38.2,869.4358553922997
38.4,869.1072520280406
38.6,868.7660985123334
38.8,868.4119574655482
39.0,868.0443804968771
39.2,867.6629083568638
39.4,867.2670711217396
39.6,866.8563884102551
39.8,866.4303696335536
40.0,865.988514278497
40.2,865.530312224689
40.4,865.0552440952881
40.6,864.5627816415176
40.8,864.0523881606124
41.0,863.523518946746
41.2,862.9756217742947
41.4,862.4081374125973
41.6,861.8205001711682
41.8,861.2121384741228
42.0,860.5824754623659
42.2,859.9309296219012
42.4,859.2569154364091
42.6,858.5598440620555
42.8,857.8391240222962
43.0,857.0941619202619
43.2,856.3243631661315
43.4,855.52913271674
43.6,854.7078758245092
43.8,853.8599987926522
44.0,852.9849097334776
44.2,852.0820193265064
44.4,851.1507415730239
44.6,850.1904945436132
44.8,849.2007011151667
45.0,848.180789693828
45.2,847.1301949203174
45.4,846.0483583540868
45.6,844.9347291327992
45.8,843.7887646036666
46.0,842.6099309232675
46.2,841.3977036225643
46.4,840.1515681339621
46.6,838.8710202773982
46.8,837.5555667026232
47.0,836.2047252850177
47.2,834.8180254725074
47.4,833.3950085813609
47.6,831.9352280389096
47.8,830.4382495714879
48.0,828.9036513361742
48.2,827.3310239952065
48.4,825.7199707322471
48.6,824.0701072099896
48.8,822.3810614689165
49.0,820.6524737673477
49.2,818.8839963632423
49.4,817.0752932385518
49.6,815.226039767246
49.8,813.3359223284583
50.0,811.4046378665121
