0.0,765.4838866040304
0.2,767.7605457710778
0.4,769.9959169314141
0.6,772.1908517198132
0.8,774.3461845835476
1.0,776.4627322069454
1.2,778.5412929993279
1.4,780.5826466474348
1.6,782.587553733087
1.8,784.5567554164753
2.0,786.4909731851134
2.2,788.3909086681348
2.4,790.2572435152736
2.6,792.0906393395329
2.8,793.891737722224
3.0,795.661160278746
3.2,797.3995087831892
3.4,799.1073653495671
3.6,800.7852926672318
3.8,802.4338342877888
4.0,804.0535149606212
4.2,805.6448410139462
4.4,807.2083007781607
4.6,808.7443650480994
4.8,810.253487580716
5.0,811.7361056246076
5.2,813.1926404777489
5.4,814.6234980697607
5.6,816.0290695650294
5.8,817.409731983008
6.0,818.765848832063
6.2,820.0977707532949
6.4,821.4058361708338
6.6,822.6903719452195
6.8,823.9516940265827
7.0,825.1901081044894
7.2,826.405910251453
7.4,827.5993875572846
7.6,828.7708187516268
7.8,829.920474812201
8.0,831.048619556488
8.2,832.1555102147682
8.4,833.2413979826426
8.6,834.3065285513675
8.8,835.3511426145425
9.0,836.3754763498987
9.2,837.3797618751372
9.4,838.3642276769725
9.6,839.32909901273
9.8,840.2745982840402
10.0,841.2009453823524
10.2,842.1083580061706
10.4,842.9970519500775
10.6,843.8672413657705
10.8,844.7191389954806
11.0,845.5529563782812
11.2,846.3689040299137
11.4,847.1671915968766
11.6,847.9480279856177
11.8,848.7116214677653
12.0,849.4581797624057
12.2,850.1879100964838
12.4,850.9010192444558
12.6,851.5977135483678
12.8,852.2781989195659
13.0,852.942680823265
13.2,853.5913642472196
13.4,854.2244536557384
13.6,854.8421529302859
13.8,855.4446652978951
14.0,856.0321932486019
14.2,856.60493844308
14.4,857.1631016116257
14.6,857.706882445606
14.8,858.2364794824354
15.0,858.7520899851095
15.2,859.2539098172671
15.4,859.7421333147056
15.6,860.2169531542189
15.8,860.6785602205708
16.0,861.1271434723664
16.2,861.5628898075195
16.4,861.9859839289669
16.6,862.3966082112167
16.8,862.7949425682671
17.0,863.1811643233804
17.2,863.5554480811401
17.4,863.917965602171
17.6,864.2688856808556
17.8,864.6083740263314
18.0,864.9365931470104
18.2,865.2537022388238
18.4,865.5598570773521
18.6,865.8552099139667
18.8,866.1399093760781
19.0,866.414100371549
19.2,866.6779239973109
19.4,866.9315174521893
19.6,867.1750139539253
19.8,867.408542660359
20.0,867.632228594722
20.2,867.8461925749715
20.4,868.050551147084
20.6,868.2454165222179
20.8,868.4308965176408
21.0,868.6070945013145
21.2,868.7741093400208
21.4,868.9320353509121
21.6,869.0809622563621
21.8,869.2209751419966
22.0,869.352154417782
22.2,869.4745757820483
22.4,869.5883101883313
22.6,869.6934238149169
22.8,869.7899780369759
23.0,869.8780294011852
23.2,869.9576296027333
23.4,870.0288254646165
23.6,870.0916589191397
23.8,870.1461669915388
24.0,870.1923817856557
24.2,870.2303304715979
24.4,870.2600352753285
24.6,870.2815134701397
24.8,870.2947773699674
25.0,870.2998343245201
25.2,870.2966867161982
25.4,870.2853319587937
25.6,870.2657624979649
25.8,870.2379658134948
26.0,870.2019244233452
26.2,870.1576158895325
26.4,870.1050128258588
26.6,870.0440829075391
26.8,869.9747888827749
27.0,869.897088586335
27.2,869.8109349552097
27.4,869.7162760464147
27.6,869.6130550570257
27.8,869.501210346538
28.0,869.3806754616435
28.2,869.2513791635326
28.4,869.1132454578269
28.6,868.9661936272588
28.8,868.8101382672154
29.0,868.6449893242678
29.2,868.4706521378112
29.4,868.287027484939
29.6,868.0940116286789
29.8,867.8914963697127
30.0,867.6793691017041
30.2,867.45751287035
30.4,867.2258064362695
30.6,866.9841243418338
30.8,866.7323369820323
31.0,866.4703106794609
31.2,866.1979077635
31.4,865.9149866537399
31.6,865.6214019476895
31.8,865.3170045127839
32.0,865.0016415826858
32.2,864.6751568578476
32.4,864.3373906102755
32.6,863.9881797924029
32.8,863.6273581499502
33.0,863.2547563386084
33.2,862.8702020443499
33.4,862.4735201071213
33.6,862.0645326476382
33.8,861.6430591969463
34.0,861.208916828372
34.2,860.7619202914306
34.4,860.3018821472099
34.6,859.8286129046927
34.8,859.3419211574258
35.0,858.8416137198876
35.2,858.3274957628514
35.4,857.7993709469806
35.6,857.2570415538407
35.8,856.7003086134545
36.0,856.1289720274733
36.2,855.542830686987
36.4,854.9416825839421
36.6,854.3253249150966
36.8,853.6935541773925
37.0,853.0461662535913
37.2,852.382956486988
37.4,851.7037197439851
37.6,851.0082504632965
37.8,850.2963426905295
38.0,849.5677900968973
38.2,848.8223859808065
38.4,848.0599232510896
38.6,847.2801943906612
38.8,846.4829913994204
39.0,845.668105715258
39.2,844.8353281120824
39.4,843.9844485738469
39.6,843.1152561436327
39.8,842.2275387469364
40.0,841.3210829884066
40.2,840.3956739213908
40.4,839.4510947897746
40.6,838.4871267417334
40.8,837.5035485151614
41.0,836.5001360947003
41.2,835.4766623404571
41.4,834.4328965886755
41.6,833.3686042248111
41.8,832.2835462296492
42.0,831.1774786993035
42.2,830.0501523401347
42.4,828.9013119398352
42.6,827.730695816131
42.8,826.5380352447622
43.0,825.3230538686108
43.2,824.0854670900463
43.4,822.8249814487609
43.6,821.5412939875599
43.8,820.2340916087574
44.0,818.9030504240025
44.2,817.5478351005268
44.4,816.168098206951
44.6,814.7634795619281
44.8,813.3336055890164
45.0,811.8780886812749
45.2,810.3965265791581
45.4,808.888501765343
45.6,807.3535808801587
45.8,805.7913141613076
46.0,804.2012349115474
46.2,802.58285899798
46.4,800.9356843865224
46.6,799.2591907150577
46.8,797.5528389086435
47.0,795.8160708400285
47.2,794.0483090385557
47.4,792.2489564503535
47.6,790.4173962524969
47.8,788.5529917235958
48.0,786.6550861730082
48.2,784.7230029306054
48.4,782.7560453987217
48.6,780.7534971676151
48.8,778.7146221954408
49.0,776.6386650534073
49.2,774.5248512364377
49.4,772.3723875393106
49.6,770.180462497895
49.8,767.9482468947397
50.0,765.6748943279165
