0.0,771.5381918884204
0.2,773.6765177268985
0.4,775.7769440992272
0.6,777.8404436950656
0.8,779.8679567063034
1.0,781.8603899489283
1.2,783.8186161545829
1.4,785.7434734332165
1.6,787.6357649068965
1.8,789.4962585135158
2.0,791.3256869778422
2.2,793.1247479461045
2.4,794.8941042791198
2.6,796.6343844978434
2.8,798.3461833741836
3.0,800.0300626589666
3.2,801.686551938087
3.4,803.3161496071273
3.6,804.919323954089
3.8,806.4965143393558
4.0,808.0481324615967
4.2,809.5745636980283
4.4,811.0761685072791
4.6,812.5532838830405
4.8,814.00622484674
5.0,815.4352859676361
5.2,816.8407428989906
5.4,818.2228539193333
5.6,819.5818614682801
5.8,820.9179936668849
6.0,822.2314658130994
6.2,823.5224818435735
6.4,824.7912357537257
6.6,826.0379129687651
6.8,827.2626916591198
7.0,828.4657439945253
7.2,829.6472373318329
7.4,830.8073353324131
7.6,831.9461990058296
7.8,833.0639876772478
8.0,834.1608598768147
8.2,835.2369741499747
8.4,836.2924897883928
8.6,837.3275674818169
8.8,838.3423698918217
9.0,839.337062148943
9.2,840.3118122752275
9.4,841.2667915346757
9.6,842.2021747144636
9.8,843.1181403401736
10.0,844.0148708285577
10.2,844.8925525815919
10.4,845.7513760257639
10.6,846.5915356006715
10.8,847.4132297010864
11.0,848.2166605766826
11.2,849.002034193617
11.4,849.7695600621119
11.6,850.5194510341048
11.8,851.2519230749208
12.0,851.9671950127861
12.2,852.6654882698366
12.4,853.3470265780933
12.6,854.0120356836767
12.8,854.6607430423235
13.0,855.293377509046
13.2,855.9101690245475
13.4,856.511348300782
13.6,857.0971465078109
13.8,857.6677949638881
14.0,858.2235248304784
14.2,858.7645668137003
14.4,859.2911508734738
14.6,859.8035059414618
14.8,860.3018596486969
15.0,860.7864380636191
15.2,861.2574654410798
15.4,861.7151639827201
15.6,862.1597536089928
15.8,862.5914517429721
16.0,863.0104731059863
16.2,863.4170295250028
16.4,863.8113297516171
16.6,864.1935792924157
16.8,864.5639802504202
17.0,864.9227311772684
17.2,865.2700269357442
17.4,865.6060585722328
17.6,865.9310131986512
17.8,866.245073883389
18.0,866.5484195507809
18.2,866.8412248886235
18.4,867.1236602632587
18.6,867.3958916417372
18.8,867.6580805205989
19.0,867.9103838608052
19.2,868.1529540283851
19.4,868.385938740366
19.6,868.6094810155797
19.8,868.8237191299613
20.0,869.0287865759701
20.2,869.2248120257891
20.4,869.411919297981
20.6,869.5902273272989
20.8,869.7598501373704
21.0,869.9208968159996
21.2,870.0734714928456
21.4,870.2176733192598
21.6,870.3535964500849
21.8,870.4813300272272
22.0,870.600958164844
22.2,870.7125599359919
22.4,870.8162093606046
22.6,870.9119753946767
22.8,870.9999219205491
23.0,871.080107738198
23.2,871.152586557443
23.4,871.2174069910012
23.6,871.2746125483197
23.8,871.3242416301329
24.0,871.3663275236916
24.2,871.4008983986284
24.4,871.4279773034192
24.6,871.4475821624151
24.8,871.4597257734232
25.0,871.4644158058165
25.2,871.4616547991644
25.4,871.4514401623748
25.6,871.4337641733488
25.8,871.4086139791485
26.0,871.3759715966906
26.2,871.335813913975
26.4,871.2881126918707
26.6,871.2328345664824
26.8,871.1699410521285
27.0,871.0993885449668
27.2,871.0211283273132
27.4,870.9351065727022
27.6,870.8412643517505
27.8,870.739537638889
28.0,870.6298573200436
28.2,870.5121492013479
28.4,870.3863340189899
28.6,870.2523274503019
28.8,870.1100401262161
29.0,869.9593776452249
29.2,869.8002405889966
29.4,869.6325245398177
29.6,869.4561201000428
29.8,869.2709129137594
30.0,869.0767836908885
30.2,868.8736082339624
30.4,868.6612574678417
30.6,868.4395974726579
30.8,868.2084895202839
31.0,867.9677901146607
31.2,867.7173510363294
31.4,867.4570193915397
31.6,867.1866376663259
31.8,866.9060437859628
32.0,866.6150711802335
32.2,866.3135488549563
32.4,866.0013014702344
32.6,865.6781494259033
32.8,865.3439089546615
33.0,864.9983922233706
33.2,864.6414074430156
33.4,864.2727589878085
33.6,863.8922475239062
33.8,863.499670148197
34.0,863.0948205375825
34.2,862.6774891091472
34.4,862.2474631915684
34.6,861.8045272080564
34.8,861.3484628710618
35.0,860.879049388903
35.2,860.3960636843848
35.4,859.899280625374
35.6,859.3884732671935
35.8,858.8634131065634
36.0,858.3238703466817
36.2,857.7696141728912
36.4,857.200413038204
36.6,856.6160349577895
36.8,856.0162478113367
37.0,855.4008196520057
37.2,854.769519020471
37.4,854.1221152623483
37.6,853.458378847066
37.8,852.7780816860197
38.0,852.0809974476139
38.2,851.3669018665681
38.4,850.635573044632
38.6,849.886791739639
38.8,849.1203416396085
39.0,848.3360096184123
39.2,847.5335859693341
39.4,846.7128646126883
39.6,845.8736432735229
39.8,845.0157236253232
40.0,844.1389113955471
40.2,843.2430164287819
40.4,842.3278527033044
40.6,841.393238296866
40.8,840.4389952976023
41.0,839.4649496561046
41.2,838.4709309748687
41.4,837.4567722315768
41.6,836.4223094329574
41.8,835.3673811963168
42.0,834.2918282562393
42.2,833.1954928944109
42.4,832.078218291039
42.6,830.9398477969
42.8,829.7802241256694
43.0,828.5991884668432
43.2,827.3965795202687
43.4,826.1722324540355
43.6,824.9259777882475
43.8,823.6576402079919
44.0,822.3670373096177
44.2,821.0539782852603
44.4,819.7182625513497
44.6,818.3596783276475
44.8,816.9780011741302
45.0,815.5729924937875
45.2,814.1443980101119
45.4,812.6919462287061
45.6,811.2153468930393
45.8,809.7142894448981
46.0,808.1884415005321
46.2,806.6374473538488
46.4,805.0609265182726
46.6,803.458472319054
46.8,801.8296505478547
47.0,800.1739981913898
47.2,798.4910222457241
47.4,796.7801986275364
47.6,795.0409711932497
47.8,793.272750876408
48.0,791.4749149530336
48.2,789.6468064439514
48.4,787.7877336622142
48.6,785.8969699128048
48.8,783.9737533507529
49.0,782.0172870026779
49.2,780.0267389555784
49.4,778.0012427154392
49.6,775.9398977369283
49.8,773.8417701241337
50.0,771.7058935009428
