0.0,688.2161261371621
0.2,692.5599771043707
0.4,696.7621640253572
0.6,700.8269078073229
0.8,704.7584708645662
1.0,708.5611553203089
1.2,712.2392993319273
1.4,715.7972715747204
1.6,719.2394639632583
1.8,722.5702827307556
2.0,725.7941380247044
2.2,728.9154322102276
2.4,731.9385471004625
2.6,734.8678303551495
2.8,737.7075813040307
3.0,740.4620364604525
3.2,743.135354992682
3.4,745.73160441606
3.6,748.2547467585886
3.8,750.7086254364091
4.0,753.0969530545199
4.2,755.4233003227972
4.4,757.6910862487707
4.6,759.9035697375698
4.8,762.063842696936
5.0,764.1748247120951
5.2,766.2392593224838
5.4,768.2597119006506
5.6,770.2385691038046
5.8,772.1780398411291
6.0,774.080157675589
6.2,775.9467845579612
6.4,777.7796157734557
6.6,779.5801859677291
6.8,781.3498761093423
7.0,783.0899212397197
7.2,784.8014188592285
7.4,786.4853377988945
7.6,788.1425274311523
7.8,789.7737270795445
8.0,791.3795754960271
8.2,792.9606202850754
8.4,794.5173271657055
8.6,796.0500889753985
8.8,797.5592343333467
9.0,799.0450358940727
9.2,800.5077181359552
9.4,801.947464642258
9.6,803.3644248446502
9.8,804.7587202107312
10.0,806.130449867577
10.2,807.4796956627176
10.4,808.8065266721536
10.6,810.111003172016
10.8,811.3931800962633
11.0,812.6531100074421
11.2,813.8908456110605
11.4,815.106441846631
11.6,816.2999575900046
11.8,817.471457002369
12.0,818.6210105612963
12.2,819.7486958086341
12.4,820.8545978489277
12.6,821.9388096305476
12.8,823.0014320398701
13.0,824.0425738368003
13.2,825.0623514577268
13.4,826.060888709708
13.6,827.0383163773814
13.8,827.994771761806
14.0,828.9303981682264
14.2,829.8453443576334
14.4,830.7397639749908
14.6,831.6138149651414
14.8,832.4676589856886
15.0,833.301460824594
15.2,834.1153878288214
15.4,834.90960934911
15.6,835.6842962048485
15.8,836.439620172057
16.0,837.175753496647
16.2,837.8928684344122
16.4,838.5911368185984
16.6,839.2707296553895
16.8,839.9318167472361
17.0,840.5745663436062
17.2,841.1991448184709
17.4,841.8057163736283
17.6,842.3944427668064
17.8,842.9654830633739
18.0,843.5189934104106
18.2,844.055126831838
18.4,844.5740330432938
18.6,845.0758582854309
18.8,845.5607451743396
19.0,846.028832567818
19.2,846.4802554462591
19.4,846.9151448069659
19.6,847.3336275707615
19.8,847.735826499815
20.0,848.1218601256647
20.2,848.4918426864781
20.4,848.845884072644
20.6,849.1840897798608
20.8,849.5065608689289
21.0,849.8133939315238
21.2,850.1046810612709
21.4,850.3805098294996
21.6,850.6409632651013
21.8,850.8861198379625
22.0,851.116053445491
22.2,851.3308334017898
22.4,851.5305244290778
22.6,851.7151866509894
22.8,851.884875587423
23.0,852.0396421506385
23.2,852.1795326423337
23.4,852.304588751462
23.6,852.4148475525783
23.8,852.5103415045222
24.0,852.5910984492796
24.2,852.6571416108768
24.4,852.7084895941913
24.6,852.7451563835779
24.8,852.7671513412325
25.0,852.7744792052313
25.2,852.7671400872058
25.4,852.7451294696285
25.6,852.7084382027062
25.8,852.6570525008902
26.0,852.5909539390375
26.2,852.5101194482687
26.4,852.4145213115941
26.6,852.3041271593905
26.8,852.1788999648408
27.0,852.0387980394597
27.2,851.8837750288596
27.4,851.7137799089278
27.6,851.5287569826108
27.8,851.3286458775348
28.0,851.1133815447075
28.2,850.8828942585865
28.4,850.6371096188232
28.6,850.3759485540304
28.8,850.0993273279528
29.0,849.8071575484602
29.2,849.4993461798236
29.4,849.1757955587766
29.6,848.8364034149084
29.8,848.4810628959879
30.0,848.1096625988623
30.2,847.7220866066332
30.4,847.3182145328623
30.6,846.8979215736239
30.8,846.461078568273
31.0,846.0075520698651
31.2,845.5372044262224
31.4,845.0498938727018
31.6,844.545474637786
31.8,844.0237970626719
32.0,843.4847077360897
32.2,842.9280496456369
32.4,842.3536623469513
32.6,841.7613821520835
32.8,841.1510423384483
33.0,840.5224733797398
33.2,839.8755032001758
33.4,839.2099574534003
33.6,838.5256598272995
33.8,837.822432375875
34.0,837.1000958791747
34.2,836.3584702320716
34.4,835.5973748624255
34.6,834.81662917883
34.8,834.0160530477426
35.0,833.1954672993003
35.2,832.3546942605293
35.4,831.4935583139589
35.6,830.6118864788247
35.8,829.7095090110986
36.0,828.786260017495
36.2,827.8419780773653
36.4,826.8765068650101
36.6,825.889695763397
36.8,824.881400458577
37.0,823.8514835022528
37.2,822.7998148279651
37.4,821.7262722042659
37.6,820.6307416060329
37.8,819.5131174828109
38.0,818.3733029007536
38.2,817.2112095324485
38.4,816.0267574666879
38.6,814.8198748081685
38.8,813.5904970352371
39.0,812.3385660822302
39.2,811.0640291117834
39.4,809.766836941806
39.6,808.4469420917168
39.8,807.1042964131626
40.0,805.73884827185
40.2,804.3505392494443
40.4,802.9393003378204
40.6,801.5050476023422
40.8,800.0476772963913
41.0,798.5670604160872
41.2,797.0630366920442
41.4,795.5354080240928
41.6,793.9839313750796
41.8,792.4083111510564
42.0,790.808191107248
42.2,789.1831458319219
42.4,787.5326718734993
42.6,785.8561785895985
42.8,784.1529788099296
43.0,782.4222794176603
43.2,780.6631719657017
43.4,778.8746234548706
43.6,777.0554674097043
43.8,775.2043953943755
44.0,773.31994911532
44.2,771.400513258462
44.4,769.444309207
44.6,767.4493897803355
44.8,765.4136351257307
45.0,763.3347498815641
45.2,761.2102617146633
45.4,759.0375213142423
45.6,756.8137039017255
45.8,754.5358122895626
46.0,752.2006814935298
46.2,749.8049848725584
46.4,747.3452417385463
46.6,744.8178263466664
46.8,742.2189781452341
47.0,739.5448131341167
47.2,736.7913361528693
47.4,733.9544538951246
47.6,731.0299884250848
47.8,728.0136909560321
48.0,724.9012556401977
48.2,721.6883331146561
48.4,718.3705435494594
48.6,714.943488952199
48.8,711.4027644975376
49.0,707.7439686708019
49.2,703.9627120410476
49.4,700.0546245105146
49.6,696.0153609233062
49.8,691.840604955533
50.0,687.5260712510249
