0.0,760.7801196800642
0.2,763.2120988286448
0.4,765.5915367774077
0.6,767.9203061218906
0.8,770.2001912925087
1.0,772.432887489173
1.2,774.620000549242
1.4,776.7630477010438
1.6,778.8634591354951
1.8,780.9225803118622
2.0,782.9416749009323
2.2,784.9219282601385
2.4,786.8644513305782
2.6,788.7702848452678
2.8,790.6404037411002
3.0,792.4757216733177
3.2,794.2770955403647
3.4,796.0453299380223
3.6,797.7811814741418
3.8,799.4853628883701
4.0,801.1585469344079
4.2,802.8013699950156
4.4,804.414435411727
4.6,805.9983165217266
4.8,807.553559403352
5.0,809.0806853390901
5.2,810.5801930107093
5.4,812.0525604453762
5.6,813.4982467343581
5.8,814.9176935473794
6.0,816.3113264660831
6.2,817.6795561595374
6.4,819.0227794235528
6.6,820.3413801039089
6.8,821.6357299216135
7.0,822.90618921619
7.2,824.1531076208184
7.4,825.3768246810397
7.6,826.5776704267586
7.8,827.7559659054672
8.0,828.9120236830115
8.2,830.0461483168241
8.4,831.1586368053713
8.6,832.2497790165845
8.8,833.3198580972436
9.0,834.3691508646586
9.2,835.3979281815044
9.4,836.4064553143008
9.6,837.394992275766
9.8,838.3637941510922
10.0,839.3131114080782
10.2,840.2431901909898
10.4,841.1542725980021
10.6,842.0465969420766
10.8,842.9203979951661
11.0,843.7759072156757
11.2,844.6133529591684
11.4,845.4329606723611
11.6,846.2349530705229
11.8,847.0195502984494
12.0,847.7869700752491
12.2,848.5374278232404
12.4,849.2711367813127
12.6,849.9883081031583
12.8,850.6891509408279
13.0,851.3738725141122
13.2,852.0426781662821
13.4,852.6957714067587
13.6,853.3333539413117
13.8,853.9556256904082
14.0,854.5627847963516
14.2,855.1550276198644
14.4,855.73254872678
14.6,856.2955408655123
14.8,856.8441949359715
15.0,857.3786999505974
15.2,857.899242988168
15.4,858.4060091410389
15.6,858.8991814564516
15.8,859.3789408725376
16.0,859.8454661496244
16.2,860.2989337974343
16.4,860.7395179987404
16.6,861.1673905300271
16.8,861.5827206796719
17.0,861.9856751641482
17.2,862.3764180427129
17.4,862.755110631025
17.6,863.1219114141081
17.8,863.4769759590473
18.0,863.8204568277786
18.2,864.1525034903084
18.4,864.4732622386675
18.6,864.7828761018837
18.8,865.0814847622279
19.0,865.3692244729647
19.2,865.6462279778186
19.4,865.912624432337
19.6,866.1685393273153
19.8,866.4140944144282
20.0,866.6494076341884
20.2,866.8745930463392
20.4,867.0897607627696
20.6,867.2950168830222
20.8,867.4904634324553
21.0,867.6761983030999
21.2,867.8523151972483
21.4,868.0189035737919
21.6,868.1760485973242
21.8,868.3238310900106
22.0,868.462327486222
22.2,868.5916097899232
22.4,868.7117455347997
22.6,868.8227977471059
22.8,868.9248249112105
23.0,869.017880937816
23.2,869.1020151348257
23.4,869.1772721808316
23.6,869.2436921011957
23.8,869.3013102467011
24.0,869.3501572747446
24.2,869.3902591330508
24.4,869.4216370458867
24.6,869.4443075027565
24.8,869.4582822495648
25.0,869.4635682822353
25.2,869.4601678427762
25.4,869.4480784177892
25.6,869.4272927394223
25.8,869.397798788767
26.0,869.3595798017094
26.2,869.3126142772464
26.4,869.2568759882789
26.6,869.1923339949022
26.8,869.118952660214
27.0,869.0366916686611
27.2,868.9455060469545
27.4,868.8453461875769
27.6,868.736157874913
27.8,868.6178823140331
28.0,868.4904561621562
28.2,868.3538115628257
28.4,868.2078761828208
28.6,868.0525732518313
28.8,867.8878216049161
29.0,867.713535727764
29.2,867.5296258047664
29.4,867.3359977699126
29.6,867.1325533605
29.8,866.9191901736556
30.0,866.6958017256454
30.2,866.4622775139414
30.4,866.2185030820056
30.6,865.9643600867334
30.8,865.6997263684871
31.0,865.4244760236312
31.2,865.1384794794685
31.4,864.8416035714532
31.6,864.5337116225393
31.8,864.2146635245045
32.0,863.8843158210631
32.2,863.5425217925608
32.4,863.1891315420227
32.6,862.8239920822969
32.8,862.4469474240134
33.0,862.0578386640495
33.2,861.6565040741699
33.4,861.2427791894778
33.6,860.8164968962896
33.8,860.3774875190169
34.0,859.9255789056122
34.2,859.4605965111077
34.4,858.9823634787526
34.6,858.4907007182245
34.8,857.9854269803692
35.0,857.4663589279008
35.2,856.93331120147
35.4,856.3860964804873
35.6,855.8245255380778
35.8,855.2484072895198
36.0,854.6575488335129
36.2,854.0517554856079
36.4,853.4308308031302
36.6,852.7945766009182
36.8,852.1427929572035
37.0,851.4752782089665
37.2,850.7918289361041
37.4,850.092239933766
37.6,849.3763041722308
37.8,848.6438127437183
38.0,847.8945547955603
38.2,847.1283174491897
38.4,846.344885704438
38.6,845.5440423286836
38.8,844.7255677304353
39.0,843.889239816987
39.2,843.034833835841
39.4,842.1621221996503
39.6,841.2708742944951
39.8,840.3608562713731
40.0,839.4318308208365
40.2,838.4835569307736
40.4,837.5157896273785
40.6,836.5282796993865
40.8,835.5207734056816
41.0,834.493012166364
41.2,833.4447322373381
41.4,832.3756643683835
41.6,831.2855334445318
41.8,830.1740581103466
42.0,829.0409503763855
42.2,827.8859152066881
42.4,826.7086500855593
42.6,825.5088445611773
42.8,824.286179762626
43.0,823.0403278858121
43.2,821.770951642356
43.4,820.4777036639314
43.6,819.160225852671
43.8,817.8181486661713
44.0,816.4510903233377
44.2,815.0586559148851
44.4,813.64043639981
44.6,812.1960074667
44.8,810.7249282364909
45.0,809.2267397813717
45.2,807.7009634332085
45.4,806.1470988542958
45.6,804.5646218437206
45.8,802.9529818543482
46.0,801.3115991986633
46.2,799.6398619265874
46.4,797.9371223651095
46.6,796.2026933181544
46.8,794.4358439355573
47.0,792.6357952721662
47.2,790.8017155716961
47.4,788.9327153246193
47.6,787.027842164585
47.8,785.0860756829869
48.0,783.106322255629
48.2,781.0874099882122
48.4,779.0280838977903
48.6,776.9270014546804
48.8,774.7827286128836
49.0,772.5937364563671
49.2,770.3583985832022
49.4,768.0749893394321
49.6,765.741682999755
49.8,763.3565539730059
50.0,760.9175780876224
