0.0,863.170129167867
0.2,863.7423861988702
0.4,864.2985177725928
0.6,864.838747335763
0.8,865.3633014525403
1.0,865.8724097984409
1.2,866.3663051377606
1.4,866.8452232844883
1.6,867.3094030467946
1.8,867.7590861552598
2.0,868.1945171751005
2.2,868.6159434027327
2.4,869.02361474709
2.6,869.4177835961997
2.8,869.7987046695862
3.0,870.1666348571484
3.2,870.5218330452207
3.4,870.8645599305883
3.6,871.1950778232863
3.8,871.5136504390607
4.0,871.8205426824129
4.2,872.1160204211932
4.4,872.400350253735
4.6,872.6737992695565
4.8,872.9366348046661
5.0,873.1891241925337
5.2,873.4315345117881
5.4,873.6641323317077
5.6,873.8871834565653
5.8,874.1009526698764
6.0,874.3057034795871
6.2,874.5016978652111
6.4,874.6891960279021
6.6,874.8684561444146
6.8,875.0397341258682
7.0,875.2032833821893
7.2,875.3593545930628
7.4,875.5081954861712
7.6,875.6500506234519
7.8,875.7851611960489
8.0,875.9137648285737
8.2,876.0360953932374
8.4,876.1523828343514
8.6,876.2628530036371
8.8,876.3677275067165
9.0,876.4672235611038
9.2,876.5615538659467
9.4,876.6509264837099
9.6,876.7355447339327
9.8,876.8156070991338
10.0,876.8913071428774
10.2,876.9628334399611
10.4,877.0303695186328
10.6,877.0940938146933
10.8,877.1541796372909
11.0,877.2107951461725
11.2,877.264103340113
11.4,877.3142620562014
11.6,877.3614239796337
11.8,877.405736663625
12.0,877.4473425590223
12.2,877.4863790531837
12.4,877.5229785176549
12.6,877.5572683641655
12.8,877.589371108445
13.0,877.6194044413536
13.2,877.6474813068049
13.4,877.6737099859611
13.6,877.6981941871717
13.8,877.7210331411317
14.0,877.7423217007345
14.2,877.7621504451017
14.4,877.7806057872796
14.6,877.7977700851027
14.8,877.8137217547352
15.0,877.8285353864171
15.2,877.8422818619536
15.4,877.8550284735081
15.6,877.8668390432749
15.8,877.8777740436244
16.0,877.8878907173396
16.2,877.8972431975775
16.4,877.9058826272166
16.6,877.9138572772679
16.8,877.9212126640522
17.0,877.9279916648675
17.2,877.9342346318937
17.4,877.9399795041024
17.6,877.945261916962
17.8,877.9501153097476
18.0,877.9545710302908
18.2,877.9586584370169
18.4,877.9624049981446
18.6,877.9658363879367
18.8,877.9689765799076
19.0,877.971847936914
19.2,877.9744712980695
19.4,877.9768660624356
19.6,877.9790502694614
19.8,877.9810406761509
20.0,877.9828528309564
20.2,877.9845011443971
20.4,877.9859989564223
20.6,877.9873586005405
20.8,877.9885914647455
21.0,877.9897080492792
21.2,877.9907180212731
21.4,877.9916302663178
21.6,877.9924529370151
21.8,877.9931934985659
22.0,877.9938587714531
22.2,877.9944549712803
22.4,877.9949877458246
22.6,877.9954622093655
22.8,877.9958829743493
23.0,877.9962541804449
23.2,877.9965795210506
23.4,877.9968622673056
23.6,877.9971052896533
23.8,877.9973110770084
24.0,877.9974817535692
24.2,877.9976190933149
24.4,877.9977245322223
24.6,877.9977991782335
24.8,877.9978438189985
25.0,877.9978589274118
25.2,877.9978446649603
25.4,877.997800882888
25.6,877.9977271211828
25.8,877.9976226053843
26.0,877.9974862412022
26.2,877.9973166069344
26.4,877.9971119436651
26.6,877.9968701432203
26.8,877.9965887338508
27.0,877.9962648636093
27.2,877.9958952813859
27.4,877.9954763155549
27.6,877.9950038501938
27.8,877.9944732988185
28.0,877.9938795755871
28.2,877.9932170639157
28.4,877.9924795824502
28.6,877.9916603483367
28.8,877.9907519377314
29.0,877.9897462434922
29.2,877.9886344299955
29.4,877.9874068850199
29.6,877.9860531686467
29.8,877.9845619591222
30.0,877.9829209956408
30.2,877.9811170180042
30.4,877.9791357031214
30.6,877.9769615983236
30.8,877.9745780514701
31.0,877.971967137837
31.2,877.9691095837848
31.4,877.9659846872142
31.6,877.9625702348328
31.8,877.958842416266
32.0,877.9547757350604
32.2,877.9503429166439
32.4,877.9455148133204
32.6,877.9402603063969
32.8,877.934546205556
33.0,877.9283371456066
33.2,877.9215954807669
33.4,877.914281176647
33.6,877.9063517001305
33.8,877.897761907363
34.0,877.888463930089
34.2,877.8784070605881
34.4,877.8675376354978
34.6,877.8557989188182
34.8,877.8431309844266
35.0,877.8294705984451
35.2,877.8147511018304
35.4,877.7989022935716
35.6,877.7818503149052
35.8,877.7635175349726
36.0,877.7438224383671
36.2,877.7226795150299
36.4,877.6999991529729
36.6,877.6756875343178
36.8,877.649646535155
37.0,877.6217736297299
37.2,877.5919617994817
37.4,877.5600994474512
37.6,877.5260703185893
37.8,877.4897534264886
38.0,877.4510229870638
38.2,877.4097483596921
38.4,877.365793996327
38.6,877.3190193990738
38.8,877.2692790867086
39.0,877.216422570598
39.2,877.1602943404566
39.4,877.1007338603521
39.6,877.037575575337
39.8,876.9706489290555
40.0,876.8997783926367
40.2,876.8247835051415
40.4,876.7454789257964
40.6,876.6616744981928
40.8,876.5731753265856
41.0,876.4797818643742
41.2,876.3812900147942
41.4,876.2774912437889
41.6,876.1681727049784
41.8,876.0531173765794
42.0,875.9321042100684
42.2,875.8049082903204
42.4,875.6713010068959
42.6,875.5310502360778
42.8,875.3839205332077
43.0,875.2296733348026
43.2,875.0680671698752
43.4,874.8988578798222
43.6,874.7217988461839
43.8,874.536641225531
44.0,874.3431341906755
44.2,874.1410251773573
44.4,873.9300601355103
44.6,873.7099837841771
44.8,873.4805398690931
45.0,873.2414714219417
45.2,872.9925210202447
45.4,872.7334310468372
45.6,872.4639439478555
45.8,872.1838024881605
46.0,871.892750003112
46.2,871.590530645611
46.4,871.2768896273379
46.6,870.9515734531294
46.8,870.614330147452
47.0,870.2649094719677
47.2,869.9030631332104
47.4,869.5285449794399
47.6,869.1411111857832
47.8,868.740520426822
48.0,868.3265340358458
48.2,867.8989161500557
48.4,867.4574338410607
48.6,867.001857230093
48.8,866.5319595874362
49.0,866.0475174156418
49.2,865.5483105161957
49.4,865.0341220393765
49.6,864.5047385171384
49.8,863.95994987894
50.0,863.3995494505282
