0.0,827.3038857003531
0.2,829.206584449106
0.4,831.0555357985548
0.6,832.8504505097515
0.8,834.5911535526227
1.0,836.2775874774511
1.2,837.9098145719468
1.4,839.4880177987501
1.6,841.0125005256938
1.8,842.4836850780885
2.0,843.902110158395
2.2,845.2684271935923
2.4,846.5833956841087
2.6,847.8478776401213
2.8,849.06283120117
3.0,850.229303543238
3.2,851.3484231836433
3.4,852.4213917982038
3.6,853.4494756672016
3.8,854.4339968667239
4.0,855.3763243200742
4.2,856.2778648202769
4.4,857.1400541293762
4.6,857.9643482534555
4.8,858.7522149842824
5.0,859.5051257894279
5.2,860.22454812286
5.4,860.9119382176053
5.6,861.5687344113196
5.8,862.1963510447671
6.0,862.7961729624546
6.2,863.36955063422
6.4,863.9177959065904
6.6,864.442178383374
6.8,864.9439224263334
7.0,865.4242047590325
7.2,865.884152650104
7.4,866.3248426463244
7.6,866.7472998210031
7.8,867.1524974993265
8.0,867.5413574193896
8.2,867.9147502856945
8.4,868.2734966708142
8.6,868.6183682206599
8.8,868.9500891192686
9.0,869.2693377701553
9.2,869.5767486529709
9.4,869.8729143163666
9.6,870.1583874705143
9.8,870.4336831455589
10.0,870.6992808853264
10.2,870.9556269487651
10.4,871.2031364948243
10.6,871.442195729669
10.8,871.6731639982748
11.0,871.8963758054578
11.2,872.1121427542633
11.4,872.320755392305
11.6,872.5224849591172
11.8,872.7175850298103
12.0,872.9062930523293
12.2,873.0888317773681
12.4,873.2654105815258
12.6,873.4362266855782
12.8,873.6014662708196
13.0,873.7613054972991
13.2,873.915911428451
13.4,874.0654428671317
13.6,874.2100511084215
13.8,874.3498806147653
14.0,874.4850696191206
14.2,874.6157506617744
14.4,874.7420510663985
14.6,874.8640933607521
14.8,874.9819956472256
15.0,875.0958719281605
15.2,875.205832390597
15.4,875.3119836547909
15.6,875.4144289905236
15.8,875.5132685049135
16.0,875.6085993051113
16.2,875.7005156389565
16.4,875.7891090163741
16.6,875.8744683140023
16.8,875.95667986528
17.0,876.0358275379693
17.2,876.1119928008638
17.4,876.1852547812152
17.6,876.2556903142264
17.8,876.3233739857804
18.0,876.3883781694227
18.2,876.4507730584708
18.4,876.5106266940085
18.6,876.5680049894061
18.8,876.6229717519165
19.0,876.6755887018146
19.2,876.7259154894707
19.4,876.7740097106898
19.6,876.8199269205924
19.8,876.8637206462677
20.0,876.9054423983873
20.2,876.9451416819402
20.4,876.982866006212
20.6,877.0186608941173
20.8,877.0525698909656
21.0,877.0846345727315
21.2,877.1148945538775
21.4,877.1433874947761
21.6,877.1701491087582
21.8,877.1952131688156
22.0,877.2186115139723
22.2,877.2403740553391
22.4,877.2605287818579
22.6,877.2791017657419
22.8,877.2961171676131
23.0,877.311597241339
23.2,877.3255623385646
23.4,877.3380309129417
23.6,877.3490195240479
23.8,877.3585428409956
24.0,877.3666136457269
24.2,877.3732428359893
24.4,877.3784394279901
24.6,877.3822105587275
24.8,877.3845614879945
25.0,877.3854956000524
25.2,877.385014404976
25.4,877.3831175396649
25.6,877.3798027685241
25.8,877.3750659838126
26.0,877.3689012056604
26.2,877.3613005817555
26.4,877.3522543867023
26.6,877.3417510210554
26.8,877.3297770100284
27.0,877.3163170018817
27.2,877.3013537659943
27.4,877.2848681906183
27.6,877.2668392803208
27.8,877.2472441531162
28.0,877.2260580372872
28.2,877.2032542678966
28.4,877.1788042829872
28.6,877.1526776194657
28.8,877.1248419086639
29.0,877.0952628715678
29.2,877.063904313699
29.4,877.0307281196285
29.6,876.9956942470961
29.8,876.9587607206998
30.0,876.9198836251114
30.2,876.8790170977594
30.4,876.8361133209089
30.6,876.7911225130489
30.8,876.7439929194759
31.0,876.6946708019412
31.2,876.6431004271974
31.4,876.5892240542435
31.6,876.5329819200335
31.8,876.4743122233599
32.0,876.4131511065693
32.2,876.3494326347088
32.4,876.2830887716193
32.6,876.2140493524133
32.8,876.1422420516768
33.0,876.0675923466187
33.2,875.9900234742735
33.4,875.909456381717
33.6,875.825809668097
33.8,875.7389995171047
34.0,875.6489396183201
34.2,875.5555410756479
34.4,875.4587123008262
34.6,875.3583588897429
34.8,875.2543834790157
35.0,875.1466855800097
35.2,875.0351613871642
35.4,874.9197035571787
35.6,874.8002009552933
35.8,874.6765383645711
36.0,874.5485961537637
36.2,874.4162498990391
36.4,874.279369954553
36.6,874.1378209665878
36.8,873.991461325767
37.0,873.8401425516852
37.2,873.6837086042087
37.4,873.521995115691
37.6,873.3548285384436
37.8,873.1820252020264
38.0,873.0033902752715
38.2,872.8187166284755
38.4,872.6277835918818
38.6,872.4303556074617
38.8,872.226180772093
39.0,872.0149892715532
39.2,871.7964917062882
39.4,871.5703773117134
39.6,871.336312077826
39.8,871.0939367751832
40.0,870.8428648968012
40.2,870.5826805282386
40.4,870.3129361610428
40.6,870.0331504677876
40.8,869.7428060601281
41.0,869.4413472545368
41.2,869.1281778736584
41.4,868.8026591144279
41.6,868.4641075171778
41.8,868.1117930728414
42.0,867.7449375079317
42.2,867.3627127891834
42.4,866.9642398914501
42.6,866.5485878736098
42.8,866.1147733077061
43.0,865.6617601062972
43.2,865.1884597918873
43.4,864.6937322503313
43.6,864.1763870071629
43.8,863.6351850618684
44.0,863.0688413101834
44.2,862.476027578547
44.4,861.8553762879019
44.6,861.2054847561686
44.8,860.52492013998
45.0,859.812225006777
45.2,859.0659235182416
45.4,858.2845281954452
45.6,857.466547225187
45.8,856.6104922559915
46.0,855.7148866213377
46.2,854.7782739171274
46.4,853.7992268504111
46.6,852.7763562672019
46.8,851.7083202590725
47.0,850.593833241345
47.2,849.4316748902951
47.4,848.2206988230511
47.6,846.9598409019624
47.8,845.6481270452525
48.0,844.2846804278628
48.2,842.8687279605592
48.4,841.3996059416547
48.6,839.8767647840097
48.8,838.299772730257
49.0,836.6683184812988
49.2,834.9822126768638
49.4,833.2413881820736
49.6,831.4458991502835
49.8,829.5959188496408
50.0,827.6917362585323
