0.0,850.2119394002452
0.2,850.9952801926801
0.4,851.7596542632211
0.6,852.505486432293
0.8,853.2331925899572
1.0,853.9431795439776
1.2,854.6358449081824
1.4,855.3115770305651
1.6,855.9707549602072
1.8,856.6137484517733
2.0,857.2409180060149
2.2,857.8526149444343
2.4,858.4491815160068
2.6,859.0309510336322
2.8,859.5982480378103
3.0,860.1513884848802
3.2,860.6906799570555
3.4,861.2164218914197
3.6,861.7289058250113
3.8,862.2284156531308
4.0,862.7152278980428
4.2,863.1896119853192
4.4,863.6518305251669
4.6,864.1021395962125
4.8,864.5407890293693
5.0,864.9680226895798
5.2,865.3840787534098
5.4,865.7891899806737
5.6,866.1835839784679
5.8,866.5674834562024
6.0,866.9411064704301
6.2,867.3046666584798
6.4,867.6583734600985
6.6,868.0024323265073
6.8,868.3370449164554
7.0,868.6624092790291
7.2,868.9787200231327
7.4,869.2861684737
7.6,869.5849428148275
7.8,869.8752282201301
8.0,870.1572069707188
8.2,870.4310585612864
8.4,870.6969597948477
8.6,870.95508486674
8.8,871.2056054385259
9.0,871.4486907024707
9.2,871.6845074372796
9.4,871.9132200557892
9.6,872.1349906453006
9.8,872.3499790012353
10.0,872.5583426547731
10.2,872.7602368951102
10.4,872.955814786948
10.6,873.1452271837913
10.8,873.3286227376005
11.0,873.5061479053088
11.2,873.6779469526775
11.4,873.8441619559256
11.6,874.0049328015343
11.8,874.1603971845909
12.0,874.3106906060032
12.2,874.4559463688778
12.4,874.5962955743303
12.6,874.7318671169601
12.8,874.8627876801972
13.0,874.9891817317027
13.2,875.1111715189769
13.4,875.2288770653117
13.6,875.342416166201
13.8,875.4519043863028
14.0,875.5574550570337
14.2,875.6591792748586
14.4,875.7571859003256
14.6,875.8515815578837
14.8,875.942470636511
15.0,876.0299552911702
15.2,876.1141354451001
15.4,876.1951087929443
15.6,876.2729708047116
15.8,876.3478147305563
16.0,876.4197316063618
16.2,876.4888102601068
16.4,876.5551373189866
16.6,876.6187972172637
16.8,876.6798722048136
17.0,876.7384423563311
17.2,876.7945855811619
17.4,876.84837763372
17.6,876.8998921244485
17.8,876.9492005312843
18.0,876.9963722115832
18.2,877.0414744144595
18.4,877.0845722934965
18.6,877.1257289197833
18.8,877.1650052952297
19.0,877.202460366114
19.2,877.2381510368197
19.4,877.2721321837103
19.6,877.3044566691001
19.8,877.3351753552737
20.0,877.3643371185076
20.2,877.3919888630517
20.4,877.4181755350239
20.6,877.4429401361772
20.8,877.466323737493
21.0,877.4883654925634
21.2,877.5091026507174
21.4,877.5285705698559
21.6,877.5468027289538
21.8,877.5638307401958
22.0,877.5796843607066
22.2,877.5943915038447
22.4,877.6079782500269
22.6,877.6204688570523
22.8,877.6318857698951
23.0,877.6422496299429
23.2,877.6515792836523
23.4,877.6598917905978
23.6,877.6672024308949
23.8,877.6735247119753
24.0,877.6788703746985
24.2,877.6832493987815
24.4,877.6866700075377
24.6,877.6891386719082
24.8,877.6906601137797
25.0,877.6912373085823
25.2,877.6908714871589
25.4,877.6895621369076
25.6,877.6873070021925
25.8,877.6841020840278
26.0,877.6799416390379
26.2,877.6748181776978
26.4,877.6687224618648
26.6,877.6616435016091
26.8,877.6535685513577
27.0,877.6444831053653
27.2,877.6343708925278
27.4,877.623213870558
27.6,877.6109922195445
27.8,877.5976843349156
28.0,877.5832668198315
28.2,877.5677144770332
28.4,877.5510003001742
28.6,877.5330954646669
28.8,877.5139693180716
29.0,877.4935893700655
29.2,877.4719212820219
29.4,877.4489288562386
29.6,877.4245740248518
29.8,877.3988168384739
30.0,877.3716154545936
30.2,877.3429261257832
30.4,877.31270318775
30.6,877.2808990472782
30.8,877.2474641701025
31.0,877.2123470687598
31.2,877.1754942904613
31.4,877.136850405033
31.6,877.0963579929673
31.8,877.0539576336339
32.0,877.0095878936944
32.2,876.9631853157673
32.4,876.9146844073883
32.6,876.864017630312
32.8,876.8111153901976
33.0,876.7559060267265
33.2,876.6983158041892
33.4,876.6382689025895
33.6,876.5756874093015
33.8,876.5104913113217
34.0,876.4425984881506
34.2,876.3719247053402
34.4,876.2983836087399
34.6,876.2218867194672
34.8,876.1423434296329
35.0,876.0596609988386
35.2,875.973744551467
35.4,875.8844970747743
35.6,875.7918194177925
35.8,875.6956102910411
36.0,875.5957662670387
36.2,875.4921817815983
36.4,875.3847491358808
36.6,875.2733584991665
36.8,875.1578979122966
37.0,875.0382532917206
37.2,874.9143084340684
37.4,874.785945021151
37.6,874.6530426252748
37.8,874.5154787147304
38.0,874.3731286592952
38.2,874.2258657355636
38.4,874.0735611318922
38.6,873.9160839527118
38.8,873.7533012219328
39.0,873.5850778851318
39.2,873.4112768101681
39.4,873.2317587858496
39.6,873.0463825182139
39.8,872.8550046239632
40.0,872.6574796205364
40.2,872.4536599122706
40.4,872.2433957720524
40.6,872.0265353178256
40.8,871.8029244832792
41.0,871.5724069820035
41.2,871.3348242643739
41.4,871.090015466388
41.6,870.8378173496702
41.8,870.5780642318383
42.0,870.3105879064249
42.2,870.0352175515591
42.4,869.7517796266224
42.6,869.4600977561363
42.8,869.1599926001771
43.0,868.8512817106811
43.2,868.5337793730799
43.4,868.2072964328049
43.6,867.8716401063076
43.8,867.5266137763866
44.0,867.1720167717489
44.2,866.8076441309144
44.4,866.4332863507486
44.6,866.0487291201144
44.8,865.6537530393457
45.0,865.2481333264747
45.2,864.8316395113774
45.4,864.404035119247
45.6,863.9650773450472
45.8,863.5145167208416
46.0,863.052096778136
46.2,862.577553707599
46.4,862.0906160187412
46.6,861.5910042023341
46.8,861.0784303985245
47.0,860.5525980737472
47.2,860.0132017096603
47.4,859.4599265074061
47.6,858.8924481105511
47.8,858.3104323500578
48.0,857.7135350146056
48.2,857.1014016494955
48.4,856.4736673872443
48.6,855.8299568127985
48.8,855.1698838660902
49.0,854.4930517843865
49.2,853.7990530865957
49.4,853.0874696013559
49.6,852.3578725403647
49.8,851.6098226180189
50.0,850.842870218022
