0.0,755.0814205200569
0.2,757.6951597479892
0.4,760.2505283913189
0.6,762.7492209861477
0.8,765.1928880818497
1.0,767.5831349335646
1.2,769.9215204151691
1.4,772.209556153485
1.6,774.4487058823917
1.8,776.640385013491
2.0,778.7859604180547
2.2,780.8867504131897
2.4,782.9440249435162
2.6,784.9590059481899
2.8,786.9328679018098
3.0,788.8667385166757
3.2,790.761699592983
3.4,792.6187880028806
3.6,794.4389967938592
3.8,796.2232763966965
4.0,797.9725359231329
4.2,799.6876445385925
4.4,801.3694328955733
4.6,803.0186946138031
4.8,804.6361877938618
5.0,806.222636551699
5.2,807.7787325623003
5.4,809.3051366016629
5.6,810.8024800771966
5.8,812.2713665376723
6.0,813.7123731548521
6.2,815.1260521699584
6.4,816.5129322991417
6.6,817.873520093085
6.8,819.2083012468092
7.0,820.517741856635
7.2,821.8022896220685
7.4,823.0623749911421
7.6,824.2984122484161
7.8,825.5108005454653
8.0,826.6999248742043
8.2,827.866156983873
8.4,829.0098562428891
8.6,830.1313704471007
8.8,831.2310365762273
9.0,832.3091815004744
9.2,833.3661226394528
9.4,834.402168575624
9.6,835.4176196245484
9.8,836.4127683642192
10.0,837.3879001257574
10.2,838.3432934476858
10.4,839.2792204959458
10.6,840.1959474517294
10.8,841.0937348691118
11.0,841.9728380043599
11.2,842.8335071186933
11.4,843.6759877561558
11.6,844.5005209981558
11.8,845.3073436961204
12.0,846.0966886836102
12.2,846.8687849691443
12.4,847.6238579108926
12.6,848.3621293743124
12.8,849.083817873725
13.0,849.7891386987637
13.2,850.4783040265553
13.4,851.1515230204486
13.6,851.809001916048
13.8,852.4509440952687
14.0,853.0775501490918
14.2,853.6890179296639
14.4,854.2855425923555
14.6,854.8673166283664
14.8,855.4345298884468
15.0,855.9873695982777
15.2,856.5260203660407
15.4,857.0506641826887
15.6,857.561480415415
15.8,858.0586457948039
16.0,858.5423343961332
16.2,859.0127176152868
16.4,859.4699641397187
16.6,859.9142399149065
16.8,860.345708106708
17.0,860.7645290600319
17.2,861.1708602542147
17.4,861.5648562554846
17.6,861.9466686668806
17.8,862.3164460759771
18.0,862.674334000758
18.2,863.0204748339595
18.4,863.3550077861966
18.6,863.6780688281658
18.8,863.9897906322061
19.0,864.2903025134854
19.2,864.5797303710608
19.4,864.8581966290542
19.6,865.1258201781604
19.8,865.3827163177003
20.0,865.6289966984109
20.2,865.8647692661546
20.4,866.0901382067136
20.6,866.3052038918266
20.8,866.5100628266076
21.0,866.7048075984804
21.2,866.8895268277471
21.4,867.0643051198982
21.6,867.2292230197671
21.8,867.3843569676136
22.0,867.5297792572202
22.2,867.6655579960725
22.4,867.7917570676867
22.6,867.9084360961435
22.8,868.0156504128771
23.0,868.1134510257659
23.2,868.201884590561
23.4,868.2809933846901
23.6,868.3508152834629
23.8,868.4113837387065
24.0,868.4627277598497
24.2,868.5048718974766
24.4,868.5378362293638
24.6,868.5616363490144
24.8,868.5762833566997
25.0,868.5817838530157
25.2,868.5781399349605
25.4,868.5653491945375
25.6,868.543404719886
25.8,868.5122950989398
26.0,868.4720044256122
26.2,868.4225123085043
26.4,868.3637938821303
26.6,868.2958198206522
26.8,868.218556354116
27.0,868.1319652871714
27.2,868.036004020265
27.4,867.9306255732827
27.6,867.8157786116228
27.8,867.6914074746686
28.0,867.557452206632
28.2,867.4138485897288
28.4,867.2605281796457
28.6,867.0974183432495
28.8,866.9244422984824
29.0,866.741519156384
29.2,866.5485639651661
29.4,866.3454877562649
29.6,866.1321975922822
29.8,865.9085966167161
30.0,865.6745841053792
30.2,865.4300555193795
30.4,865.1749025595409
30.6,864.9090132221166
30.8,864.6322718556459
31.0,864.3445592187844
31.2,864.0457525389315
31.4,863.7357255714571
31.6,863.4143486593229
31.8,863.081488792876
32.0,862.7370096695767
32.2,862.3807717534095
32.4,862.0126323337118
32.6,861.6324455831378
32.8,861.2400626144603
33.0,860.8353315359013
33.2,860.4180975046634
33.4,859.9882027783191
33.6,859.5454867637068
33.8,859.0897860629573
34.0,858.6209345162717
34.2,858.1387632410487
34.4,857.6431006669492
34.6,857.1337725664742
34.8,856.6106020806124
35.0,856.0734097391042
35.2,855.5220134748561
35.4,854.9562286320172
35.6,854.3758679672234
35.8,853.7807416434891
36.0,853.1706572162162
36.2,852.5454196107619
36.4,851.904831090993
36.6,851.2486912182225
36.8,850.5767967998979
37.0,849.8889418273806
37.2,849.1849174021144
37.4,848.4645116494421
37.6,847.7275096192797
37.8,846.9736931728029
38.0,846.2028408542392
38.2,845.4147277467891
38.4,844.6091253116244
38.6,843.7858012088217
38.8,842.9445190990001
39.0,842.0850384243254
39.2,841.2071141674364
39.4,840.3104965867276
39.6,839.394930926301
39.8,838.4601570987717
40.0,837.5059093389772
40.2,836.5319158265114
40.4,835.5378982748728
40.6,834.5235714848907
40.8,833.488642859985
41.0,832.4328118807052
41.2,831.3557695359232
41.4,830.2571977079907
41.6,829.1367685091539
41.8,827.9941435665229
42.0,826.8289732529555
42.2,825.6408958613162
42.4,824.42953671974
42.6,823.1945072457527
42.8,821.9354039374003
43.0,820.6518072999094
43.2,819.3432807068541
43.4,818.0093691953437
43.6,816.649598195359
43.8,815.2634721940817
44.0,813.8504733368484
44.2,812.4100599672413
44.4,810.9416651097764
44.6,809.4446948996781
44.8,807.9185269653088
45.0,806.3625087699568
45.2,804.7759559208484
45.4,803.1581504544405
45.6,801.5083391082196
45.8,799.8257315904067
46.0,798.1094988600728
46.2,796.3587714312257
46.4,794.5726377153829
46.6,792.7501424179906
46.8,790.890285004755
47.0,788.992018254495
47.2,787.0542469154851
47.4,785.075826482428
47.6,783.0555621111264
47.8,780.9922076876508
48.0,778.8844650682669
48.2,776.7309835056215
48.4,774.5303592756662
48.6,772.2811355185519
48.8,769.9818023052317
49.0,767.6307969398174
49.2,765.2265045058241
49.4,762.7672586623667
49.6,760.2513426941456
49.8,757.6769908167191
50.0,755.0423897361328
