0.0,819.8644714180243
0.2,821.7507025512342
0.4,823.592366434094
0.6,825.3895822866535
0.8,827.1425018388487
1.0,828.8513105880425
1.2,830.5162288362734
1.4,832.1375125018898
1.6,833.7154537021712
1.8,835.2503811054812
2.0,836.7426600534153
2.2,838.1926924553054
2.4,839.6009164592741
2.6,840.967805905808
2.8,842.2938695714867
3.0,843.579650212084
3.2,844.8257234157011
3.4,846.0326962779113
3.6,847.2012059120643
3.8,848.3319178089167
4.0,849.4255240606076
4.2,850.4827414646913
4.4,851.5043095244565
4.6,852.4909883621141
4.8,853.4435565616212
5.0,854.3628089579254
5.2,855.2495543892763
5.4,856.1046134289617
5.6,856.9288161123874
5.8,857.7229996748607
6.0,858.4880063147406
6.2,859.2246809958265
6.4,859.9338693019636
6.6,860.6164153558605
6.8,861.2731598130803
7.0,861.904937941059
7.2,862.5125777918728
7.4,863.0968984763098
7.6,863.6587085456251
7.8,864.1988044861882
8.0,864.7179693310611
8.2,865.216971391423
8.4,865.6965631096451
8.6,866.1574800347697
8.8,866.6004399201512
9.0,867.0261419420673
9.2,867.4352660372472
9.4,867.8284723564589
9.6,868.2064008305774
9.8,868.569670844912
10.0,868.9188810170066
10.2,869.2546090726515
10.4,869.577411814438
10.6,869.8878251768687
10.8,870.1863643617954
11.0,870.4735240477845
11.2,870.7497786669073
11.4,871.0155827424273
11.6,871.2713712808786
11.8,871.5175602121155
12.0,871.7545468710557
12.2,871.9827105150101
12.4,872.202412870728
12.6,872.4139987055286
12.8,872.617796417189
13.0,872.8141186375551
13.2,873.0032628451803
13.4,873.1855119826276
13.6,873.3611350744266
13.8,873.5303878420278
14.0,873.6935133124498
14.2,873.8507424176645
14.4,874.0022945821124
14.6,874.1483782960689
14.8,874.2891916729076
15.0,874.4249229886133
15.2,874.5557512021884
15.4,874.6818464558713
15.6,874.8033705543404
15.8,874.9204774223151
16.0,875.033313540183
16.2,875.1420183574763
16.4,875.2467246842054
16.6,875.3475590602089
16.8,875.4446421028254
17.0,875.5380888333096
17.2,875.6280089825257
17.4,875.7145072765298
17.6,875.7976837027389
17.8,875.8776337574288
18.0,875.9544486753582
18.2,876.0282156423451
18.4,876.0990179916433
18.6,876.1669353849792
18.8,876.2320439791129
19.0,876.2944165787819
19.2,876.3541227768741
19.4,876.411229082659
19.6,876.4657990388855
19.8,876.5178933285252
20.0,876.5675698719145
20.2,876.6148839150119
20.4,876.6598881094554
20.6,876.7026325850707
20.8,876.7431650154398
21.0,876.7815306771084
21.2,876.8177725029694
21.4,876.8519311303263
21.6,876.8840449441032
21.8,876.9141501156334
22.0,876.9422806374271
22.2,876.9684683542812
22.4,876.9927429910704
22.6,877.0151321775212
22.8,877.0356614702496
23.0,877.0543543723097
23.2,877.0712323504821
23.4,877.0863148504988
23.6,877.0996193103879
23.8,877.1111611720919
24.0,877.120953891499
24.2,877.1290089470045
24.4,877.1353358467035
24.6,877.139942134296
24.8,877.142833393774
25.0,877.1440132529381
25.2,877.1434833857817
25.4,877.141243513761
25.6,877.1372914059581
25.8,877.1316228781267
26.0,877.1242317905968
26.2,877.1151100449997
26.4,877.1042475797572
26.6,877.0916323642664
26.8,877.077250391691
27.0,877.061085670256
27.2,877.0431202129216
27.4,877.0233340252951
27.6,877.0017050916181
27.8,876.9782093586447
28.0,876.9528207172032
28.2,876.92551098121
28.4,876.8962498638787
28.6,876.8650049508408
28.8,876.8317416698619
29.0,876.7964232568136
29.2,876.7590107175231
29.4,876.7194627850943
29.6,876.6777358722574
29.8,876.6337840182691
30.0,876.5875588298493
30.2,876.5390094156048
30.4,876.4880823133495
30.6,876.4347214096973
30.8,876.3788678512633
31.0,876.3204599467774
31.2,876.2594330593723
31.4,876.1957194882841
31.6,876.129248339165
31.8,876.059945382187
32.0,875.9877328970888
32.2,875.9125295043019
32.4,875.834249981282
32.6,875.7528050631614
32.8,875.6681012268484
33.0,875.5800404577046
33.2,875.4885199979599
33.4,875.3934320760525
33.6,875.2946636161306
33.8,875.1920959270108
34.0,875.0856043699627
34.2,874.9750580047768
34.4,874.8603192136824
34.6,874.7412433028026
34.8,874.6176780809787
35.0,874.4894634159566
35.2,874.3564307681073
35.4,874.2184027020571
35.6,874.0751923768235
35.8,873.9266030152886
36.0,873.7724273541114
36.2,873.6124470754482
36.4,873.4464322221553
36.6,873.2741405984552
36.8,873.095317158377
37.0,872.9096933846207
37.2,872.7169866608422
37.4,872.5168996407139
37.6,872.3091196174753
37.8,872.0933178980432
38.0,871.8691491861122
38.2,871.6362509790149
38.4,871.3942429834531
38.6,871.142726555515
38.8,870.8812841706927
39.0,870.6094789298694
39.2,870.3268541074754
39.4,870.0329327481938
39.6,869.7272173187398
39.8,869.4091894213217
40.0,869.0783095754223
40.2,868.734017074507
40.4,868.375729924166
40.6,868.0028448680238
40.8,867.6147375075061
41.0,867.2107625212271
41.2,866.7902539893558
41.4,866.3525258278314
41.6,865.8968723367302
41.8,865.4225688664319
42.0,864.9288726045032
42.2,864.4150234854044
42.4,863.8802452242439
42.6,863.3237464748497
42.8,862.7447221114155
43.0,862.1423546319065
43.2,861.5158156802972
43.4,860.8642676835581
43.6,860.1868655981337
43.8,859.4827587594586
44.0,858.7510928268698
44.2,857.9910118150884
44.4,857.2016602022942
44.6,856.3821851036945
44.8,855.5317384984364
45.0,854.649479496715
45.2,853.7345766330267
45.4,852.7862101707036
45.6,851.8035744021695
45.8,850.7858799287764
46.0,849.7323559036471
46.2,848.6422522206457
46.4,847.5148416324594
46.6,846.3494217807929
46.8,845.1453171218611
47.0,843.9018807307194
47.2,842.6184959685017
47.4,841.2945779973285
47.6,839.9295751285161
47.8,838.5229699907486
48.0,837.0742805060556
48.2,835.583060662777
48.4,834.04890107616
48.6,832.4714293288304
48.8,830.8503100850749
49.0,829.185244974665
49.2,827.4759722438163
49.4,825.7222661727938
49.6,823.9239362616253
49.8,822.08082618735
50.0,820.1928125381795
