0.0,838.715979653695
0.2,840.8368110113879
0.4,842.8247114743943
0.6,844.6782130032385
0.8,846.3981570434698
1.0,847.987553972522
1.2,849.4513504163833
1.4,850.7961242452578
1.6,852.0297309664302
1.8,853.1609267948893
2.0,854.1989929305845
2.2,855.1533827980859
2.4,856.0334097012307
2.6,856.8479871190779
2.8,857.6054283530051
3.0,858.313307004746
3.2,858.9783752790314
3.4,859.606533663383
3.6,860.2028432762492
3.8,860.7715710756561
4.0,861.3162580459581
4.2,861.8398012130722
4.4,862.3445416254905
4.6,862.8323520279056
4.8,863.3047196256216
5.0,863.7628209186822
5.2,864.2075869579244
5.4,864.6397584777022
5.6,865.0599311740784
5.8,865.4685919392604
6.0,865.8661471712657
6.2,866.2529444013354
6.4,866.6292884714469
6.6,866.995453397151
6.8,867.351690905672
7.0,867.6982364753769
7.2,868.0353135408387
7.4,868.3631363804457
7.6,868.6819120772798
7.8,868.9918418407472
8.0,869.2931218952701
8.2,869.5859440806595
8.4,869.8704962633025
8.6,870.1469626247045
8.8,870.4155238711419
9.0,870.6763573926509
9.2,870.9296373892348
9.4,871.1755349754241
9.6,871.414218270028
9.8,871.6458524752301
10.0,871.8705999475425
10.2,872.0886202621483
10.4,872.3000702715899
10.6,872.5051041594322
10.8,872.7038734893447
11.0,872.8965272499528
11.2,873.083211895746
11.4,873.2640713843163
11.6,873.4392472101746
11.8,873.608878435393
12.0,873.7731017173113
12.2,873.9320513335424
12.4,874.0858592045056
12.6,874.2346549137104
12.8,874.378565726008
13.0,874.5177166040152
13.2,874.6522302229115
13.4,874.782226983798
13.6,874.9078250257945
13.8,875.0291402370468
14.0,875.146286264797
14.2,875.2593745246654
14.4,875.3685142092795
14.6,875.473812296371
14.8,875.5753735564577
15.0,875.6733005602098
15.2,875.7676936855939
15.4,875.8586511248775
15.6,875.9462688915642
15.8,876.030640827325
16.0,876.11185860898
16.2,876.1900117555745
16.4,876.2651876355918
16.6,876.3374714743296
16.8,876.4069463614677
17.0,876.4736932588426
17.2,876.5377910084434
17.4,876.5993163406341
17.6,876.6583438826033
17.8,876.7149461670422
18.0,876.7691936410408
18.2,876.8211546751936
18.4,876.8708955729
18.6,876.9184805798451
18.8,876.9639718936397
19.0,877.0074296735993
19.2,877.0489120506393
19.4,877.0884751372599
19.6,877.1261730375976
19.8,877.1620578575131
20.0,877.1961797146903
20.2,877.2285867487145
20.4,877.2593251311052
20.6,877.2884390752693
20.8,877.3159708463495
21.0,877.3419607709372
21.2,877.3664472466203
21.4,877.3894667513377
21.6,877.4110538525149
21.8,877.4312412159492
22.0,877.4500596144227
22.2,877.4675379360147
22.4,877.4837031920893
22.6,877.4985805249358
22.8,877.5121932150399
23.0,877.524562687962
23.2,877.5357085208075
23.4,877.5456484482663
23.6,877.5543983682077
23.8,877.5619723468142
24.0,877.5683826232406
24.2,877.5736396137852
24.4,877.577751915565
24.6,877.5807263096831
24.8,877.5825677638828
25.0,877.5832794346818
25.2,877.5828626689836
25.4,877.5813170051623
25.6,877.5786401736227
25.8,877.5748280968334
26.0,877.56987488884
26.2,877.5637728542599
26.4,877.5565124867663
26.6,877.5480824670685
26.8,877.5384696603999
27.0,877.5276591135233
27.2,877.5156340512668
27.4,877.5023758726053
27.6,877.4878641463021
27.8,877.4720766061298
28.0,877.4549891456882
28.2,877.4365758128384
28.4,877.4168088037768
28.6,877.3956584567692
28.8,877.3730932455697
29.0,877.3490797725502
29.2,877.3235827615626
29.4,877.2965650505648
29.6,877.2679875840336
29.8,877.2378094051949
30.0,877.2059876480967
30.2,877.1724775295573
30.4,877.1372323410128
30.6,877.100203440295
30.8,877.0613402433681
31.0,877.0205902160513
31.2,876.9778988657544
31.4,876.933209733254
31.6,876.8864643845347
31.8,876.837602402719
32.0,876.786561380109
32.2,876.7332769103605
32.4,876.6776825808062
32.6,876.6197099649443
32.8,876.5592886151051
33.0,876.4963460553039
33.2,876.4308077742863
33.4,876.3625972187662
33.6,876.2916357868513
33.8,876.2178428216516
34.0,876.1411356050503
34.2,876.0614293516207
34.4,875.97863720266
34.6,875.8926702203032
34.8,875.8034373816781
35.0,875.7108455730462
35.2,875.6147995838726
35.4,875.5152021007522
35.6,875.4119537011144
35.8,875.3049528466158
36.0,875.194095876118
36.2,875.0792769981384
36.4,874.9603882826506
36.6,874.8373196520931
36.8,874.7099588714426
37.0,874.5781915371837
37.2,874.4419010650045
37.4,874.3009686760271
37.6,874.1552733813764
37.8,874.0046919648714
38.0,873.8490989636174
38.2,873.6883666462629
38.4,873.5223649886769
38.6,873.3509616467909
38.8,873.1740219263452
39.0,872.9914087492677
39.2,872.802982616411
39.4,872.6086015663669
39.6,872.408121130074
39.8,872.2013942809219
40.0,871.9882713800487
40.2,871.7686001164965
40.4,871.5422254418424
40.6,871.3089894988206
40.8,871.0687315432691
41.0,870.8212878584087
41.2,870.5664916598759
41.4,870.3041729889467
41.6,870.0341585897279
41.8,869.7562717633755
42.0,869.4703321880505
42.2,869.176155686493
42.4,868.8735539126106
42.6,868.5623339127504
42.8,868.2422974942335
43.0,867.9132403007026
43.2,867.5749504477359
43.4,867.2272065096686
43.6,866.8697745662836
43.8,866.5024039134142
44.0,866.1248209135596
44.2,865.7367203133535
44.4,865.3377531906705
44.6,864.9275105280979
44.8,864.5055012622867
45.0,864.0711235602503
45.2,863.6236280634321
45.4,863.1620719656042
45.6,862.6852631031124
45.8,862.1916937853816
46.0,861.6794649187906
46.2,861.1462020946163
46.4,860.5889667037853
46.6,860.0041667435116
46.8,859.3874736750638
47.0,858.7337533031663
47.2,858.0370199520561
47.4,857.2904239560899
47.6,856.4862824072931
47.8,855.6161619883421
48.0,854.671020427396
48.2,853.6414096232179
48.4,852.5177389417521
48.6,851.2905918838618
48.8,849.9510837319923
49.0,848.491242485567
49.2,846.9043910324186
49.4,845.185505691807
49.6,843.3315255016118
49.8,841.3415882048357
50.0,839.2171728517491
