0.0,856.4244702111791
0.2,857.0898005188463
0.4,857.7395186935397
0.6,858.3738425976893
0.8,858.992990287008
1.0,859.5971799811842
1.2,860.1866300322392
1.4,860.7615588905326
1.6,861.3221850684121
1.8,861.8687271015133
2.0,862.40140350772
2.2,862.9204327438151
2.4,863.4260331598538
2.6,863.9184229513048
2.8,864.3978201090138
3.0,864.8644423670521
3.2,865.3185071485246
3.4,865.7602315094164
3.6,866.1898320805686
3.8,866.6075250078825
4.0,867.0135258908541
4.2,867.4080497195556
4.4,867.7913108101777
4.6,868.1635227392641
4.8,868.5248982767631
5.0,868.8756493180373
5.2,869.2159868149681
5.4,869.5461207063021
5.6,869.8662598473866
5.8,870.176611939445
6.0,870.4773834585457
6.2,870.7687795844176
6.4,871.0510041292719
6.6,871.3242594667809
6.8,871.5887464613774
7.0,871.8446643980217
7.2,872.0922109125987
7.4,872.3315819230921
7.6,872.5629715616882
7.8,872.7865721079559
8.0,873.0025739232476
8.2,873.2111653864605
8.4,873.4125328312932
8.6,873.6068604851298
8.8,873.7943304096772
9.0,873.9751224434741
9.2,874.1494141463883
9.4,874.3173807462069
9.6,874.4791950874255
9.8,874.6350275823245
10.0,874.7850461644252
10.2,874.9294162444037
10.4,875.0683006685335
10.6,875.2018596797245
10.8,875.3302508812121
11.0,875.45362920295
11.2,875.5721468707421
11.4,875.6859533781524
11.6,875.7951954612145
11.8,875.9000170759604
12.0,876.0005593787762
12.2,876.096960709588
12.4,876.1893565778726
12.6,876.2778796514774
12.8,876.3626597482324
13.0,876.4438238303233
13.2,876.521496001392
13.4,876.5957975063254
13.6,876.6668467336809
13.8,876.7347592206966
14.0,876.7996476608265
14.2,876.8616219137355
14.4,876.9207890176797
14.6,876.9772532042011
14.8,877.0311159150523
15.0,877.0824758212668
15.2,877.1314288442883
15.4,877.178068179062
15.6,877.2224843189946
15.8,877.2647650826824
16.0,877.3049956423075
16.2,877.3432585535936
16.4,877.3796337872201
16.6,877.4141987615817
16.8,877.4470283767878
17.0,877.4781950497876
17.2,877.5077687505133
17.4,877.5358170389254
17.6,877.5624051028525
17.8,877.5875957965086
18.0,877.611449679582
18.2,877.63402505678
18.4,877.6553780177223
18.6,877.6755624770731
18.8,877.6946302148041
19.0,877.7126309164839
19.2,877.7296122134878
19.4,877.7456197230258
19.6,877.7606970878907
19.8,877.7748860158254
20.0,877.7882263184167
20.2,877.8007559494218
20.4,877.8125110424355
20.6,877.8235259478139
20.8,877.8338332687689
21.0,877.843463896551
21.2,877.852447044644
21.4,877.8608102818959
21.6,877.8685795645132
21.8,877.8757792668528
22.0,877.8824322109425
22.2,877.8885596946736
22.4,877.8941815186022
22.6,877.899316011308
22.8,877.9039800532586
23.0,877.9081890991307
23.2,877.9119571985464
23.4,877.9152970151805
23.6,877.918219844207
23.8,877.9207356280463
24.0,877.9228529703872
24.2,877.9245791484561
24.4,877.92592012351
24.6,877.9268805495377
24.8,877.9274637801501
25.0,877.9276718736508
25.2,877.927505596277
25.4,877.9269644236089
25.6,877.926046540143
25.8,877.924748837036
26.0,877.9230669080237
26.2,877.9209950435244
26.4,877.9185262229428
26.6,877.9156521051884
26.8,877.9123630174329
27.0,877.9086479421265
27.2,877.9044945023072
27.4,877.8998889452279
27.6,877.8948161243422
27.8,877.8892594796844
28.0,877.8832010166868
28.2,877.8766212834815
28.4,877.8694993467336
28.6,877.8618127660613
28.8,877.8535375670981
29.0,877.8446482132566
29.2,877.8351175762584
29.4,877.8249169054959
29.6,877.8140157962962
29.8,877.8023821571612
30.0,877.7899821760584
30.2,877.7767802858452
30.4,877.7627391289062
30.6,877.7478195210914
30.8,877.7319804150427
31.0,877.715178863001
31.2,877.6973699791871
31.4,877.678506901852
31.6,877.6585407550983
31.8,877.637420610571
32.0,877.6150934491205
32.2,877.5915041225459
32.4,877.5665953155212
32.6,877.5403075078159
32.8,877.5125789369158
33.0,877.4833455611575
33.2,877.4525410234851
33.4,877.4200966159422
33.6,877.3859412450097
33.8,877.3500013979032
34.0,877.3122011099376
34.2,877.2724619330742
34.4,877.2307029057564
34.6,877.1868405241454
34.8,877.1407887148604
35.0,877.0924588093314
35.2,877.0417595198646
35.4,876.9885969175228
35.6,876.9328744119181
35.8,876.8744927330102
36.0,876.813349915003
36.2,876.7493412824233
36.4,876.6823594384679
36.6,876.6122942556941
36.8,876.5390328691291
37.0,876.4624596718638
37.2,876.3824563131964
37.4,876.2989016993789
37.6,876.2116719970209
37.8,876.1206406391906
38.0,876.025678334255
38.2,875.9266530774851
38.4,875.8234301654536
38.6,875.715872213239
38.8,875.6038391744446
39.0,875.4871883640353
39.2,875.3657744839834
39.4,875.2394496517088
39.6,875.1080634312927
39.8,874.9714628674323
40.0,874.8294925220966
40.2,874.6819945138416
40.4,874.5288085597217
40.6,874.3697720197431
40.8,874.204719943781
41.0,874.0334851208873
41.2,873.8558981309004
41.4,873.6717873982628
41.6,873.4809792479481
41.8,873.2832979633877
42.0,873.0785658462836
42.2,872.8666032781877
42.4,872.6472287837184
42.6,872.4202590952868
42.8,872.185509219189
43.0,871.9427925029291
43.2,871.6919207036207
43.4,871.4327040573206
43.6,871.1649513491398
43.8,870.8884699839738
44.0,870.6030660576972
44.2,870.3085444286593
44.4,870.00470878932
44.6,869.6913617378644
44.8,869.3683048496354
45.0,869.0353387482191
45.2,868.6922631760289
45.4,868.3388770642243
45.6,867.9749786018123
45.8,867.6003653037785
46.0,867.2148340780977
46.2,866.8181812914798
46.4,866.4102028337129
46.6,865.9906941804653
46.8,865.5594504544232
47.0,865.1162664846372
47.2,864.660936863965
47.4,864.1932560045033
47.6,863.7130181909064
47.8,863.2200176315044
48.0,862.7140485071337
48.2,862.1949050176091
48.4,861.6623814257732
48.6,861.1162720990671
48.8,860.5563715485791
49.0,859.9824744655361
49.2,859.3943757552145
49.4,858.7918705682551
49.6,858.174754329381
49.8,857.5428227635239
50.0,856.8958719193777
