0.0,800.8912662044931
0.2,802.905187144369
0.4,804.8797212797764
0.6,806.8152403807313
0.8,808.7121195574255
1.0,810.5707374024552
1.2,812.3914761179983
1.4,814.1747216273739
1.6,815.920863670488
1.8,817.6302958827366
2.0,819.3034158570057
2.2,820.9406251884795
2.4,822.5423295020403
2.6,824.1089384621124
2.8,825.6408657648798
3.0,827.1385291128736
3.2,828.6023501720007
3.4,830.032754511154
3.6,831.4301715246124
3.8,832.7950343375076
4.0,834.1277796947012
4.2,835.4288478334754
4.4,836.6986823405043
4.6,837.9377299936297
4.8,839.1464405890184
5.0,840.3252667543348
5.2,841.4746637486021
5.4,842.5950892494766
5.6,843.6870031287002
5.8,844.7508672165255
6.0,845.7871450559497
6.2,846.7963016476143
6.4,847.7788031862557
6.6,848.7351167896103
6.8,849.665710220692
7.0,850.5710516043728
7.2,851.4516091392032
7.4,852.3078508054117
7.6,853.1402440700194
7.8,853.9492555900055
8.0,854.7353509144417
8.2,855.4989941865101
8.4,856.2406478462901
8.6,856.9607723351936
8.8,857.6598258028905
9.0,858.3382638175498
9.2,858.9965390801862
9.4,859.6351011438715
9.6,860.2543961385361
9.8,860.854866502048
10.0,861.4369507182167
10.2,862.0010830623316
10.4,862.5476933547999
10.6,863.0772067234042
10.8,863.5900433746629
11.0,864.0866183747202
11.2,864.5673414401562
11.4,865.0326167390577
11.6,865.482842702645
11.8,865.9184118477016
12.0,866.3397106100145
12.2,866.7471191889819
12.4,867.1410114035003
12.6,867.52175455921
12.8,867.8897093271196
13.0,868.2452296336048
13.2,868.5886625617283
13.4,868.9203482637906
13.6,869.2406198849915
13.8,869.5498034980371
14.0,869.8482180485064
14.2,870.1361753107498
14.4,870.4139798540718
14.6,870.6819290189195
14.8,870.940312902771
15.0,871.1894143554052
15.2,871.4295089832009
15.4,871.6608651621056
15.6,871.8837440588924
15.8,872.0983996603115
16.0,872.3050788097307
16.2,872.504021250846
16.4,872.6954596780408
16.6,872.8796197929613
16.8,873.0567203668714
17.0,873.2269733083524
17.2,873.3905837359035
17.4,873.547750055009
17.6,873.6986640392311
17.8,873.843510914897
18.0,873.9824694489514
18.2,874.1157120395502
18.4,874.2434048089797
18.6,874.3657076984941
18.8,874.4827745646706
19.0,874.5947532768938
19.2,874.7017858155906
19.4,874.8040083708465
19.6,874.9015514410501
19.8,874.994539931218
20.0,875.0830932506723
20.2,875.167325409751
20.4,875.247345115245
20.6,875.3232558642726
20.8,875.3951560363082
21.0,875.4631389831063
21.2,875.5272931162629
21.4,875.5877019921809
21.6,875.6444443942104
21.8,875.6975944117545
22.0,875.7472215161412
22.2,875.793390633074
22.4,875.8361622114876
22.6,875.8755922886481
22.8,875.9117325513462
23.0,875.9446303930476
23.2,875.9743289668725
23.4,876.0008672342884
23.6,876.0242800094146
23.8,876.0445979988399
24.0,876.061847836875
24.2,876.0760521161627
24.4,876.0872294135843
24.6,876.095394311408
24.8,876.1005574136361
25.0,876.1027253575156
25.2,876.1019008201876
25.4,876.0980825204605
25.6,876.0912652156992
25.8,876.081439693835
26.0,876.0685927605058
26.2,876.0527072213507
26.4,876.0337618594881
26.6,876.0117314082194
26.8,875.9865865190064
27.0,875.9582937247859
27.2,875.9268153986865
27.4,875.8921097082341
27.6,875.854130565133
27.8,875.8128275707255
28.0,875.7681459572441
28.2,875.7200265249788
28.4,875.6684055754969
28.6,875.6132148410626
28.8,875.5543814104163
29.0,875.4918276510875
29.2,875.4254711284244
29.4,875.3552245215404
29.6,875.280995536389
29.8,875.2026868161912
30.0,875.1201958494543
30.2,875.0334148758348
30.4,874.9422307901117
30.6,874.8465250445479
30.8,874.7461735499362
31.0,874.6410465756343
31.2,874.5310086489117
31.4,874.4159184539408
31.6,874.2956287307796
31.8,874.1699861747056
32.0,874.0388313362705
32.2,873.9019985224627
32.4,873.7593156993651
32.6,873.6106043967183
32.8,873.4556796147982
33.0,873.2943497340308
33.2,873.1264164277725
33.4,872.9516745786918
33.6,872.7699121991897
33.8,872.5809103563048
34.0,872.3844431015477
34.2,872.1802774061101
34.4,871.9681731018945
34.6,871.7478828288068
34.8,871.5191519887518
35.0,871.2817187067601
35.2,871.0353137996742
35.4,870.7796607528051
35.6,870.5144757049612
35.8,870.2394674422395
36.0,869.9543374009467
36.2,869.658779680006
36.4,869.3524810631815
36.6,869.0351210514285
36.8,868.7063719056566
37.0,868.365898700162
37.2,868.0133593869595
37.4,867.6484048712122
37.6,867.2706790979236
37.8,866.8798191500226
38.0,866.4754553579364
38.2,866.0572114207062
38.4,865.6247045386608
38.6,865.177545557625
38.8,864.7153391245922
39.0,864.2376838547506
39.2,863.7441725097074
39.4,863.2343921867076
39.6,862.7079245186011
39.8,862.1643458842619
40.0,861.6032276291207
40.2,861.0241362954216
40.4,860.4266338617692
40.6,859.8102779914885
40.8,859.1746222892696
41.0,858.5192165655312
41.2,857.843607107891
41.4,857.1473369590891
41.6,856.429946200672
41.8,855.6909722417091
42.0,854.929950111774
42.2,854.146412757394
42.4,853.3398913411386
42.6,852.5099155424904
42.8,851.6560138596205
43.0,850.7777139111657
43.2,849.8745427370895
43.4,848.9460270976957
43.6,847.9916937698523
43.8,847.0110698394786
44.0,846.0036829893445
44.2,844.9690617812371
44.4,843.9067359315525
44.6,842.8162365793837
44.8,841.6970965461915
45.0,840.548850586162
45.2,839.3710356263821
45.4,838.1631909959896
45.6,836.9248586434887
45.8,835.6555833414589
46.0,834.3549128779227
46.2,833.022398233689
46.4,831.6575937450268
46.6,830.2600572510884
46.8,828.8293502255456
47.0,827.3650378919671
47.2,825.8666893225242
47.4,824.3338775196763
47.6,822.766179480553
47.8,821.1631762438179
48.0,819.5244529188714
48.2,817.8495986973141
48.4,816.1382068466739
48.6,814.3898746864631
48.8,812.6042035467117
49.0,810.7807987091913
49.2,808.9192693316204
49.4,807.0192283552079
49.6,805.0802923959689
49.8,803.1020816203065
50.0,801.0842196054308
