0.0,775.2209220011466
0.2,777.2524371440043
0.4,779.2502775292928
0.6,781.215545197579
0.8,783.1492829013999
1.0,785.0524729067254
1.2,786.9260362245196
1.4,788.770832270966
1.6,790.5876589502024
1.8,792.3772531488705
2.0,794.1402916274475
2.2,795.8773922892897
2.4,797.589115804617
2.6,799.2759675633615
2.8,800.938399927925
3.0,802.5768147544811
3.2,804.1915661495325
3.4,805.7829634270167
3.6,807.3512742303358
3.8,808.896727783278
4.0,810.4195182338818
4.2,811.9198080558397
4.4,813.3977314730383
4.6,814.8533978742331
4.8,816.2868951866235
5.0,817.6982931791943
5.2,819.0876466690563
5.4,820.4549986066186
5.6,821.8003830181943
5.8,823.1238277875345
6.0,824.4253572607498
6.2,825.7049946620643
6.4,826.9627643108081
6.6,828.1986936329479
6.8,829.4128149632359
7.0,830.6051671367062
7.2,831.7757968707087
7.4,832.9247599409473
7.6,834.0521221570378
7.8,835.1579601449255
8.0,836.2423619450715
8.2,837.3054274366608
8.4,838.3472685991542
8.6,839.3680096233604
8.8,840.3677868848036
9.0,841.3467487925452
9.2,842.3050555267986
9.4,843.242878678648
9.6,844.1604008049994
9.8,845.0578149115339
10.0,845.9353238759604
10.2,846.7931398232613
10.4,847.6314834639402
10.6,848.450583405515
10.8,849.2506754466846
11.0,850.0320018627441
11.2,850.7948106899523
11.4,851.5393550156803
11.6,852.2658922803017
11.8,852.9746835959482
12.0,853.6659930864336
12.2,854.3400872518874
12.4,854.9972343609116
12.6,855.6377038724019
12.8,856.261765888564
13.0,856.8696906400987
13.2,857.4617480040292
13.4,858.0382070542117
13.6,858.5993356441875
13.8,859.1454000217127
14.0,859.6766644740321
14.2,860.1933910027435
14.4,860.6958390269248
14.6,861.1842651130671
14.8,861.6589227302654
15.0,862.1200620290577
15.2,862.5679296422784
15.4,863.0027685062907
15.6,863.424817700983
15.8,863.8343123069511
16.0,864.2314832783483
16.2,864.6165573299455
16.4,864.9897568370257
16.6,865.3512997468106
16.8,865.7013995002128
17.0,866.0402649627888
17.2,866.3681003638565
17.4,866.6851052428341
17.6,866.9914744019374
17.8,867.2873978644567
18.0,867.5730608379147
18.2,867.8486436814774
18.4,868.1143218770651
18.6,868.370266003668
18.8,868.6166417144356
19.0,868.8536097161617
19.2,869.0813257508355
19.4,869.2999405789741
19.6,869.5095999644922
19.8,869.7104446608969
20.0,869.9026103986337
20.2,870.086227873429
20.4,870.2614227355037
20.6,870.4283155795515
20.8,870.5870219353957
21.0,870.7376522592481
21.2,870.8803119255135
21.4,871.0151012190903
21.6,871.1421153281261
21.8,871.2614443371994
22.0,871.3731732208994
22.2,871.4773818377857
22.4,871.5741449247114
22.6,871.663532091496
22.8,871.7456078159411
23.0,871.8204314391785
23.2,871.8880571613471
23.4,871.9485340375933
23.6,872.0019059743918
23.8,872.0482117261843
24.0,872.0874848923339
24.2,872.1197539143957
24.4,872.1450420736996
24.6,872.163367489248
24.8,872.1747431159257
25.0,872.1791767430238
25.2,872.1766709930771
25.4,872.1672233210143
25.6,872.1508260136239
25.8,872.1274661893355
26.0,872.0971257983166
26.2,872.0597816228894
26.4,872.0154052782641
26.6,871.9639632135953
26.8,871.9054167133619
27.0,871.8397218990718
27.2,871.766829731296
27.4,871.6866860120348
27.6,871.5992313874209
27.8,871.5044013507636
28.0,871.4021262459412
28.2,871.2923312711492
28.4,871.1749364830132
28.6,871.0498568010787
28.8,870.9170020126924
29.0,870.7762767782922
29.2,870.6275806371314
29.4,870.4708080134602
29.6,870.3058482232034
29.8,870.1325854811737
30.0,869.9508989088725
30.2,869.760662542943
30.4,869.5617453443477
30.6,869.3540112083665
30.8,869.1373189755205
31.0,868.9115224435552
31.2,868.6764703806361
31.4,868.4320065399406
31.6,868.1779696758578
31.8,867.9141935620487
32.0,867.6405070116541
32.2,867.3567338999849
32.4,867.0626931900789
32.6,866.7581989615624
32.8,866.4430604433124
33.0,866.1170820504864
33.2,865.7800634265456
33.4,865.4317994909853
33.6,865.0720804935522
33.8,864.7006920758204
34.0,864.3174153410786
34.2,863.922026933573
34.4,863.5142991282331
34.6,863.0939999321038
34.8,862.6608931987874
35.0,862.2147387572851
35.2,861.7552925566994
35.4,861.28230682833
35.6,860.7955302667458
35.8,860.2947082314589
36.0,859.7795829708429
36.2,859.2498938699407
36.4,858.7053777237777
36.6,858.1457690377332
36.8,857.5708003564407
37.0,856.9802026225442
37.2,856.3737055664736
37.4,855.7510381281754
37.6,855.1119289114664
37.8,854.4561066713528
38.0,853.7833008342757
38.2,853.0932420508063
38.4,852.3856627798127
38.6,851.6602979025653
38.8,850.9168853646274
39.0,850.15516684271
39.2,849.3748884329339
39.4,848.5758013561818
39.6,847.757662675397
39.8,846.9202360188439
40.0,846.0632923024809
40.2,845.1866104437077
40.4,844.2899780578841
40.6,843.3731921281563
40.8,842.4360596383084
41.0,841.4783981575897
41.2,840.5000363657794
41.4,839.5008145061473
41.6,838.4805847534884
41.8,837.4392114840555
42.0,836.3765714340245
42.2,835.2925537331016
42.4,834.1870598000601
42.6,833.0600030873736
42.8,831.9113086627242
43.0,830.7409126160011
43.2,829.5487612814958
43.4,828.3348102663306
43.6,827.09902327774
43.8,825.8413707436453
44.0,824.5618282230242
44.2,823.2603746048497
44.4,821.9369900968479
44.6,820.5916540079724
44.8,819.2243423312867
45.0,817.8350251368419
45.2,816.4236637871059
45.4,814.990207990499
45.6,813.5345927115552
45.8,812.0567349591327
46.0,810.5565304768778
46.2,809.0338503627446
46.4,807.4885376467565
46.6,805.9204038582915
46.8,804.3292256159551
47.0,802.714741274509
47.2,801.0766476643217
47.4,799.4145969593646
47.6,797.7281937098587
47.8,796.0169920752656
48.0,794.2804932924098
48.2,792.5181434120872
48.4,790.7293313356006
48.6,788.9133871802387
48.8,787.06958099984
49.0,785.197121883269
49.2,783.2951574499253
49.4,781.3627737573595
49.6,779.3989956317299
49.8,777.4027874272771
50.0,775.3730542162715
