0.0,792.9105593326975
0.2,795.0015386947515
0.4,797.053557127713
0.6,799.0670071891478
0.8,801.0422827776758
1.0,802.9797791880318
1.2,804.8798931592273
1.4,806.7430229155532
1.6,808.5695682001831
1.8,810.3599303011684
2.0,812.1145120696385
2.2,813.8337179300498
2.4,815.517953882355
2.6,817.167627495991
2.8,818.7831478956139
3.0,820.3649257385365
3.2,821.9133731838558
3.4,823.4289038532816
3.6,824.911932783709
3.8,826.3628763716067
4.0,827.7821523093166
4.2,829.1701795133904
4.4,830.5273780451125
4.6,831.8541690233885
4.8,833.1509745301976
5.0,834.418217508834
5.2,835.6563216551859
5.4,836.8657113023186
5.6,838.046811298653
5.8,839.2000468800451
6.0,840.3258435360933
6.2,841.4246268710154
6.4,842.4968224594509
6.6,843.5428556975572
6.8,844.5631516497859
7.0,845.5581348917248
7.2,846.52822934941
7.4,847.4738581355158
7.6,848.3954433828316
7.8,849.2934060754469
8.0,850.1681658780622
8.2,851.0201409638437
8.4,851.8497478412454
8.6,852.6574011802113
8.8,853.4435136381745
9.0,854.2084956862582
9.2,854.9527554360847
9.4,855.6766984675811
9.6,856.380727658171
9.8,857.0652430137243
10.0,857.730641501628
10.2,858.3773168863308
10.4,859.0056595676953
10.6,859.6160564224828
10.8,860.2088906492769
11.0,860.7845416171368
11.2,861.3433847182545
11.4,861.8857912248739
11.6,862.4121281507083
11.8,862.9227581170795
12.0,863.4180392239779
12.2,863.8983249262267
12.4,864.3639639149148
12.6,864.81530000424
12.8,865.2526720238875
13.0,865.6764137170499
13.2,866.0868536441716
13.4,866.4843150924858
13.6,866.869115991389
13.8,867.2415688336839
14.0,867.6019806026982
14.2,867.950652705272
14.4,868.287880910589
14.6,868.6139552948077
14.8,868.9291601914333
15.0,869.2337741473566
15.2,869.5280698844682
15.4,869.8123142667442
15.6,870.0867682726839
15.8,870.3516869729681
16.0,870.6073195131938
16.2,870.8539091015296
16.4,871.0916930011248
16.6,871.3209025270961
16.8,871.5417630479061
17.0,871.7544939909384
17.2,871.9593088520692
17.4,872.1564152090262
17.6,872.3460147383206
17.8,872.5283032355309
18.0,872.7034706387188
18.2,872.8717010547458
18.4,873.0331727882627
18.6,873.1880583731387
18.8,873.3365246060981
19.0,873.4787325823291
19.2,873.6148377328332
19.4,873.7449898632788
19.6,873.8693331941315
19.8,873.9880064018295
20.0,874.1011426607768
20.2,874.2088696859339
20.4,874.3113097757833
20.6,874.4085798554561
20.8,874.5007915198092
21.0,874.5880510762497
21.2,874.6704595871031
21.4,874.7481129113376
21.6,874.8211017454539
21.8,874.8895116633637
22.0,874.9534231550826
22.2,875.0129116640754
22.4,875.0680476230935
22.6,875.1188964883614
22.8,875.1655187719654
23.0,875.2079700723192
23.2,875.2463011025814
23.4,875.2805577169107
23.6,875.310780934457
23.8,875.3370069609904
24.0,875.359267208088
24.2,875.3775883097976
24.4,875.3919921367153
24.6,875.4024958074224
24.8,875.4091116972334
25.0,875.4118474442199
25.2,875.4107059524857
25.4,875.4056853926767
25.6,875.3967791997195
25.8,875.3839760677959
26.0,875.3672599425636
26.2,875.3466100106536
26.4,875.3220006864743
26.6,875.2934015963713
26.8,875.2607775601949
27.0,875.224088570343
27.2,875.1832897683526
27.4,875.138331419125
27.6,875.0891588828804
27.8,875.0357125849414
28.0,874.9779279834651
28.2,874.9157355352404
28.4,874.8490606596852
28.6,874.7778237011808
28.8,874.7019398898964
29.0,874.6213193012561
29.2,874.5358668142164
29.4,874.4454820685264
29.6,874.3500594211497
29.8,874.2494879020381
30.0,874.1436511694477
30.2,874.0324274650006
30.4,873.9156895686972
30.6,873.793304754091
30.8,873.6651347438436
31.0,873.5310356658796
31.2,873.3908580103682
31.4,873.2444465877596
31.6,873.0916404881077
31.8,872.9322730419127
32.0,872.76617178272
32.2,872.5931584117103
32.4,872.413048764519
32.6,872.2256527805199
32.8,872.0307744748088
33.0,871.8282119131209
33.2,871.6177571899102
33.4,871.3991964098207
33.6,871.1723096727702
33.8,870.9368710628656
34.0,870.6926486413604
34.2,870.4394044438603
34.4,870.1768944819753
34.6,869.9048687496049
34.8,869.6230712340403
35.0,869.3312399320495
35.2,869.029106871109
35.4,868.7163981359242
35.6,868.3928339003801
35.8,868.0581284650382
36.0,867.711990300292
36.2,867.354122095272
36.4,866.9842208125797
36.6,866.6019777489118
36.8,866.2070786016201
37.0,865.7992035412358
37.2,865.3780272899683
37.4,864.9432192061719
37.6,864.4944433747528
37.8,864.031358703472
38.0,863.5536190250808
38.2,863.0608732052025
38.4,862.55276525586
38.6,862.0289344545238
38.8,861.4890154685387
39.0,860.9326384847665
39.2,860.359429344261
39.4,859.7690096817777
39.6,859.1609970698919
39.8,858.5350051674926
40.0,857.8906438723893
40.2,857.2275194777588
40.4,856.545234832141
40.6,855.8433895026728
40.8,855.1215799412383
41.0,854.3793996531939
41.2,853.6164393683181
41.4,852.8322872136201
41.6,852.0265288876288
41.8,851.1987478357757
42.0,850.348525426476
42.2,849.4754411274998
42.4,848.5790726822254
42.6,847.6589962853551
42.8,846.7147867576747
43.0,845.7460177194315
43.2,844.7522617619101
43.4,843.7330906167781
43.6,842.6880753227849
43.8,841.6167863893947
44.0,840.518793956941
44.2,839.393667952899
44.4,838.24097824388
44.6,837.0602947829607
44.8,835.8511877519741
45.0,834.6132276984016
45.2,833.3459856665182
45.4,832.0490333224634
45.6,830.7219430729241
45.8,829.364288177137
46.0,827.9756428519387
46.2,826.5555823696093
46.4,825.1036831482852
46.6,823.6195228347327
46.8,822.1026803793059
47.0,820.5527361029303
47.2,818.9692717559898
47.4,817.3518705690115
47.6,815.7001172950775
47.8,814.0135982439206
48.0,812.2919013076835
48.2,810.5346159783583
48.4,808.7413333569457
48.6,806.9116461544041
48.8,805.045148684489
49.0,803.1414368486098
49.2,801.2001081128595
49.4,799.2207614774022
49.6,797.2029974384278
49.8,795.1464179429121
50.0,793.0506263364447
