0.0,864.0397767246872
0.2,864.6004195632393
0.4,865.1447473795082
0.6,865.6729827935242
0.8,866.1853525515029
1.0,866.6820875251082
1.2,867.1634226885598
1.4,867.6295970736084
1.6,868.0808537025265
1.8,868.517439499391
2.0,868.9396051800529
2.2,869.3476051213115
2.4,869.7416972099222
2.6,870.1221426721826
2.8,870.4892058849364
3.0,870.8431541689424
3.2,871.1842575656397
3.4,871.5127885984243
3.6,871.8290220196332
3.8,872.1332345444858
4.0,872.4257045733066
4.2,872.7067119033851
4.4,872.9765374318824
4.6,873.2354628512117
4.8,873.483770338349
5.0,873.721742239537
5.2,873.9496607518461
5.4,874.1678076030516
5.6,874.3764637312679
5.8,874.5759089657545
6.0,874.7664217102781
6.2,874.9482786303721
6.4,875.1217543457855
6.6,875.2871211293619
6.8,875.444648613523
7.0,875.5946035054681
7.2,875.7372493121277
7.4,875.8728460758327
7.6,876.0016501215814
7.8,876.1239138167039
8.0,876.2398853436362
8.2,876.3498084864342
8.4,876.4539224315629
8.6,876.5524615834144
8.8,876.6456553949159
9.0,876.7337282135044
9.2,876.816899142656
9.4,876.8953819190779
9.6,876.9693848055856
9.8,877.0391104996128
10.0,877.1047560572232
10.2,877.1665128324258
10.4,877.2245664315229
10.6,877.2790966821623
10.8,877.3302776167022
11.0,877.3782774694474
11.2,877.4232586872619
11.4,877.4653779530254
11.6,877.5047862213561
11.8,877.5416287659934
12.0,877.576045238204
12.2,877.6081697355485
12.4,877.6381308803343
12.6,877.6660519070588
12.8,877.6920507581415
13.0,877.7162401872421
13.2,877.7387278694533
13.4,877.7596165176706
13.6,877.7790040044398
13.8,877.7969834885987
14.0,877.8136435460453
14.2,877.8290683039766
14.4,877.8433375779659
14.6,877.8565270112697
14.8,877.8687082157742
15.0,877.8799489140254
15.2,877.8903130818063
15.4,877.8998610907626
15.6,877.9086498505968
15.8,877.9167329503956
16.0,877.9241607986709
16.2,877.930980761741
16.4,877.9372373000995
16.6,877.9429721024522
16.8,877.9482242171403
17.0,877.9530301806877
17.2,877.9574241432495
17.4,877.9614379907588
17.6,877.9651014636053
17.8,877.968442271696
18.0,877.9714862057855
18.2,877.9742572449728
18.4,877.9767776603
18.6,877.9790681143967
18.8,877.9811477571412
19.0,877.9830343173261
19.2,877.984744190331
19.4,877.9862925218241
19.6,877.9876932875264
19.8,877.9889593690838
20.0,877.9901026261061
20.2,877.9911339644422
20.4,877.9920634007631
20.6,877.9929001235425
20.8,877.9936525505191
21.0,877.9943283827366
21.2,877.9949346552614
21.4,877.9954777846758
21.6,877.995963613448
21.8,877.9963974512851
22.0,877.9967841135681
22.2,877.9971279569701
22.4,877.9974329123593
22.6,877.9977025150802
22.8,877.9979399327075
23.0,877.9981479903622
23.2,877.9983291936741
23.4,877.9984857494688
23.6,877.9986195842569
23.8,877.9987323605895
24.0,877.9988254913458
24.2,877.9989001520049
24.4,877.9989572909543
24.6,877.9989976378725
24.8,877.9990217102246
25.0,877.9990298178938
25.2,877.9990220659716
25.4,877.9989983557166
25.6,877.9989583836868
25.8,877.9989016390441
26.0,877.9988273990148
26.2,877.9987347224937
26.4,877.9986224417627
26.6,877.9984891522885
26.8,877.998333200564
27.0,877.9981526699411
27.2,877.9979453644028
27.4,877.9977087902133
27.6,877.9974401353788
27.8,877.9971362468467
28.0,877.9967936053641
28.2,877.9964082979142
28.4,877.9959759876401
28.6,877.9954918811685
28.8,877.9949506932343
29.0,877.9943466085126
29.2,877.9936732405572
29.4,877.9929235877444
29.6,877.9920899861248
29.8,877.9911640590806
30.0,877.9901366636905
30.2,877.9889978337101
30.4,877.9877367190718
30.6,877.98634152182
30.8,877.9847994284017
31.0,877.9830965382367
31.2,877.9812177885052
31.4,877.9791468750973
31.6,877.9768661696818
31.8,877.9743566328618
32.0,877.9715977234049
32.2,877.9685673035428
32.4,877.9652415403614
32.6,877.9615948033124
32.8,877.9575995579058
33.0,877.953226255657
33.2,877.9484432203889
33.4,877.9432165310131
33.6,877.9375099009402
33.8,877.9312845542928
34.0,877.9244990991264
34.2,877.91710939789
34.4,877.9090684353888
34.6,877.900326184538
34.8,877.8908294702358
35.0,877.8805218317036
35.2,877.8693433836836
35.4,877.857230676906
35.6,877.8441165582768
35.8,877.8299300312619
36.0,877.8145961169765
36.2,877.7980357165152
36.4,877.7801654750891
36.6,877.7608976485561
36.8,877.7401399729622
37.0,877.7177955377281
37.2,877.6937626631349
37.4,877.6679347827854
37.6,877.6402003317228
37.8,877.6104426409046
38.0,877.5785398387379
38.2,877.5443647603784
38.4,877.5077848655006
38.6,877.4686621652422
38.8,877.4268531590075
39.0,877.3822087818113
39.2,877.3345743628173
39.4,877.2837895957051
39.6,877.2296885214678
39.8,877.1720995242089
40.0,877.11084534047
40.2,877.0457430825705
40.4,876.9766042763982
40.6,876.9032349140257
40.8,876.8254355214798
41.0,876.7430012419148
41.2,876.6557219343825
41.4,876.5633822883117
41.6,876.4657619537389
41.8,876.3626356872514
42.0,876.2537735135181
42.2,876.1389409022046
42.4,876.0178989599781
42.6,875.89040463722
42.8,875.7562109489776
43.0,875.6150672095943
43.2,875.4667192803726
43.4,875.3109098295315
43.6,875.1473786036397
43.8,874.9758627096192
44.0,874.7960969063334
44.2,874.6078139046995
44.4,874.4107446751906
44.6,874.2046187615274
44.8,873.9891645992956
45.0,873.7641098381742
45.2,873.5291816664062
45.4,873.2841071361065
45.6,873.0286134879683
45.8,872.7624284739013
46.0,872.4852806761232
46.2,872.1968998212161
46.4,871.8970170876628
46.6,871.5853654053889
46.8,871.2616797458589
47.0,870.9256974013034
47.2,870.5771582516953
47.4,870.2158050181456
47.6,869.8413835014406
47.8,869.4536428045209
48.0,869.0523355377667
48.2,868.6372180060498
48.4,868.2080503765973
48.6,867.7645968268137
48.8,867.3066256713134
49.0,866.8339094675308
49.2,866.3462250993837
49.4,865.8433538385948
49.6,865.3250813833984
49.8,864.7911978744795
50.0,864.2414978881337
