0.0,784.6479025951909
0.2,786.878072326245
0.4,789.0613098068577
0.6,791.1988945768317
0.8,793.2920475398828
1.0,795.341929693295
1.2,797.3496416768202
1.4,799.3162241072689
1.6,801.2426586452974
1.8,803.1298697238673
2.0,804.9787268543382
2.2,806.7900474165037
2.4,808.5645998332573
2.6,810.3031070288989
2.8,812.0062500721147
3.0,813.6746719099251
3.2,815.3089811068879
3.4,816.9097555138796
3.6,818.4775458022419
3.8,820.0128788112768
4.0,821.5162606694081
4.2,822.9881796612538
4.4,824.4291088239412
4.6,825.8395082658973
4.8,827.2198272098459
5.0,828.5705057687269
5.2,829.8919764686796
5.4,831.1846655371841
5.6,832.4489939770278
5.8,833.685378448133
6.0,834.8942319796317
6.2,836.0759645341103
6.4,837.2309834448449
6.6,838.3596937453291
6.8,839.4624984085798
7.0,840.5397985117634
7.2,841.5919933397149
7.4,842.6194804390045
7.6,843.6226556324185
7.8,844.6019130020849
8.0,845.557644848029
8.2,846.4902416276778
8.4,847.4000918807626
8.6,848.2875821431663
8.8,849.1530968525209
9.0,849.9970182477608
9.2,850.8197262643566
9.4,851.6215984265752
9.6,852.403009737815
9.8,853.164332569841
10.0,853.9059365515706
10.2,854.6281884579265
10.4,855.3314520991829
10.6,856.0160882111479
10.8,856.6824543464795
11.0,857.3309047673849
11.2,857.9617903399261
11.4,858.5754584301257
11.6,859.1722528020531
11.8,859.7525135180512
12.0,860.3165768412508
12.2,860.8647751405109
12.4,861.3974367979068
12.6,861.9148861188817
12.8,862.4174432451665
13.0,862.9054240705598
13.2,863.3791401596538
13.4,863.8388986695805
13.6,864.2850022748422
13.8,864.7177490952815
14.0,865.1374326272361
14.2,865.5443416779136
14.4,865.9387603030134
14.6,866.3209677476113
14.8,866.6912383903144
15.0,867.0498416906848
15.2,867.397042139921
15.4,867.7330992147773
15.6,868.058267334693
15.8,868.3727958220968
16.0,868.6769288658384
16.2,868.9709054876987
16.4,869.2549595119187
16.6,869.5293195376765
16.8,869.7942089144453
17.0,870.0498457201489
17.2,870.2964427420292
17.4,870.5342074601352
17.6,870.7633420333395
17.8,870.9840432877761
18.0,871.1965027075979
18.2,871.400906427944
18.4,871.597435230003
18.6,871.7862645380552
18.8,871.9675644183778
19.0,872.1414995798903
19.2,872.308229376417
19.4,872.4679078104439
19.6,872.6206835382447
19.8,872.7666998762489
20.0,872.9060948085281
20.2,873.0390009952744
20.4,873.1655457821466
20.6,873.2858512103603
20.8,873.4000340274002
21.0,873.5082056982347
21.2,873.6104724169144
21.4,873.7069351184394
21.6,873.7976894907845
21.8,873.8828259869697
22.0,873.9624298370757
22.2,874.0365810600986
22.4,874.105354475548
22.6,874.1688197146959
22.8,874.2270412313895
23.0,874.2800783123412
23.2,874.3279850868225
23.4,874.3708105356857
23.6,874.4085984996483
23.8,874.44138768678
24.0,874.469211679134
24.2,874.4920989384781
24.4,874.5100728110804
24.6,874.5231515315129
24.8,874.5313482254458
25.0,874.5346709114062
25.2,874.5331225014891
25.4,874.5267008010044
25.6,874.5153985070646
25.8,874.4992032061094
26.0,874.4780973703834
26.2,874.4520583533794
26.4,874.4210583842741
26.6,874.3850645613852
26.8,874.3440388446852
27.0,874.2979380474186
27.2,874.2467138268679
27.4,874.1903126743264
27.6,874.1286759043389
27.8,874.0617396432782
28.0,873.989434817329
28.2,873.9116871399589
28.4,873.8284170989614
28.6,873.739539943158
28.8,873.6449656688527
29.0,873.5445990061407
29.2,873.4383394051689
29.4,873.3260810224581
29.6,873.2077127073964
29.8,873.0831179890158
30.0,872.9521750631702
30.2,872.8147567802322
30.4,872.6707306334318
30.6,872.5199587479595
30.8,872.3622978709577
31.0,872.1975993625284
31.2,872.0257091878831
31.4,871.8464679107614
31.6,871.6597106882459
31.8,871.4652672671015
32.0,871.2629619817614
32.2,871.0526137540883
32.4,870.8340360950305
32.6,870.6070371082938
32.8,870.3714194961491
33.0,870.1269805674872
33.2,869.8735122482348
33.4,869.6108010942378
33.6,869.3386283067139
33.8,869.0567697503755
34.0,868.7649959743129
34.2,868.4630722357267
34.4,868.1507585265912
34.6,867.8278096033215
34.8,867.4939750195167
35.0,867.1489991618355
35.2,866.7926212890617
35.4,866.424575574405
35.6,866.0445911510727
35.8,865.6523921611448
36.0,865.2476978077722
36.2,864.8302224107098
36.4,864.3996754651896
36.6,863.9557617041246
36.8,863.4981811636316
37.0,863.0266292518448
37.2,862.5407968209881
37.4,862.0403702426601
37.6,861.5250314862783
37.8,860.9944582006189
38.0,860.4483237983783
38.2,859.886297543672
38.4,859.3080446423781
38.6,858.7132263352212
38.8,858.1014999934835
39.0,857.4725192172173
39.2,856.8259339358249
39.4,856.1613905108567
39.6,855.4785318408664
39.8,854.7769974681469
40.0,854.0564236871493
40.2,853.3164436543659
40.4,852.5566874994252
40.6,851.7767824371075
40.8,850.9763528799374
41.0,850.1550205509329
41.2,849.3124045960014
41.4,848.4481216953394
41.6,847.5617861730269
41.8,846.6530101037844
42.0,845.7214034155706
42.2,844.7665739863335
42.4,843.7881277327489
42.6,842.7856686882077
42.8,841.7587990665733
43.0,840.7071193073631
43.2,839.630228096955
43.4,838.5277223591858
43.6,837.3991972072982
43.8,836.244245847594
44.0,835.0624594234007
44.2,833.8534267860958
44.4,832.6167341779999
44.6,831.3519648100508
44.8,830.0586983154108
45.0,828.7365100586537
45.2,827.384970279121
45.4,826.0036430465703
45.6,824.5920850075858
45.8,823.1498439025524
46.0,821.6764568355111
46.2,820.1714482830612
46.4,818.6343278337833
46.6,817.0645876564665
46.8,815.4616997037208
47.0,813.8251126672267
47.2,812.1542487116918
47.4,810.4485000262317
47.6,808.7072252439359
47.8,806.9297457922867
48.0,805.1153422482889
48.2,803.2632507819778
48.4,801.3726597797628
48.6,799.4427067442195
48.8,797.472475568908
49.0,795.4609942851647
49.2,793.4072333723327
49.4,791.3101047134692
49.6,789.1684612653814
49.8,786.9810974952217
50.0,784.7467506164003
