0.0,817.6059951879756
0.2,819.4987380036503
0.4,821.3482739842781
0.6,823.1547873714463
0.8,824.9184860102918
1.0,826.6396022948925
1.2,828.3183939684261
1.4,829.9551447741187
1.6,831.5501649541469
1.8,833.1037915947946
2.0,834.6163888173145
2.2,836.0883478150747
2.4,837.520086738686
2.6,838.9120504318864
2.8,840.2647100219988
3.0,841.578562369769
3.2,842.8541293843218
3.4,844.0919572098379
3.6,845.292615291344
3.8,846.4566953277243
4.0,847.584810120686
4.2,848.6775923289517
4.4,849.7356931374023
4.6,850.7597808512483
4.8,851.7505394255705
5.0,852.7086669407391
5.2,853.6348740342984
5.4,854.529882299889
5.6,855.3944226636819
5.8,856.2292337486111
6.0,857.035060236433
6.2,857.8126512373035
6.4,858.5627586761605
6.6,859.2861357047359
6.8,859.9835351475026
7.0,860.6557079892956
7.2,861.3034019117417
7.4,861.9273598849916
7.6,862.5283188205863
7.8,863.1070082906069
8.0,863.6641493175649
8.2,864.200453238793
8.4,864.7166206484031
8.6,865.2133404191951
8.8,865.6912888062294
9.0,866.1511286331307
9.2,866.593508561561
9.4,867.0190624437153
9.6,867.4284087571284
9.8,867.8221501205601
10.0,868.2008728892434
10.2,868.5651468273426
10.4,868.9155248550657
10.6,869.2525428675286
10.8,869.576719622157
11.0,869.8885566911497
11.2,870.1885384753105
11.4,870.4771322753802
11.6,870.7547884168686
11.8,871.0219404242927
12.0,871.2790052406776
12.2,871.5263834881584
12.4,871.7644597655382
12.6,871.9936029787087
12.8,872.2141666999172
13.0,872.4264895519642
13.2,872.6308956135478
13.4,872.827694842113
13.6,873.0171835107315
13.8,873.1996446557117
14.0,873.3753485318342
14.2,873.5445530722978
14.4,873.707504350678
14.6,873.8644370423954
14.8,874.0155748834145
15.0,874.1611311240968
15.2,874.301308976339
15.4,874.4363020523405
15.6,874.566294793533
15.8,874.6914628884042
16.0,874.8119736781317
16.2,874.9279865491163
16.4,875.0396533116738
16.6,875.1471185642994
16.8,875.2505200430647
17.0,875.3499889558458
17.2,875.4456503011987
17.4,875.5376231718207
17.6,875.6260210426298
17.8,875.7109520435954
18.0,875.7925192175256
18.2,875.8708207630965
18.4,875.9459502634644
18.6,876.0179969008589
18.8,876.0870456575946
19.0,876.153177503981
19.2,876.2164695736312
19.4,876.2769953266969
19.6,876.3348247015704
19.8,876.3900242556028
20.0,876.442657295392
20.2,876.4927839971922
20.4,876.5404615179941
20.6,876.5857440978135
20.8,876.6286831537146
21.0,876.6693273660804
21.2,876.7077227576269
21.4,876.7439127656346
21.6,876.7779383078554
21.8,876.8098378425278
22.0,876.8396474229122
22.2,876.867400746735
22.4,876.8931292009055
22.6,876.9168619018466
22.8,876.9386257317549
23.0,876.9584453710842
23.2,876.9763433275195
23.4,876.9923399616885
23.6,877.0064535098295
23.8,877.0187001036177
24.0,877.0290937873243
24.2,877.0376465324638
24.4,877.0443682500595
24.6,877.0492668006425
24.8,877.0523480020697
25.0,877.0536156352331
25.2,877.0530714477053
25.4,877.050715155354
25.6,877.0465444419277
25.8,877.040554956604
26.0,877.032740309464
26.2,877.0230920648418
26.4,877.0115997324718
26.6,876.9982507563409
26.8,876.9830305011253
27.0,876.9659222360781
27.2,876.946907116203
27.4,876.9259641605341
27.6,876.9030702273143
27.8,876.878199985845
28.0,876.8513258847541
28.2,876.8224181164068
28.4,876.791444577156
28.6,876.7583708231122
28.8,876.7231600210795
29.0,876.6857728942857
29.2,876.6461676625097
29.4,876.6042999761835
29.6,876.5601228440253
29.8,876.5135865537367
30.0,876.4646385852784
30.2,876.4132235162167
30.4,876.3592829186167
30.6,876.3027552469466
30.8,876.2435757164383
31.0,876.1816761713492
31.2,876.1169849425567
31.4,876.0494266939219
31.6,875.9789222568602
31.8,875.9053884525653
32.0,875.8287379013501
32.2,875.7488788185896
32.4,875.6657147967757
32.6,875.5791445732359
32.8,875.4890617831101
33.0,875.3953546972306
33.2,875.2979059446191
33.4,875.1965922193812
33.6,875.0912839718656
33.8,874.9818450840467
34.0,874.8681325291959
34.2,874.7499960160185
34.4,874.6272776175628
34.6,874.4998113853454
34.8,874.3674229492823
35.0,874.229929104178
35.2,874.0871373836932
35.4,873.9388456228885
35.6,873.7848415106344
35.8,873.6249021333662
36.0,873.4587935118738
36.2,873.286270133016
36.4,873.107074478466
36.6,872.9209365528076
36.8,872.7275734135155
37.0,872.5266887055641
37.2,872.3179722036219
37.4,872.1010993649866
37.6,871.8757308966093
37.8,871.6415123397423
38.0,871.3980736759047
38.2,871.1450289580142
38.4,870.8819759706624
38.6,870.6084959236136
38.8,870.3241531826908
39.0,870.0284950422588
39.2,869.721051543537
39.4,869.4013353429557
39.6,869.0688416347178
39.8,868.7230481316351
40.0,868.363415108175
40.2,867.9893855094787
40.4,867.6003851298871
40.6,867.195822864249
40.8,866.7750910349714
41.0,866.3375657974192
41.2,865.88260762586
41.4,865.4095618817164
41.6,864.9177594653848
41.8,864.4065175523635
42.0,863.8751404138551
42.2,863.3229203214139
42.4,862.749138534574
42.6,862.1530663697374
42.8,861.5339663479218
43.0,860.891093418273
43.2,860.2236962535484
43.4,859.5310186130625
43.6,858.8123007678939
43.8,858.0667809824494
44.0,857.293697045817
44.2,856.4922878456874
44.4,855.6617949770058
44.6,854.8014643769463
44.8,853.9105479772716
45.0,852.9883053646685
45.2,852.0340054392443
45.4,851.046928061021
45.6,850.0263656740043
45.8,848.9716248972129
46.0,847.8820280719517
46.2,846.7569147545988
46.4,845.5956431442513
46.6,844.3975914347456
46.8,843.1621590808342
47.0,841.8887679686586
47.2,840.576863481114
47.4,839.2259154492438
47.6,837.8354189814452
47.8,836.4048951629782
48.0,834.9338916190795
48.2,833.421982935856
48.4,831.8687709340746
48.6,830.2738847919678
48.8,828.6369810142327
49.0,826.9577432454907
49.2,825.2358819276087
49.4,823.4711338014249
49.6,821.6632612545898
49.8,819.8120515183855
50.0,817.9173157175384
