0.0,510.4958980015374
0.2,516.3280529450916
0.4,522.0876240384699
0.6,527.7746928993192
0.8,533.3893618239407
1.0,538.9317541972065
1.2,544.4020148270708
1.4,549.8003102031196
1.6,555.1268286789534
1.8,560.3817805785504
2.0,565.565398227101
2.2,570.6779359071534
2.4,575.7196697412433
2.6,580.6908975025067
2.8,585.5919383550942
3.0,590.4231325265023
3.2,595.1848409142312
3.4,599.8774446294409
3.6,604.5013444805392
3.8,609.0569603998597
4.0,613.544730816807
4.2,617.9651119810279
4.4,622.3185772393439
4.6,626.6056162703168
4.8,630.8267342804401
5.0,634.9824511660465
5.2,639.0733006450891
5.4,643.0998293629997
5.6,647.0625959768505
5.8,650.9621702220409
6.0,654.7991319657044
6.2,658.5740702509817
6.4,662.2875823362336
6.6,665.9402727331761
6.8,669.5327522478027
7.0,673.0656370278335
7.2,676.5395476202757
7.4,679.9551080425165
7.6,683.3129448701916
7.8,686.6136863448733
8.0,689.8579615044249
8.2,693.0463993386477
8.4,696.1796279726252
8.6,699.2582738799437
8.8,702.2829611277278
9.0,705.2543106552
9.2,708.1729395872263
9.4,711.0394605840787
9.6,713.8544812284035
9.8,716.618603450153
10.0,719.3324229900076
10.2,721.9965289015914
10.4,724.6115030925703
10.6,727.1779199045094
10.8,729.6963457311722
11.0,732.1673386747505
11.2,734.5914482393415
11.4,736.9692150608171
11.6,739.3011706720813
11.8,741.5878373025693
12.0,743.8297277107132
12.2,746.0273450479892
12.4,748.181182753056
12.6,750.2917244744116
12.8,752.3594440199233
13.0,754.384805331523
13.2,756.3682624833178
13.4,758.3102597013338
13.6,760.2112314030878
13.8,762.0716022551763
14.0,763.8917872470763
14.2,765.6721917793647
14.4,767.4132117645917
14.6,769.1152337390777
14.8,770.7786349839456
15.0,772.4037836537593
15.2,773.9910389111918
15.4,775.5407510662204
15.6,777.0532617184141
15.8,778.5289039009606
16.0,779.9680022251606
16.2,781.3708730242055
16.4,782.7378244951386
16.6,784.069156837999
16.8,785.3651623912324
17.0,786.626125762551
17.2,787.8523239545153
17.4,789.044026484203
17.6,790.2014954964255
17.8,791.324985870036
18.0,792.4147453169651
18.2,793.4710144737028
18.4,794.4940269850272
18.6,795.4840095798589
18.8,796.4411821391939
19.0,797.3657577561377
19.2,798.2579427881279
19.4,799.1179369014985
19.6,799.945933108589
19.8,800.7421177976563
20.0,801.5066707558968
20.2,802.2397651859222
20.4,802.9415677160735
20.6,803.6122384049878
20.8,804.2519307408614
21.0,804.860791635871
21.2,805.4389614162352
21.4,805.9865738084122
21.6,806.5037559219336
21.8,806.990628229382
22.0,807.447304544017
22.2,807.8738919955532
22.4,808.2704910045816
22.6,808.6371952561173
22.8,808.9740916727394
23.0,809.2812603877718
23.2,809.5587747189317
23.4,809.8067011428474
23.6,810.0250992708242
23.8,810.2140218262025
24.0,810.3735146236264
24.2,810.5036165505051
24.4,810.6043595509161
24.6,810.6757686121639
24.8,810.7178617541671
25.0,810.7306500218144
25.2,810.7141374803865
25.4,810.6683212141019
25.6,810.5931913278088
25.8,810.4887309517992
26.0,810.3549162496874
26.2,810.1917164292511
26.4,809.9990937560968
26.6,809.7770035699747
26.8,809.5253943035251
27.0,809.2442075032106
27.2,808.9333778521449
27.4,808.5928331945062
27.6,808.2224945611819
27.8,807.8222761962704
28.0,807.392085584036
28.2,806.9318234758853
28.4,806.4413839169223
28.6,805.92065427161
28.8,805.3695152480562
29.0,804.7878409204325
29.2,804.17549874902
29.4,803.532349597379
29.6,802.858247746133
29.8,802.1530409028658
30.0,801.4165702076365
30.2,800.6486702336305
30.4,799.8491689824823
30.6,799.0178878738284
30.8,798.1546417286729
31.0,797.2592387461858
31.2,796.3314804735837
31.4,795.3711617687918
31.6,794.3780707556265
31.8,793.3519887712936
32.0,792.292690306053
32.2,791.1999429349603
32.4,790.0735072416624
32.6,788.9131367342967
32.8,787.718577753612
33.0,786.4895693735148
33.2,785.2258432943182
33.4,783.9271237290628
33.6,782.5931272833598
33.8,781.2235628293013
34.0,779.8181313740705
34.2,778.3765259239802
34.4,776.8984313447564
34.6,775.3835242189836
34.8,773.8314727017138
35.0,772.2419363753398
35.2,770.6145661049138
35.4,768.9490038951861
35.6,767.2448827507178
35.8,765.5018265404996
36.0,763.7194498685827
36.2,761.897357952295
36.4,760.0351465096741
36.6,758.1324016578066
36.8,756.1886998237993
37.0,754.2036076701537
37.2,752.1766820363314
37.4,750.1074698983175
37.6,747.9955083479961
37.8,745.8403245941381
38.0,743.6414359867861
38.2,741.3983500667871
38.4,739.1105646421789
38.6,736.7775678930775
38.8,734.3988385066375
39.0,731.973845843576
39.2,729.5020501376457
39.4,726.9829027293329
39.6,724.4158463349253
39.8,721.8003153519578
40.0,719.135736201888
40.2,716.421527710688
40.4,713.6571015278632
40.6,710.8418625842178
40.8,707.9752095884886
41.0,705.0565355627624
41.2,702.0852284163725
41.4,699.0606715577507
41.6,695.9822445434759
41.8,692.8493237635353
42.0,689.6612831615677
42.2,686.4174949886267
42.4,683.1173305887615
42.6,679.7601612144737
42.8,676.3453588698765
43.0,672.8722971791547
43.2,669.3403522776972
43.4,665.7489037230654
43.6,662.0973354227481
43.8,658.3850365754697
44.0,654.6114026226301
44.2,650.7758362062945
44.4,646.8777481299987
44.6,642.9165583185085
44.8,638.8916967725505
45.0,634.8026045144493
45.2,630.6487345205237
45.4,626.4295526360545
45.6,622.1445384686024
45.8,617.7931862554548
46.0,613.3750057010021
46.2,608.8895227798866
46.4,604.3362805018412
46.6,599.7148396342243
46.8,595.0247793783841
47.0,590.2656979961214
47.2,585.4372133826914
47.4,580.5389635829745
47.6,575.5706072476543
47.8,570.5318240264794
48.0,565.4223148959325
48.2,560.2418024189033
48.4,554.990030934249
48.6,549.6667666744271
48.8,544.2717978097008
49.0,538.8049344177476
49.2,533.2660083778292
49.4,527.6548731890332
49.6,521.9714037124402
49.8,516.2154958374193
50.0,510.3870660726111
