0.0,770.5701513316408
0.2,772.8461598625601
0.4,775.0824532398622
0.6,777.279946877158
0.8,779.4395307683798
1.0,781.562068729263
1.2,783.6483977555206
1.4,785.6993274991855
1.6,787.715639863793
1.8,789.6980887182547
2.0,791.6473997284978
2.2,793.5642703051504
2.4,795.4493696648176
2.6,797.3033390017722
2.8,799.1267917662063
3.0,800.9203140445618
3.2,802.6844650368682
3.4,804.4197776254989
3.6,806.1267590292722
3.8,807.8058915364257
4.0,809.4576333096398
4.2,811.082419256001
4.4,812.6806619545856
4.6,814.2527526341863
4.8,815.7990621936217
5.0,817.3199422570433
5.2,818.815726256696
5.4,820.2867305356851
5.6,821.7332554634579
5.8,823.1555865569172
6.0,824.5539956003396
6.2,825.9287417575729
6.4,827.2800726703314
6.6,828.6082255367819
6.8,829.9134281650202
7.0,831.1958999964755
7.2,832.4558530947252
7.4,833.6934930956745
7.6,834.9090201155327
7.8,836.1026296134951
8.0,837.2745132065261
8.2,838.4248594341154
8.4,839.5538544713447
8.6,840.6616827890634
8.8,841.748527760409
9.0,842.814572213328
9.2,843.859998929155
9.4,844.8849910876777
9.6,845.8897326594671
9.8,846.8744087465669
10.0,847.8392058729318
10.2,848.7843122262568
10.4,849.7099178530772
10.6,850.6162148092066
10.8,851.5033972677592
11.0,852.3716615871302
11.2,853.2212063414217
11.4,854.0522323158816
11.6,854.8649424699719
11.8,855.6595418707165
12.0,856.4362375989767
12.2,857.1952386312888
12.4,857.936755699858
12.6,858.6610011332464
12.8,859.3681886802211
13.0,860.058533319143
13.2,860.7322510551717
13.4,861.3895587074616
13.6,862.0306736883992
13.8,862.6558137768118
14.0,863.2651968869443
14.2,863.8590408348743
14.4,864.437563103897
14.6,865.0009806102763
14.8,865.549509470634
15.0,866.0833647721045
15.2,866.6027603462666
15.4,867.1079085477342
15.6,867.5990200381694
15.8,868.0763035763712
16.0,868.5399658149809
16.2,868.9902111042509
16.4,869.4272413032219
16.6,869.8512555985744
16.8,870.2624503313347
17.0,870.6610188315435
17.2,871.0471512609329
17.4,871.4210344635931
17.6,871.7828518245623
17.8,872.1327831362235
18.0,872.4710044723564
18.2,872.797688069654
18.4,873.113002216488
18.6,873.4171111486837
18.8,873.7101749520455
19.0,873.9923494713596
19.2,874.2637862255926
19.4,874.5246323289962
19.6,874.7750304178243
19.8,875.015118582373
20.0,875.2450303040491
20.2,875.4648943971825
20.4,875.6748349553043
20.6,875.874971301615
20.8,876.0654179433847
21.0,876.246284530028
21.2,876.4176758146156
21.4,876.5796916185932
21.6,876.7324267994883
21.8,876.8759712214023
22.0,877.0104097280955
22.2,877.1358221184854
22.4,877.2522831243921
22.6,877.3598623903778
22.8,877.4586244555364
23.0,877.5486287371065
23.2,877.6299295157861
23.4,877.7025759226468
23.6,877.7666119275469
23.8,877.8220763289627
24.0,877.8690027451594
24.2,877.9074196066391
24.4,877.9373501498103
24.6,877.9588124118304
24.8,877.9718192265876
25.0,877.9763782217907
25.2,877.9724918171507
25.4,877.9601572236406
25.6,877.9393664438307
25.8,877.9101062733083
26.0,877.8723583031936
26.2,877.8260989237759
26.4,877.7712993293013
26.6,877.707925523954
26.8,877.6359383290796
27.0,877.5552933917096
27.2,877.4659411944573
27.4,877.3678270668614
27.6,877.2608911982704
27.8,877.1450686523618
28.0,877.0202893834136
28.2,876.8864782544449
28.4,876.7435550573633
28.6,876.5914345352633
28.8,876.4300264070348
29.0,876.2592353944535
29.2,876.0789612519371
29.4,875.889098799163
29.6,875.6895379567592
29.8,875.4801637852894
30.0,875.2608565277679
30.2,875.0314916559508
30.4,874.7919399206614
30.6,874.5420674064194
30.8,874.281735590651
31.0,874.0108014077656
31.2,873.7291173183928
31.4,873.436531384075
31.6,873.1328873477165
31.8,872.8180247200868
32.0,872.491778872674
32.2,872.1539811371799
32.4,871.8044589119311
32.6,871.4430357754767
32.8,871.0695316076173
33.0,870.6837627180856
33.2,870.2855419830792
33.4,869.8746789898006
33.6,869.4509801891294
33.8,869.0142490564991
34.0,868.5642862610013
34.2,868.1008898426801
34.4,867.6238553979138
34.6,867.1329762727053
34.8,866.6280437636264
35.0,866.1088473260698
35.2,865.5751747893705
35.4,865.0268125782551
35.6,864.4635459399731
35.8,863.8851591763464
36.0,863.2914358798555
36.2,862.6821591727588
36.4,862.0571119481078
36.6,861.4160771113949
36.8,860.7588378214303
37.0,860.0851777289166
37.2,859.3948812110472
37.4,858.6877336003264
37.6,857.9635214056782
37.8,857.2220325237807
38.0,856.4630564384531
38.2,855.6863844057996
38.4,854.891809622727
38.6,854.0791273763542
38.8,853.2481351717637
39.0,852.3986328354833
39.2,851.5304225920523
39.4,850.6433091109999
39.6,849.7370995215699
39.8,848.8116033925526
40.0,847.8666326746326
40.2,846.9020016027437
40.4,845.9175265560255
40.6,844.9130258731134
40.8,843.8883196206598
41.0,842.8432293131796
41.2,841.7775775825426
41.4,840.6911877956898
41.6,839.5838836194444
41.8,838.4554885315991
42.0,837.3058252778154
42.2,836.134715274236
42.4,834.9419779561148
42.6,833.7274300731839
42.8,832.4908849329203
43.0,831.2321515933266
43.2,829.9510340073125
43.4,828.6473301212347
43.6,827.3208309306408
43.8,825.9713194967396
44.0,824.5985699276
44.2,823.2023463285446
44.4,821.7824017266622
44.6,820.3384769747901
44.8,818.8702996407297
45.0,817.3775828878366
45.2,815.8600243534651
45.4,814.3173050320556
45.6,812.7490881699101
45.8,811.1550181789073
46.0,809.5347195765718
46.2,807.8877959600088
46.4,806.2138290212574
46.6,804.5123776115975
46.8,802.7829768622599
47.0,801.0251373688425
47.2,799.2383444465182
47.4,797.4220574628456
47.6,795.5757092546464
47.8,793.69870563501
48.0,791.7904249960142
48.2,789.8502180122331
48.4,787.8774074495192
48.6,785.8712880829208
48.8,783.8311267269246
49.0,781.7561623804985
49.2,779.6456064886697
49.4,777.4986433215976
49.6,775.3144304713123
49.8,773.0920994654896
50.0,770.8307564968181
