0.0,780.7960582407612
0.2,783.2460607194041
0.4,785.6454797916159
0.6,787.9953906256748
0.8,790.2968461976714
1.0,792.5508763584606
1.2,794.7584870416434
1.4,796.9206596148417
1.6,799.0383503749374
1.8,801.1124901863766
2.0,803.1439842601341
2.2,805.1337120695022
2.4,807.0825273975362
2.6,808.9912585097763
2.8,810.8607084447892
3.0,812.6916554141372
3.2,814.4848533026081
3.4,816.2410322589202
3.6,817.9608993666667
3.8,819.6451393849696
4.0,821.2944155481837
4.2,822.9093704140071
4.4,824.4906267495198
4.6,826.0387884449588
4.8,827.5544414454511
5.0,829.0381546914356
5.2,830.4904810591047
5.4,831.9119582928664
5.6,833.3031099225508
5.8,834.6644461588512
6.0,835.9964647612736
6.2,837.2996518736657
6.4,838.574482823184
6.6,839.8214228793339
6.8,841.0409279704594
7.0,842.2334453557668
7.2,843.3994142516325
7.4,844.5392664115516
7.6,845.6534266596431
7.8,846.7423133781253
8.0,847.806338949613
8.2,848.8459101554616
8.4,849.8614285317105
8.6,850.8532906844296
8.8,851.8218885664871
9.0,852.7676097179096
9.2,853.6908374721128
9.4,854.5919511303505
9.6,855.4713261067557
9.8,856.3293340463404
10.0,857.1663429182886
10.2,857.9827170868186
10.4,858.7788173618061
10.6,859.5550010312737
10.8,860.311621877738
11.0,861.0490301802934
11.2,861.767572704188
11.4,862.4675926795285
11.6,863.1494297706167
11.8,863.813420037308
12.0,864.4598958896496
12.2,865.0891860369528
12.4,865.7016154323321
12.6,866.2975052136444
12.8,866.8771726416627
13.0,867.440931036225
13.2,867.9890897110168
13.4,868.521953907565
13.6,869.0398247289523
13.8,869.5429990736942
14.0,870.0317695701635
14.2,870.5064245118946
14.4,870.9672477940494
14.6,871.4145188512883
14.8,871.8485125972496
15.0,872.2694993658047
15.2,872.677744854232
15.4,873.0735100684186
15.6,873.4570512701832
15.8,873.8286199267824
16.0,874.1884626626556
16.2,874.536821213437
16.4,874.8739323822541
16.6,875.2000279983189
16.8,875.5153348778024
17.0,875.8200747869769
17.2,876.1144644075995
17.4,876.398715304503
17.6,876.6730338953491
17.8,876.9376214225003
18.0,877.1926739269508
18.2,877.4383822242604
18.4,877.6749318824268
18.6,877.9025032016264
18.8,878.121271195753
19.0,878.3314055756803
19.2,878.5330707341682
19.4,878.7264257323367
19.6,878.9116242876231
19.8,879.0888147631428
20.0,879.2581401583654
20.2,879.4197381010272
20.4,879.5737408401918
20.6,879.7202752403751
20.8,879.8594627766519
21.0,879.9914195306585
21.2,880.1162561874115
21.4,880.2340780328599
21.6,880.3449849520922
21.8,880.4490714281209
22.0,880.5464265411698
22.2,880.6371339683907
22.4,880.72127198394
22.6,880.7989134593488
22.8,880.8701258641223
23.0,880.9349712665081
23.2,880.9935063343777
23.4,881.0457823361671
23.6,881.0918451418289
23.8,881.1317352237517
24.0,881.1654876576032
24.2,881.1931321230675
24.4,881.214692904437
24.6,881.230188891041
24.8,881.2396335774816
25.0,881.243035063665
25.2,881.2403960546138
25.4,881.2317138600533
25.6,881.2169803937694
25.8,881.1961821727424
26.0,881.1693003160616
26.2,881.1363105436355
26.4,881.0971831747141
26.6,881.0518831262455
26.8,881.0003699110947
27.0,880.9425976361555
27.2,880.8785150003914
27.4,880.8080652928477
27.6,880.7311863906788
27.8,880.64781075724
28.0,880.5578654402976
28.2,880.461272070414
28.4,880.3579468595677
28.6,880.2478006000753
28.8,880.130738663879
29.0,880.0066610022735
29.2,879.8754621461427
29.4,879.7370312067835
29.6,879.591251877396
29.8,879.438002435315
30.0,879.2771557450709
30.2,879.1085792623581
30.4,878.9321350389974
30.6,878.7476797289751
30.8,878.5550645956472
31.0,878.3541355201919
31.2,878.1447330113944
31.4,877.9266922168523
31.6,877.6998429356812
31.8,877.4640096328054
32.0,877.2190114549127
32.2,876.9646622481526
32.4,876.7007705776541
32.6,876.4271397489325
32.8,876.143567831261
33.0,875.8498476830655
33.2,875.5457669794081
33.4,875.2311082416126
33.6,874.9056488690841
33.8,874.5691611733635
34.0,874.2214124144562
34.2,873.8621648394609
34.4,873.4911757235197
34.6,873.108197413097
34.8,872.7129773715865
35.0,872.305258227231
35.2,871.8847778233264
35.4,871.4512692706642
35.6,871.0044610021497
35.8,870.5440768295149
36.0,870.069836002016
36.2,869.5814532669888
36.4,869.078638932097
36.6,868.5610989290856
36.8,868.0285348788074
37.0,867.480644157254
37.2,866.917119962278
37.4,866.3376513806406
37.6,865.741923454965
37.8,865.1296172501135
38.0,864.5004099184383
38.2,863.8539747632856
38.4,863.1899813000447
38.6,862.5080953139582
38.8,861.8079789138029
39.0,861.0892905804654
39.2,860.3516852093205
39.4,859.5948141452167
39.6,858.8183252087574
39.8,858.0218627124511
40.0,857.2050674651813
40.2,856.3675767633376
40.4,855.509024366826
40.6,854.6290404580731
40.8,853.7272515820345
41.0,852.8032805651301
41.2,851.8567464109504
41.4,850.887264170527
41.6,849.8944447849209
41.8,848.8778948978828
42.0,847.8372166363577
42.2,846.7720073566737
42.4,845.6818593543527
42.6,844.5663595356248
42.8,843.4250890489275
43.0,842.2576228749094
43.2,841.0635293737603
43.4,839.842369789042
43.6,838.5936977076071
43.8,837.3170584756575
44.0,836.0119885715176
44.2,834.6780149362729
44.4,833.3146542640437
44.6,831.9214122543303
44.8,830.4977828295654
45.0,829.0432473217354
45.2,827.5572736326753
45.4,826.0393153733879
45.6,824.4888109884799
45.8,822.9051828725238
46.0,821.2878364858365
46.2,819.6361594777961
46.4,817.9495208263855
46.6,816.2272700031256
46.8,814.4687361729576
47.0,812.6732274389027
47.2,810.8400301414814
47.4,808.9684082228982
47.6,807.0576026658723
47.8,805.1068310167258
48.0,803.1152870019167
48.2,801.0821402466287
48.4,799.0065361033029
48.6,796.8875955971226
48.8,794.7244154944522
49.0,792.5160684990947
49.2,790.2616035799899
49.4,787.9600464326253
49.6,785.610400075026
49.8,783.2116455777192
50.0,780.7627429255701
