0.0,827.2907210127162
0.2,829.3076617269672
0.4,831.2736505749309
0.6,833.1885160881681
0.8,835.0521611485399
1.0,836.864565558397
1.2,838.6257879697615
1.4,840.3359671633234
1.6,841.9953226754772
1.8,843.6041547789197
2.0,845.162843829441
2.2,846.6718489983314
2.4,848.131706416229
2.6,849.5430267601549
2.8,850.9064923208285
3.0,852.2228535920946
3.2,853.4929254283401
3.4,854.7175828191168
3.6,855.8977563327705
3.8,857.0344272827117
4.0,858.1286226710356
4.2,859.1814099645234
4.4,860.1938917576625
4.6,861.1672003762424
4.8,862.1024924733589
5.0,863.0009436673515
5.2,863.8637432683606
5.4,864.6920891368993
5.6,865.4871827141524
5.8,866.2502242597214
6.0,866.9824083283019
6.2,867.6849195123856
6.4,868.3589284735996
6.6,869.0055882807909
6.8,869.6260310685154
7.0,870.2213650252504
7.2,870.7926717164762
7.4,871.3410037438151
7.6,871.8673827377202
7.8,872.3727976778011
8.0,872.8582035317994
8.2,873.3245202014851
8.4,873.7726317613692
8.6,874.2033859741132
8.8,874.6175940648651
9.0,875.0160307354563
9.2,875.3994343984523
9.4,875.7685076104319
9.6,876.1239176835708
9.8,876.4662974545832
10.0,876.7962461903327
10.2,877.1143306098945
10.4,877.421086003547
10.6,877.717017430028
10.8,878.0026009744073
11.0,878.2782850500465
11.2,878.5444917293427
11.4,878.8016180892276
11.6,879.0500375587137
11.8,879.2901012571127
12.0,879.5221393128836
12.2,879.7464621543663
12.4,879.9633617649306
12.6,880.1731128962793
12.8,880.3759742347955
13.0,880.5721895169
13.2,880.7619885903867
13.4,880.9455884196135
13.6,881.1231940332592
13.8,881.2949994140939
14.0,881.4611883308697
14.2,881.6219351130055
14.4,881.7774053692264
14.6,881.9277566517344
14.8,882.0731390678181
15.0,882.2136958410804
15.2,882.3495638246709
15.4,882.4808739690576
15.6,882.6077517469704
15.8,882.7303175382043
16.0,882.8486869769822
16.2,882.9629712645577
16.4,883.0732774496896
16.6,883.1797086795465
16.8,883.2823644235084
17.0,883.3813406722255
17.2,883.4767301141737
17.4,883.5686222918227
17.6,883.6571037394001
17.8,883.7422581040998
18.0,883.8241662524507
18.2,883.9029063634272
18.4,883.9785540097562
18.6,884.0511822287478
18.8,884.1208615838581
19.0,884.1876602180793
19.2,884.2516439001457
19.4,884.3128760644414
19.6,884.3714178454046
19.8,884.4273281071386
20.0,884.4806634688557
20.2,884.5314783267129
20.4,884.579824872528
20.6,884.62575310981
20.8,884.669310867479
21.0,884.710543811605
21.2,884.7494954554531
21.4,884.7862071680823
21.6,884.8207181817102
21.8,884.8530655980305
22.0,884.8832843936387
22.2,884.9114074247015
22.4,884.937465430983
22.6,884.961487039328
22.8,884.9834987666793
23.0,885.0035250227024
23.2,885.0215881120729
23.4,885.0377082364737
23.6,885.0519034963435
23.8,885.0641898924094
24.0,885.074581327028
24.2,885.0830896053584
24.4,885.0897244363845
24.6,885.0944934337995
24.8,885.097402116763
25.0,885.0984539105376
25.2,885.0976501470133
25.4,885.094990065117
25.6,885.0904708111137
25.8,885.0840874387935
26.0,885.0758329095426
26.2,885.0656980922931
26.4,885.0536717633424
26.6,885.0397406060293
26.8,885.023889210256
27.0,885.0061000718347
27.2,884.9863535916365
27.4,884.9646280745175
27.6,884.940899727984
27.8,884.9151426605586
28.0,884.8873288797981
28.2,884.8574282899017
28.4,884.8254086888408
28.6,884.791235764927
28.8,884.754873092717
29.0,884.7162821281404
29.2,884.6754222027108
29.4,884.6322505166617
29.6,884.5867221308184
29.8,884.5387899569904
30.0,884.4884047466309
30.2,884.4355150774751
30.4,884.3800673378214
30.6,884.3220057080752
30.8,884.2612721391183
31.0,884.197806327005
31.2,884.1315456834259
31.4,884.0624253013002
31.6,883.9903779147828
31.8,883.9153338528808
32.0,883.8372209857871
32.2,883.7559646629306
32.4,883.6714876416393
32.6,883.5837100051954
32.8,883.4925490689454
33.0,883.397919272996
33.2,883.299732059901
33.4,883.1978957356116
33.6,883.0923153118235
33.8,882.9828923277221
34.0,882.8695246489968
34.2,882.7521062418639
34.4,882.6305269197208
34.6,882.504672059949
34.8,882.3744222882846
35.0,882.2396531281094
35.2,882.1002346119611
35.4,881.9560308525441
35.6,881.8068995705347
35.8,881.6526915765305
36.0,881.4932502045912
36.2,881.328410694968
36.4,881.157999523832
36.6,880.9818336780746
36.8,880.7997198735998
37.0,880.6114537159373
37.2,880.4168188024986
37.4,880.2155857663709
37.6,880.0075112622033
37.8,879.7923368954872
38.0,879.5697880973627
38.2,879.3395729480075
38.4,879.1013809526684
38.6,878.8548817754757
38.8,878.5997239373451
39.0,878.3355334854855
39.2,878.0619126433106
39.4,877.7784384508626
39.6,877.4846614071955
39.8,877.1801041275062
40.0,876.8642600291306
40.2,876.5365920618073
40.4,876.1965314988385
40.6,875.8434768069118
40.8,875.4767926133635
41.0,875.0958087905304
41.2,874.6998196775346
41.4,874.2880834603229
41.6,873.8598217310415
41.8,873.4142192478016
42.0,872.9504239155978
42.2,872.4675470085132
42.4,871.9646636524054
42.6,871.440813585959
42.8,870.895002216336
43.0,870.3262019836279
43.2,869.7333540459202
43.4,869.115370294032
43.6,868.4711357018931
43.8,867.7995110151022
44.0,867.0993357764896
44.2,866.3694316835326
44.4,865.6086062682692
44.6,864.8156568859955
44.8,863.9893749945542
45.0,863.1285507014944
45.2,862.231977551876
45.4,861.2984575250706
45.6,860.3268062046577
45.8,859.3158580814938
46.0,858.2644719463301
46.2,857.1715363250423
46.4,856.03597490668
46.6,854.856751912222
46.8,853.6328773501862
47.0,852.3634121041583
47.2,851.0474727968976
47.4,849.6842363760101
47.6,848.2729443672526
47.8,846.8129067433734
48.0,845.3035053589906
48.2,843.7441969053684
48.4,842.1345153430173
48.6,840.474073774801
48.8,838.7625657276194
49.0,836.9997658166764
49.2,835.1855297727861
49.4,833.3197938199991
49.6,831.4025733979691
49.8,829.4339612308311
50.0,827.4141247517875
