0.0,875.6778948778617
0.2,876.2797000760869
0.4,876.8581892713545
0.6,877.4134859216933
0.8,877.9457572474603
1.0,878.455214104731
1.2,878.9421105043855
1.4,879.4067427854013
1.6,879.8494484548802
1.8,880.2706047111209
2.0,880.6706266695574
2.2,881.049965314538
2.4,881.4091052027098
2.6,881.7485619461291
2.8,882.0688795051366
3.0,882.3706273224767
3.2,882.6543973311138
3.4,882.9208008686783
3.6,883.1704655314926
3.8,883.404032000685
4.0,883.6221508720129
4.2,883.8254795197457
4.4,884.0146790232976
4.6,884.1904111833308
4.8,884.3533356517925
5.0,884.5041071978611
5.2,884.6433731291118
5.4,884.7717708844133
5.6,884.8899258121966
5.8,884.9984491448307
6.0,885.0979361769604
6.2,885.1889646528415
6.4,885.2720933649963
6.6,885.3478609639366
6.8,885.4167849763024
7.0,885.4793610265629
7.2,885.5360622554397
7.4,885.5873389264717
7.6,885.6336182106289
7.8,885.6753041376386
8.0,885.7127777016797
8.2,885.7463971083505
8.4,885.7764981492919
8.6,885.8033946905606
8.8,885.8273792607686
9.0,885.848723725114
9.2,885.8676800317235
9.4,885.8844810171651
9.6,885.8993412585737
9.8,885.9124579605126
10.0,885.9240118654789
10.2,885.9341681778061
10.4,885.9430774916125
10.6,885.9508767143727
10.8,885.9576899786298
11.0,885.9636295352972
11.2,885.9687966229267
11.4,885.9732823082009
11.6,885.9771682937652
11.8,885.9805276903147
12.0,885.983425750601
12.2,885.9859205637118
12.4,885.9880637086045
12.6,885.9899008664364
12.8,885.9914723917316
13.0,885.9928138428598
13.2,885.9939564726709
13.4,885.9949276804439
13.6,885.9957514265619
13.8,885.9964486115279
14.0,885.9970374210901
14.2,885.9975336393577
14.4,885.997950931854
14.6,885.9983011004953
14.8,885.9985943124843
15.0,885.9988393050888
15.2,885.9990435682344
15.4,885.9992135067768
15.6,885.9993545842476
15.8,885.9994714497808
16.0,885.9995680498316
16.2,885.999647726203
16.4,885.999713301792
16.6,885.9997671553643
16.8,885.9998112865633
17.0,885.9998473722584
17.2,885.9998768152436
17.4,885.999900786197
17.6,885.9999202597322
17.8,885.9999360452796
18.0,885.9999488134656
18.2,885.9999591185807
18.4,885.999967417661
18.6,885.9999740866496
18.8,885.9999794340449
19.0,885.9999837123955
19.2,885.9999871279535
19.4,885.9999898487598
19.6,885.9999920113976
19.8,885.9999937266168
20.0,885.9999950840069
20.2,885.9999961558675
20.4,885.9999970004077
20.6,885.9999976643799
20.8,885.9999981852466
21.0,885.999998592955
21.2,885.9999989113883
21.4,885.9999991595483
21.6,885.9999993525174
21.8,885.9999995022388
22.0,885.999999618147
22.2,885.9999997076777
22.4,885.9999997766764
22.6,885.9999998297277
22.8,885.9999998704179
23.0,885.9999999015452
23.2,885.999999925286
23.4,885.9999999433284
23.6,885.9999999569756
23.8,885.9999999672287
24.0,885.9999999748512
24.2,885.9999999804186
24.4,885.9999999843561
24.6,885.9999999869681
24.8,885.9999999884576
25.0,885.9999999889417
25.2,885.9999999884583
25.4,885.9999999869693
25.6,885.9999999843582
25.8,885.9999999804216
26.0,885.9999999748557
26.2,885.9999999672348
26.4,885.9999999569839
26.6,885.9999999433396
26.8,885.9999999253013
27.0,885.9999999015656
27.2,885.9999998704452
27.4,885.9999998297641
27.6,885.9999997767251
27.8,885.9999997077425
28.0,885.999999618233
28.2,885.9999995023525
28.4,885.9999993526677
28.6,885.9999991597464
28.8,885.999998911649
29.0,885.9999985932972
29.2,885.9999981856948
29.4,885.999997664966
29.6,885.9999970011726
29.8,885.9999961568635
30.0,885.9999950853011
30.2,885.9999937282951
30.4,885.9999920135695
30.6,885.9999898515647
30.8,885.9999871315686
31.0,885.9999837170454
31.2,885.999979440014
31.4,885.9999740942968
31.6,885.9999674274383
31.8,885.9999591310567
32.0,885.9999488293533
32.2,885.9999360654717
32.4,885.9999202853442
32.6,885.9999008186192
32.8,885.9998768562054
33.0,885.9998474239073
33.2,885.999811351559
33.4,885.9997672369951
33.6,885.9997134041142
33.8,885.9996478542106
34.0,885.9995682096595
34.2,885.9994716489499
34.4,885.999354831959
34.6,885.9992138142635
34.8,885.9990439491821
35.0,885.9988397761366
35.2,885.9985948938199
35.4,885.9983018165624
35.6,885.9979518121871
35.8,885.9975347195702
36.0,885.9970387440368
36.2,885.9964502286715
36.4,885.9957533995765
36.6,885.9949300830892
36.8,885.993959392982
37.0,885.9928173856955
37.2,885.9914766817361
37.4,885.9899060514726
37.6,885.9880699637249
37.8,885.98592809574
38.0,885.983434803406
38.2,885.9805385508699
38.4,885.9771812990903
38.6,885.9732978532987
38.8,885.9688151698365
39.0,885.9636516233969
39.2,885.9577162363329
39.4,885.9509078723777
39.6,885.9431143978753
39.8,885.9342118144227
40.0,885.9240633676739
40.2,885.9125186379496
40.4,885.8994126192159
40.6,885.8845647939257
40.8,885.8677782121667
41.0,885.8488385844755
41.2,885.827513398582
41.4,885.8035510711886
41.6,885.7766801466712
41.8,885.7466085552745
42.0,885.7130229439506
42.2,885.6755880934295
42.4,885.6339464354031
42.6,885.5877176838109
42.8,885.5364985941372
43.0,885.4798628643343
43.2,885.4173611904664
43.4,885.3485214894092
43.6,885.2728492999381
43.8,885.1898283722775
44.0,885.0989214546822
44.2,884.9995712838671
44.4,884.8912017841153
44.6,884.7732194776904
44.8,884.6450151067702
45.0,884.5059654645469
45.2,884.3554354304151
45.4,884.1927802013533
45.6,884.0173477087118
45.8,883.8284812067176
46.0,883.6255220161331
46.2,883.4078124036971
46.4,883.1746985753164
46.6,882.9255337584844
46.8,882.6596813471418
47.0,882.3765180802235
47.2,882.0754372234842
47.4,881.7558517229097
47.6,881.4171972971467
47.8,881.0589354359394
48.0,880.6805562715778
48.2,880.2815812908507
48.4,879.8615658559675
48.6,879.4201015043627
48.8,878.9568179992141
49.0,878.4713851048731
49.2,877.9635140641931
49.4,877.4329587579108
49.6,876.8795165297438
49.8,876.303028664663
50.0,875.7033805118172
