0.0,794.3492991155233
0.2,796.5460031274416
0.4,798.7029601834806
0.6,800.8205497433937
0.8,802.8991527043047
1.0,804.9391514790918
1.2,806.9409300673046
1.4,808.9048741183209
1.6,810.831370986476
1.8,812.7208097779264
2.0,814.5735813890354
2.2,816.3900785360996
2.4,818.1706957762647
2.6,819.9158295195047
2.8,821.6258780315765
3.0,823.3012414278817
3.2,824.9423216582106
3.4,826.5495224823599
3.6,828.1232494366565
3.8,829.6639097914442
4.0,831.1719124996198
4.2,832.6476681363348
4.4,834.091588830007
4.6,835.5040881848117
4.8,836.8855811948509
5.0,838.2364841502229
5.2,839.5572145352392
5.4,840.8481909190587
5.6,842.1098328390314
5.8,843.3425606770644
6.0,844.5467955293416
6.2,845.7229590697469
6.4,846.8714734073583
6.6,847.992760938391
6.8,849.0872441929871
7.0,850.1553456772547
7.2,851.1974877109734
7.4,852.2140922613919
7.6,853.2055807735458
7.8,854.1723739975341
8.0,855.1148918131945
8.2,856.0335530526162
8.4,856.9287753209368
8.6,857.8009748158584
8.8,858.6505661463268
9.0,859.4779621508023
9.2,860.283573715554
9.4,861.0678095933946
9.6,861.8310762232725
9.8,862.5737775511186
10.0,863.2963148523445
10.2,863.9990865563664
10.4,864.6824880735255
10.6,865.3469116247528
10.8,865.9927460743181
11.0,866.6203767659817
11.2,867.2301853628536
11.4,867.8225496912463
11.6,868.3978435887894
11.8,868.9564367570554
12.0,869.4986946189274
12.2,870.0249781809197
12.4,870.5356439006409
12.6,871.0310435595744
12.8,871.5115241413225
13.0,871.977427715451
13.2,872.4290913270386
13.4,872.8668468920288
13.6,873.2910210984504
13.8,873.7019353135611
14.0,874.0999054969442
14.2,874.4852421195757
14.4,874.8582500888516
14.6,875.2192286795573
14.8,875.5684714707352
15.0,875.9062662883954
15.2,876.2328951539941
15.4,876.548634238592
15.6,876.8537538225877
15.8,877.1485182609094
16.0,877.4331859535293
16.2,877.7080093211615
16.4,877.9732347859839
16.6,878.2291027572173
16.8,878.4758476213854
17.0,878.7136977370665
17.2,878.9428754339457
17.4,879.1635970159598
17.6,879.3760727683277
17.8,879.5805069682501
18.0,879.7770978990568
18.2,879.9660378675765
18.4,880.1475132244992
18.6,880.321704387501
18.8,880.4887858668947
19.0,880.648926293575
19.2,880.8022884490186
19.4,880.949029297107
19.6,881.0893000175357
19.8,881.2232460405783
20.0,881.3510070829734
20.2,881.472717184709
20.4,881.5885047464774
20.6,881.6984925675819
20.8,881.8027978840805
21.0,881.9015324069551
21.2,881.994802360101
21.4,882.0827085179386
21.6,882.165346242456
21.8,882.2428055194952
22.0,882.3151709941044
22.2,882.3825220047888
22.4,882.4449326164929
22.6,882.5024716521643
22.8,882.5552027227526
23.0,882.6031842555053
23.2,882.6464695204361
23.4,882.6851066548448
23.6,882.7191386857846
23.8,882.7486035503729
24.0,882.7735341138612
24.2,882.7939581853836
24.4,882.8098985313165
24.6,882.8213728861898
24.8,882.8283939611035
25.0,882.830969449612
25.2,882.8291020310495
25.4,882.8227893712789
25.6,882.812024120862
25.8,882.7967939106524
26.0,882.7770813448293
26.2,882.7528639913975
26.4,882.7241143701907
26.6,882.6907999384251
26.8,882.6528830738615
27.0,882.6103210556433
27.2,882.5630660428903
27.4,882.5110650511338
27.6,882.4542599266942
27.8,882.3925873191095
28.0,882.3259786517276
28.2,882.2543600905971
28.4,882.1776525117865
28.6,882.0957714672816
28.8,882.0086271496108
29.0,881.9161243553666
29.2,881.8181624477878
29.4,881.7146353185847
29.6,881.6054313491911
29.8,881.4904333716377
30.0,881.3695186292429
30.2,881.2425587373295
30.4,881.1094196441779
30.6,880.9699615924302
30.8,880.8240390811686
31.0,880.671500828891
31.2,880.5121897376154
31.4,880.3459428583405
31.6,880.1725913581014
31.8,879.991960488851
32.0,879.8038695584085
32.2,879.608131903708
32.4,879.4045548665857
32.6,879.1929397723412
32.8,878.9730819113053
33.0,878.7447705236452
33.2,878.5077887876356
33.4,878.261913811616
33.6,878.0069166298546
33.8,877.742562202529
34.0,877.468609420029
34.2,877.1848111117779
34.4,876.8909140597635
34.6,876.5866590169546
34.8,876.2717807307756
35.0,875.9460079717948
35.2,875.609063567774
35.4,875.2606644432132
35.6,874.900521664509
35.8,874.5283404908353
36.0,874.1438204308346
36.2,873.7466553051985
36.4,873.336533315192
36.6,872.9131371171701
36.8,872.4761439031053
37.0,872.0252254871369
37.2,871.560048398129
37.4,871.0802739782044
37.6,870.5855584872097
37.8,870.075553213035
38.0,869.5499045877044
38.2,869.0082543091239
38.4,868.4502394683592
38.6,867.8754926822918
38.8,867.2836422314844
39.0,866.6743122030636
39.2,866.0471226384126
39.4,865.4016896854412
39.6,864.7376257551855
39.8,864.0545396824713
40.0,863.3520368903517
40.2,862.6297195580183
40.4,861.8871867918654
40.6,861.1240347993675
40.8,860.3398570654234
41.0,859.5342445307953
41.2,858.7067857722666
41.4,857.8570671841258
41.6,856.9846731605724
41.8,856.0891862786333
42.0,855.1701874811675
42.2,854.2272562595298
42.4,853.2599708354601
42.6,852.2679083417584
42.8,851.2506450013045
43.0,850.2077563039776
43.2,849.1388171810339
43.4,848.0434021765029
43.6,846.9210856151597
43.8,845.7714417666451
44.0,844.5940450053076
44.2,843.388469965345
44.4,842.1542916908447
44.6,840.8910857803209
44.8,839.5984285253701
45.0,838.2758970430741
45.2,836.9230694018014
45.4,835.5395247400704
45.6,834.1248433781625
45.8,832.6786069221889
46.0,831.200398360341
46.2,829.6898021510724
46.4,828.1464043029924
46.6,826.5697924462664
46.8,824.9595558953549
47.0,823.3152857029424
47.2,821.6365747049402
47.4,819.9230175564721
47.6,818.1742107587862
47.8,816.38975267706
48.0,814.5692435490997
48.2,812.7122854849656
48.4,810.8184824575807
48.6,808.8874402844167
48.8,806.9187666003771
49.0,804.9120708220288
49.2,802.8669641033612
49.4,800.783059283285
49.6,798.6599708251053
49.8,796.4973147482377
50.0,794.2947085524554
