0.0,859.4325657388971
0.2,860.1830378623382
0.4,860.9177424274576
0.6,861.6368597719827
0.8,862.3405710879834
1.0,863.029058409523
1.2,863.702504597511
1.4,864.3610933217346
1.6,865.0050090400483
1.8,865.634436974719
2.0,866.2495630859264
2.2,866.8505740424292
2.4,867.4376571894214
2.6,868.0110005136036
2.8,868.570792605511
3.0,869.1172226191438
3.2,869.6504802289553
3.4,870.1707555842635
3.6,870.6782392611544
3.8,871.1731222119612
4.0,871.6555957124019
4.2,872.1258513064737
4.4,872.5840807492007
4.6,873.0304759473458
4.8,873.4652288981983
5.0,873.8885316265552
5.2,874.3005761200214
5.4,874.701554262758
5.6,875.0916577678084
5.8,875.4710781081419
6.0,875.8400064465526
6.2,876.1986335645579
6.4,876.54714979044
6.6,876.8857449265777
6.8,877.214608176217
7.0,877.5339280698289
7.2,877.8438923912048
7.4,878.1446881034367
7.6,878.4365012749337
7.8,878.7195170056194
8.0,878.993919353459
8.2,879.2598912614583
8.4,879.5176144852769
8.6,879.7672695215956
8.8,880.0090355373721
9.0,880.2430903001185
9.2,880.4696101093275
9.4,880.6887697291723
9.6,880.9007423225997
9.8,881.1056993869286
10.0,881.3038106910643
10.2,881.495244214434
10.4,881.6801660877368
10.6,881.8587405356035
10.8,882.0311298212513
11.0,882.197494193211
11.2,882.3579918342006
11.4,882.5127788122119
11.6,882.6620090338683
11.8,882.8058342001075
12.0,882.9444037642334
12.2,883.0778648923773
12.4,883.2063624264007
12.6,883.3300388492625
12.8,883.4490342528711
13.0,883.5634863084332
13.2,883.6735302392996
13.4,883.7792987963129
13.6,883.8809222356424
13.8,883.9785282990962
14.0,884.0722421968849
14.2,884.1621865928149
14.4,884.2484815918743
14.6,884.3312447301744
14.8,884.4105909672028
15.0,884.486632680339
15.2,884.5594796615767
15.4,884.629239116396
15.6,884.6960156647198
15.8,884.7599113438872
16.0,884.8210256135727
16.2,884.879455362574
16.4,884.9352949173914
16.6,884.9886360525136
16.8,885.0395680023281
17.0,885.0881774745662
17.2,885.1345486651915
17.4,885.1787632746427
17.6,885.2209005253345
17.8,885.261037180321
18.0,885.2992475630264
18.2,885.3356035779439
18.4,885.3701747322048
18.6,885.403028157919
18.8,885.4342286351894
19.0,885.4638386156984
19.2,885.4919182467703
19.4,885.5185253958119
19.6,885.5437156750328
19.8,885.5675424663501
20.0,885.5900569463831
20.2,885.6113081114441
20.4,885.6313428024348
20.6,885.6502057295565
20.8,885.667939496751
21.0,885.6845846257802
21.2,885.7001795798684
21.4,885.7147607868226
21.6,885.7283626615546
21.8,885.7410176279311
22.0,885.7527561398791
22.2,885.7636067016784
22.4,885.7735958873776
22.6,885.7827483592687
22.8,885.7910868853666
23.0,885.7986323558347
23.2,885.8054037983087
23.4,885.8114183920702
23.6,885.8166914810272
23.8,885.8212365854623
24.0,885.8250654125142
24.2,885.8281878653602
24.4,885.8306120510724
24.6,885.8323442871267
24.8,885.8333891065433
25.0,885.8337492616471
25.2,885.8334257264341
25.4,885.8324176975422
25.6,885.8307225938197
25.8,885.8283360544989
26.0,885.8252519359778
26.2,885.8214623072225
26.4,885.8169574438062
26.6,885.811725820603
26.8,885.8057541031599
27.0,885.7990271377764
27.2,885.7915279403225
27.4,885.7832376838303
27.6,885.774135684901
27.8,885.7641993889689
28.0,885.7534043544729
28.2,885.7417242359833
28.4,885.7291307663425
28.6,885.7155937378768
28.8,885.7010809827412
29.0,885.6855583524638
29.2,885.6689896967578
29.4,885.6513368416746
29.6,885.6325595671716
29.8,885.6126155841732
30.0,885.5914605112062
30.2,885.569047850692
30.4,885.5453289649823
30.6,885.5202530522262
30.8,885.4937671221561
31.0,885.4658159718889
31.2,885.4363421618318
31.4,885.4052859917902
31.6,885.3725854773714
31.8,885.3381763267859
32.0,885.3019919181373
32.2,885.2639632773077
32.4,885.2240190565284
32.6,885.1820855137439
32.8,885.1380864928609
33.0,885.0919434049835
33.2,885.0435752107319
33.4,884.992898403742
33.6,884.9398269954393
33.8,884.8842725011812
34.0,884.8261439278607
34.2,884.765347763061
34.4,884.701787965847
34.6,884.6353659592799
34.8,884.5659806247361
35.0,884.4935282981082
35.2,884.417902767965
35.4,884.3389952757381
35.6,884.2566945180072
35.8,884.1708866509415
36.0,884.0814552969597
36.2,883.9882815536592
36.4,883.8912440050643
36.6,883.7902187352353
36.8,883.6850793442767
37.0,883.5756969667756
37.2,883.461940292697
37.4,883.3436755907543
37.6,883.2207667342691
37.8,883.0930752295276
38.0,882.9604602466335
38.2,882.8227786528506
38.4,882.6798850484234
38.6,882.531631804855
38.8,882.3778691056148
39.0,882.2184449892436
39.2,882.0532053948157
39.4,881.8819942097074
39.6,881.704653319622
39.8,881.5210226608059
40.0,881.3309402743902
40.2,881.1342423627816
40.4,880.9307633480231
40.6,880.720335932034
40.8,880.5027911586383
41.0,880.2779584772798
41.2,880.0456658083194
41.4,879.805739609802
41.6,879.5580049455784
41.8,879.3022855546594
42.0,879.0384039216765
42.2,878.7661813483195
42.4,878.485438025615
42.6,878.1959931069107
42.8,877.8976647814208
43.0,877.5902703481923
43.2,877.2736262903436
43.4,876.9475483494266
43.6,876.611851599766
43.8,876.2663505226221
44.0,875.9108590800258
44.2,875.5451907881372
44.4,875.1691587899746
44.6,874.7825759273644
44.8,874.385254811964
45.0,873.9770078952102
45.2,873.5576475370501
45.4,873.1269860733114
45.6,872.684835881576
45.8,872.2310094454206
46.0,871.7653194168967
46.2,871.2875786771225
46.4,870.7976003948696
46.6,870.2951980830276
46.8,869.7801856528392
47.0,869.2523774658058
47.2,868.7115883831655
47.4,868.1576338128593
47.6,867.590329753902
47.8,867.0094928380884
48.0,866.4149403689677
48.2,865.8064903580331
48.4,865.1839615580775
48.6,864.547173493677
48.8,863.8959464887726
49.0,863.2301016913327
49.2,862.5494610950797
49.4,861.8538475582839
49.6,861.14308481963
49.8,860.4169975111736
50.0,859.6754111684131
