0.0,717.4979302558424
0.2,719.2406392751161
0.4,721.0986481504984
0.6,723.0619020853077
0.8,725.1167624588538
1.0,727.2476782614152
1.2,729.4388968947578
1.4,731.675837066241
1.6,733.9459213022583
1.8,736.2388595447608
2.0,738.5465145401125
2.2,740.8625338074353
2.4,743.1819143094613
2.6,745.5006093241316
2.8,747.8152265284181
3.0,750.1228221537801
3.2,752.4207732250021
3.4,754.706703762491
3.6,756.9784439269824
3.8,759.2340072627353
4.0,761.4715769740043
4.2,763.6894963086099
4.4,765.886260633901
4.6,768.0605101341098
4.8,770.2110227049857
5.0,772.3367069049233
5.2,774.43659493513
5.4,776.5098356623861
5.6,778.5556877106864
5.8,780.5735126505036
6.0,782.5627683133562
6.2,784.5230022571438
6.4,786.4538454051152
6.6,788.3550058786036
6.8,790.2262630409201
7.0,792.0674617670594
7.2,793.8785069511973
7.4,795.6593582613683
7.6,797.4100251482246
7.8,799.1305621124252
8.0,800.821064232988
8.2,802.4816629568904
8.4,804.1125221483227
8.6,805.7138343942943
8.8,807.285817561768
9.0,808.8287116001648
9.2,810.3427755819133
9.4,811.828284972748
9.6,813.2855291226408
9.8,814.7148089676133
10.0,816.1164349321808
10.2,817.4907250218378
10.4,818.8380030947782
10.6,820.1585973019556
10.8,821.4528386846056
11.0,822.7210599184671
11.2,823.9635941941428
11.4,825.1807742233079
11.6,826.3729313608113
11.8,827.5403948331
12.0,828.6834910638177
12.2,829.8025430878845
12.4,830.8978700458395
12.6,831.9697867507156
12.8,833.0186033202112
13.0,834.0446248674165
13.2,835.0481512438417
13.4,836.0294768289731
13.6,836.9888903610431
13.8,837.9266748041542
14.0,838.8431072473157
14.2,839.7384588313631
14.4,840.6129947001099
14.6,841.46697397244
14.8,842.3006497323844
15.0,843.1142690345353
15.2,843.9080729224365
15.4,844.6822964578553
15.6,845.4371687590767
15.8,846.1729130465861
16.0,846.8897466946999
16.2,847.5878812878864
16.4,848.2675226806812
16.6,848.9288710602445
16.8,849.5721210107371
17.0,850.1974615788087
17.2,850.8050763395938
17.4,851.3951434626996
17.6,851.9678357777489
17.8,852.5233208391163
18.0,853.0617609895487
18.2,853.583313422422
18.4,854.0881302424266
18.6,854.576358524518
18.8,855.0481403710019
19.0,855.5036129666522
19.2,855.9429086317879
19.4,856.3661548732538
19.6,856.7734744332715
19.8,857.1649853361403
20.0,857.5408009327804
20.2,857.9010299431251
20.4,858.2457764963738
20.6,858.5751401691255
20.8,858.8892160214209
21.0,859.1880946307242
21.2,859.4718621238758
21.4,859.740600207058
21.6,859.9943861938087
21.8,860.2332930311239
22.0,860.4573893236904
22.2,860.6667393562875
22.4,860.8614031143984
22.6,861.0414363030677
22.8,861.2068903640466
23.0,861.3578124912561
23.2,861.4942456446055
23.4,861.6162285621966
23.6,861.723795770943
23.8,861.8169775956306
24.0,861.8958001664437
24.2,861.9602854249774
24.4,862.0104511287559
24.6,862.0463108542696
24.8,862.0678739985453
25.0,862.0751457792583
25.2,862.0681272333898
25.4,862.0468152144371
25.6,862.0112023881708
25.8,861.9612772269393
26.0,861.8970240025127
26.2,861.8184227774556
26.4,861.7254493950156
26.6,861.618075467514
26.8,861.4962683632174
27.0,861.3599911916688
27.2,861.2092027874559
27.4,861.0438576923876
27.6,860.8639061360502
27.8,860.6692940147128
28.0,860.459962868547
28.2,860.2358498571274
28.4,859.9968877331737
28.6,859.7430048144998
28.8,859.4741249541293
29.0,859.1901675085363
29.2,858.8910473039781
29.4,858.576674600874
29.6,858.2469550561979
29.8,857.9017896838455
30.0,857.5410748129459
30.2,857.1647020440818
30.4,856.7725582033992
30.6,856.3645252945813
30.8,855.9404804486738
31.0,855.5002958717579
31.2,855.0438387904725
31.4,854.5709713954042
31.6,854.0815507823747
31.8,853.5754288916717
32.0,853.0524524452917
32.2,852.5124628822846
32.4,851.9552962923143
32.6,851.3807833475872
32.8,850.7887492333305
33.0,850.1790135770461
33.2,849.5513903768183
33.4,848.9056879290007
33.6,848.2417087556801
33.8,847.5592495323799
34.0,846.8581010165547
34.2,846.1380479775149
34.4,845.3988691285318
34.6,844.6403370619881
34.8,843.8622181885745
35.0,843.0642726816849
35.2,842.2462544283231
35.4,841.407910988029
35.6,840.5489835615277
35.8,839.6692069710405
36.0,838.768309654437
36.2,837.8460136756859
36.4,836.9020347543549
36.6,835.9360823172303
36.8,834.9478595754741
37.0,833.937063631106
37.2,832.9033856169916
37.4,831.8465108749429
37.6,830.7661191769689
37.8,829.6618849951908
38.0,828.5334778264029
38.2,827.3805625777678
38.4,826.2028000206368
38.6,824.9998473200022
38.8,823.771358647602
39.0,822.5169858872107
39.2,821.2363794411444
39.4,819.9291891474879
39.6,818.5950653179967
39.8,817.233659907037
40.0,815.844627822282
40.2,814.427628388184
40.4,812.9823269734599
40.6,811.5083967939715
40.8,810.0055209024192
41.0,808.4733943761993
41.2,806.9117267145847
41.4,805.3202444560565
41.6,803.698694026145
41.8,802.0468448255048
42.0,800.3644925671535
42.2,798.651462870832
42.4,796.9076151212879
42.6,795.1328465959589
42.8,793.3270968659979
43.0,791.4903524728858
43.2,789.6226518809865
43.4,787.7240907043398
43.6,785.7948272037651
43.8,783.8350880479774
44.0,781.8451743299139
44.2,779.8254678268568
44.4,777.7764374902392
44.6,775.6986461482644
44.8,773.5927574016922
45.0,771.4595426903916
45.2,769.2998885056335
45.4,767.1148037208397
45.6,764.9054270123966
45.8,762.6730343444818
46.0,760.4190465043017
46.2,758.1450367143506
46.4,755.8527384595595
46.6,753.5440539454046
46.8,751.2210642382971
47.0,748.886043459151
47.2,746.5414818674293
47.4,744.190126737759
47.6,741.8350556063358
47.8,739.4798025309136
48.0,737.1285610520182
48.2,734.7864815223443
48.4,732.4600580348173
48.6,730.1575568209149
48.8,727.8893785889121
49.0,725.6681916594249
49.2,723.5086544186664
49.4,721.4265987061231
49.6,719.4376824892929
49.8,717.5557106320574
50.0,715.7909942342758
