0.0,855.7558506422025
0.2,856.5764486364756
0.4,857.3782297935466
0.6,858.1616244073969
0.8,858.927050461989
1.0,859.6749135172231
1.2,860.4056066703274
1.4,861.1195105905308
1.6,861.8169936239447
1.8,862.4984119647409
2.0,863.1641098879564
2.2,863.8144200386162
2.4,864.4496637713322
2.6,865.0701515341392
2.8,865.6761832900435
3.0,866.2680489696186
3.2,866.8460289479505
3.4,867.41039453933
3.6,867.9614085032889
3.8,868.4993255558783
4.0,869.0243928804648
4.2,869.5368506327812
4.4,870.0369324354709
4.6,870.524865857918
4.8,871.0008728777312
5.0,871.4651703208317
5.2,871.9179702776797
5.4,872.3594804937466
5.6,872.7899047328759
5.8,873.209443112695
6.0,873.6182924116991
6.2,874.0166463480597
6.4,874.4046958305751
6.6,874.7826291825078
6.8,875.1506323393182
7.0,875.5088890215242
7.2,875.8575808840818
7.4,876.1968876438123
7.6,876.5269871864726
7.8,876.8480556551175
8.0,877.1602675214039
8.2,877.463795641477
8.4,877.7588112980283
8.6,878.0454842300586
8.8,878.3239826518
9.0,878.5944732621632
9.2,878.8571212459852
9.4,879.1120902682459
9.6,879.3595424623314
9.8,879.5996384133135
10.0,879.832537137123
10.2,880.0583960563985
10.4,880.2773709737065
10.6,880.4896160427481
10.8,880.6952837380848
11.0,880.8945248238563
11.2,881.0874883218955
11.4,881.2743214795881
11.6,881.4551697377779
11.8,881.6301766989737
12.0,881.7994840960728
12.2,881.9632317617832
12.4,882.121557598898
12.6,882.2745975515471
12.8,882.4224855775306
13.0,882.5653536218191
13.2,882.7033315912896
13.4,882.8365473307485
13.6,882.965126600285
13.8,883.0891930539846
14.0,883.2088682200239
14.2,883.3242714821602
14.4,883.4355200626186
14.6,883.5427290063816
14.8,883.6460111668689
15.0,883.7454771929995
15.2,883.8412355176192
15.4,883.9333923472742
15.6,884.0220516533045
15.8,884.1073151642323
16.0,884.1892823594139
16.2,884.2680504639206
16.4,884.3437144446149
16.6,884.4163670073791
16.8,884.4860985954595
17.0,884.5529973888798
17.2,884.6171493048812
17.4,884.6786379993385
17.6,884.7375448691075
17.8,884.7939490552511
18.0,884.8479274470939
18.2,884.8995546870509
18.4,884.9489031761811
18.6,884.996043080406
18.8,885.0410423373428
19.0,885.0839666636942
19.2,885.1248795631416
19.4,885.1638423346822
19.6,885.2009140813576
19.8,885.2361517193175
20.0,885.269609987161
20.2,885.3013414555032
20.4,885.3313965367121
20.6,885.3598234947597
20.8,885.3866684551404
21.0,885.4119754147981
21.2,885.4357862520168
21.4,885.4581407362226
21.6,885.4790765376516
21.8,885.498629236835
22.0,885.5168323338592
22.2,885.5337172573556
22.4,885.5493133731824
22.6,885.5636479927557
22.8,885.5767463809966
23.0,885.5886317638573
23.2,885.5993253353936
23.4,885.6088462643562
23.6,885.6172117002698
23.8,885.6244367789767
24.0,885.630534627622
24.2,885.6355163690592
24.4,885.63939112566
24.6,885.6421660225126
24.8,885.6438461899961
25.0,885.6444347657217
25.2,885.6439328958356
25.4,885.642339735677
25.6,885.6396524497908
25.8,885.6358662112992
26.0,885.6309742006329
26.2,885.6249676036308
26.4,885.6178356090196
26.6,885.6095654052823
26.8,885.6001421769349
27.0,885.5895491002261
27.2,885.5777673382834
27.4,885.5647760357257
27.6,885.5505523127715
27.8,885.5350712588687
28.0,885.5183059258756
28.2,885.5002273208296
28.4,885.4808043983356
28.6,885.4600040526108
28.8,885.4377911092289
29.0,885.4141283166007
29.2,885.3889763372371
29.4,885.3622937388383
29.6,885.3340369852548
29.8,885.3041604273701
30.0,885.2726162939528
30.2,885.2393546825299
30.4,885.2043235503317
30.6,885.1674687053626
30.8,885.1287337976512
31.0,885.0880603107324
31.2,885.0453875534187
31.4,885.0006526519151
31.6,884.9537905423322
31.8,884.9047339636556
32.0,884.8534134512252
32.2,884.7997573307805
32.4,884.7436917131283
32.6,884.6851404894857
32.8,884.6240253275532
33.0,884.5602656683717
33.2,884.4937787240146
33.4,884.424479476166
33.6,884.3522806756354
33.8,884.2770928428574
34.0,884.1988242694207
34.2,884.1173810206736
34.4,884.0326669394476
34.6,883.9445836509396
34.8,883.8530305687906
35.0,883.7579049023958
35.2,883.659101665482
35.4,883.5565136859772
35.6,883.4500316172023
35.8,883.3395439504058
36.0,883.2249370286623
36.2,883.1060950621472
36.4,882.982900144799
36.6,882.8552322723725
36.8,882.7229693618835
37.0,882.5859872724344
37.2,882.4441598274069
37.4,882.2973588379965
37.6,882.145454128055
37.8,881.9883135601943
38.0,881.8258030630943
38.2,881.6577866599368
38.4,881.4841264978766
38.6,881.3046828784331
38.8,881.1193142886675
39.0,880.9278774329763
39.2,880.7302272653079
39.4,880.5262170215616
39.6,880.3156982518963
39.8,880.098520852619
40.0,879.8745330972757
40.2,879.6435816665
40.4,879.4055116761112
40.6,879.1601667028747
40.8,878.9073888072569
41.0,878.6470185524179
41.2,878.3788950185839
41.4,878.1028558118485
41.6,877.8187370663362
41.8,877.5263734385618
42.0,877.2255980926992
42.2,876.9162426753743
42.4,876.598137278487
42.6,876.2711103884728
42.8,875.9349888203317
43.0,875.5895976346818
43.2,875.2347600360536
43.4,874.8702972506143
43.6,874.4960283815276
43.8,874.1117702401973
44.0,873.7173371517359
44.2,873.3125407331312
44.4,872.8971896427705
44.6,872.4710893002224
44.8,872.0340415754662
45.0,871.585844447118
45.2,871.1262916296049
45.4,870.6551721697047
45.6,870.1722700133834
45.8,869.6773635444183
46.0,869.1702250968951
46.2,868.6506204442846
46.4,868.118308268452
46.6,867.5730396125851
46.8,867.014557322666
47.0,866.4425954827057
47.2,865.8568788495251
47.4,865.25712229336
47.6,864.6430302509856
47.8,864.0142961983889
48.0,863.37060215023
48.2,862.7116181934377
48.4,862.0370020622585
48.6,861.3463987619042
48.8,860.6394402476525
49.0,859.9157451657973
49.2,859.174918662278
49.4,858.4165522641016
49.6,857.6402238378514
49.8,856.8454976286486
50.0,856.0319243819226
