0.0,865.5510729070047
0.2,866.2339270783183
0.4,866.9003728295994
0.6,867.5505894703068
0.8,868.1847593350544
1.0,868.8030677935382
1.2,869.4057032495822
1.4,869.9928571292509
1.6,870.5647238580267
1.8,871.1215008270901
2.0,871.6633883487879
2.2,872.190589601414
2.4,872.7033105634762
2.6,873.2017599376541
2.8,873.6861490647045
3.0,874.1566918275997
3.2,874.6136045462271
3.4,875.0571058630107
3.6,875.4874166198514
3.8,875.9047597268102
4.0,876.3093600229919
4.2,876.7014441301084
4.4,877.0812402992308
4.6,877.4489782512582
4.8,877.8048890116469
5.0,878.1492047399681
5.2,878.4821585548689
5.4,878.8039843550248
5.6,879.1149166366824
5.8,879.4151903083922
6.0,879.7050405035385
6.2,879.9847023912696
6.4,880.2544109864333
6.6,880.5144009591133
6.8,880.7649064443578
7.0,881.006160852679
7.2,881.2383966818927
7.4,881.4618453308507
7.6,881.6767369156003
7.8,881.8833000884929
8.0,882.0817618607343
8.2,882.2723474288574
8.4,882.4552800055618
8.6,882.6307806553552
8.8,882.7990681353893
9.0,882.9603587418673
9.2,883.1148661623663
9.4,883.2628013343899
9.6,883.4043723104373
9.8,883.539784129844
10.0,883.6692386976189
10.2,883.792934670475
10.4,883.9110673502153
10.6,884.0238285846096
10.8,884.1314066758666
11.0,884.2339862967739
11.2,884.3317484145543
11.4,884.4248702224539
11.6,884.5135250790521
11.8,884.5978824552587
12.0,884.6781078889331
12.2,884.7543629470409
12.4,884.8268051952381
12.6,884.8955881747498
12.8,884.9608613863918
13.0,885.0227702815621
13.2,885.0814562600127
13.4,885.1370566741948
13.6,885.1897048399546
13.8,885.2395300533453
14.0,885.2866576133063
14.2,885.3312088499496
14.4,885.3733011581886
14.6,885.4130480364278
14.8,885.4505591300349
15.0,885.4859402793048
15.2,885.5192935716234
15.4,885.5507173975361
15.6,885.5803065104275
15.8,885.6081520895098
16.0,885.6343418058316
16.2,885.6589598910073
16.4,885.6820872083782
16.6,885.7038013263212
16.8,885.7241765934167
17.0,885.7432842152041
17.2,885.7611923322531
17.4,885.7779660992844
17.6,885.7936677650866
17.8,885.8083567529794
18.0,885.8220897415833
18.2,885.8349207456647
18.4,885.8469011968338
18.6,885.858080023883
18.8,885.8685037325627
19.0,885.8782164845984
19.2,885.8872601757689
19.4,885.8956745128676
19.6,885.903497089384
19.8,885.9107634597503
20.0,885.9175072120061
20.2,885.9237600387446
20.4,885.9295518062162
20.6,885.934910621465
20.8,885.9398628973933
21.0,885.9444334156502
21.2,885.948645387249
21.4,885.9525205108297
21.6,885.9560790284851
21.8,885.9593397790801
22.0,885.9623202489979
22.2,885.9650366202527
22.4,885.9675038159164
22.6,885.969735542811
22.8,885.9717443314221
23.0,885.973541572996
23.2,885.9751375537875
23.4,885.976541486425
23.6,885.9777615383708
23.8,885.9788048574497
24.0,885.9796775944294
24.2,885.9803849226341
24.4,885.980931054579
24.6,885.9813192556114
24.8,885.9815518545545
25.0,885.9816302513403
25.2,885.9815549216337
25.4,885.9813254184407
25.6,885.9809403707014
25.8,885.9803974788707
26.0,885.9796935074878
26.2,885.978824274742
26.4,885.9777846390411
26.6,885.9765684825929
26.8,885.975168692013
27.0,885.9735771359705
27.2,885.9717846398952
27.4,885.9697809577596
27.6,885.9675547409649
27.8,885.9650935043571
28.0,885.962383589401
28.2,885.9594101245528
28.4,885.9561569828655
28.6,885.9526067368743
28.8,885.9487406108102
29.0,885.9445384301978
29.2,885.9399785688954
29.4,885.935037893647
29.6,885.9296917062162
29.8,885.9239136831861
30.0,885.9176758135089
30.2,885.9109483339017
30.4,885.9036996621925
30.6,885.8958963287256
30.8,885.8875029059474
31.0,885.8784819363011
31.2,885.8687938585663
31.4,885.8583969327929
31.6,885.8472471639835
31.8,885.8352982246917
32.0,885.8225013767086
32.2,885.8088053920278
32.4,885.7941564732777
32.6,885.7784981738303
32.8,885.7617713177973
33.0,885.743913920138
33.2,885.7248611071102
33.4,885.7045450373059
33.6,885.6828948235194
33.8,885.6598364557069
34.0,885.6352927253004
34.2,885.6091831511469
34.4,885.5814239073529
34.6,885.5519277533128
34.8,885.5206039662123
35.0,885.4873582762964
35.2,885.4520928051949
35.4,885.4147060076044
35.6,885.3750926166192
35.8,885.333143593011
36.0,885.2887460787492
36.2,885.2417833550567
36.4,885.1921348052853
36.6,885.139675882896
36.8,885.0842780848199
37.0,885.0258089304643
37.2,884.9641319466263
37.4,884.8991066585567
37.6,884.830588587412
37.8,884.7584292543132
38.0,884.6824761912172
38.2,884.6025729587898
38.4,884.5185591714487
38.6,884.430270529731
38.8,884.3375388601105
39.0,884.2401921623749
39.2,884.138054664647
39.4,884.0309468861083
39.6,883.9186857074592
39.8,883.8010844491239
40.0,883.6779529571777
40.2,883.549097696948
40.4,883.414321854213
40.6,883.2734254438875
40.8,883.1262054260602
41.0,882.9724558292125
41.2,882.8119678804212
41.4,882.6445301423153
41.6,882.4699286565259
41.8,882.2879470933411
42.0,882.0983669072439
42.2,881.9009674979852
42.4,881.6955263768144
42.6,881.4818193374621
42.8,881.259620631444
43.0,881.0287031472297
43.2,880.7888385927963
43.4,880.5397976810639
43.6,880.2813503176903
43.8,880.0132657906847
44.0,879.7353129612808
44.2,879.4472604554973
44.4,879.1488768558016
44.6,878.8399308922809
44.8,878.5201916327181
45.0,878.1894286709681
45.2,877.847412313019
45.4,877.4939137601352
45.6,877.1287052884705
45.8,876.7515604245544
46.0,876.3622541160557
46.2,875.9605628972439
46.4,875.5462650485814
46.6,875.1191407498956
46.8,874.6789722265978
47.0,874.2255438884422
47.2,873.7586424603379
47.4,873.2780571047576
47.6,872.7835795353127
47.8,872.2750041210986
48.0,871.7521279814467
48.2,871.2147510707542
48.4,870.6626762531016
48.6,870.0957093664063
48.8,869.5136592758997
49.0,868.9163379167603
49.2,868.3035603257733
49.4,867.6751446619354
49.6,867.0309122159631
49.8,866.3706874087125
50.0,865.6942977785586
