0.0,785.8743109143184
0.2,788.2059620310728
0.4,790.4903119327635
0.6,792.7285828366666
0.8,794.9219419452528
1.0,797.0715002471527
1.2,799.1783120834035
1.4,801.2433754482787
1.6,803.2676329754556
1.8,805.2519735443989
2.0,807.1972344291846
2.2,809.104203902904
2.4,810.9736242054122
2.6,812.8061947804678
2.8,814.6025756900088
3.0,816.3633911180438
3.2,818.0892328838936
3.4,819.780663893728
3.6,821.4382214698823
3.8,823.0624205087131
4.0,824.6537564291848
4.2,826.2127078854733
4.4,827.7397392272197
4.6,829.2353027003461
4.8,830.6998403893405
5.0,832.1337859085259
5.2,833.537565854997
5.4,834.9116010397087
5.6,836.2563075157136
5.8,837.5720974239383
6.0,838.8593796773085
6.2,840.1185605036908
6.4,841.3500438671647
6.6,842.5542317857766
6.8,843.7315245622714
7.0,844.8823209425193
7.2,846.0070182145238
7.4,847.1060122591143
7.6,848.1796975617589
7.8,849.2284671933863
8.0,850.2527127667519
8.2,851.2528243736743
8.4,852.229190507463
8.6,853.1821979739851
8.8,854.1122317941206
9.0,855.0196750997694
9.2,855.9049090251197
9.4,856.7683125945117
9.6,857.610262607951
9.8,858.4311335251006
10.0,859.2312973484152
10.2,860.0111235059506
10.4,860.7709787342852
10.6,861.5112269619185
10.8,862.2322291934593
11.0,862.934343394871
11.2,863.617924380016
11.4,864.2833236987103
11.6,864.9308895264887
11.8,865.5609665562562
12.0,866.1738958919929
12.2,866.7700149446673
12.4,867.3496573305006
12.6,867.9131527717115
12.8,868.4608269998673
13.0,868.9930016619496
13.2,869.5099942292373
13.4,870.0121179091002
13.6,870.4996815597814
13.8,870.9729896082432
14.0,871.4323419711368
14.2,871.8780339789472
14.4,872.3103563033559
14.6,872.7295948878539
14.8,873.1360308816247
15.0,873.5299405767145
15.2,873.9115953484887
15.4,874.2812615993715
15.6,874.6392007058525
15.8,874.9856689687387
16.0,875.3209175666168
16.2,875.6451925124896
16.4,875.9587346135346
16.6,876.2617794339312
16.8,876.5545572606951
17.0,876.8372930724461
17.2,877.1102065110375
17.4,877.3735118559633
17.6,877.6274180014534
17.8,877.8721284361675
18.0,878.1078412253861
18.2,878.3347489955984
18.4,878.5530389213806
18.6,878.7628927144525
18.8,878.964486614803
19.0,879.157991383766
19.2,879.3435722989283
19.4,879.5213891507541
19.6,879.6915962407995
19.8,879.8543423813993
20.0,880.0097708967014
20.2,880.1580196249287
20.4,880.299220921743
20.6,880.4335016645941
20.8,880.5609832579312
21.0,880.6817816391582
21.2,880.796007285219
21.4,880.9037652196964
21.6,881.0051550203141
21.8,881.1002708267348
22.0,881.1892013485489
22.2,881.2720298733516
22.4,881.3488342748143
22.6,881.4196870206554
22.8,881.4846551804239
23.0,881.5438004330125
23.2,881.5971790738218
23.4,881.6448420215045
23.6,881.6868348242213
23.8,881.7231976653491
24.0,881.7539653685832
24.2,881.7791674023898
24.4,881.7988278837595
24.6,881.8129655812315
24.8,881.8215939171549
25.0,881.8247209691649
25.2,881.8223494708567
25.4,881.8144768116497
25.6,881.8010950358341
25.8,881.7821908408079
26.0,881.7577455745118
26.2,881.7277352320806
26.4,881.6921304517324
26.6,881.6508965099281
26.8,881.6039933158369
27.0,881.5513754051508
27.2,881.4929919332966
27.4,881.4287866681024
27.6,881.358697981979
27.8,881.2826588436844
28.0,881.2005968097416
28.2,881.1124340155917
28.4,881.0180871665634
28.6,880.9174675287469
28.8,880.810480919866
29.0,880.697027700247
29.2,880.5770027639824
29.4,880.4502955303986
29.6,880.3167899359338
29.8,880.1763644265371
30.0,880.0288919507076
30.2,879.8742399532857
30.4,879.7122703701182
30.6,879.5428396237172
30.8,879.3657986200354
31.0,879.180992746479
31.2,878.9882618712833
31.4,878.7874403443734
31.6,878.5783569998314
31.8,878.3608351600949
32.0,878.1346926420046
32.2,877.8997417648214
32.4,877.65578936033
32.6,877.402636785141
32.8,877.1400799353057
33.0,876.8679092633472
33.2,876.5859097978145
33.4,876.2938611654574
33.6,875.991537616116
33.8,875.6787080504141
34.0,875.3551360503411
34.2,875.020579912797
34.4,874.6747926861736
34.6,874.3175222100355
34.8,873.9485111579555
35.0,873.567497083557
35.2,873.174212469801
35.4,872.7683847815548
35.6,872.3497365214629
35.8,871.9179852891383
36.0,871.4728438436814
36.2,871.0140201695226
36.4,870.5412175455772
36.6,870.0541346176922
36.8,869.5524654743535
37.0,869.0358997256112
37.2,868.5041225851746
37.4,867.9568149556137
37.6,867.3936535165985
37.8,866.814310816094
38.0,866.2184553644196
38.2,865.6057517310743
38.4,864.9758606442138
38.6,864.3284390926608
38.8,863.6631404303158
39.0,862.9796144828263
39.2,862.2775076563634
39.4,861.5564630483377
39.6,860.8161205598783
39.8,860.0561170098804
40.0,859.2760862504083
40.2,858.4756592832197
40.4,857.6544643771437
40.6,856.8121271860097
40.8,855.9482708667729
41.0,855.0625161974091
41.2,854.1544816940678
41.4,853.2237837268458
41.6,852.2700366333867
41.8,851.2928528293052
42.0,850.291842914161
42.2,849.2666157713678
42.4,848.2167786599845
42.6,847.141937295789
42.8,846.0416959183783
43.0,844.9156573402165
43.2,843.7634229726062
43.4,842.5845928224242
43.6,841.378765452182
43.8,840.1455378945275
44.0,838.8845055107242
44.2,837.5952617809719
44.4,836.2773980127125
44.6,834.9305029513819
44.8,833.5541622765178
45.0,832.1479579648469
45.2,830.7114675010738
45.4,829.2442629167693
45.6,827.745909638149
45.8,826.2159651248336
46.0,824.6539772840474
46.2,823.0594826482691
46.4,821.432004309218
46.6,819.7710496072522
46.8,818.0761075827776
47.0,816.3466462049828
47.2,814.5821094029353
47.4,812.7819139345121
47.6,810.9454461393734
47.8,809.0720586327964
48.0,807.1610670070921
48.2,805.2117466159909
48.4,803.2233295242086
48.6,801.1950017088617
48.8,799.125900601008
49.0,797.0151130539788
49.2,794.8616738201329
49.4,792.6645646091308
49.6,790.4227137889483
49.8,788.1349967759393
50.0,785.8002371428307
