0.0,878.6233087399534
0.2,879.2211841368888
0.4,879.7870645084871
0.6,880.3210696904503
0.8,880.8234624962637
1.0,881.2946458986012
1.2,881.7351581732688
1.4,882.1456661369247
1.6,882.5269566509164
1.8,882.8799265990173
2.0,883.2055715756293
2.2,883.5049735424625
2.4,883.7792877253414
2.6,884.0297290285121
2.8,884.2575582417865
3.0,884.464068306475
3.2,884.6505708900055
3.4,884.8183834972685
3.6,884.9688173200974
3.8,885.1031659960037
4.0,885.2226954145619
4.2,885.3286346758217
4.4,885.4221682710071
4.6,885.5044295225802
4.8,885.5764952894482
5.0,885.6393819144739
5.2,885.6940423661434
5.4,885.7413645046938
5.6,885.7821703855001
5.8,885.8172164991653
6.0,885.847194838511
6.2,885.8727346773359
6.4,885.8944049441182
6.6,885.9127170753736
6.8,885.9281282377192
7.0,885.941044814324
7.2,885.951826059863
7.4,885.9607878378268
7.6,885.9682063645967
7.8,885.9743218956614
8.0,885.979342300315
8.2,885.9834464818266
8.4,885.9867876101549
8.6,885.9894961435563
8.8,885.9916826237984
9.0,885.9934402370229
9.2,885.9948471385771
9.4,885.9959685453448
9.6,885.9968586033027
9.8,885.9975620412537
10.0,885.9981156240503
10.2,885.9985494201965
10.4,885.998887899621
10.6,885.9991508777509
10.8,885.9993543218906
11.0,885.9995110354099
11.2,885.9996312344826
11.4,885.9997230311467
11.6,885.9997928353646
11.8,885.9998456876015
12.0,885.999885532256
12.2,885.9999154411177
12.4,885.9999377949017
12.6,885.9999544298657
12.8,885.9999667555411
13.0,885.9999758487272
13.2,885.9999825281118
13.4,885.9999874131781
13.6,885.9999909704479
13.8,885.9999935495833
14.0,885.9999954114188
14.2,885.999996749607
14.4,885.9999977072434
14.6,885.9999983895674
14.8,885.999998873613
15.0,885.9999992155031
15.2,885.999999455934
15.4,885.999999624278
15.6,885.9999997416342
15.8,885.999999823089
16.0,885.9999998793785
16.2,885.9999999181077
16.4,885.9999999446385
16.6,885.9999999627335
16.8,885.9999999750211
17.0,885.9999999833285
17.2,885.9999999889205
17.4,885.9999999926682
17.6,885.999999995169
17.8,885.9999999968303
18.0,885.9999999979291
18.2,885.9999999986527
18.4,885.9999999991271
18.6,885.9999999994368
18.8,885.9999999996381
19.0,885.9999999997683
19.2,885.9999999998522
19.4,885.9999999999061
19.6,885.9999999999404
19.8,885.9999999999624
20.0,885.9999999999762
20.2,885.9999999999849
20.4,885.9999999999906
20.6,885.9999999999941
20.8,885.9999999999962
21.0,885.9999999999977
21.2,885.9999999999987
21.4,885.9999999999994
21.6,885.9999999999999
21.8,886.0
22.0,886.0
22.2,886.0
22.4,886.0
22.6,886.0
22.8,886.0
23.0,886.0
23.2,886.0
23.4,886.0
23.6,886.0
23.8,886.0
24.0,886.0
24.2,886.0
24.4,886.0
24.6,886.0
24.8,886.0
25.0,886.0
25.2,886.0
25.4,886.0
25.6,886.0
25.8,886.0
26.0,886.0
26.2,886.0
26.4,886.0
26.6,886.0
26.8,886.0
27.0,886.0
27.2,886.0
27.4,886.0
27.6,886.0
27.8,886.0
28.0,886.0
28.2,886.0
28.4,885.9999999999999
28.6,885.9999999999994
28.8,885.9999999999987
29.0,885.9999999999977
29.2,885.9999999999962
29.4,885.9999999999941
29.6,885.9999999999906
29.8,885.9999999999849
30.0,885.9999999999762
30.2,885.9999999999624
30.4,885.9999999999404
30.6,885.9999999999061
30.8,885.9999999998522
31.0,885.9999999997683
31.2,885.9999999996381
31.4,885.9999999994368
31.6,885.9999999991271
31.8,885.9999999986527
32.0,885.9999999979292
32.2,885.9999999968305
32.4,885.9999999951694
32.6,885.9999999926689
32.8,885.9999999889216
33.0,885.9999999833301
33.2,885.9999999750233
33.4,885.9999999627371
33.6,885.9999999446441
33.8,885.9999999181163
34.0,885.9999998793915
34.2,885.9999998231083
34.4,885.9999997416631
34.6,885.9999996243209
34.8,885.9999994559977
35.0,885.9999992155969
35.2,885.9999988737508
35.4,885.9999983897688
35.6,885.9999977075369
35.8,885.9999967500324
36.0,885.9999954120332
36.2,885.9999935504668
36.4,885.9999909717136
36.6,885.9999874149842
36.8,885.9999825306784
37.0,885.9999758523601
37.2,885.9999667606631
37.4,885.9999544370589
37.6,885.9999378049636
37.8,885.9999154551372
38.0,885.9998855517129
38.2,885.9998457144986
38.4,885.9997928724023
38.6,885.9997230819495
38.8,885.9996313038963
39.0,885.9995111298856
39.2,885.9993544499815
39.4,885.9991510507504
39.6,885.9988881323789
39.8,885.9985497321602
40.0,885.9981160405825
40.2,885.9975625952982
40.4,885.9968593374754
40.6,885.9959695145501
40.8,885.9948484132653
41.0,885.9934419072271
41.2,885.9916848041137
41.4,885.989498979257
41.6,885.9867912846706
41.8,885.9834512258404
42.0,885.9793484027836
42.2,885.9743297171034
42.4,885.9682163530407
42.6,885.9608005478663
42.8,885.9518421753149
43.0,885.941065175053
43.2,885.9281538712454
43.4,885.9127492339438
43.6,885.8944451479871
43.8,885.8727847650625
44.0,885.8472570251379
44.2,885.8172934432038
44.4,885.7822652656971
44.6,885.7414811076
44.8,885.6941851855363
45.0,885.6395562637164
45.2,885.57670742787
45.4,885.5046867969673
45.6,885.4224792732616
45.8,885.3290094178109
46.0,885.2231455211163
46.2,885.1037049169377
46.4,884.9694605620184
46.6,884.8191488758122
46.8,884.6514788029782
47.0,884.4651420282139
47.2,884.2588242388442
47.4,884.0312172965632
47.6,883.7810321469715
47.8,883.5070122652564
48.0,883.2079474097197
48.2,882.8826874329936
48.4,882.5301558847311
48.6,882.1493631301789
48.8,881.7394187070087
49.0,881.2995426485204
49.2,880.8290755149982
49.4,880.327486896453
49.6,879.7943821788139
49.8,879.2295074010931
50.0,878.6327520721939
