0.0,469.8534566090525
0.2,475.21878150727633
0.4,480.54774179111513
0.6,485.83954211834225
0.8,491.09340798167216
1.0,496.30858624759253
1.2,501.4843456553611
1.4,506.6199772754471
1.6,511.714794926828
1.8,516.7681355526787
2.0,521.7793595541203
2.2,526.7478510818243
2.4,531.673018285394
2.6,536.5542935205771
2.8,541.3911335144774
3.0,546.183019489068
3.2,550.9294572434147
3.4,555.6299771951426
3.6,560.2841343817831
3.8,564.8915084227486
4.0,569.4517034427827
4.2,573.9643479578256
4.4,578.4290947243329
4.6,582.8456205531598
4.8,587.213626089209
5.0,591.5328355581071
5.2,595.8029964812418
5.4,600.0238793605478
5.6,604.1952773344824
5.8,608.3170058066756
6.0,612.3889020487758
6.2,616.410824779043
6.4,620.3826537182665
6.6,624.304289124599
6.8,628.1756513089091
7.0,631.9966801322614
7.2,635.7673344871256
7.4,639.487591763914
7.6,643.1574473044269
7.8,646.7769138437696
8.0,650.3460209422802
8.2,653.8648144089741
8.4,657.3333557179827
8.6,660.7517214194205
8.8,664.1200025460776
9.0,667.4383040172842
9.2,670.7067440412497
9.4,673.9254535171253
9.6,677.0945754379849
9.8,680.2142642958676
10.0,683.2846854899616
10.2,686.3060147389554
10.4,689.278437498522
10.6,692.2021483848389
10.8,695.0773506049904
11.0,697.904255395034
11.2,700.6830814664547
11.4,703.4140544616702
11.6,706.0974064191928
11.8,708.7333752489923
12.0,711.322204218549
12.2,713.8641414500329
12.4,716.3594394289853
12.6,718.808354524833
12.8,721.2111465235103
13.0,723.5680781724179
13.2,725.8794147379016
13.4,728.1454235753853
13.6,730.36637371226
13.8,732.5425354435788
14.0,734.67417994058
14.2,736.7615788720208
14.4,738.8050040382733
14.6,740.8047270181008
14.8,742.7610188280084
15.0,744.6741495940336
15.2,746.5443882358184
15.4,748.3720021627848
15.6,750.1572569822151
15.8,751.9004162190203
16.0,753.6017410469652
16.2,755.2614900311088
16.4,756.8799188811967
16.6,758.4572802157486
16.8,759.9938233365576
17.0,761.4897940133261
17.2,762.9454342781486
17.4,764.360982229555
17.6,765.7366718458175
17.8,767.0727328072302
18.0,768.3693903270673
18.2,769.6268649909262
18.4,770.8453726041636
18.6,772.0251240471398
18.8,773.1663251379812
19.0,774.2691765025858
19.2,775.3338734515927
19.4,776.360605864048
19.6,777.3495580775023
19.8,778.3009087842821
20.0,779.2148309336884
20.2,780.0914916398751
20.4,780.9310520951761
20.6,781.733667488653
20.8,782.4994869296438
21.0,783.2286533761039
21.2,783.9213035675378
21.4,784.5775679623268
21.6,785.1975706792703
21.8,785.7814294431661
22.0,786.3292555342624
22.2,786.8411537414254
22.4,787.3172223188728
22.6,787.7575529463377
22.8,788.1622306925296
23.0,788.531333981775
23.2,788.8649345637227
23.4,789.1630974860141
23.6,789.425881069824
23.8,789.653336888187
24.0,789.8455097470343
24.2,790.0024376688744
24.4,790.1241518790606
24.6,790.2106767945944
24.8,790.2620300154288
25.0,790.2782223182352
25.2,790.2592576526183
25.4,790.2051331397589
25.6,790.115839073485
25.8,789.991358923773
26.0,789.8316693426937
26.2,789.6367401728234
26.4,789.406534458152
26.6,789.1410084575281
26.8,788.8401116606888
27.0,788.5037868069312
27.2,788.1319699064942
27.4,787.7245902647232
27.6,787.2815705091042
27.8,786.8028266192587
28.0,786.2882679600041
28.2,785.7377973175887
28.4,785.1513109392232
28.6,784.5286985760373
28.8,783.8698435296025
29.0,783.1746227021646
29.2,782.4429066507472
29.4,781.6745596452898
29.6,780.8694397309952
29.8,780.0273987950717
30.0,779.148282638061
30.2,778.2319310499553
30.4,777.2781778913115
30.6,776.286851179584
30.8,775.2577731808989
31.0,774.1907605075093
31.2,773.0856242211693
31.4,771.9421699426821
31.6,770.7601979678732
31.8,769.5395033902582
32.0,768.2798762306714
32.2,766.9811015741315
32.4,765.6429597142248
32.6,764.2652263052925
32.8,762.8476725227066
33.0,761.39006523153
33.2,759.8921671638508
33.4,758.3537371050862
33.6,756.7745300895491
33.8,755.1542976055722
34.0,753.4927878104762
34.2,751.789745755673
34.4,750.0449136221808
34.6,748.2580309668299
34.8,746.428834979422
35.0,744.5570607511031
35.2,742.6424415541917
35.4,740.6847091336967
35.6,738.6835940107394
35.8,736.6388257980785
36.0,734.550133527919
36.2,732.417245992162
36.4,730.2398920952289
36.6,728.0178012195706
36.8,725.7507036039392
37.0,723.4383307344743
37.2,721.0804157486198
37.4,718.6766938518522
37.6,716.2269027471668
37.8,713.7307830772249
38.0,711.188078879024
38.2,708.5985380509129
38.4,705.9619128317183
38.6,703.277960291712
38.8,700.5464428350876
39.0,697.7671287135703
39.2,694.9397925507246
39.4,692.0642158764736
39.6,689.1401876712818
39.8,686.1675049193992
40.0,683.1459731705038
40.2,680.0754071090191
40.4,676.9556311303234
40.6,673.7864799230085
40.8,670.5677990562822
41.0,667.2994455715511
41.2,663.9812885771586
41.4,660.6132098451967
41.6,657.1951044092509
41.8,653.7268811618835
42.0,650.2084634506054
42.2,646.6397896710367
42.4,643.0208138559074
42.6,639.3515062585032
42.8,635.6318539291216
43.0,631.8618612830622
43.2,628.0415506586462
43.4,624.1709628637223
43.6,620.2501577091023
43.8,616.2792145273406
44.0,612.258232675263
44.2,608.1873320186409
44.4,604.0666533974039
44.6,599.8963590697891
44.8,595.6766331338326
45.0,591.4076819246294
45.2,587.0897343858094
45.4,582.7230424137078
45.6,578.3078811727449
45.8,573.8445493805757
46.0,569.3333695616204
46.2,564.7746882676452
46.4,560.1688762641244
46.6,555.5163286811921
46.8,550.8174651280654
47.0,546.072729769904
47.2,541.2825913661659
47.4,536.447543269611
47.6,531.5681033852047
47.8,526.6448140882858
48.0,521.6782421014643
48.2,516.6689783298381
48.4,511.617637654232
48.6,506.524858682284
48.8,501.39130345732843
49.0,496.21765712515395
49.2,491.004627558838
49.4,485.75294494199295
49.6,480.46336131088304
49.8,475.13665005600535
50.0,469.77360538385017
