0.0,569.7533554957487
0.2,576.4002020547442
0.4,582.90397472186
0.6,589.2673521875271
0.8,595.4929915513993
1.0,601.5835268768097
1.2,607.5415678107314
1.4,613.3696982702829
1.6,619.070475196616
1.8,624.6464273768291
2.0,630.1000543343522
2.2,635.4338252880628
2.4,640.6501781802056
2.6,645.7515187730081
2.8,650.7402198137095
3.0,655.6186202675489
3.2,660.3890246180982
3.4,665.0537022341641
3.6,669.6148868023349
3.8,674.0747758241048
4.0,678.4355301763698
4.2,682.6992737339642
4.4,686.8680930527838
4.6,690.9440371119297
4.8,694.9291171132057
5.0,698.8253063362047
5.2,702.6345400471331
5.4,706.3587154594484
5.6,709.9996917443102
5.8,713.5592900887945
6.0,717.0392937997606
6.2,720.4414484512282
6.4,723.7674620730801
6.6,727.01900537889
6.8,730.1977120306542
7.0,733.3051789381992
7.2,736.3429665910405
7.4,739.3125994204725
7.6,742.2155661896891
7.8,745.0533204097542
8.0,747.827280779274
8.2,750.5388316456553
8.4,753.1893234858807
8.6,755.7800734047762
8.8,758.3123656487984
9.0,760.7874521334303
9.2,763.2065529823319
9.4,765.5708570764585
9.6,767.8815226114307
9.8,770.139677661507
10.0,772.3464207485889
10.2,774.5028214147603
10.4,776.6099207969418
10.6,778.6687322023198
10.8,780.6802416832885
11.0,782.6454086107209
11.2,784.5651662444664
11.4,786.4404223000506
11.6,788.2720595106293
11.8,790.0609361833261
12.0,791.8078867491591
12.2,793.5137223058342
12.4,795.1792311527531
12.6,796.805179317656
12.8,798.3923110743826
13.0,799.9413494513003
13.2,801.4529967300078
13.4,802.9279349339861
13.6,804.3668263069131
13.8,805.7703137804248
14.0,807.1390214311382
14.2,808.4735549268125
14.4,809.7745019615564
14.6,811.0424326800305
14.8,812.2779000906359
15.0,813.4814404677041
15.2,814.6535737427374
15.4,815.794803884777
15.6,816.9056192699941
15.8,817.9864930406264
16.0,819.0378834533943
16.2,820.0602342175504
16.4,821.0539748227271
16.6,822.019520856758
16.8,822.9572743136558
17.0,823.8676238919356
17.2,824.7509452834792
17.4,825.6076014531333
17.6,826.4379429092395
17.8,827.2423079652923
18.0,828.0210229929136
18.2,828.7744026663399
18.4,829.5027501986013
18.6,830.2063575695744
18.8,830.8855057460813
19.0,831.5404648942024
19.2,832.1714945839575
19.4,832.77884398651
19.6,833.3627520640342
19.8,833.9234477523781
20.0,834.46115013665
20.2,834.9760686198401
20.4,835.4684030845902
20.6,835.938344048204
20.8,836.3860728109939
21.0,836.811761598043
21.2,837.2155736944576
21.4,837.5976635741765
21.6,837.9581770223967
21.8,838.2972512516677
22.0,838.6150150117012
22.2,838.9115886929341
22.4,839.1870844238831
22.6,839.4416061623158
22.8,839.6752497802661
23.0,839.8881031429135
23.2,840.0802461813419
23.4,840.2517509591931
23.6,840.4026817332233
23.8,840.5330950077711
24.0,840.643039583143
24.2,840.7325565979186
24.4,840.8016795651772
24.6,840.8504344026484
24.8,840.8788394567821
25.0,840.886905520739
25.2,840.8746358462985
25.4,840.842026149679
25.6,840.789064611268
25.8,840.7157318692558
26.0,840.6220010071689
26.2,840.5078375352954
26.4,840.3731993659947
26.6,840.218036782886
26.8,840.0422924039035
27.0,839.8459011382084
27.2,839.6287901369452
27.4,839.390878737829
27.6,839.1320784035453
27.8,838.8522926539446
28.0,838.5514169920082
28.2,838.2293388235615
28.4,837.8859373707043
28.6,837.5210835789226
28.8,837.1346400178493
29.0,836.7264607756239
29.2,836.2963913468072
29.4,835.8442685137945
29.6,835.3699202216661
29.8,834.873165446409
30.0,834.3538140564326
30.2,833.8116666672984
30.4,833.2465144895716
30.6,832.658139169699
30.8,832.0463126238031
31.0,831.4107968642833
31.2,830.7513438190938
31.4,830.067695143575
31.6,829.3595820246894
31.8,828.6267249775218
32.0,827.8688336338815
32.2,827.0856065228462
32.4,826.2767308430742
32.6,825.4418822267095
32.8,824.5807244946923
33.0,823.6929094032914
33.2,822.7780763816613
33.4,821.83585226023
33.6,820.8658509897195
33.8,819.8676733506021
34.0,818.8409066527936
34.2,817.7851244253916
34.4,816.6998860962672
34.6,815.5847366613294
34.8,814.4392063432882
35.0,813.2628102397505
35.2,812.0550479605031
35.4,810.8154032538461
35.6,809.543343621863
35.8,808.2383199245339
36.0,806.8997659726203
36.2,805.527098109282
36.4,804.1197147804107
36.6,802.676996093705
36.8,801.1983033665406
37.0,799.6829786627368
37.2,798.1303443183572
37.4,796.5397024567327
37.6,794.9103344929425
37.8,793.2415006280414
38.0,791.5324393333781
38.2,789.7823668254085
38.4,787.9904765314677
38.6,786.1559385470304
38.8,784.2778990850559
39.0,782.3554799180848
39.2,780.3877778138226
39.4,778.3738639650228
39.6,776.312783414558
39.8,774.2035544766386
40.0,772.0451681552253
40.2,769.836587560752
40.4,767.5767473263626
40.6,765.2645530249375
40.8,762.8988805882734
41.0,760.4785757298465
41.2,758.0024533726813
41.4,755.4692970839085
41.6,752.8778585176801
41.8,750.2268568681778
42.0,747.5149783345136
42.2,744.740875599398
42.4,741.9031673235031
42.6,739.0004376575083
42.8,736.0312357738683
43.0,732.994075420393
43.2,729.8874344977645
43.4,726.7097546631579
43.6,723.4594409621592
43.8,720.1348614911944
44.0,716.7343470927042
44.2,713.2561910852977
44.4,709.6986490311305
44.6,706.0599385427317
44.8,702.3382391314977
45.0,698.5316921000406
45.2,694.6384004805462
45.4,690.6564290212572
45.6,686.5838042231386
45.8,682.4185144287327
46.0,678.1585099651306
46.2,673.8017033429177
46.4,669.3459695128569
46.6,664.7891461819825
46.8,660.1290341906706
47.0,655.3633979521369
47.2,650.4899659556971
47.4,645.5064313349885
47.6,640.410452502221
47.8,635.1996538493769
48.0,629.8716265171282
48.2,624.423929232083
48.4,618.8540892128069
48.6,613.1596031448942
48.8,607.3379382251879
49.0,601.3865332750682
49.2,595.3027999225371
49.4,589.0841238526439
49.6,582.7278661255954
49.8,576.2313645617021
50.0,569.5919351921036
