0.0,806.7619068309738
0.2,808.8493666983782
0.4,810.896178849446
0.6,812.9026718751006
0.8,814.8691799584055
1.0,816.7960431361964
1.2,818.6836075355867
1.4,820.5322255844168
1.6,822.3422561948433
1.8,824.1140649193788
2.0,825.8480240788264
2.2,827.5445128616752
2.4,829.2039173946525
2.6,830.8266307842574
2.8,832.4130531292286
3.0,833.9635915040252
3.2,835.478659913527
3.4,836.9586792192806
3.6,838.4040770377411
3.8,839.8152876110727
4.0,841.1927516511837
4.2,842.5369161577814
4.4,843.8482342113288
4.6,845.1271647418868
4.8,846.3741722749122
5.0,847.5897266551643
5.2,848.7743027499498
5.4,849.9283801330066
5.6,851.0524427503844
5.8,852.1469785697362
6.0,853.2124792144806
6.2,854.2494395843295
6.4,855.2583574637115
6.6,856.2397331196354
6.8,857.1940688905586
7.0,858.1218687678279
7.2,859.0236379712588
7.4,859.899882520412
7.6,860.751108803106
7.8,861.5778231426865
8.0,862.3805313655373
8.2,863.1597383702865
8.4,863.9159477001156
8.6,864.6496611195327
8.8,865.3613781969191
9.0,866.0515958940989
9.2,866.7208081641189
9.4,867.3695055583637
9.6,867.9981748440574
9.8,868.6072986331338
10.0,869.1973550233829
10.2,869.7688172527015
10.4,870.3221533672057
10.6,870.857825903873
10.8,871.3762915883144
11.0,871.8780010481883
11.2,872.3633985426951
11.4,872.8329217085088
11.6,873.2870013224278
11.8,873.7260610809504
12.0,874.1505173969057
12.2,874.5607792132013
12.4,874.9572478336785
12.6,875.3403167709986
12.8,875.7103716114226
13.0,876.0677898962842
13.2,876.4129410199001
13.4,876.7461861436084
13.6,877.0678781255746
13.8,877.3783614659601
14.0,877.6779722670055
14.2,877.9670382075418
14.4,878.2458785314078
14.6,878.5148040492219
14.8,878.7741171529316
15.0,879.024111842535
15.2,879.2650737643552
15.4,879.4972802602289
15.6,879.721000426961
15.8,879.9364951853842
16.0,880.1440173583604
16.2,880.3438117570581
16.4,880.5361152748355
16.6,880.7211569880699
16.8,880.8991582632716
17.0,881.0703328698362
17.2,881.2348870977928
17.4,881.3930198799235
17.6,881.5449229176397
17.8,881.6907808100201
18.0,881.8307711854294
18.2,881.9650648351582
18.4,882.0938258485432
18.6,882.2172117490464
18.8,882.3353736307946
19.0,882.4484562951043
19.2,882.5565983865349
19.4,882.6599325280396
19.6,882.7585854548048
19.8,882.852678146392
20.0,882.9423259568176
20.2,883.0276387422294
20.4,883.1087209858607
20.6,883.1856719199626
20.8,883.2585856444387
21.0,883.3275512419237
21.2,883.3926528890697
21.4,883.4539699638196
21.6,883.5115771484683
21.8,883.5655445283271
22.0,883.6159376858252
22.2,883.6628177898926
22.4,883.7062416804919
22.6,883.7462619481697
22.8,883.7829270085201
23.0,883.8162811714581
23.2,883.8463647052158
23.4,883.8732138949837
23.6,883.8968610961249
23.8,883.9173347819062
24.0,883.9346595856913
24.2,883.9488563375517
24.4,883.9599420952586
24.6,883.9679301696245
24.8,883.9728301441667
25.0,883.9746478890767
25.2,883.9733855694789
25.4,883.9690416479704
25.6,883.961610881438
25.8,883.9510843121531
26.0,883.937449253151
26.2,883.9206892679083
26.4,883.9007841443298
26.6,883.8777098630749
26.8,883.8514385602468
27.0,883.8219384844814
27.2,883.7891739484787
27.4,883.7531052750268
27.6,883.7136887375736
27.8,883.6708764954182
28.0,883.624616523591
28.2,883.5748525375169
28.4,883.5215239125534
28.6,883.464565598517
28.8,883.4039080293163
29.0,883.3394770278348
29.2,883.2711937062061
29.4,883.1989743616541
29.6,883.1227303680794
29.8,883.04236806359
30.0,882.957788634197
30.2,882.8688879939111
30.4,882.7755566614987
30.6,882.6776796341717
30.8,882.5751362585123
31.0,882.4678000989529
31.2,882.3555388041508
31.4,882.2382139716253
31.6,882.1156810110436
31.8,881.9877890065655
32.0,881.8543805786815
32.2,881.7152917459999
32.4,881.5703517874633
32.6,881.4193831054938
32.8,881.2622010905914
33.0,881.098613987929
33.2,880.9284227665075
33.4,880.7514209914556
33.6,880.5673947000716
33.8,880.3761222822267
34.0,880.1773743657595
34.2,879.9709137075062
34.4,879.7564950906188
34.6,879.5338652288381
34.8,879.3027626783838
35.0,879.0629177581412
35.2,878.814052478809
35.4,878.5558804816843
35.6,878.2881069877457
35.8,878.0104287576903
36.0,877.7225340635694
36.2,877.4241026726476
36.4,877.1148058440955
36.6,876.7943063391001
36.8,876.4622584449487
37.0,876.1183080136165
37.2,875.7620925153475
37.4,875.3932411076834
37.6,875.0113747203505
37.8,874.6161061563722
38.0,874.2070402097183
38.2,873.7837737997547
38.4,873.3458961226979
38.6,872.8929888202148
38.8,872.4246261652513
39.0,871.9403752651
39.2,871.4397962816511
39.4,870.9224426686992
39.6,870.3878614261012
39.8,869.8355933705095
40.0,869.2651734223223
40.2,868.6761309084176
40.4,868.0679898801558
40.6,867.4402694460576
40.8,866.7924841184839
41.0,866.1241441735639
41.2,865.4347560235411
41.4,864.7238226006302
41.6,863.9908437513998
41.8,863.2353166406278
42.0,862.4567361635052
42.2,861.6545953649934
42.4,860.8283858650874
42.6,859.9775982886664
42.8,859.1017226985731
43.0,858.200249030503
43.2,857.2726675282503
43.4,856.3184691778179
43.6,855.3371461388648
43.8,854.3281921719494
44.0,853.2911030600003
44.2,852.2253770224446
44.4,851.130515120417
44.6,850.0060216514834
44.8,848.8514045323205
45.0,847.6661756678216
45.2,846.4498513051196
45.4,845.2019523710677
45.6,843.922004791751
45.8,842.6095397926656
46.0,841.264094178259
46.2,839.8852105895955
46.4,838.4724377389836
46.6,837.0253306204922
46.8,835.5434506953654
47.0,834.0263660514458
47.2,832.4736515358169
47.4,830.8848888599839
47.6,829.2596666770222
47.8,827.5975806302431
48.0,825.8982333730414
48.2,824.1612345597193
48.4,822.3862008071997
48.6,820.5727556276773
48.8,818.7205293323777
49.0,816.829158906727
49.2,814.898287857364
49.4,812.9275660315523
49.6,810.9166494096753
49.8,808.8651998716241
50.0,806.7728849380032
