0.0,768.5182912565695
0.2,770.8399679757858
0.4,773.1208304555713
0.6,775.3617541237226
0.8,777.5635938315153
1.0,779.7271831974513
1.2,781.8533340352166
1.4,783.9428358671638
1.6,785.9964555241123
1.8,788.0149368317284
2.0,789.9990003832397
2.2,791.9493433977174
2.4,793.8666396626699
2.6,795.7515395592127
2.8,797.6046701676155
3.0,799.4266354505995
3.2,801.2180165113465
3.4,802.9793719228086
3.6,804.711238124559
3.8,806.4141298831187
4.0,808.0885408114194
4.2,809.7349439428297
4.4,811.3537923549717
4.6,812.9455198384048
4.8,814.5105416051321
5.0,816.0492550318073
5.2,817.5620404324864
5.4,819.0492618557626
5.6,820.5112679011634
5.8,821.9483925497586
6.0,823.360956004038
6.2,824.7492655322459
6.4,826.1136163125377
6.6,827.4542922725077
6.8,828.7715669198576
7.0,830.0657041602163
7.2,831.3369590983773
7.4,832.5855788194897
7.6,833.8118031470312
7.8,835.0158653746813
8.0,836.1979929695178
8.2,837.3584082442657
8.4,838.4973289966364
8.6,839.6149691141001
8.8,840.7115391427371
9.0,841.7872468191126
9.2,842.8422975644063
9.4,843.8768949403069
9.6,844.8912410664481
9.8,845.8855369994155
10.0,846.8599830735943
10.2,847.8147792043437
10.4,848.7501251541987
10.6,849.6662207629778
10.8,850.5632661428538
11.0,851.4414618395889
11.2,852.3010089612734
11.4,853.1421092760191
11.6,853.9649652801563
11.8,854.7697802385621
12.0,855.5567581988068
12.2,856.326103980853
12.4,857.0780231440698
12.6,857.8127219333397
12.8,858.530407206034
13.0,859.2312863416215
13.2,859.9155671356511
13.4,860.5834576798123
13.6,861.2351662297323
13.8,861.8709010621172
14.0,862.4908703227824
14.2,863.0952818670453
14.4,863.6843430938922
14.6,864.2582607752402
14.8,864.8172408815471
15.0,865.3614884049314
15.2,865.8912071808845
15.4,866.4065997095727
15.6,866.9078669776402
15.8,867.3952082813439
16.0,867.8688210517637
16.2,868.328900682759
16.4,868.7756403622584
16.6,869.2092309073988
16.8,869.6298606039566
17.0,870.0377150504474
17.2,870.4329770072072
17.4,870.8158262507052
17.6,871.1864394332874
17.8,871.5449899484935
18.0,871.8916478020448
18.2,872.2265794885587
18.4,872.5499478740023
18.6,872.8619120838661
18.8,873.1626273970065
19.0,873.4522451450762
19.2,873.7309126174416
19.4,873.9987729714621
19.6,874.2559651479909
19.8,874.5026237919423
20.0,874.7388791777588
20.2,874.9648571396043
20.4,875.1806790060988
20.6,875.3864615394107
20.8,875.5823168785197
21.0,875.7683524864599
21.2,875.9446711013564
21.4,876.1113706910728
21.6,876.2685444112858
21.8,876.4162805668155
22.0,876.5546625760377
22.2,876.6837689382187
22.4,876.8036732036164
22.6,876.9144439461993
22.8,877.0161447388462
23.0,877.1088341308964
23.2,877.1925656279299
23.4,877.2673876736662
23.6,877.3333436338801
23.8,877.3904717822425
24.0,877.4388052880056
24.2,877.4783722054577
24.4,877.5091954650885
24.6,877.5312928664086
24.8,877.5446770723856
25.0,877.5493556054594
25.2,877.5453308451168
25.4,877.5326000270128
25.6,877.5111552436333
25.8,877.4809834465087
26.0,877.4420664499934
26.2,877.3943809366391
26.4,877.3378984641982
26.6,877.2725854743032
26.8,877.1984033028789
27.0,877.1153081923552
27.2,877.0232513057542
27.4,876.9221787427407
27.6,876.8120315577297
27.8,876.6927457801592
28.0,876.5642524370418
28.2,876.4264775779225
28.4,876.2793423023741
28.6,876.1227627901764
28.8,875.9566503343304
29.0,875.7809113770661
29.2,875.5954475490139
29.4,875.4001557117122
29.6,875.1949280036333
29.8,874.9796518899126
30.0,874.7542102159701
30.2,874.5184812652196
30.4,874.2723388210551
30.6,874.0156522333118
30.8,873.7482864893916
31.0,873.4701022902393
31.2,873.1809561313521
31.4,872.8807003889941
31.6,872.5691834117769
31.8,872.2462496177511
32.0,871.9117395971411
32.2,871.5654902208286
32.4,871.2073347546727
32.6,870.8371029797208
32.8,870.4546213183395
33.0,870.0597129662519
33.2,869.6521980304374
33.4,869.2318936727959
33.6,868.7986142594427
33.8,868.3521715154367
34.0,867.8923746846973
34.2,867.4190306948007
34.4,866.9319443262825
34.6,866.4309183860079
34.8,865.9157538840955
35.0,865.3862502138077
35.2,864.8422053337442
35.4,864.2834159515911
35.6,863.7096777085966
35.8,863.1207853638634
36.0,862.5165329774584
36.2,861.8967140912561
36.4,861.2611219063505
36.6,860.6095494557826
36.8,859.941789771253
37.0,859.2576360424086
37.2,858.5568817672217
37.4,857.8393208919072
37.6,857.1047479387672
37.8,856.352958120292
38.0,855.5837474378029
38.2,854.7969127628871
38.4,853.992251899846
38.6,853.1695636273658
38.8,852.3286477176217
39.0,851.4693049310306
39.2,850.591336984908
39.4,849.6945464943158
39.6,848.7787368834578
39.8,847.8437122660503
40.0,846.8892772931933
40.2,845.9152369673828
40.4,844.9213964214296
40.6,843.90756066121
40.8,842.8735342713334
41.0,841.8191210830032
41.2,840.744123803551
41.4,839.648343607344
41.6,838.531579688003
41.8,837.3936287721231
42.0,836.2342845949489
42.2,835.0533373387415
42.4,833.850573034853
42.6,832.6257729308313
42.8,831.3787128241697
43.0,830.1091623646298
43.2,828.8168843273695
43.4,827.5016338594155
43.6,826.163157702324
43.8,824.8011933941643
44.0,823.4154684542511
44.2,822.0056995543208
44.4,820.5715916801096
44.6,819.1128372875232
44.8,817.6291154578157
45.0,816.1200910563822
45.2,814.5854138999399
45.4,813.0247179370122
45.6,811.4376204467359
45.8,809.8237212610874
46.0,808.1826020156591
46.2,806.513825434122
46.4,804.8169346514755
46.6,803.091452581105
46.8,801.336881330561
47.0,799.552701670813
47.2,797.7383725635432
47.4,795.8933307508099
47.6,794.0169904111419
47.8,792.1087428858195
48.0,790.1679564787574
48.2,788.1939763330278
48.4,786.1861243866641
48.6,784.1436994099502
48.8,782.0659771259473
49.0,779.9522104155341
49.2,777.8016296077434
49.4,775.6134428556726
49.6,773.3868365977264
49.8,771.1209761034366
50.0,768.8150061025751
