0.0,590.9880694668424
0.2,591.4379243675833
0.4,592.2905403188877
0.6,593.539258878172
0.8,595.1728439566699
1.0,597.1758043541956
1.2,599.5288261485076
1.4,602.2092955830971
1.6,605.1918896942847
1.8,608.4492098887856
2.0,611.9524330917089
2.2,615.6719558913143
2.4,619.5780091725138
2.6,623.6412238377297
2.8,627.8331320859809
3.0,632.1265930530249
3.2,636.4961360972914
3.4,640.9182193593422
3.6,645.3714051790477
3.8,649.836457332752
4.0,654.2963677244239
4.2,658.7363220675968
4.4,663.1436152274446
4.6,667.5075273056489
4.8,671.819171336318
5.0,676.071322737655
5.2,680.2582395634408
5.4,684.3754812540419
5.6,688.4197321230142
5.8,692.388634340451
6.0,696.2806337748739
6.2,700.0948407953798
6.4,703.8309070557536
6.6,707.4889184023491
6.8,711.0693033702297
7.0,714.5727562462954
7.2,718.0001733633067
7.4,721.3526011186535
7.6,724.6311941578014
7.8,727.8371821963129
8.0,730.9718440500978
8.2,734.036487578453
8.4,737.0324343998897
8.6,739.9610084022967
8.8,742.8235272261188
9.0,745.6212960449382
9.2,748.3556030979692
9.4,751.0277165416267
9.6,753.638882282288
9.8,756.1903225305492
10.0,758.6832348802814
10.2,761.1187917655881
10.4,763.4981401874086
10.6,765.8224016309929
10.8,768.0926721176047
11.0,770.3100223501675
11.2,772.4754979244858
11.4,774.5901195862267
11.6,776.6548835199144
11.8,778.6707616604301
12.0,780.6387020204378
12.2,782.559629029162
12.4,784.434443879295
12.6,786.2640248797188
12.8,788.0492278123338
13.0,789.790886291684
13.2,791.4898121263402
13.4,793.1467956811786
13.6,794.7626062398169
13.8,796.3379923665575
14.0,797.873682267248
14.2,799.3703841485235
14.4,800.8287865749312
14.6,802.2495588234742
14.8,803.6333512351447
15.0,804.9807955630412
15.2,806.2925053166942
15.4,807.569076102251
15.6,808.8110859581916
15.8,810.0190956862762
16.0,811.1936491774418
16.2,812.3352737323929
16.4,813.4444803766485
16.6,814.5217641698291
16.8,815.5676045089873
17.0,816.5824654258021
17.2,817.5667958774776
17.4,818.5210300311993
17.6,819.4455875420207
17.8,820.3408738240653
18.0,821.2072803149451
18.2,822.0451847333071
18.4,822.854951329433
18.6,823.6369311288305
18.8,824.3914621687608
19.0,825.1188697276607
19.2,825.8194665474253
19.4,826.493553048523
19.6,827.1414175379269
19.8,827.7633364098494
20.0,828.3595743392741
20.2,828.930384468285
20.4,829.4760085851972
20.6,829.9966772964975
20.8,830.4926101916085
21.0,830.9640160004883
21.2,831.4110927440871
21.4,831.8340278776795
21.6,832.232998427092
21.8,832.6081711178517
22.0,832.9597024972785
22.2,833.2877390495432
22.4,833.5924173037184
22.6,833.8738639348445
22.8,834.1321958580342
23.0,834.3675203156386
23.2,834.5799349574976
23.4,834.7695279142913
23.6,834.9363778640164
23.8,835.0805540916004
24.0,835.2021165416719
24.2,835.3011158644988
24.4,835.3775934551086
24.6,835.4315814855952
24.8,835.4631029306253
25.0,835.472171586144
25.2,835.458792081286
25.4,835.4229598834886
25.6,835.3646612968085
25.8,835.2838734534329
26.0,835.1805642983807
26.2,835.0546925673837
26.4,834.9062077579348
26.6,834.7350500934898
26.8,834.5411504808062
27.0,834.324430460399
27.2,834.0848021500962
27.4,833.8221681816683
27.6,833.5364216305095
27.8,833.2274459383434
28.0,832.8951148289287
28.2,832.5392922167347
28.4,832.1598321085577
28.6,831.7565784980501
28.8,831.3293652531305
29.0,830.8780159962463
29.2,830.4023439774571
29.4,829.9021519403118
29.6,829.3772319804903
29.8,828.8273653971825
30.0,828.252322537181
30.2,827.6518626316639
30.4,827.0257336256477
30.6,826.3736720000959
30.8,825.6954025866679
31.0,824.9906383751019
31.2,824.2590803132283
31.4,823.5004170996164
31.6,822.7143249688625
31.8,821.9004674695365
32.0,821.0584952348102
32.2,820.1880457457997
32.4,819.2887430876634
32.6,818.3601976985068
32.8,817.4020061111573
33.0,816.4137506878834
33.2,815.3949993481427
33.4,814.3453052894628
33.6,813.2642067015648
33.8,812.1512264738637
34.0,811.005871896488
34.2,809.8276343549819
34.4,808.6159890188723
34.6,807.3703945242969
34.8,806.0902926509153
35.0,804.77510799334
35.2,803.4242476273504
35.4,802.0371007711701
35.6,800.6130384421174
35.8,799.1514131089546
36.0,797.6515583402963
36.2,796.1127884494539
36.4,794.5343981361261
36.6,792.9156621253744
36.8,791.2558348043499
37.0,789.5541498572773
37.2,787.8098198992407
37.4,786.0220361093646
37.6,784.1899678640492
37.8,782.3127623710058
38.0,780.3895443049607
38.2,778.4194154460761
38.4,776.4014543224029
38.6,774.3347158580831
38.8,772.2182310296236
39.0,770.051006533469
39.2,767.832024469456
39.4,765.5602420467288
39.6,763.2345913216302
39.8,760.8539789813095
40.0,758.4172861928598
40.2,755.9233685463366
40.4,753.3710561319201
40.6,750.7591538078311
40.8,748.0864417377162
41.0,745.3516763056814
41.2,742.5535915557623
41.4,739.6909013523734
41.6,736.7623025212338
41.8,733.7664793083827
42.0,730.7021095897783
42.2,727.567873376536
42.4,724.3624642908776
42.6,721.084604833447
42.8,717.7330664196636
43.0,714.3066953241954
43.2,710.8044458279511
43.4,707.2254219967942
43.6,703.5689296168624
43.8,699.8345398453213
44.0,696.0221660815257
44.2,692.1321553936424
44.4,688.1653955212511
44.6,684.1234379890885
44.8,680.0086371903584
45.0,675.8243044188699
45.2,671.5748747501609
45.4,667.2660834127339
45.6,662.90514689234
45.8,658.5009425385487
46.0,654.0641789804049
46.2,649.60754831472
46.4,645.1458499308013
46.6,640.6960751124302
46.8,636.2774413436434
47.0,631.9113656577925
47.2,627.6213675009033
47.4,623.4328934815292
47.6,619.3730590487384
47.8,615.4703055150878
48.0,611.7539747945556
48.2,608.2538085647328
48.4,604.9993830407298
48.6,602.0194948765634
48.8,599.341517578826
49.0,596.9907509214721
49.2,594.9897879145142
49.4,593.3579246851423
49.6,592.110638039118
49.8,591.2591534423161
50.0,590.8101227622469
