0.0,658.1952159652286
0.2,663.333744632884
0.4,668.3312057258128
0.6,673.1915831164098
0.8,677.9187967661803
1.0,682.516700178888
1.2,686.9890780541074
1.4,691.3396441454628
1.6,695.5720393263837
1.8,699.6898298647553
2.0,703.6965059064197
2.2,707.5954801661068
2.4,711.3900868230635
2.6,715.0835806174205
2.8,718.6791361421992
3.0,722.1798473248396
3.2,725.5887270912192
3.4,728.9087072043573
3.6,732.1426382693418
3.8,735.2932898955063
4.0,738.3633510064924
4.2,741.3554302885858
4.4,744.2720567675791
4.6,747.1156805044097
4.8,749.888673399914
5.0,752.5933300992432
5.2,755.231868986772
5.4,757.8064332626899
5.6,760.3190920928954
5.8,762.771841824286
6.0,765.1666072580489
6.2,767.5052429740911
6.4,769.7895347002941
6.6,772.0212007208248
6.8,774.2018933182658
7.0,776.3332002448411
7.2,778.4166462185029
7.4,780.4536944400849
7.6,782.4457481281422
7.8,784.3941520684588
8.0,786.300194175513
8.2,788.1651070634664
8.4,789.9900696244506
8.6,791.7762086121012
8.8,793.5246002284122
9.0,795.2362717120686
9.2,796.91220292646
9.4,798.5533279455929
9.6,800.1605366361047
9.8,801.7346762335495
10.0,803.2765529110671
10.2,804.7869333384908
10.4,806.2665462298751
10.6,807.7160838773576
10.8,809.1362036692059
11.0,810.5275295898399
11.2,811.8906536995815
11.4,813.2261375918509
11.6,814.5345138255232
11.8,815.8162873301652
12.0,817.0719367819091
12.2,818.3019159477681
12.4,819.5066549962806
12.6,820.6865617724654
12.8,821.8420230351875
13.0,822.973405655179
13.2,824.0810577721079
13.4,825.1653099092662
13.6,826.2264760446316
13.8,827.2648546372523
14.0,828.2807296081119
14.2,829.2743712748376
14.4,830.246037239833
14.6,831.1959732316235
14.8,832.1244138994188
15.0,833.0315835611002
15.2,833.9176969050409
15.4,834.7829596463556
15.6,835.6275691383611
15.8,836.4517149401912
16.0,837.2555793416658
16.2,838.0393378466597
16.4,838.8031596163303
16.6,839.5472078736854
16.8,840.2716402710556
17.0,840.9766092221234
17.2,841.6622622002129
17.4,842.3287420046
17.6,842.9761869966301
17.8,843.6047313074502
18.0,844.2145050191651
18.2,844.805634321224
18.4,845.3782416438183
18.6,845.9324457700483
18.8,846.4683619285737
19.0,846.9861018684186
19.2,847.4857739175421
19.4,847.967483026735
19.6,848.4313308003271
19.8,848.8774155151297
20.0,849.3058321289584
20.2,849.7166722800144
20.4,850.1100242783202
20.6,850.485973090334
20.8,850.8446003177922
21.0,851.1859841717512
21.2,851.5101994427296
21.4,851.8173174677802
21.6,852.1074060952529
21.8,852.380529647943
22.0,852.6367488852551
22.2,852.8761209649582
22.4,853.0986994050472
22.6,853.3045340461728
22.8,853.493671015056
23.0,853.6661526892569
23.2,853.8220176636236
23.4,853.9613007187085
23.6,854.084032791407
23.8,854.1902409480384
24.0,854.2799483600571
24.2,854.3531742825619
24.4,854.4099340357388
24.6,854.4502389893564
24.8,854.474096550409
25.0,854.4815101539835
25.2,854.4724792574108
25.4,854.4469993377392
25.6,854.4050618925608
25.8,854.3466544441942
26.0,854.2717605472176
26.2,854.1803597993279
26.4,854.072427855482
26.6,853.9479364452588
26.8,853.8068533933595
27.0,853.6491426431431
27.2,853.4747642830667
27.4,853.2836745758767
27.6,853.0758259903664
27.8,852.8511672354841
28.0,852.6096432965389
28.2,852.3511954732169
28.4,852.0757614190735
28.6,851.7832751821284
28.8,851.4736672461357
29.0,851.146864572052
29.2,850.802790639168
29.4,850.441365485312
29.6,850.0625057454663
29.8,849.6661246880763
30.0,849.2521322482579
30.2,848.820435057042
30.4,848.3709364657173
30.6,847.9035365642568
30.8,847.4181321927394
31.0,846.914616944596
31.2,846.3928811604351
31.4,845.8528119111251
31.6,845.2942929687331
31.8,844.7172047638511
32.0,844.1214243277676
32.2,843.5068252178806
32.4,842.8732774246857
32.6,842.2206472586238
32.8,841.5487972150236
33.0,840.8575858153431
33.2,840.1468674228807
33.4,839.4164920311177
33.6,838.6663050228459
33.8,837.8961468982429
34.0,837.1058529700827
34.2,836.2952530243024
34.4,835.4641709441999
34.6,834.6124242966022
34.8,833.7398238784268
35.0,832.8461732221562
35.2,831.9312680588578
35.4,830.9948957375111
35.6,830.0368345995412
35.8,829.05685330762
36.0,828.0547101279578
36.2,827.0301521654886
36.4,825.9829145515424
36.6,824.9127195837872
36.8,823.8192758184305
37.0,822.7022771148667
37.2,821.5614016331666
37.4,820.3963107850049
37.6,819.2066481388184
37.8,817.9920382801841
38.0,816.7520856285844
38.2,815.4863732118977
38.4,814.1944614001127
38.6,812.8758865999043
38.8,811.5301599118308
39.0,810.1567657520233
39.2,808.7551604403199
39.4,807.324770756864
39.6,805.8649924692355
39.8,804.3751888322081
40.0,802.8546890622404
40.2,801.3027867887984
40.4,799.7187384845942
40.6,798.1017618767911
40.8,796.4510343411957
41.0,794.7656912814192
41.2,793.0448244949538
41.4,791.2874805280858
41.6,789.4926590215506
41.8,787.6593110488378
42.0,785.786337449084
42.2,783.8725871565398
42.4,781.9168555286925
42.6,779.9178826752443
42.8,777.8743517903163
43.0,775.784887490458
43.2,773.6480541612974
43.4,771.4623543159724
43.6,769.2262269688321
43.8,766.9380460282947
44.0,764.5961187131861
44.2,762.1986839973588
44.4,759.7439110879
44.6,757.2298979427719
44.8,754.6546698342789
45.0,752.016177965311
45.2,749.3122981458707
45.4,746.5408295379278
45.6,743.6994934771544
45.8,740.7859323805669
46.0,737.797708749512
46.2,734.7323042777841
46.4,731.5871190749257
46.6,728.3594710149392
46.8,725.0465952207069
47.0,721.6456436943705
47.2,718.1536851037581
47.4,714.5677047346467
47.6,710.8846046182216
47.8,707.1012038425265
48.0,703.2142390559969
48.2,699.2203651703329
48.4,695.1161562690072
48.6,690.8981067266167
48.8,686.5626325430969
49.0,682.106072895524
49.2,677.5246919088605
49.4,672.8146806455609
49.6,667.972159312471
49.8,662.993179681946
50.0,657.8737277225954
