0.0,779.4644448048311
0.2,781.457098384481
0.4,783.4247799809766
0.6,785.368804396924
0.8,787.2903372041367
1.0,789.1903937070725
1.2,791.069839705906
1.4,792.9293940040045
1.6,794.7696325724713
1.8,796.5909942550514
2.0,798.3937878707756
2.2,800.1782005498375
2.4,801.9443071208059
2.6,803.6920803546641
2.8,805.4214018635029
3.0,807.1320734489474
3.2,808.8238286974314
3.4,810.4963446259511
3.6,812.1492531925279
3.8,813.7821524997746
4.0,815.3946175371175
4.2,816.9862103267286
4.4,818.5564893594117
4.6,820.1050182288885
4.8,821.6313733954986
5.0,823.135151032633
5.2,824.615972930729
5.4,826.0734914538534
5.6,827.5073935623897
5.8,828.9174039318118
6.0,830.3032872117178
6.2,831.6648494810821
6.4,833.0019389649993
6.6,834.3144460850572
6.8,835.6023029199646
7.0,836.8654821553479
7.2,838.1039956018777
7.4,839.3178923593528
7.6,840.5072567012953
7.8,841.6722057502689
8.0,842.812887008793
8.2,843.9294758046669
8.4,845.0221727029615
8.6,846.0912009301593
8.8,847.1368038490817
9.0,848.1592425165605
9.2,849.1587933494014
9.4,850.1357459181997
9.6,851.0904008830622
9.8,852.023068080355
10.0,852.9340647652443
10.2,853.8237140110646
10.4,854.6923432634021
10.6,855.540283044228
10.8,856.3678657993994
11.0,857.1754248813284
11.2,857.9632936575588
11.4,858.7318047353175
11.6,859.4812892917791
11.8,860.2120764997401
12.0,860.9244930385848
12.2,861.6188626808016
12.4,862.2955059448167
12.6,862.9547398055244
12.8,863.5968774545706
13.0,864.2222281031494
13.2,864.8310968208024
13.4,865.4237844044118
13.6,866.0005872722712
13.8,866.5617973787636
14.0,867.1077021457836
14.2,867.6385844075979
14.4,868.1547223663408
14.6,868.6563895557931
14.8,869.1438548114958
15.0,869.6173822455995
15.2,870.0772312251535
15.4,870.5236563528022
15.6,870.956907449077
15.8,871.3772295356595
16.0,871.7848628191474
16.2,872.1800426749819
16.4,872.5629996313008
16.6,872.9339593525624
16.8,873.2931426228558
17.0,873.6407653288608
17.2,873.9770384424593
17.4,874.3021680030337
17.6,874.6163550995017
17.8,874.9197958521565
18.0,875.2126813943845
18.2,875.4951978543413
18.4,875.767526336666
18.6,876.0298429043092
18.8,876.2823185605516
19.0,876.5251192312829
19.2,876.7584057476018
19.4,876.9823338287997
19.6,877.1970540657738
19.8,877.4027119049202
20.0,877.5994476325391
20.2,877.7873963597879
20.4,877.9666880082069
20.6,878.1374472958385
20.8,878.2997937239531
21.0,878.453841564395
21.2,878.5996998475523
21.4,878.7374723509544
21.6,878.8672575884951
21.8,878.9891488002795
22.0,879.1032339430855
22.2,879.2095956814343
22.4,879.308311379259
22.6,879.3994530921595
22.8,879.4830875602332
23.0,879.5592762014666
23.2,879.6280751056776
23.4,879.6895350289941
23.6,879.7437013888564
23.8,879.7906142595317
24.0,879.83030836813
24.2,879.8628130911094
24.4,879.8881524512637
24.6,879.9063451151832
24.8,879.9174043911805
25.0,879.9213382276806
25.2,879.918149212066
25.4,879.9078345699802
25.6,879.8903861650842
25.8,879.8657904992722
26.0,879.8340287133448
26.2,879.7950765881473
26.4,879.7489045461793
26.6,879.6954776536802
26.8,879.6347556232026
27.0,879.5666928166835
27.2,879.4912382490214
27.4,879.4083355921782
27.6,879.3179231798115
27.8,879.2199340124572
28.0,879.1142957632728
28.2,879.000930784359
28.4,878.8797561136685
28.6,878.7506834825226
28.8,878.6136193237438
29.0,878.468464780416
29.2,878.3151157152864
29.4,878.1534627208147
29.6,877.9833911298754
29.8,877.8047810271196
30.0,877.617507260995
30.2,877.4214394564207
30.4,877.2164420281101
30.6,877.002374194533
30.8,876.7790899924954
31.0,876.5464382923213
31.2,876.3042628136055
31.4,876.0524021415052
31.6,875.7906897435331
31.8,875.5189539868051
32.0,875.237018155692
32.2,874.9447004698185
32.4,874.6418141023469
32.6,874.3281671984798
32.8,874.0035628941116
33.0,873.6677993345592
33.2,873.3206696933021
33.4,872.9619621906695
33.6,872.5914601124165
33.8,872.2089418281499
34.0,871.8141808095849
34.2,871.4069456486402
34.4,870.9870000754238
34.6,870.5541029762065
34.8,870.1080084115571
35.0,869.6484656348857
35.2,869.175219111758
35.4,868.6880085404605
35.6,868.1865688744633
35.8,867.6706303476075
36.0,867.1399185030691
36.2,866.5941542274129
36.4,866.0330537913559
36.6,865.4563288992073
36.8,864.8636867493578
37.0,864.254830108637
37.2,863.6294574038675
37.4,862.9872628344981
37.6,862.327936510801
37.8,861.6511646227744
38.0,860.9566296455688
38.2,860.2440105879716
38.4,859.5129832912033
38.6,858.763220785981
38.8,857.9943937164903
39.0,857.2061708405047
39.2,856.3982196154101
39.4,855.5702068802585
39.6,854.7217996441643
39.8,853.8526659913107
40.0,852.9624761125019
40.2,852.0509034725258
40.4,851.117626121524
40.6,850.1623281570506
40.8,849.1847013414796
41.0,848.1844468768631
41.2,847.1612773361994
41.4,846.1149187463247
41.6,845.0451128132978
41.8,843.9516192761964
42.0,842.8342183697472
42.2,841.6927133702081
42.4,840.5269331925199
42.6,839.336735000041
42.8,838.1220067813551
43.0,836.8826698418352
43.2,835.6186811511038
43.4,834.3300354814533
43.6,833.01676726695
43.8,831.6789521085914
44.0,830.3167078478122
44.2,828.9301951290812
44.4,827.519617372585
44.6,826.0852200802568
44.8,824.6272894029004
45.0,823.1461499030082
45.2,821.6421614571781
45.4,820.1157152538083
45.6,818.567228855934
45.8,816.997140315523
46.0,815.4059013440284
46.2,813.7939695641949
46.4,812.1617998896032
46.6,810.5098351007507
46.8,808.8384957090224
47.0,807.1481692221112
47.2,805.4391989456287
47.4,803.7118724751637
47.6,801.9664100501931
47.8,800.2029529554371
48.0,798.4215521658451
48.2,796.6221574379372
48.4,794.8046070522712
48.6,792.9686184090796
48.8,791.1137796714711
49.0,789.2395426380083
49.2,787.3452170091039
49.4,785.429966189822
49.6,783.4928047457837
49.8,781.5325975995336
50.0,779.5480610226509
