0.0,689.4415381618971
0.2,693.8306046554833
0.4,698.0789984527325
0.6,702.1908721967577
0.8,706.1704220045854
1.0,710.0218857580621
1.2,713.7495394960478
1.4,717.3576919439732
1.6,720.8506772610511
1.8,724.2328461270723
2.0,727.5085553287234
2.2,730.6821560387356
2.4,733.7579810091373
2.6,736.7403309217916
2.8,739.6334601548363
3.0,742.4415622323926
3.2,745.1687552269285
3.4,747.8190673791559
3.6,750.3964231896595
3.8,752.9046302201269
4.0,755.3473668207471
4.2,757.7281709748504
4.4,760.0504304230338
4.6,762.3173741977753
4.8,764.5320656668179
5.0,766.6973971503178
5.2,768.8160861437881
5.4,770.8906731470453
5.6,772.9235210694077
5.8,774.9168161539367
6.0,776.8725703390634
6.2,778.7926249548933
6.4,780.6786556341068
6.6,782.5321783038053
6.8,784.3545561149281
7.0,786.1470071599001
7.2,787.9106128267899
7.4,789.646326639202
7.6,791.354983435081
7.8,793.0373087441834
8.0,794.6939282327787
8.2,796.3253770947455
8.4,797.9321092801991
8.6,799.5145064657175
8.8,801.0728866837026
9.0,802.6075125420764
9.2,804.1185989790281
9.4,805.6063205105987
9.6,807.0708179412941
9.8,808.512204519438
10.0,809.930571529479
10.2,811.3259933228398
10.4,812.6985317970789
10.6,814.0482403401112
10.8,815.3751672619966
11.0,816.6793587414159
11.2,817.9608613174447
11.4,819.2197239597234
11.6,820.4559997516567
11.8,821.6697472220085
12.0,822.8610313602436
12.2,824.0299243503657
12.4,825.1765060568716
12.6,826.3008642949212
12.8,827.4030949149823
13.0,828.4833017301465
13.2,829.5415963121068
13.4,830.578097679494
13.6,831.592931899965
13.8,832.5862316251485
14.0,833.5581355753455
14.2,834.5087879887625
14.4,835.4383380480616
14.6,836.3469392951591
14.8,837.2347490434938
15.0,838.1019277954349
15.2,838.9486386711004
15.4,839.7750468536108
15.6,840.5813190547009
15.8,841.3676230036538
16.0,842.1341269616864
16.2,842.8809992632081
16.4,843.6084078847703
16.6,844.3165200420217
16.8,845.00550181457
17.0,845.6755177983157
17.2,846.3267307845535
17.4,846.9593014649298
17.6,847.5733881611901
17.8,848.1691465785325
18.0,848.7467295813101
18.2,849.3062869897797
18.4,849.8479653965705
18.6,850.3719080015514
18.8,850.8782544637878
19.0,851.3671407693113
19.2,851.8386991134661
19.4,852.2930577966404
19.6,852.7303411322459
19.8,853.1506693658654
20.0,853.5541586045453
20.2,853.9409207552698
20.4,854.3110634717156
20.6,854.6646901084405
20.8,855.0018996817198
21.0,855.322786836301
21.2,855.6274418173988
21.4,855.915950447306
21.6,856.1883941060433
21.8,856.4448497155213
22.0,856.685389726726
22.2,856.9100821094897
22.4,857.11899034444
22.6,857.312173416761
22.8,857.4896858114371
23.0,857.6515775096774
23.2,857.7978939862534
23.4,857.9286762075106
23.6,858.0439606298413
23.8,858.1437791984283
24.0,858.2281593461006
24.2,858.2971239921569
24.4,858.3506915410384
24.6,858.3888758807533
24.8,858.4116863809721
25.0,858.4191278907363
25.2,858.4112007357359
25.4,858.3879007151372
25.6,858.349219097952
25.8,858.2951426189612
26.0,858.2256534742287
26.2,858.1407293162484
26.4,858.0403432487984
26.6,857.9244638215868
26.8,857.7930550247969
27.0,857.6460762836653
27.2,857.4834824532369
27.4,857.3052238134774
27.6,857.1112460649398
27.8,856.9014903252101
28.0,856.6758931263872
28.2,856.4343864138773
28.4,856.176897546822
28.6,855.9033493005052
28.8,855.613659871124
29.0,855.3077428833502
29.2,854.9855074011424
29.4,854.6468579423199
29.6,854.2916944974506
29.8,853.9199125536571
30.0,853.5314031239932
30.2,853.1260527831008
30.4,852.703743709911
30.6,852.2643537382113
30.8,851.8077564159636
31.0,851.3338210743171
31.2,850.8424129073245
31.4,850.3333930634316
31.6,849.8066187498729
31.8,849.2619433511668
32.0,848.69921656296
32.2,848.1182845425201
32.4,847.5189900772253
32.6,846.9011727724294
32.8,846.2646692601045
33.0,845.6093134296715
33.2,844.9349366824094
33.4,844.2413682108013
33.6,843.5284353041004
33.8,842.7959636812965
34.0,842.0437778525132
34.2,841.2717015096695
34.4,840.4795579469769
34.6,839.6671705115207
34.8,838.8343630837707
35.0,837.9809605873711
35.2,837.106789526977
35.4,836.2116785521994
35.6,835.2954590449082
35.8,834.3579657261946
36.0,833.3990372782058
36.2,832.4185169748362
36.4,831.4162533138734
36.6,830.3921006416599
36.8,829.3459197596308
37.0,828.2775785002524
37.2,827.186952257895
37.4,826.0739244580615
37.6,824.9383869461841
37.8,823.7802402749132
38.0,822.5993938664982
38.2,821.3957660245557
38.4,820.1692837672774
38.6,818.9198824520298
38.8,817.6475051593999
39.0,816.3521018031521
39.2,815.0336279313462
39.4,813.6920431831535
39.6,812.3273093657781
39.8,810.9393881164656
40.0,809.5282381159575
40.2,808.0938118220387
40.4,806.6360516951054
40.6,805.1548858920554
40.8,803.6502234103082
41.0,802.1219486704593
41.2,800.5699155339719
41.4,798.9939407613747
41.6,797.3937969266332
41.8,795.7692048145766
42.0,794.1198253403659
42.2,792.4452510427773
42.4,790.7449972163427
42.6,789.0184927608187
42.8,787.2650708397696
43.0,785.4839594528552
43.2,783.6742720383438
43.4,781.8349982330157
43.6,779.964994925547
43.8,778.0629777462813
44.0,776.1275131405746
44.2,774.1570111742974
44.4,772.1497192182649
44.6,770.1037166530795
44.8,768.0169107269478
45.0,765.8870336863722
45.2,763.7116412832463
45.4,761.4881127419314
45.6,759.2136522466013
45.8,756.8852919828937
46.0,754.499896739189
46.2,752.0541700422417
46.4,749.5446617701293
46.6,746.9677771533413
46.8,744.3197870431535
47.0,741.5968392961147
47.2,738.7949710954132
47.4,735.910122004983
47.6,732.9381475312761
47.8,729.8748329514501
48.0,726.7159071559341
48.2,723.4570562484597
48.4,720.0939366480503
48.6,716.622187445309
48.8,713.0374417796443
49.0,709.335337024601
49.2,705.5115235948253
49.4,701.5616722197867
49.6,697.4814795654394
49.8,693.2666721246072
50.0,688.9130083389636
