0.0,860.2911183199436
0.2,861.0319344734388
0.4,861.756932444865
0.6,862.466293020604
0.8,863.1601980039534
1.0,863.8388302047742
1.2,864.5023734257971
1.4,865.1510124455575
1.6,865.7849329979439
1.8,866.4043217483512
2.0,867.0093662664457
2.2,867.6002549955583
2.4,868.1771772187305
2.6,868.7403230214546
2.8,869.2898832511548
3.0,869.8260494734692
3.2,870.3490139254023
3.4,870.8589694654274
3.6,871.3561095206285
3.8,871.8406280309787
4.0,872.3127193908633
4.2,872.7725783879642
4.4,873.2204001396266
4.6,873.6563800268408
4.8,874.0807136259785
5.0,874.4935966384245
5.2,874.8952248182574
5.4,875.2857938981346
5.6,875.6654995135424
5.8,876.0345371255737
6.0,876.3931019424072
6.2,876.7413888396532
6.4,877.079592279747
6.6,877.4079062305598
6.8,877.7265240834083
7.0,878.0356385706393
7.2,878.3354416829679
7.4,878.6261245867452
7.6,878.9078775413349
7.8,879.1808898167693
8.0,879.4453496118616
8.2,879.7014439729398
8.4,879.9493587133719
8.6,880.1892783340433
8.8,880.421385944945
9.0,880.6458631880276
9.2,880.8628901614662
9.4,881.0726453454836
9.6,881.275305529865
9.8,881.4710457432974
10.0,881.6600391846571
10.2,881.8424571563611
10.4,882.0184689998953
10.6,882.1882420336196
10.8,882.351941492947
11.0,882.5097304729812
11.2,882.6617698736961
11.4,882.8082183477237
11.6,882.9492322508178
11.8,883.0849655950453
12.0,883.2155700047543
12.2,883.3411946753546
12.4,883.4619863349434
12.6,883.5780892087973
12.8,883.6896449867438
13.0,883.7967927934196
13.2,883.8996691614138
13.4,883.9984080072845
13.6,884.093140610435
13.8,884.1839955948216
14.0,884.2710989134656
14.2,884.3545738357258
14.4,884.4345409372922
14.6,884.511118092845
14.8,884.5844204713227
15.0,884.6545605337378
15.2,884.7216480334672
15.4,884.7857900189473
15.6,884.847090838691
15.8,884.9056521485455
16.0,884.9615729211029
16.2,885.0149494571681
16.4,885.0658753991945
16.6,885.1144417465824
16.8,885.1607368727434
17.0,885.2048465438234
17.2,885.2468539389778
17.4,885.2868396720941
17.6,885.3248818148447
17.8,885.361055920966
18.0,885.3954350516456
18.2,885.4280898019077
18.4,885.4590883278834
18.6,885.4884963748485
18.8,885.5163773059219
19.0,885.5427921313051
19.2,885.5677995379566
19.4,885.5914559195853
19.6,885.6138154068576
19.8,885.6349298977057
20.0,885.6548490876352
20.2,885.6736204999235
20.4,885.6912895156097
20.6,885.7078994031738
20.8,885.7234913478104
21.0,885.7381044801996
21.2,885.751775904687
21.4,885.7645407267796
21.6,885.776432079878
21.8,885.7874811511568
22.0,885.7977172065213
22.2,885.8071676145594
22.4,885.8158578694232
22.6,885.8238116125692
22.8,885.831050653296
23.0,885.8375949880196
23.2,885.8434628182308
23.4,885.8486705670856
23.6,885.8532328945789
23.8,885.8571627112627
24.0,885.860471190468
24.2,885.8631677789979
24.4,885.8652602062633
24.6,885.8667544918366
24.8,885.8676549514009
25.0,885.8679642010836
25.2,885.8676831601581
25.4,885.8668110521123
25.6,885.8653454040779
25.8,885.8632820446255
26.0,885.8606150999323
26.2,885.857336988333
26.4,885.8534384132734
26.6,885.848908354683
26.8,885.8437340587967
27.0,885.8379010264516
27.2,885.8313929998972
27.4,885.8241919481532
27.6,885.8162780509614
27.8,885.8076296813787
28.0,885.7982233870605
28.2,885.7880338702938
28.4,885.7770339668364
28.6,885.765194623629
28.8,885.7524848754459
29.0,885.738871820558
29.2,885.7243205954811
29.4,885.7087943488905
29.6,885.6922542147834
29.8,885.6746592849754
30.0,885.6559665810204
30.2,885.636131025644
30.4,885.6151054137888
30.6,885.5928403833668
30.8,885.5692843858192
31.0,885.544383656588
31.2,885.5180821856028
31.4,885.4903216878891
31.6,885.4610415744087
31.8,885.4301789232396
32.0,885.3976684512081
32.2,885.3634424860852
32.4,885.3274309394594
32.6,885.2895612804002
32.8,885.2497585100247
33.0,885.2079451370822
33.2,885.1640411546687
33.4,885.1179640181836
33.6,885.0696286246399
33.8,885.01894729344
34.0,884.9658297487198
34.2,884.9101831033748
34.4,884.8519118448656
34.6,884.7909178229074
34.8,884.7271002391424
35.0,884.6603556388858
35.2,884.5905779050429
35.4,884.5176582542789
35.6,884.4414852355269
35.8,884.3619447309134
36.0,884.2789199591713
36.2,884.1922914816116
36.4,884.1019372107147
36.6,884.0077324213971
36.8,883.9095497650057
37.0,883.8072592860818
37.2,883.700728441932
37.4,883.5898221250377
37.6,883.4744026883238
37.8,883.3543299733049
38.0,883.229461341114
38.2,883.0996517064159
38.4,882.9647535741971
38.6,882.8246170794162
38.8,882.6790900294905
39.0,882.5280179495882
39.2,882.3712441306836
39.4,882.2086096803284
39.6,882.0399535760822
39.8,881.8651127215348
40.0,881.6839220048497
40.2,881.4962143597455
40.4,881.3018208288265
40.6,881.100570629165
40.8,880.8922912200294
41.0,880.6768083726486
41.2,880.4539462418884
41.4,880.223527439719
41.6,879.9853731103358
41.8,879.7393030067964
42.0,879.4851355690282
42.2,879.2226880030556
42.4,878.9517763612898
42.6,878.6722156237228
42.8,878.3838197798582
43.0,878.0864019112107
43.2,877.779774274204
43.4,877.4637483832897
43.6,877.1381350941123
43.8,876.8027446865411
44.0,876.4573869473888
44.2,876.101871252638
44.4,875.7360066489938
44.6,875.3596019345852
44.8,874.9724657386357
45.0,874.5744065999281
45.2,874.1652330438892
45.4,873.7447536581237
45.6,873.3127771662328
45.8,872.8691124997515
46.0,872.4135688680508
46.2,871.9459558260498
46.4,871.4660833395942
46.6,870.97376184836
46.8,870.4688023261511
47.0,869.9510163384666
47.2,869.4202160972186
47.4,868.8762145124971
47.6,868.3188252412785
47.8,867.7478627329904
48.0,867.1631422718514
48.2,866.5644800159181
48.4,865.9516930327775
48.6,865.3245993318362
48.8,864.6830178931698
49.0,864.0267686929034
49.2,863.3556727251096
49.4,862.6695520202164
49.6,861.968229659935
49.8,861.2515297887215
50.0,860.5192776218066
