0.0,788.2370375577385
0.2,790.4997073004993
0.4,792.7200389391193
0.6,794.8992816405214
0.8,797.0384709879299
1.0,799.1384572933305
1.2,801.1999416525401
1.4,803.223513372632
1.6,805.2096837767014
1.8,807.1589135221648
2.0,809.0716326460408
2.2,810.9482540387776
2.4,812.789181788492
2.6,814.5948159601559
2.8,816.3655551324782
3.0,818.1017976451955
3.2,819.8039421629408
3.4,821.4723879028911
3.6,823.1075347072722
3.8,824.7097830473648
4.0,826.279533997273
4.2,827.8171891931171
4.4,829.3231507836418
4.6,830.7978213744152
4.8,832.2416039664015
5.0,833.6549018892325
5.2,835.0381187293666
5.4,836.3916582532863
5.6,837.7159243258965
5.8,839.0113208242877
6.0,840.2782515470424
6.2,841.5171201192744
6.4,842.7283298936021
6.6,843.9122838472637
6.8,845.0693844755949
7.0,846.2000336820968
7.2,847.3046326653276
7.4,848.3835818028614
7.6,849.4372805325605
7.8,850.4661272314142
8.0,851.4705190922004
8.2,852.4508519982303
8.4,853.407520396437
8.6,854.3409171690726
8.8,855.251433504278
9.0,856.1394587657884
9.2,857.0053803620383
9.4,857.8495836149247
9.6,858.6724516284901
9.8,859.4743651577762
10.0,860.2557024781015
10.2,861.0168392550057
10.4,861.758148415102
10.6,862.4800000180712
10.8,863.1827611300217
11.0,863.8667956984357
11.2,864.5324644289112
11.4,865.1801246639035
11.6,865.8101302636557
11.8,866.4228314895037
12.0,867.0185748897289
12.2,867.5977031881192
12.4,868.1605551753911
12.6,868.7074656036168
12.8,869.2387650837804
13.0,869.7547799865873
13.2,870.2558323466293
13.4,870.7422397700043
13.6,871.2143153454701
13.8,871.6723675592087
14.0,872.116700213257
14.2,872.5476123476537
14.4,872.9653981663414
14.6,873.3703469668445
14.8,873.7627430737423
15.0,874.1428657759362
15.2,874.5109892677051
15.4,874.8673825935294
15.6,875.2123095966572
15.8,875.5460288713689
16.0,875.8687937188985
16.2,876.1808521069484
16.4,876.4824466327334
16.6,876.7738144894789
16.8,877.0551874362895
17.0,877.3267917712985
17.2,877.5888483079974
17.4,877.8415723546459
17.6,878.0851736966471
17.8,878.319856581773
18.0,878.5458197081205
18.2,878.7632562146682
18.4,878.9723536743069
18.6,879.1732940892076
18.8,879.3662538883907
19.0,879.5514039273561
19.2,879.7289094896317
19.4,879.8989302900997
19.6,880.0616204799505
19.8,880.2171286531254
20.0,880.3655978540971
20.2,880.5071655868463
20.4,880.6419638248901
20.6,880.7701190222175
20.8,880.8917521249925
21.0,881.0069785838856
21.2,881.1159083668971
21.4,881.2186459725395
21.6,881.3152904432487
21.8,881.4059353788989
22.0,881.4906689502977
22.2,881.5695739125474
22.4,881.6427276181562
22.6,881.710202029795
22.8,881.7720637325978
23.0,881.8283739459083
23.2,881.8791885343852
23.4,881.9245580183798
23.6,881.9645275835119
23.8,881.9991370893714
24.0,882.0284210772828
24.2,882.0524087770775
24.4,882.0711241128218
24.6,882.084585707463
24.8,882.0928068863545
25.0,882.095795679638
25.2,882.0935548234586
25.4,882.0860817600069
25.6,882.0733686363781
25.8,882.0554023022577
26.0,882.0321643064416
26.2,882.0036308922122
26.4,881.9697729915954
26.6,881.9305562185352
26.8,881.8859408610256
27.0,881.8358818722511
27.2,881.7803288607915
27.4,881.719226079954
27.6,881.6525124163039
27.8,881.5801213774723
28.0,881.5019810793223
28.2,881.4180142325646
28.4,881.3281381289212
28.6,881.2322646269348
28.8,881.1303001375356
29.0,881.0221456094756
29.2,880.9076965147489
29.4,880.7868428341208
29.6,880.6594690428918
29.8,880.5254540970263
30.0,880.3846714197807
30.2,880.2369888889667
30.4,880.082268824992
30.6,879.9203679798155
30.8,879.7511375269667
31.0,879.574423052768
31.2,879.3900645489115
31.4,879.1978964065315
31.6,878.997747411924
31.8,878.7894407440535
32.0,878.572793973996
32.2,878.3476190664596
32.4,878.113722383523
32.6,877.8709046907311
32.8,877.6189611656828
33.0,877.3576814092428
33.2,877.0868494595037
33.4,876.8062438086229
33.6,876.5156374226508
33.8,876.2147977644626
34.0,875.9034868198988
34.2,875.5814611272159
34.4,875.2484718099345
34.6,874.904264613176
34.8,874.5485799435569
35.0,874.1811529127142
35.2,873.8017133845188
35.4,873.4099860260254
35.6,873.0056903622011
35.8,872.5885408344612
36.0,872.1582468630331
36.2,871.7145129131557
36.4,871.2570385651143
36.6,870.785518588097
36.8,870.2996430178495
37.0,869.7990972380895
37.2,869.2835620656385
37.4,868.7527138392071
37.6,868.2062245117655
37.8,867.6437617464165
38.0,867.0649890156752
38.2,866.4695657040511
38.4,865.8571472138141
38.6,865.227385073815
38.8,864.5799270512205
39.0,863.9144172660117
39.2,863.2304963080826
39.4,862.5278013567676
39.6,861.8059663026144
39.8,861.0646218712099
40.0,860.3033957488576
40.2,859.5219127098974
40.4,858.7197947454459
40.6,857.8966611933362
40.8,857.0521288690173
41.0,856.1858121971803
41.2,855.2973233438602
41.4,854.3862723487658
41.6,853.4522672575829
41.8,852.4949142539896
42.0,851.5138177911265
42.2,850.508580722255
42.4,849.4788044303403
42.6,848.424088956296
42.8,847.3440331256237
43.0,846.2382346731861
43.2,845.1062903658528
43.4,843.9477961227609
43.6,842.7623471329381
43.8,841.5495379700376
44.0,840.3089627039459
44.2,839.0402150090224
44.4,837.7428882687464
44.6,836.4165756765487
44.8,835.0608703326185
45.0,833.6753653364814
45.2,832.2596538751613
45.4,830.8133293067445
45.6,829.3359852391778
45.8,827.827215604144
46.0,826.2866147258572
46.2,824.7137773845932
46.4,823.108298874643
46.6,821.4697750559436
46.8,819.7978023973363
47.0,818.091978005812
47.2,816.3518996270104
47.4,814.5771655809932
47.6,812.767374551808
47.8,810.9221250605639
48.0,809.0410142955146
48.2,807.1236357291165
48.4,805.1695746261333
48.6,803.1784001988428
48.8,801.1496529379632
49.0,799.0828257631396
49.2,796.9773383327954
49.4,794.8325052522969
49.6,792.6475008725037
49.8,790.4213253747126
50.0,788.1527781311826
