0.0,824.7100806264386
0.2,826.7188579988517
0.4,828.6797326054063
0.6,830.5926728143569
0.8,832.457696420492
1.0,834.2748725000939
1.2,836.0443228977432
1.4,837.7662233374621
1.6,839.4408041543039
1.8,841.0683506461039
2.0,842.6492030486518
2.2,844.1837561410143
2.4,845.6724584910501
2.6,847.1158113543071
2.8,848.5143672424343
3.0,849.868728179926
3.2,851.1795436704518
3.4,852.4475083961505
3.6,853.6733596750946
3.8,854.8578747036244
4.0,856.001867611419
4.2,857.1061863579972
4.4,858.1717094998288
4.6,859.1993428574008
4.8,860.1900161114183
5.0,861.1446793568551
5.2,862.0642996428053
5.4,862.9498575250695
5.6,863.8023436571337
5.8,864.6227554437112
6.0,865.4120937793434
6.2,866.1713598927116
6.4,866.9015523153465
6.6,867.6036639913492
6.8,868.2786795426023
7.0,868.9275727017673
7.2,869.5513039231763
7.4,870.1508181795522
7.6,870.7270429503562
7.8,871.280886405499
8.0,871.8132357861648
8.2,872.3249559826256
8.4,872.8168883071636
8.6,873.2898494586017
8.8,873.7446306734626
9.0,874.1819970574545
9.2,874.6026870898186
9.4,875.0074122920632
9.6,875.3968570517762
9.8,875.7716785915138
10.0,876.1325070722462
10.2,876.479945820458
10.4,876.8145716677708
10.6,877.1369353918527
10.8,877.4475622474097
11.0,877.7469525761877
11.2,878.0355824851615
11.4,878.3139045824139
11.6,878.5823487606281
11.8,878.8413230185879
12.0,879.0912143116219
12.2,879.3323894225027
12.4,879.5651958449263
12.6,879.7899626723305
12.8,880.0070014854598
13.0,880.2166072327364
13.2,880.4190590981424
13.4,880.614621351959
13.6,880.8035441803244
13.8,880.9860644901678
14.0,881.1624066866503
14.2,881.3327834207734
14.4,881.4973963053241
14.6,881.6564365977904
14.8,881.8100858493086
15.0,881.9585165190948
15.2,882.1018925541645
15.4,882.2403699344565
15.6,882.3740971837522
15.8,882.5032158470221
16.0,882.6278609350336
16.2,882.7481613372247
16.4,882.8642402039935
16.6,882.9762152996582
16.8,883.0841993274317
17.0,883.188300227816
17.2,883.2886214518593
17.4,883.3852622107396
17.6,883.4783177031429
17.8,883.5678793218879
18.0,883.6540348412319
18.2,883.7368685862511
18.4,883.8164615856447
18.6,883.8928917092659
18.8,883.9662337916205
19.0,884.0365597425159
19.2,884.103938645978
19.4,884.1684368484887
19.6,884.2301180375293
19.8,884.2890433113517
20.0,884.345271240828
20.2,884.398857924172
20.4,884.4498570352597
20.6,884.4983198662162
20.8,884.5442953648835
21.0,884.5878301677227
21.2,884.628968628661
21.4,884.6677528443377
21.6,884.7042226761661
21.8,884.7384157695811
22.0,884.7703675708067
22.2,884.8001113414396
22.4,884.8276781711158
22.6,884.8530969884943
22.8,884.8763945707641
23.0,884.8975955518619
23.2,884.9167224295544
23.4,884.9337955715308
23.6,884.948833220624
23.8,884.9618514992651
24.0,884.9728644132622
24.2,884.9818838549775
24.4,884.9889196059653
24.6,884.9939793391258
24.8,884.9970686204101
25.0,884.9981909101127
25.2,884.997347563768
25.4,884.9945378326673
25.6,884.9897588639983
25.8,884.983005700601
26.0,884.974271280328
26.2,884.9635464349855
26.4,884.9508198888217
26.6,884.9360782565233
26.8,884.919306040663
27.0,884.9004856285361
27.2,884.8795972883091
27.4,884.8566191643858
27.6,884.8315272718884
27.8,884.8042954901275
28.0,884.774895554919
28.2,884.7432970495862
28.4,884.7094673944596
28.6,884.6733718346661
28.8,884.6349734259668
29.0,884.5942330183778
29.2,884.551109237269
29.4,884.505558461608
29.6,884.4575347989695
29.8,884.4069900568932
30.0,884.3538737101281
30.2,884.2981328632492
30.4,884.2397122080847
30.6,884.1785539753372
30.8,884.1145978797203
31.0,884.0477810578793
31.2,883.9780379982946
31.4,883.9053004623081
31.6,883.8294973953434
31.8,883.7505548273249
32.0,883.6683957612345
32.2,883.5829400486782
32.4,883.4941042512696
32.6,883.4018014865785
32.8,883.3059412573328
33.0,883.206429262511
33.2,883.1031671889202
33.4,882.9960524818159
33.6,882.8849780930975
33.8,882.7698322056023
34.0,882.6504979320188
34.2,882.5268529869692
34.4,882.3987693308416
34.6,882.2661127840199
34.8,882.1287426102444
35.0,881.9865110679456
35.2,881.8392629285387
35.4,881.6868349608372
35.6,881.5290553809484
35.8,881.3657432672562
36.0,881.1967079403734
36.2,881.0217483082592
36.4,880.8406521770535
36.6,880.6531955285686
36.8,880.4591417658175
37.0,880.2582409284169
37.2,880.050228880219
37.4,879.8348264720621
37.6,879.6117386831013
37.8,879.380653744785
38.0,879.1412422521604
38.2,878.8931562678363
38.4,878.6360284245828
38.6,878.3694710332023
38.8,878.0930752029582
39.0,877.8064099824891
39.2,877.5090215297515
39.4,877.2004323201137
39.6,876.8801404022668
39.8,876.5476187121001
40.0,876.2023144551001
40.2,875.843648568175
40.4,875.4710152720413
40.6,875.08378172546
40.8,874.6812877926263
41.0,874.2628459349252
41.2,873.8277412380252
41.4,873.3752315849079
41.6,872.9045479848995
41.8,872.4148950680855
42.0,871.9054517536398
42.2,871.3753720995969
42.4,870.8237863404146
42.6,870.2498021173534
42.8,869.6525059052074
43.0,869.030964637295
43.2,868.3842275288499
43.4,867.7113280970674
43.6,867.0112863740668
43.8,866.2831113069532
44.0,865.5258033370146
44.2,864.7383571479074
44.4,863.9197645704759
44.6,863.0690176296633
44.8,862.1851117168211
45.0,861.2670488686349
45.2,860.3138411319142
45.4,859.324513991634
45.6,858.2981098379346
45.8,857.2336914462817
46.0,856.1303454437199
46.2,854.9871857331096
46.4,853.8033568464825
46.6,852.5780371981764
46.8,851.3104422082423
47.0,849.999827266786
47.2,848.6454905103843
47.4,847.2467753825592
47.6,845.8030729514543
47.8,844.313823959366
48.0,842.7785205806115
48.2,841.1967078663591
48.4,839.567984857486
48.6,837.8920053492362
48.8,836.1684782944021
49.0,834.3971678349178
49.2,832.5778929550912
49.4,830.710526753177
49.6,828.7949953315641
49.8,826.8312763094775
50.0,824.8193969657248
