0.0,862.8932433904442
0.2,863.6050005241666
0.4,864.3007223845212
0.6,864.9805901175782
0.8,865.644786599789
1.0,866.2934964356144
1.2,866.9269059493051
1.4,867.5452031707943
1.6,868.1485778156849
1.8,868.7372212593366
2.0,869.3113265050713
2.2,869.8710881465477
2.4,870.4167023243655
2.6,870.9483666769888
2.8,871.4662802860917
3.0,871.9706436164516
3.2,872.4616584505336
3.4,872.9395278179259
3.6,873.4044559198078
3.8,873.8566480486421
4.0,874.2963105033031
4.2,874.7236504998664
4.4,875.1388760782987
4.6,875.5421960052964
4.8,875.9338196735406
5.0,876.3139569976354
5.2,876.6828183070188
5.4,877.04061423613
5.6,877.3875556121358
5.8,877.723853340515
6.0,878.0497182888122
6.2,878.3653611688691
6.4,878.6709924178479
6.6,878.9668220783598
6.8,879.2530596780132
7.0,879.5299141086933
7.2,879.7975935058828
7.4,880.0563051283307
7.6,880.3062552383682
7.8,880.5476489831711
8.0,880.7806902772531
8.2,881.0055816864744
8.4,881.2225243138369
8.6,881.4317176873283
8.8,881.6333596500698
9.0,881.8276462530066
9.2,882.0147716503748
9.4,882.1949279981587
9.6,882.3683053557467
9.8,882.5350915909767
10.0,882.6954722887481
10.2,882.8496306633657
10.4,882.9977474747653
10.6,883.1400009487545
10.8,883.2765667013904
11.0,883.4076176676002
11.2,883.533324034133
11.4,883.6538531769211
11.6,883.7693696029095
11.8,883.880034896402
12.0,883.986007669953
12.2,884.0874435198248
12.4,884.1844949860135
12.6,884.2773115168321
12.8,884.3660394380281
13.0,884.450821926401
13.2,884.5317989878683
13.4,884.6091074399228
13.6,884.6828808984054
13.8,884.7532497685147
14.0,884.820341239958
14.2,884.8842792861412
14.4,884.9451846672878
14.6,885.003174937363
14.8,885.0583644546803
15.0,885.1108643960483
15.2,885.1607827743237
15.4,885.2082244592156
15.6,885.2532912011916
15.8,885.2960816583293
16.0,885.336691425946
16.2,885.3752130688471
16.4,885.4117361560209
16.6,885.4463472976115
16.8,885.4791301839967
17.0,885.5101656267976
17.2,885.5395316016463
17.4,885.5673032925371
17.6,885.5935531375883
17.8,885.6183508760413
18.0,885.6417635963252
18.2,885.6638557850171
18.4,885.6846893765311
18.6,885.7043238033696
18.8,885.7228160467758
19.0,885.7402206876262
19.2,885.7565899574081
19.4,885.7719737891309
19.6,885.78641986802
19.8,885.7999736818521
20.0,885.8126785707896
20.2,885.8245757765795
20.4,885.8357044909864
20.6,885.8461019033322
20.8,885.855803247022
21.0,885.8648418449407
21.2,885.8732491536075
21.4,885.8810548059816
21.6,885.8882866528213
21.8,885.8949708024967
22.0,885.9011316591661
22.2,885.9067919592333
22.4,885.9119728059997
22.6,885.9166937024426
22.8,885.9209725820433
23.0,885.9248258376028
23.2,885.9282683479855
23.4,885.9313135027337
23.6,885.9339732245041
23.8,885.9362579892818
24.0,885.9381768443287
24.2,885.939737423835
24.4,885.9409459622397
24.6,885.9418073051959
24.8,885.9423249181608
25.0,885.9425008925926
25.2,885.9423359497439
25.4,885.9418294420448
25.6,885.9409793520741
25.8,885.9397822891208
26.0,885.9382334833433
26.2,885.936326777541
26.4,885.9340546165508
26.6,885.9314080342949
26.8,885.9283766385042
27.0,885.924948593149
27.2,885.9211105986136
27.4,885.9168478696558
27.6,885.912144111198
27.8,885.9069814919992
28.0,885.9013406162663
28.2,885.8952004932646
28.4,885.8885385049924
28.6,885.8813303719936
28.8,885.8735501173821
29.0,885.8651700291603
29.2,885.8561606209194
29.4,885.8464905910099
29.6,885.836126780285
29.8,885.8250341285109
30.0,885.8131756295586
30.2,885.8005122854846
30.4,885.7870030596191
30.6,885.7726048287839
30.8,885.7572723347664
31.0,885.740958135182
31.2,885.7236125538593
31.4,885.7051836308913
31.6,885.6856170724952
31.8,885.6648562008312
32.0,885.6428419039324
32.2,885.6195125859033
32.4,885.5948041175443
32.6,885.5686497875686
32.8,885.5409802545744
33.0,885.5117234999411
33.2,885.4808047818213
33.4,885.4481465903972
33.6,885.413668604577
33.8,885.3772876503045
34.0,885.3389176606555
34.2,885.298469637894
34.4,885.2558516176643
34.6,885.2109686354878
34.8,885.1637226957363
35.0,885.1140127432508
35.2,885.061734637767
35.4,885.0067811313139
35.6,884.949041848738
35.8,884.8884032715093
36.0,884.8247487249536
36.2,884.7579583690535
36.4,884.6879091929528
36.6,884.6144750132892
36.8,884.5375264764765
37.0,884.456931065047
37.2,884.3725531081529
37.4,884.2842537963212
37.6,884.1918912005416
37.8,884.0953202957575
38.0,883.99439298882
38.2,883.8889581509508
38.4,883.7788616547481
38.6,883.6639464157569
38.8,883.5440524386134
39.0,883.4190168677546
39.2,883.2886740426756
39.4,883.1528555576997
39.6,883.0113903262136
39.8,882.864104649302
40.0,882.710822288706
40.2,882.5513645440097
40.4,882.3855503339478
40.6,882.2131962817116
40.8,882.0341168041139
41.0,881.8481242044608
41.2,881.655028768964
41.4,881.4546388665113
41.6,881.2467610516002
41.8,881.0312001702274
42.0,880.807759468513
42.2,880.5762407038237
42.4,880.3364442581527
42.6,880.0881692534991
42.8,879.8312136689791
43.0,879.5653744593965
43.2,879.2904476749833
43.4,879.0062285820236
43.6,878.7125117840573
43.8,878.4090913433624
44.0,878.0957609024044
44.2,877.7723138049413
44.4,877.4385432164675
44.6,877.094242243681
44.8,876.7392040526574
45.0,876.373221985411
45.2,875.9960896745353
45.4,875.6076011556069
45.6,875.2075509770508
45.8,874.7957343071641
46.0,874.371947038009
46.2,873.9359858858855
46.4,873.4876484881141
46.6,873.0267334958587
46.8,872.5530406627398
47.0,872.0663709289965
47.2,871.5665265009702
47.4,871.0533109257
47.6,870.5265291604308
47.8,869.9859876368571
48.0,869.4314943199392
48.2,868.8628587611473
48.4,868.2798921460089
48.6,867.6824073358536
48.8,867.0702189036696
49.0,866.443143164006
49.2,865.8009981968764
49.4,865.1436038656403
49.6,864.4707818288593
49.8,863.7823555461496
50.0,863.0781502780665
