0.0,857.7211463094096
0.2,858.4926912411564
0.4,859.2478572855787
0.6,859.9870484404228
0.8,860.7106102314917
1.0,861.4188388293389
1.2,862.1119916801023
1.4,862.7902979826072
1.6,863.4539677912736
1.8,864.1031991294284
2.0,864.7381830439851
2.2,865.3591068925327
2.4,865.9661563057463
2.6,866.5595162623387
2.8,867.1393716251895
3.0,867.7059073782502
3.2,868.2593087103276
3.4,868.7997610260484
3.6,869.3274499242077
3.8,869.842561161951
4.0,870.3452806126178
4.2,870.8357942203356
4.4,871.3142879525274
4.6,871.7809477507712
4.8,872.2359594802043
5.0,872.679508877587
5.2,873.1117814981184
5.4,873.5329626610982
5.6,873.9432373945243
5.8,874.3427903787234
6.0,874.7318058891107
6.2,875.1104677381795
6.4,875.478959216823
6.6,875.8374630350896
6.8,876.1861612624798
7.0,876.5252352678875
7.2,876.8548656592941
7.4,877.1752322233209
7.6,877.4865138647482
7.8,877.7888885461056
8.0,878.0825332274406
8.2,878.3676238063705
8.4,878.6443350585195
8.6,878.9128405784458
8.8,879.1733127211562
9.0,879.4259225443079
9.2,879.6708397511924
9.4,879.9082326345948
9.6,880.1382680216185
9.8,880.361111219562
10.0,880.5769259629309
10.2,880.7858743616673
10.4,880.9881168506697
10.6,881.1838121406769
10.8,881.3731171705848
11.0,881.556187061259
11.2,881.7331750709028
11.4,881.9042325520353
11.6,882.0695089101301
11.8,882.229151563961
12.0,882.3833059076917
12.2,882.5321152747517
12.4,882.6757209035233
12.6,882.8142619048688
12.8,882.9478752315189
13.0,883.0766956493377
13.2,883.2008557104763
13.4,883.3204857284201
13.6,883.4357137549338
13.8,883.5466655588986
14.0,883.6534646070347
14.2,883.7562320464971
14.4,883.8550866893265
14.6,883.9501449987357
14.8,884.041521077204
15.0,884.1293266563519
15.2,884.2136710885596
15.4,884.2946613402949
15.6,884.3724019871073
15.8,884.4469952102437
16.0,884.5185407948371
16.2,884.5871361296194
16.4,884.6528762081003
16.6,884.7158536311595
16.8,884.7761586109874
17.0,884.8338789763185
17.2,884.8891001788867
17.4,884.9419053010419
17.6,884.9923750644559
17.8,885.0405878398507
18.0,885.0866196576761
18.2,885.1305442196671
18.4,885.1724329112044
18.6,885.2123548144081
18.8,885.2503767218883
19.0,885.2865631510781
19.2,885.3209763590738
19.4,885.353676357909
19.6,885.3847209301873
19.8,885.4141656450001
20.0,885.4420638740552
20.2,885.4684668079448
20.4,885.4934234724815
20.6,885.5169807450318
20.8,885.5391833707778
21.0,885.5600739788397
21.2,885.5796930981953
21.4,885.5980791733299
21.6,885.6152685795564
21.8,885.6312956379464
22.0,885.6461926298134
22.2,885.6599898106936
22.4,885.6727154237717
22.6,885.6843957127033
22.8,885.6950549337837
23.0,885.7047153674206
23.2,885.7133973288702
23.4,885.7211191781963
23.6,885.7278973294176
23.8,885.7337462588121
24.0,885.7386785123485
24.2,885.7427047122202
24.4,885.7458335624577
24.6,885.7480718536026
24.8,885.7494244664268
25.0,885.7498943746847
25.2,885.749482646891
25.4,885.7481884471177
25.6,885.7460090348096
25.8,885.7429397636209
26.0,885.7389740792777
26.2,885.7341035164746
26.4,885.7283176948218
26.6,885.7216043138521
26.8,885.7139491471153
27.0,885.7053360353752
27.2,885.6957468789416
27.4,885.6851616291624
27.6,885.6735582791106
27.8,885.6609128535022
28.0,885.6471993978831
28.2,885.6323899671271
28.4,885.6164546132895
28.6,885.599361372866
28.8,885.5810762535041
29.0,885.5615632202231
29.2,885.5407841811955
29.4,885.5186989731502
29.6,885.495265346455
29.8,885.4704389499427
30.0,885.4441733155438
30.2,885.4164198427927
30.4,885.3871277832731
30.6,885.356244225074
30.8,885.323714077326
31.0,885.2894800548879
31.2,885.2534826632589
31.4,885.2156601837873
31.6,885.1759486592515
31.8,885.1342818798864
32.0,885.0905913699314
32.2,885.0448063747722
32.4,884.9968538487542
32.6,884.9466584437387
32.8,884.8941424984771
33.0,884.8392260288757
33.2,884.781826719223
33.4,884.7218599144486
33.6,884.6592386134861
33.8,884.5938734638046
34.0,884.5256727571756
34.2,884.4545424267393
34.4,884.3803860454323
34.6,884.303104825834
34.8,884.22259762149
35.0,884.1387609297655
35.2,884.0514888962781
35.4,883.9606733209594
35.6,883.8662036657878
35.8,883.767967064233
36.0,883.6658483324502
36.2,883.5597299822549
36.4,883.4494922359082
36.6,883.3350130427368
36.8,883.2161680976083
37.0,883.0928308612763
37.2,882.9648725826089
37.4,882.8321623227042
37.6,882.6945669808965
37.8,882.5519513226517
38.0,882.4041780093395
38.2,882.2511076298748
38.4,882.0925987342074
38.6,881.9285078686381
38.8,881.7586896129347
39.0,881.5829966192133
39.2,881.4012796525498
39.4,881.2133876332773
39.6,881.0191676809233
39.8,880.8184651597343
40.0,880.6111237257317
40.2,880.3969853752374
40.4,880.1758904948034
40.6,879.9476779124766
40.8,879.7121849503235
41.0,879.469247478137
41.2,879.2186999682453
41.4,878.9603755513352
41.6,878.6941060732022
41.8,878.4197221523358
42.0,878.1370532382454
42.2,877.8459276704276
42.4,877.546172737878
42.6,877.2376147390421
42.8,876.920079042105
43.0,876.5933901455131
43.2,876.2573717386197
43.4,875.9118467623489
43.6,875.5566374697707
43.8,875.1915654864757
44.0,874.8164518706434
44.2,874.4311171726957
44.4,874.0353814944286
44.6,873.6290645475142
44.8,873.2119857112705
45.0,872.7839640895936
45.2,872.344818566953
45.4,871.8943678633498
45.6,871.4324305881418
45.8,870.958825292643
46.0,870.4733705214028
46.2,869.9758848620708
46.4,869.466186993728
46.6,868.9440957334801
46.8,868.4094300808378
47.0,867.8620092586144
47.2,867.3016527469574
47.4,866.7281803019366
47.6,866.1414119384507
47.8,865.5411678333685
48.0,864.9272680608267
48.2,864.2995319994538
48.4,863.6577771487406
48.6,863.0018169722147
48.8,862.3314572879524
49.0,861.6464907207518
49.2,860.946688896908
49.4,860.2317924574747
49.6,859.5014995650945
49.8,858.7554542430037
50.0,857.993236375361
