0.0,802.5779137648038
0.2,804.6999903155
0.4,806.7818598505233
0.6,808.8238750410708
0.8,810.8263921647922
1.0,812.7897712806069
1.2,814.7143763874527
1.4,816.60057556635
1.6,818.4487411052405
1.8,820.2592496061256
2.0,822.0324820741007
2.2,823.7688239879616
2.4,825.4686653521256
2.6,827.1324007296923
2.8,828.7604292565387
3.0,830.3531546364198
3.2,831.9109851171256
3.4,833.4343334478076
3.6,834.9236168176736
3.8,836.3792567763094
4.0,837.8016791359606
4.2,839.1913138561741
4.4,840.5485949112585
4.6,841.8739601410898
4.8,843.167851085843
5.0,844.4307128052852
5.2,845.6629936833185
5.4,846.8651452185092
5.6,848.0376218013795
5.8,849.1808804792828
6.0,850.2953807097149
6.2,851.3815841029474
6.4,852.4399541548934
6.6,853.4709559711431
6.8,854.4750559831178
7.0,855.4527216573126
7.2,856.4044211985989
7.4,857.3306232485706
7.6,858.2317965799122
7.8,859.1084097877667
8.0,859.9609309790745
8.2,860.7898274608378
8.4,861.5955654282567
8.6,862.3786096536572
8.8,863.1394231771148
9.0,863.8784669996469
9.2,864.5961997798207
9.4,865.2930775345923
9.6,865.9695533451548
9.8,866.6260770685435
10.0,867.2630950556963
10.2,867.8810498766406
10.4,868.480380053422
10.6,869.0615198013568
10.8,869.6248987791396
11.0,870.1709418482926
11.2,870.7000688423967
11.4,871.2126943464995
11.6,871.7092274870434
11.8,872.1900717326162
12.0,872.6556247057717
12.2,873.1062780061319
12.4,873.5424170449229
12.6,873.9644208910654
12.8,874.3726621288873
13.0,874.7675067274859
13.2,875.1493139217274
13.4,875.5184361048296
13.6,875.8752187324326
13.8,876.2200002380345
14.0,876.5531119596214
14.2,876.8748780773001
14.4,877.1856155617012
14.6,877.4856341328999
14.8,877.7752362295665
15.0,878.0547169880398
15.2,878.3243642309915
15.4,878.5844584653286
15.6,878.8352728889638
15.8,879.0770734060666
16.0,879.3101186503918
16.2,879.5346600162753
16.4,879.7509416968693
16.6,879.9592007291872
16.8,880.1596670455174
17.0,880.3525635307659
17.2,880.5381060852765
17.4,880.716503692686
17.6,880.8879584923652
17.8,881.0526658560008
18.0,881.2108144678763
18.2,881.3625864084163
18.4,881.5081572405608
18.6,881.6476960985474
18.8,881.7813657786841
19.0,881.909322831706
19.2,882.0317176563182
19.4,882.1486945935379
19.6,882.2603920214623
19.8,882.3669424500957
20.0,882.4684726158858
20.2,882.5651035756308
20.4,882.6569507994315
20.6,882.744124262376
20.8,882.8267285346583
21.0,882.9048628698457
21.2,882.9786212910232
21.4,883.0480926745582
21.6,883.1133608312414
21.8,883.1745045845711
22.0,883.2315978459687
22.2,883.2847096867179
22.4,883.3339044064393
22.6,883.3792415979225
22.8,883.4207762081518
23.0,883.4585585953736
23.2,883.492634582065
23.4,883.5230455036783
23.6,883.549828253044
23.8,883.5730153203294
24.0,883.5926348284609
24.2,883.6087105639273
24.4,883.6212620028969
24.6,883.6303043325863
24.8,883.6358484678358
25.0,883.6379010628496
25.2,883.6364645180784
25.4,883.6315369822249
25.6,883.6231123493674
25.8,883.6111802512031
26.0,883.5957260444319
26.2,883.5767307932982
26.4,883.5541712473341
26.6,883.528019814344
26.8,883.4982445286938
27.0,883.4648090149685
27.2,883.4276724470808
27.4,883.3867895029191
27.6,883.3421103146402
27.8,883.2935804147174
28.0,883.2411406778726
28.2,883.1847272590305
28.4,883.1242715274445
28.6,883.059699997159
28.8,882.9909342539829
29.0,882.917890879167
29.2,882.8404813699847
29.4,882.7586120574339
29.6,882.6721840212914
29.8,882.581093002761
30.0,882.4852293149758
30.2,882.3844777516233
30.4,882.2787174939824
30.6,882.1678220166681
30.8,882.0516589923982
31.0,881.9300901961107
31.2,881.8029714087661
31.4,881.6701523211939
31.6,881.5314764383425
31.8,881.3867809843123
32.0,881.2358968085624
32.2,881.0786482936844
32.4,880.9148532651583
32.6,880.7443229035055
32.8,880.5668616592669
33.0,880.3822671712389
33.2,880.190330188407
33.4,879.9908344960226
33.6,879.78355684627
33.8,879.5682668939744
34.0,879.3447271377997
34.2,879.112692867388
34.4,878.8719121168862
34.6,878.6221256253027
34.8,878.3630668041292
35.0,878.0944617126559
35.2,877.8160290413977
35.4,877.5274801040372
35.6,877.2285188382747
35.8,876.9188418159591
36.0,876.5981382628588
36.2,876.266090088405
36.4,875.9223719257214
36.6,875.5666511822297
36.8,875.1985881010885
37.0,874.8178358336999
37.2,874.424040523484
37.4,874.0168414010875
37.6,873.5958708911612
37.8,873.1607547307981
38.0,872.7111120996941
38.2,872.2465557620434
38.4,871.7666922201473
38.6,871.2711218796661
38.8,870.7594392264039
39.0,870.2312330144669
39.2,869.6860864655943
39.4,869.123577479409
39.6,868.5432788542937
39.8,867.9447585185443
40.0,867.327579771412
40.2,866.6913015335917
40.4,866.0354786066717
40.6,865.3596619410123
40.8,864.6633989114744
41.0,863.9462336003779
41.2,863.2077070870249
41.4,862.4473577430801
41.6,861.6647215330672
41.8,860.8593323191973
42.0,860.0307221697129
42.2,859.178421669902
42.4,858.301960234901
42.6,857.4008664233869
42.8,856.4746682512312
43.0,855.5228935041688
43.2,854.5450700485245
43.4,853.5407261390199
43.6,852.5093907226844
43.8,851.4505937378831
44.0,850.3638664074792
44.2,849.2487415251505
44.4,848.1047537338907
44.6,846.93143979574
44.8,845.7283388518044
45.0,844.4949926716489
45.2,843.2309458911747
45.4,841.935746238123
45.6,840.6089447443816
45.8,839.2500959443113
46.0,837.8587580583542
46.2,836.4344931612297
46.4,834.9768673340799
46.6,833.4854507999764
46.8,831.9598180422655
47.0,830.3995479052797
47.2,828.8042236770194
47.4,827.173433153466
47.6,825.5067686842611
47.8,823.8038271995579
48.0,822.0642102179197
48.2,820.2875238352178
48.4,818.4733786945545
48.6,816.6213899373113
48.8,814.7311771354991
49.0,812.8023642056634
49.2,810.8345793046664
49.4,808.8274547077527
49.6,806.7806266693653
49.8,804.6937352672579
50.0,802.566424230517
