0.0,808.8791045324305
0.2,810.9503561811794
0.4,812.9806537180984
0.6,814.9703093567265
0.8,816.9196423070825
1.0,818.8289790976804
1.2,820.6986538654505
1.4,822.5290086124126
1.6,824.3203934281026
1.8,826.0731666769292
2.0,827.7876951497963
2.2,829.4643541795106
2.4,831.1035277196543
2.6,832.7056083867849
2.8,834.2709974659897
3.0,835.8001048799952
3.2,837.2933491221966
3.4,838.7511571541365
3.6,840.1739642681187
3.8,841.5622139157921
4.0,842.9163575036948
4.2,844.2368541568734
4.4,845.5241704518319
4.6,846.7787801201849
4.8,848.0011637244991
5.0,849.1918083079111
5.2,850.3512070192058
5.4,851.4798587151145
5.6,852.5782675416696
5.8,853.6469424965128
6.0,854.6863969740967
6.2,855.697148295768
6.4,856.6797172267384
6.6,857.634627481973
6.8,858.5624052230254
7.0,859.46357854785
7.2,860.3386769755996
7.4,861.1882309283965
7.6,862.0127712120296
7.8,862.812828497483
8.0,863.5889328051531
8.2,864.3416129935493
8.4,865.0713962542039
8.6,865.7788076144456
8.8,866.4643694496067
9.0,867.1286010061516
9.2,867.7720179371175
9.4,868.395131851171
9.6,868.9984498764762
9.8,869.5824742404765
10.0,870.1477018665837
10.2,870.6946239886653
10.4,871.2237257841128
10.6,871.7354860261725
10.8,872.2303767561067
11.0,872.7088629756599
11.2,873.1714023601891
11.4,873.6184449927276
11.6,874.0504331191476
11.8,874.4678009244917
12.0,874.8709743304569
12.2,875.2603708139194
12.4,875.6363992463123
12.6,875.9994597535845
12.8,876.3499435963963
13.0,876.6882330701392
13.2,877.0147014242991
13.4,877.3297128006286
13.6,877.6336221895357
13.8,877.9267754040485
14.0,878.2095090706767
14.2,878.4821506364449
14.4,878.7450183913488
14.6,878.9984215054537
14.8,879.2426600798298
15.0,879.4780252105088
15.2,879.7047990646294
15.4,879.9232549679269
15.6,880.1336575027302
15.8,880.3362626156185
16.0,880.5313177339006
16.2,880.7190618900855
16.4,880.8997258535276
16.6,881.0735322684382
16.8,881.2406957974799
17.0,881.4014232701747
17.2,881.5559138353809
17.4,881.7043591171192
17.6,881.8469433730538
17.8,881.9838436549591
18.0,882.115229970536
18.2,882.2412654459685
18.4,882.3621064886411
18.6,882.4779029494719
18.8,882.588798284342
19.0,882.6949297141393
19.2,882.7964283829604
19.4,882.8934195140482
19.6,882.9860225630724
19.8,883.0743513683898
20.0,883.1585142979486
20.2,883.2386143925318
20.4,883.3147495050587
20.6,883.3870124356924
20.8,883.4554910625228
21.0,883.5202684676192
21.2,883.5814230582702
21.4,883.6390286832475
21.6,883.6931547439494
21.8,883.7438663002981
22.0,883.7912241712835
22.2,883.8352850300575
22.4,883.8761014934995
22.6,883.9137222061853
22.8,883.9481919187028
23.0,883.9795515602667
23.2,884.0078383055954
23.4,884.0330856360177
23.6,884.0553233947866
23.8,884.0745778365787
24.0,884.090871671168
24.2,884.104224101259
24.4,884.1146508544746
24.6,884.1221642094895
24.8,884.1267730163078
25.0,884.1284827106783
25.2,884.1272953226472
25.4,884.1232094792448
25.6,884.1162204013064
25.8,884.1063198944222
26.0,884.09349633402
26.2,884.077734644576
26.4,884.0590162729568
26.6,884.0373191558919
26.8,884.0126176815813
27.0,883.9848826454429
27.2,883.9540812000073
27.4,883.9201767989737
27.6,883.8831291354402
27.8,883.8428940743333
28.0,883.7994235790633
28.2,883.7526656324404
28.4,883.7025641518999
28.6,883.6490588990847
28.8,883.5920853838584
29.0,883.5315747628204
29.2,883.4674537324197
29.4,883.3996444167731
29.6,883.3280642503116
29.8,883.2526258553992
30.0,883.1732369150841
30.2,883.0898000411662
30.4,883.0022126377853
30.6,882.9103667607595
30.8,882.8141489729272
31.0,882.7134401957713
31.2,882.6081155576343
31.4,882.4980442388583
31.6,882.3830893142145
31.8,882.2631075930161
32.0,882.1379494573393
32.2,882.0074586988089
32.4,881.8714723544352
32.6,881.7298205420208
32.8,881.5823262956873
33.0,881.4288054021038
33.2,881.2690662380294
33.4,881.1029096098109
33.6,880.9301285955066
33.8,880.7505083903364
34.0,880.5638261561827
34.2,880.3698508758907
34.4,880.1683432131422
34.6,879.9590553786938
34.8,879.7417310037911
35.0,879.516105021582
35.2,879.2819035573683
35.4,879.0388438285378
35.6,878.7866340550289
35.8,878.524973381176
36.0,878.2535518097836
36.2,877.9720501492693
36.4,877.6801399746985
36.6,877.3774836035248
36.8,877.06373408682
37.0,876.7385352167561
37.2,876.4015215510632
37.4,876.0523184551579
37.6,875.690542162584
37.8,875.3157998543674
38.0,874.927689757825
38.2,874.525801265317
38.4,874.1097150733586
38.6,873.6790033424446
38.8,873.2332298778605
39.0,872.7719503316783
39.2,872.2947124260497
39.4,871.8010561978185
39.6,871.290514264389
39.8,870.7626121106829
40.0,870.2168683969276
40.2,869.6527952869093
40.4,869.0698987962263
40.6,868.4676791599721
40.8,867.8456312191701
41.0,867.2032448251745
41.2,866.5400052611515
41.4,865.8553936796388
41.6,865.14888755509
41.8,864.4199611501946
42.0,863.6680859946772
42.2,862.8927313751767
42.4,862.0933648347147
42.6,861.269452680179
42.8,860.4204604961639
43.0,859.5458536634328
43.2,858.6450978802064
43.4,857.7176596844093
43.6,856.7630069749644
43.8,855.7806095301727
44.0,854.769939521188
44.2,853.7304720185617
44.4,852.6616854898265
44.6,851.5630622860758
44.8,850.4340891155043
45.0,849.2742575018883
45.2,848.083064226016
45.4,846.8600117481114
45.6,845.6046086093503
45.8,844.3163698106198
46.0,842.9948171667535
46.2,841.6394796345486
46.4,840.2498936129707
46.6,838.8256032140481
46.8,837.3661605030777
47.0,835.8711257068802
47.2,834.340067388976
47.4,832.772562590692
47.6,831.1681969373539
47.8,829.5265647088713
48.0,827.8472688741844
48.2,826.1299210891965
48.4,824.3741416579962
48.6,822.579559457328
48.8,820.745811824455
49.0,818.8725444087258
49.2,816.9594109873269
49.4,815.0060732458829
49.6,813.0122005247299
49.8,810.9774695318557
50.0,808.9015640236682
