0.0,815.3787257253114
0.2,817.4084045757138
0.4,819.3956267180971
0.6,821.3406263067246
0.8,823.2436519094874
1.0,825.1049671356974
1.2,826.924851188894
1.4,828.7035993422523
1.6,830.4415233346515
1.8,832.1389516859405
2.0,833.7962299304305
2.2,835.4137207681255
2.4,836.9918041336877
2.6,838.5308771836185
2.8,840.0313542025974
3.0,841.493666430383
3.2,842.9182618111197
3.4,844.3056046673101
3.6,845.6561753011183
3.8,846.9704695260361
4.0,848.2489981322981
4.2,849.4922862897416
4.4,850.7008728921015
4.6,851.8753098469784
4.8,853.0161613159419
5.0,854.1240029094167
5.2,855.1994208411501
5.4,856.2430110471727
5.6,857.2553782742509
5.8,858.2371351428661
6.0,859.1889011897744
6.2,860.1113018951742
6.4,861.0049676994558
6.6,861.8705330144204
6.8,862.7086352337421
7.0,863.5199137473049
7.2,864.3050089638732
7.4,865.0645613463727
7.6,865.7992104638352
7.8,866.5095940638374
8.0,867.1963471690102
8.2,867.8601012009366
8.4,868.5014831344804
8.6,869.1211146853051
8.8,869.7196115330556
9.0,870.2975825823769
9.2,870.8556292636536
9.4,871.3943448750545
9.6,871.9143139671772
9.8,872.4161117712976
10.0,872.9003036719472
10.2,873.3674447242712
10.4,873.81807921635
10.6,874.2527402764246
10.8,874.6719495247148
11.0,875.0762167693057
11.2,875.4660397453553
11.4,875.8419038966898
11.6,876.2042821986685
11.8,876.5536350210361
12.0,876.8904100293411
12.2,877.2150421233604
12.4,877.5279534108658
12.6,877.8295532149681
12.8,878.1202381131977
13.0,878.4003920064175
13.2,878.6703862156169
13.4,878.9305796046018
13.6,879.1813187265831
13.8,879.4229379926542
14.0,879.6557598601644
14.2,879.8800950390097
14.4,880.096242713899
14.6,880.304490780689
14.8,880.5051160949392
15.0,880.6983847308907
15.2,880.8845522491396
15.4,881.0638639713515
15.6,881.2365552604356
15.8,881.4028518046798
16.0,881.5629699044354
16.2,881.7171167600218
16.4,881.8654907596178
16.6,882.0082817659882
16.8,882.1456714009893
17.0,882.2778333268866
17.2,882.4049335236036
17.4,882.5271305611095
17.6,882.644575866239
17.8,882.7574139833187
18.0,882.8657828280525
18.2,882.9698139342003
18.4,883.0696326926472
18.6,883.1653585825404
18.8,883.2571053942256
19.0,883.3449814437835
19.2,883.4290897790171
19.4,883.5095283767977
19.6,883.5863903317228
19.8,883.6597640360824
20.0,883.7297333511713
20.2,883.7963777700198
20.4,883.8597725716464
20.6,883.9199889669616
20.8,883.9770942364776
21.0,884.0311518600006
21.2,884.082221638491
21.4,884.130359808298
21.6,884.1756191479809
21.8,884.2180490779372
22.0,884.2576957530584
22.2,884.2946021486441
22.4,884.3288081397923
22.6,884.3603505744912
22.8,884.3892633406253
23.0,884.4155774271053
23.2,884.4393209793183
23.4,884.460519349091
23.6,884.4791951393363
23.8,884.4953682435515
24.0,884.5090558803141
24.2,884.5202726229072
24.4,884.5290304241939
24.6,884.5353386368384
24.8,884.5392040289562
25.0,884.5406307952572
25.2,884.5396205637286
25.4,884.5361723978813
25.6,884.5302827945695
25.8,884.5219456773725
26.0,884.5111523855053
26.2,884.4978916582133
26.4,884.4821496145798
26.6,884.4639097286616
26.8,884.4431527998494
27.0,884.4198569183332
27.2,884.3939974255344
27.4,884.3655468693527
27.6,884.3344749540615
27.8,884.300748484672
28.0,884.2643313055723
28.2,884.2251842332404
28.4,884.1832649828184
28.6,884.1385280883289
28.8,884.0909248163096
29.0,884.0404030726363
29.2,883.9869073023093
29.4,883.9303783819719
29.6,883.8707535049396
29.8,883.8079660585234
30.0,883.7419454934411
30.2,883.6726171851205
30.4,883.5999022867228
30.6,883.5237175737221
30.8,883.4439752799141
31.0,883.3605829247435
31.2,883.2734431318789
31.4,883.1824534389931
31.6,883.0875060987526
31.8,882.9884878710595
32.0,882.8852798066397
32.2,882.7777570221222
32.4,882.665788466813
32.6,882.5492366814283
32.8,882.4279575491134
33.0,882.3018000391492
33.2,882.170605943814
33.4,882.0342096089533
33.6,881.8924376588806
33.8,881.745108716325
34.0,881.5920331182203
34.2,881.4330126282182
34.4,881.2678401469018
34.6,881.0962994207626
34.8,880.9181647510947
35.0,880.733200704051
35.2,880.5411618231983
35.4,880.3417923459921
35.6,880.1348259256779
35.8,879.9199853602129
36.0,879.6969823298718
36.2,879.4655171452781
36.4,879.225278507668
36.6,878.9759432832518
36.8,878.7171762935888
37.0,878.4486301239361
37.2,878.1699449515596
37.4,877.8807483960203
37.6,877.5806553934558
37.8,877.2692680968725
38.0,876.946175804449
38.2,876.6109549178176
38.4,876.2631689322415
38.6,875.9023684605482
38.8,875.5280912925947
39.0,875.1398624919483
39.2,874.7371945313519
39.4,874.3195874684149
39.6,873.8865291628216
39.8,873.4374955361898
40.0,872.9719508755237
40.2,872.4893481810203
40.4,871.9891295587644
40.6,871.470726658629
40.8,870.9335611574535
41.0,870.3770452873177
41.2,869.8005824084676
41.4,869.2035676261719
41.6,868.5853884505058
41.8,867.945425497769
42.0,867.2830532319496
42.2,866.5976407443509
42.4,865.888552569198
42.6,865.1551495327475
42.8,864.3967896331319
43.0,863.6128289478866
43.2,862.8026225658298
43.4,861.965525539705
43.6,861.1008938557426
43.8,860.2080854160656
44.0,859.286461029653
44.2,858.3353854073754
44.4,857.3542281564535
44.6,856.3423647695439
44.8,855.2991776035421
45.0,854.2240568431043
45.2,853.116401443836
45.4,851.9756200500724
45.6,850.8011318821837
45.8,849.5923675883878
46.0,848.3487700561299
46.2,847.0697951782041
46.4,845.754912568948
46.6,844.4036062260218
46.8,843.0153751335074
47.0,841.5897338023212
47.2,840.1262127442158
47.4,838.6243588759684
47.6,837.0837358507044
47.8,835.5039243136727
48.0,833.8845220801961
48.2,832.2251442339414
48.4,830.5254231440919
48.6,828.7850084004692
48.8,827.0035666661179
49.0,825.1807814473481
49.2,823.3163527817236
49.4,821.4099968449634
49.6,819.4614454782217
49.8,817.4704456376899
50.0,815.4367587689402
