0.0,819.9041930240137
0.2,821.9159400726812
0.4,823.8833299098081
0.6,825.8065013509181
0.8,827.6856184103609
1.0,829.5208713406394
1.2,831.3124775202176
1.4,833.0606821855943
1.6,834.7657590045819
1.8,836.4280104888992
2.0,838.0477682453554
2.2,839.6253930660656
2.4,841.1612748592744
2.6,842.6558324234782
2.8,844.1095130686014
3.0,845.5227920890064
3.2,846.8961720940724
3.4,848.2301822029785
3.6,849.5253771111496
3.8,850.7823360365583
4.0,852.0016615547462
4.2,853.1839783319913
4.4,854.329931766529
4.6,855.4401865481215
4.8,856.5154251465616
5.0,857.5563462398911
5.2,858.5636630932215
5.4,859.538101899053
5.6,860.4804000899134
5.8,861.3913046339757
6.0,862.271570324069
6.2,863.1219580701818
6.4,863.9432332051639
6.6,864.7361638128882
6.8,865.5015190876153
7.0,866.240067732753
7.2,866.9525764065955
7.4,867.639808221989
7.6,868.3025213062069
7.8,868.9414674266309
8.0,869.5573906871277
8.2,870.1510262993141
8.4,870.7230994321853
8.6,871.274324142889
8.8,871.8054023907364
9.0,872.3170231358747
9.2,872.8098615233949
9.4,873.284578153038
9.6,873.7418184340725
9.8,874.1822120243693
10.0,874.6063723521864
10.2,875.0148962187114
10.4,875.4083634789763
10.6,875.7873367983839
10.8,876.1523614817419
11.0,876.503965371414
11.2,876.8426588109464
11.4,877.1689346703273
11.6,877.4832684288782
11.8,877.7861183116588
12.0,878.0779254751884
12.2,878.3591142382486
12.4,878.6300923535302
12.6,878.8912513159136
12.8,879.1429667032354
13.0,879.3855985454804
13.2,879.6194917184516
13.4,879.8449763581062
13.6,880.0623682918995
13.8,880.2719694836479
14.0,880.47406848861
14.2,880.6689409156727
14.4,880.8568498937414
14.6,881.0380465396319
14.8,881.2127704249814
15.0,881.3812500399054
15.2,881.5437032513394
15.4,881.7003377542176
15.6,881.8513515138405
15.8,881.9969331979903
16.0,882.1372625975373
16.2,882.2725110344765
16.4,882.4028417564977
16.6,882.528410317369
16.8,882.6493649425636
17.0,882.7658468797076
17.2,882.8779907335637
17.4,882.9859247853846
17.6,883.0897712965873
17.8,883.1896467968012
18.0,883.2856623564313
18.2,883.3779238439619
18.4,883.4665321682966
18.6,883.5515835064921
18.8,883.6331695172933
19.0,883.7113775409241
19.2,883.7862907856226
19.4,883.8579885014365
19.6,883.9265461418165
19.8,883.992035513561
20.0,884.0545249156711
20.2,884.1140792676835
20.4,884.1707602280412
20.6,884.2246263030646
20.8,884.2757329470662
21.0,884.3241326541514
21.2,884.3698750422229
21.4,884.4130069296953
21.6,884.4535724054023
21.8,884.4916128921636
22.0,884.5271672044493
22.2,884.5602716005621
22.4,884.5909598297326
22.6,884.6192631744931
22.8,884.6452104886793
23.0,884.6688282313763
23.2,884.6901404971052
23.4,884.709169042518
23.6,884.725933309848
23.8,884.7404504473317
24.0,884.7527353268034
24.2,884.7628005586289
24.4,884.770656504128
24.6,884.7763112856112
24.8,884.77977079413
25.0,884.7810386950185
25.2,884.7801164312845
25.4,884.7770032248773
25.6,884.7716960758478
25.8,884.7641897593834
26.0,884.7544768206853
26.2,884.7425475676284
26.4,884.728390061124
26.6,884.7119901030798
26.8,884.6933312218314
27.0,884.6723946548929
27.2,884.6491593288525
27.4,884.623601836214
27.6,884.5956964089604
27.8,884.565414888592
28.0,884.5327266923643
28.2,884.4975987754295
28.4,884.459995588555
28.6,884.4198790310733
28.8,884.3772083986871
29.0,884.3319403257316
29.2,884.2840287214713
29.4,884.2334246999848
29.6,884.1800765031694
29.8,884.1239294163747
30.0,884.0649256761569
30.2,884.0030043696254
30.4,883.9381013248417
30.6,883.8701489917139
30.8,883.7990763128246
31.0,883.7248085836227
31.2,883.6472673014081
31.4,883.5663700025444
31.6,883.4820300873396
31.8,883.3941566320533
32.0,883.3026541875079
32.2,883.2074225638097
32.4,883.1083566007235
32.6,883.0053459232856
32.8,882.8982746822941
33.0,882.7870212793769
33.2,882.6714580764126
33.4,882.5514510891529
33.6,882.4268596649982
33.8,882.2975361449709
34.0,882.1633255100517
34.2,882.0240650121659
34.4,881.8795837902426
34.6,881.7297024719179
34.8,881.5742327616088
35.0,881.4129770158536
35.2,881.2457278069921
35.4,881.0722674764431
35.6,880.8923676790341
35.8,880.7057889200361
36.0,880.5122800867664
36.2,880.311577976832
36.4,880.1034068252995
36.6,879.887477833293
36.8,879.6634887007363
37.0,879.4311231661624
37.2,879.1900505567214
37.4,878.9399253517106
37.6,878.6803867631385
37.8,878.4110583370061
38.0,878.1315475791432
38.2,877.8414456095733
38.4,877.5403268494962
38.6,877.2277487450662
38.8,876.9032515322041
39.0,876.5663580467113
39.2,876.2165735839521
39.4,875.8533858123326
39.6,875.4762647447214
39.8,875.0846627718512
40.0,874.6780147615655
40.2,874.2557382275864
40.4,873.8172335712201
40.6,873.3618843991302
40.8,872.8890579199679
41.0,872.3981054222618
41.2,871.888362835547
41.4,871.3591513762348
41.6,870.8097782792138
41.8,870.2395376156235
42.0,869.6477111966469
42.2,869.0335695625535
42.4,868.3963730555702
42.6,867.7353729744904
42.8,867.0498128082322
43.0,866.3389295448602
43.2,865.6019550518686
43.4,864.8381175228155
43.6,864.0466429846913
43.8,863.2267568597141
44.0,862.3776855745735
44.2,861.4986582095056
44.4,860.5889081789703
44.6,859.6476749351447
44.8,858.6742056849305
45.0,857.6677571107191
45.2,856.6275970847668
45.4,855.5530063667123
45.6,854.443280273524
45.8,853.2977303109981
46.0,852.115685755857
46.2,850.8964951775005
46.4,849.6395278885724
46.6,848.3441753136983
46.8,847.0098522660459
47.0,845.635998121741
47.2,844.222077882661
47.4,842.7675831186949
47.6,841.2720327812225
47.8,839.7349738803122
48.0,838.1559820189643
48.2,836.5346617786231
48.4,834.8706469511483
48.6,833.1636006134636
48.8,831.4132150421699
49.0,829.6192114665288
49.2,827.7813396593687
49.4,825.8993773666269
49.6,823.9731295774251
49.8,822.0024276377409
50.0,819.9871282119075
