0.0,804.6624542275753
0.2,806.7669081473323
0.4,808.8309590663335
0.6,810.8549488480829
0.8,812.8392238436167
1.0,814.784135105046
1.2,816.6900385791339
1.4,818.5572952801572
1.6,820.3862714413895
1.8,822.1773386446403
2.0,823.9308739273748
2.2,825.6472598670363
2.4,827.3268846422897
2.6,828.9701420710044
2.8,830.5774316248883
3.0,832.1491584207843
3.2,833.685733188737
3.4,835.1875722170297
3.6,836.6550972744852
3.8,838.0887355104168
4.0,839.488919332695
4.2,840.8560862644932
4.4,842.19067878034
4.6,843.4931441221936
4.8,844.7639340963219
5.0,846.0035048518396
5.2,847.2123166418133
5.4,848.3908335679089
5.6,849.5395233096003
5.8,850.6588568390114
6.0,851.7493081224977
6.2,852.8113538101163
6.4,853.8454729141513
6.6,854.8521464778978
6.8,855.8318572359138
7.0,856.785089266966
7.2,857.7123276409019
7.4,858.614058060677
7.6,859.4907665007632
7.8,860.3429388431516
8.0,861.171060512149
8.2,861.9756161091435
8.4,862.7570890484913
8.6,863.5159611956426
8.8,864.2527125085958
9.0,864.9678206837231
9.2,865.6617608069749
9.4,866.3350050114209
9.6,866.9880221420372
9.8,867.6212774286014
10.0,868.235232167498
10.2,868.8303434131851
10.4,869.4070636800149
10.6,869.9658406550408
10.8,870.5071169223879
11.0,871.0313296996966
11.2,871.5389105870956
11.4,872.0302853290972
11.6,872.505873589744
11.8,872.966088741283
12.0,873.4113376665787
12.2,873.8420205754204
12.4,874.2585308348258
12.6,874.6612548133807
12.8,875.050571739609
13.0,875.4268535743142
13.2,875.7904648967774
13.4,876.1417628046629
13.6,876.4810968274273
13.8,876.8088088529905
14.0,877.1252330673886
14.2,877.4306959070908
14.4,877.7255160236288
14.6,878.0100042601581
14.8,878.2844636395396
15.0,878.549189363508
15.2,878.804468822469
15.4,879.050581615447
15.6,879.287799579694
15.8,879.516386829446
16.0,879.7365998033129
16.2,879.9486873197701
16.4,880.15289064022
16.6,880.3494435390829
16.8,880.538572380378
17.0,880.7204962002535
17.2,880.8954267949291
17.4,881.0635688135162
17.6,881.2251198551895
17.8,881.3802705701885
18.0,881.5292047641398
18.2,881.6720995051982
18.4,881.80912523352
18.6,881.9404458725904
18.8,882.066218941944
19.0,882.1865956708323
19.2,882.3017211124028
19.4,882.4117342579767
19.6,882.5167681510237
19.8,882.6169500004502
20.0,882.7124012928356
20.2,882.8032379032674
20.4,882.8895702044425
20.6,882.9715031737202
20.8,883.0491364978297
21.0,883.1225646749488
21.2,883.191877113892
21.4,883.2571582301592
21.6,883.3184875386102
21.8,883.3759397425512
22.0,883.4295848190313
22.2,883.4794881001603
22.4,883.5257103502759
22.6,883.5683078387999
22.8,883.6073324086409
23.0,883.642831540004
23.2,883.674848409491
23.4,883.70342194438
23.6,883.7285868719846
23.8,883.7503737640062
24.0,883.768809075802
24.2,883.7839151804997
24.4,883.7957103979024
24.6,883.8042090181358
24.8,883.8094213199936
25.0,883.8113535839573
25.2,883.8100080998611
25.4,883.8053831691929
25.6,883.7974731020246
25.8,883.7862682085737
26.0,883.7717547854098
26.2,883.7539150963244
26.4,883.7327273478933
26.6,883.7081656597695
26.8,883.6802000297529
27.0,883.6487962936916
27.2,883.613916080283
27.4,883.5755167608479
27.6,883.533551394164
27.8,883.4879686664573
28.0,883.4387128266575
28.2,883.3857236170381
28.4,883.3289361993742
28.6,883.26828107676
28.8,883.2036840112489
29.0,883.1350659374831
29.2,883.0623428725024
29.4,882.9854258219314
29.6,882.9042206827626
29.8,882.8186281429656
30.0,882.7285435781728
30.2,882.6338569457032
30.4,882.5344526762077
30.6,882.4302095632339
30.8,882.3210006510237
31.0,882.20669312088
31.2,882.0871481764491
31.4,881.9622209282888
31.6,881.8317602781057
31.8,881.6956088030615
32.0,881.5536026405714
32.2,881.4055713740217
32.4,881.2513379198629
32.6,881.0907184165376
32.8,880.9235221157253
33.0,880.7495512763928
33.2,880.5686010621556
33.4,880.3804594424621
33.6,880.1849070981265
33.8,879.9817173317384
34.0,879.7706559834896
34.2,879.5514813529563
34.4,879.3239441273842
34.6,879.0877873170175
34.8,878.8427461980187
35.0,878.5885482635139
35.2,878.3249131832986
35.4,878.051552772728
35.6,877.7681709713025
35.8,877.4744638314486
36.0,877.1701195179738
36.2,876.8548183186618
36.4,876.5282326664438
36.6,876.1900271735628
36.8,875.8398586781166
37.0,875.4773763033347
37.2,875.1022215299126
37.4,874.7140282816871
37.6,874.3124230248995
37.8,873.8970248812522
38.0,873.467445754916
38.2,873.0232904736039
38.4,872.5641569437729
38.6,872.0896363199672
38.8,871.5993131882617
39.0,871.0927657637093
39.2,870.5695661016392
39.4,870.0292803225962
39.6,869.4714688506468
39.8,868.8956866647279
40.0,868.3014835626409
40.2,867.6884044372433
40.4,867.0559895643227
40.6,866.4037749015799
40.8,865.7312923980892
41.0,865.0380703135394
41.2,864.3236335465109
41.4,863.5875039709767
41.6,862.8292007801718
41.8,862.0482408369156
42.0,861.2441390294291
42.2,860.4164086316384
42.4,859.5645616669153
42.6,858.6881092741665
42.8,857.7865620751481
43.0,856.8594305418513
43.2,855.9062253627777
43.4,854.9264578069035
43.6,853.919640084114
43.8,852.8852857008785
44.0,851.8229098099289
44.2,850.7320295527098
44.4,849.612164393366
44.6,848.462836443051
44.8,847.2835707733542
45.0,846.0738957176679
45.2,844.8333431593443
45.4,843.5614488055271
45.6,842.257752445585
45.8,840.9217981931181
46.0,839.5531347105607
46.2,838.1513154154625
46.4,836.7158986675927
46.6,835.2464479360772
46.8,833.7425319458522
47.0,832.2037248027954
47.2,830.6296060969735
47.4,829.0197609835334
47.6,827.3737802408458
47.8,825.6912603056063
48.0,823.9718032846883
48.2,822.2150169436392
48.4,820.4205146718025
48.6,818.5879154241554
48.8,816.7168436400367
49.0,814.8069291390494
49.2,812.8578069945113
49.4,810.869117384928
49.6,808.8405054240545
49.8,806.7716209702062
50.0,804.6621184155689
