0.0,822.2608480857162
0.2,824.2686103399511
0.4,826.2305417066484
0.6,828.1467090719328
0.8,830.0172139543689
1.0,831.8421938779787
1.2,833.6218235159457
1.4,835.3563155993504
1.6,837.0459215872492
1.8,838.690932096383
2.0,840.2916770907652
2.2,841.8485258333351
2.4,843.3618866037406
2.6,844.8322061881304
2.8,846.2599691485523
3.0,847.6456968811792
3.2,848.9899464740755
3.4,850.2933093765845
3.6,851.5564098936368
3.8,852.7799035193441
4.0,853.9644751251465
4.2,855.1108370185215
4.4,856.2197268888283
4.6,857.2919056572605
4.8,858.3281552481051
5.0,859.3292762985725
5.2,860.2960858243571
5.4,861.2294148578355
5.6,862.1301060754109
5.8,862.9990114299678
6.0,863.8369898037464
6.2,864.6449046961601
6.4,865.4236219602075
6.6,866.1740076001618
6.8,866.896925642182
7.0,867.5932360883942
7.2,868.2637929638424
7.4,868.9094424645449
7.6,869.5310212136889
7.8,870.1293546318124
8.0,870.7052554256304
8.2,871.2595221989989
8.4,871.7929381883778
8.6,872.3062701240649
8.8,872.8002672174271
9.0,873.2756602733783
9.2,873.7331609264362
9.4,874.1734609978415
9.6,874.5972319704572
9.8,875.0051245774704
10.0,875.3977685003094
10.2,875.775772170659
10.4,876.1397226710064
10.6,876.4901857277878
10.8,876.8277057909081
11.0,877.152806193203
11.2,877.465989383264
11.4,877.7677372249823
11.6,878.0585113571569
11.8,878.3387536065644
12.0,878.6088864479999
12.2,878.8693135049507
12.4,879.1204200847643
12.6,879.3625737424138
12.8,879.5961248672313
13.0,879.8214072872772
13.2,880.0387388863343
13.4,880.2484222288498
13.6,880.4507451884964
13.8,880.6459815763781
14.0,880.8343917652611
14.2,881.0162233065735
14.4,881.1917115372605
14.6,881.3610801739345
14.8,881.5245418920864
15.0,881.6822988884513
15.2,881.8345434249258
15.4,881.9814583527234
15.6,882.1232176157309
15.8,882.2599867322767
16.0,882.3919232547643
16.2,882.5191772068322
16.4,882.6418914979038
16.6,882.7602023151593
16.8,882.8742394931278
17.0,882.9841268612273
17.2,883.0899825697052
17.4,883.1919193945362
17.6,883.2900450219153
17.8,883.3844623130615
18.0,883.4752695501032
18.2,883.5625606638558
18.4,883.6464254443408
18.6,883.7269497349128
18.8,883.8042156108726
19.0,883.8783015434466
19.2,883.9492825500089
19.4,884.0172303314077
19.6,884.0822133972445
19.8,884.1442971799249
20.0,884.2035441382802
20.2,884.2600138515232
20.4,884.3137631042724
20.6,884.3648459633433
20.8,884.4133138469692
21.0,884.4592155870756
21.2,884.5025974851997
21.4,884.5435033626036
21.6,884.5819746050979
21.8,884.6180502030521
22.0,884.6517667870359
22.2,884.6831586594985
22.4,884.7122578228651
22.6,884.7390940043878
22.8,884.763694678069
23.0,884.7860850839402
23.2,884.8062882449494
23.4,884.8243249816913
23.6,884.8402139251798
23.8,884.8539715278478
24.0,884.8656120729308
24.2,884.8751476823711
24.4,884.8825883233585
24.6,884.8879418136057
24.8,884.8912138254346
25.0,884.8924078887339
25.2,884.89152539283
25.4,884.8885655872958
25.6,884.8835255817049
25.8,884.876400344321
26.0,884.8671826996961
26.2,884.8558633251341
26.4,884.8424307459563
26.6,884.8268713294898
26.8,884.8091692776786
27.0,884.7893066182015
27.2,884.7672631939523
27.4,884.7430166507258
27.6,884.7165424229248
27.8,884.6878137170787
28.0,884.6568014929429
28.2,884.6234744419191
28.4,884.5877989625079
28.6,884.5497391324789
28.8,884.5092566774086
29.0,884.4663109352097
29.2,884.4208588162339
29.4,884.3728547585065
29.6,884.3222506776034
29.8,884.2689959106568
30.0,884.2130371539272
30.2,884.1543183933512
30.4,884.0927808274312
30.6,884.0283627817992
30.8,883.9609996147491
31.0,883.8906236129974
31.2,883.8171638769006
31.4,883.7405461943239
31.6,883.6606929023334
31.8,883.5775227358578
32.0,883.4909506624482
32.2,883.4008877022529
32.4,883.3072407323202
32.6,883.2099122743402
32.8,883.1088002649539
33.0,883.0037978077728
33.2,882.8947929062903
33.4,882.7816681769061
33.6,882.6643005413441
33.8,882.5425608978177
34.0,882.4163137703803
34.2,882.2854169360062
34.4,882.1497210290657
34.6,882.0090691229987
34.8,881.8632962891481
35.0,881.7122291328934
35.2,881.555685307418
35.4,881.3934730056662
35.6,881.2253904312772
35.8,881.0512252495415
36.0,880.8707540196992
36.2,880.6837416101932
36.4,880.4899405987959
36.6,880.2890906598545
36.8,880.080917941236
37.0,879.8651344338954
37.2,879.6414373373541
37.4,879.4095084247228
37.6,879.1690134112741
37.8,878.9196013309175
38.0,878.6609039252884
38.2,878.3925350504906
38.4,878.1140901068646
38.6,877.8251454974427
38.8,877.5252581210312
39.0,877.2139649060985
39.2,876.8907823918479
39.4,876.5552063630132
39.6,876.2067115450233
39.8,875.8447513662347
40.0,875.4687577939261
40.2,875.0781412506767
40.4,874.6722906176107
40.6,874.2505733307732
40.8,873.8123355766214
41.0,873.356902592231
41.2,872.8835790753823
41.4,872.3916497091487
41.6,871.8803798049979
41.8,871.3490160677222
42.0,870.7967874847388
42.2,870.2229063414499
42.4,869.6265693634324
42.6,869.00695898524
42.8,868.3632447445526
43.0,867.694584799313
43.2,867.000127564348
43.4,866.2790134628041
43.6,865.5303767865319
43.8,864.7533476583521
44.0,863.9470540879412
44.2,863.1106241118889
44.4,862.2431880073366
44.6,861.3438805674948
44.8,860.4118434262946
45.0,859.4462274184586
45.2,858.4461949603915
45.4,857.4109224365054
45.6,856.3396025749325
45.8,855.2314467960307
46.0,854.0856875166871
46.2,852.901580393167
46.4,851.6784064851514
46.6,850.4154743236726
46.8,849.1121218658792
47.0,847.767718319968
47.2,846.3816658241824
47.4,844.9534009645238
47.6,843.4823961167293
47.8,841.968160599136
48.0,840.4102416242831
48.2,838.808225038469
48.4,837.1617358399895
48.6,835.4704384684052
48.8,833.7340368589215
49.0,831.9522742577833
49.2,830.1249327964753
49.4,828.2518328244689
49.6,826.3328320022254
49.8,824.3678241581508
50.0,822.3567379151806
