0.0,792.312454089147
0.2,794.5284770154332
0.4,796.7048133808573
0.6,798.8418465728372
0.8,800.9399610825059
1.0,802.9995425682154
1.2,805.0209779127483
1.4,807.0046552739885
1.6,808.9509641288241
1.8,810.8602953100805
2.0,812.7330410363015
2.2,814.5695949342219
2.4,816.3703520537973
2.6,818.1357088756843
2.8,819.8660633110815
3.0,821.5618146938788
3.2,823.2233637650725
3.4,824.8511126494413
3.6,826.4454648244953
3.8,828.0068250817357
4.0,829.5355994802896
4.2,831.0321952930072
4.4,832.4970209451268
4.6,833.9304859456447
4.8,835.3330008115411
5.0,836.704976985038
5.2,838.046826744085
5.4,839.358963106288
5.6,840.6417997265143
5.8,841.8957507884257
6.0,843.1212308902076
6.2,844.3186549247755
6.4,845.4884379547598
6.6,846.6309950825739
6.8,847.7467413158937
7.0,848.8360914288762
7.2,849.8994598194611
7.4,850.9372603631064
7.6,851.9499062633115
7.8,852.9378098992919
8.0,853.90138267117
8.2,854.8410348430518
8.4,855.7571753843563
8.6,856.6502118097717
8.8,857.5205500182029
9.0,858.3685941310806
9.2,859.1947463303907
9.4,859.9994066967845
9.6,860.7829730481228
9.8,861.5458407787942
10.0,862.2884027001506
10.2,863.0110488823831
10.4,863.7141664981583
10.6,864.3981396683221
10.8,865.063349309966
11.0,865.7101729871391
11.2,866.3389847644747
11.4,866.9501550639885
11.6,867.5440505252903
11.8,868.121033869434
12.0,868.6814637666187
12.2,869.2256947079361
12.4,869.7540768813442
12.6,870.266956052028
12.8,870.7646734472986
13.0,871.2475656461552
13.2,871.7159644736274
13.4,872.1701968999931
13.6,872.6105849449514
13.8,873.0374455868146
14.0,873.4510906767669
14.2,873.85182685822
14.4,874.2399554912802
14.6,874.6157725823284
14.8,874.9795687186963
15.0,875.3316290084072
15.2,875.6722330249394
15.4,876.0016547569518
15.6,876.3201625629005
15.8,876.628019130461
16.0,876.9254814406611
16.2,877.212800736614
16.4,877.4902224967338
16.6,877.7579864123038
16.8,878.0163263692566
17.0,878.2654704340213
17.2,878.5056408432771
17.4,878.7370539974536
17.6,878.9599204578028
17.8,879.1744449468696
18.0,879.3808263521752
18.2,879.5792577329283
18.4,879.7699263295713
18.6,879.9530135759682
18.8,880.1286951140349
19.0,880.297140810615
19.2,880.4585147763981
19.4,880.6129753866811
19.6,880.7606753037688
19.8,880.9017615008161
20.0,881.0363752869079
20.2,881.1646523331833
20.4,881.2867226998048
20.6,881.4027108635812
20.8,881.5127357460551
21.0,881.6169107418694
21.2,881.7153437472311
21.4,881.8081371882963
21.6,881.8953880493066
21.8,881.97718790031
22.0,882.0536229243093
22.2,882.1247739436826
22.4,882.1907164457338
22.6,882.2515206072309
22.8,882.3072513178039
23.0,882.3579682020772
23.2,882.403725640423
23.4,882.4445727882271
23.6,882.4805535935697
23.8,882.511706813232
24.0,882.5380660269467
24.2,882.5596596498223
24.4,882.5765109428768
24.6,882.588638021631
24.8,882.5960538627138
25.0,882.5987663084496
25.2,882.5967780694006
25.4,882.5900867248492
25.6,882.5786847212205
25.8,882.5625593684407
26.0,882.5416928342546
26.2,882.5160621365219
26.4,882.4856391335255
26.6,882.4503905123394
26.8,882.4102777753026
27.0,882.3652572246683
27.2,882.3152799454942
27.4,882.2602917868578
27.6,882.2002333414842
27.8,882.1350399238872
28.0,882.0646415471283
28.2,881.9889628983095
28.4,881.9079233129244
28.6,881.8214367481975
28.8,881.7294117555508
29.0,881.6317514523438
29.2,881.5283534930405
29.4,881.419110039961
29.6,881.3039077337853
29.8,881.1826276639805
30.0,881.0551453393264
30.2,880.921330658723
30.4,880.7810478824664
30.6,880.6341556041806
30.8,880.4805067236023
31.0,880.3199484204122
31.2,880.1523221293143
31.4,879.9774635165609
31.6,879.795202458129
31.8,879.6053630197472
32.0,879.4077634389778
32.2,879.2022161095557
32.4,878.9885275681838
32.6,878.7664984839848
32.8,878.5359236508051
33.0,878.2965919825629
33.2,878.0482865118306
33.4,877.790784391834
33.6,877.5238569020479
33.8,877.2472694575594
34.0,876.9607816223672
34.2,876.6641471267714
34.4,876.3571138890052
34.6,876.0394240412517
34.8,875.7108139601711
35.0,875.3710143020667
35.2,875.0197500427932
35.4,874.6567405225104
35.6,874.2816994953647
35.8,873.8943351841755
36.0,873.4943503401838
36.2,873.0814423079111
36.4,872.6553030951592
36.6,872.215619448169
36.8,871.7620729319407
37.0,871.2943400156989
37.2,870.8120921634767
37.4,870.3149959297714
37.6,869.8027130602089
37.8,869.2749005971389
38.0,868.7312109900657
38.2,868.1712922108019
38.4,867.594787873215
38.6,867.001337357424
38.8,866.3905759382809
39.0,865.7621349179589
39.2,865.1156417624544
39.4,864.4507202417896
39.6,863.766990573691
39.8,863.0640695705033
40.0,862.3415707890799
40.2,861.5991046833858
40.4,860.8362787595242
40.6,860.0526977328964
40.8,859.2479636871844
41.0,858.4216762348407
41.2,857.5734326787543
41.4,856.7028281747594
41.6,855.8094558946364
41.8,854.8929071892578
42.0,853.952771751517
42.2,852.9886377786773
42.4,852.000092133775
42.6,850.9867205057058
42.8,849.9481075676244
43.0,848.8838371332864
43.2,847.7934923109622
43.4,846.6766556545571
43.6,845.5329093115741
43.8,844.3618351675624
44.0,843.1630149866974
44.2,841.9360305481545
44.4,840.6804637779366
44.6,839.3958968758362
44.8,838.0819124372177
45.0,836.7380935693213
45.2,835.3640240018052
45.4,833.9592881912544
45.6,832.523471419406
45.8,831.0561598848523
46.0,829.556940788007
46.2,828.0254024091374
46.4,826.4611341792835
46.6,824.8637267439096
46.8,823.232772019155
47.0,821.5678632405707
47.2,819.868595004255
47.4,818.134563300325
47.6,816.3653655386801
47.8,814.5606005670442
48.0,812.719868681295
48.2,810.8427716281137
48.4,808.9289126000115
48.6,806.9778962228182
48.8,804.9893285357406
49.0,802.9628169641194
49.2,800.8979702850442
49.4,798.7943985860031
49.6,796.6517132167719
49.8,794.4695267347632
50.0,792.2474528440875
