0.0,752.5677918593425
0.2,755.3771691304987
0.4,758.12412258593
0.6,760.8103633516159
0.8,763.4375644913241
1.0,766.0073597639507
1.2,768.5213425369121
1.4,770.9810648575148
1.6,773.3880366830329
1.8,775.7437252690518
2.0,778.0495547144893
2.2,780.306905660616
2.4,782.5171151403553
2.6,784.6814765731733
2.8,786.801239899983
3.0,788.8776118516689
3.2,790.9117563441366
3.4,792.9047949921614
3.6,794.8578077337986
3.8,796.7718335566988
4.0,798.6478713173559
4.2,800.4868806441025
4.4,802.2897829145501
4.6,804.0574622981521
4.8,805.790766854634
5.0,807.4905096791858
5.2,809.1574700855455
5.4,810.7923948183923
5.6,812.3959992868355
5.8,813.9689688111923
6.0,815.5119598757067
6.2,817.0256013803528
6.4,818.510495885391
6.6,819.9672208428772
6.8,821.3963298098826
7.0,822.7983536387344
7.2,824.1738016401387
7.4,825.5231627155882
7.6,826.8469064559897
7.8,828.1454842039484
8.0,829.4193300776334
8.2,830.6688619546046
8.4,831.8944824144074
8.6,833.0965796391347
8.8,834.2755282715185
9.0,835.4316902304398
9.2,836.5654154840344
9.4,837.6770427808349
9.6,838.7669003396103
9.8,839.8353064987596
10.0,840.8825703262766
10.2,841.9089921914376
10.4,842.91486429947
10.6,843.9004711905399
10.8,844.8660902044624
11.0,845.8119919125681
11.2,846.738440518193
11.4,847.645694227252
11.6,848.5340055903613
11.8,849.4036218179467
12.0,850.2547850697523
12.2,851.0877327201239
12.4,851.9026976004054
12.6,852.6999082197328
12.8,853.4795889654656
13.0,854.2419602844443
13.2,854.9872388462064
13.4,855.7156376892431
13.6,856.4273663513252
13.8,857.122630984879
14.0,857.8016344583366
14.2,858.4645764443449
14.4,859.1116534956682
14.6,859.7430591095755
14.8,860.3589837814644
15.0,860.9596150484372
15.2,861.545137523502
15.4,862.1157329210487
15.6,862.6715800742055
15.8,863.2128549446666
16.0,863.7397306255396
16.2,864.2523773377486
16.4,864.7509624204972
16.6,865.2356503162736
16.8,865.706602550864
17.0,866.1639777088155
17.2,866.6079314047714
17.4,867.0386162510861
17.6,867.4561818221065
17.8,867.8607746154951
18.0,868.252538010946
18.2,868.6316122266367
18.4,868.9981342737415
18.6,869.3522379093155
18.8,869.6940535878464
19.0,870.0237084117559
19.2,870.34132608112
19.4,870.6470268428633
19.6,870.9409274396694
19.8,871.2231410588372
20.0,871.4937772812995
20.2,871.7529420310102
20.4,872.0007375248911
20.6,872.237262223522
20.8,872.4626107827421
21.0,872.6768740063253
21.2,872.8801387998732
21.4,873.0724881260709
21.6,873.2540009614297
21.8,873.4247522546376
22.0,873.5848128866303
22.2,873.7342496324816
22.4,873.8731251252092
22.6,874.0014978215812
22.8,874.1194219700011
23.0,874.2269475805441
23.2,874.3241203972078
23.4,874.4109818724377
23.6,874.4875691439767
23.8,874.5539150140876
24.0,874.6100479311895
24.2,874.6559919739414
24.4,874.6917668378069
24.6,874.7173878241241
24.8,874.7328658317023
25.0,874.7382073509632
25.2,874.7334144606384
25.4,874.7184848270324
25.6,874.6934117058548
25.8,874.658183946621
26.0,874.6127859996186
26.2,874.5571979254304
26.4,874.4913954070004
26.6,874.4153497642262
26.8,874.3290279710562
27.0,874.2323926750644
27.2,874.1254022194696
27.4,874.0080106675658
27.6,873.8801678295163
27.8,873.7418192914669
28.0,873.5929064469228
28.2,873.4333665303265
28.4,873.2631326527696
28.6,873.0821338397672
28.8,872.8902950710041
29.0,872.6875373219721
29.2,872.4737776073905
29.4,872.2489290263087
29.6,872.01290080877
29.8,871.7655983639127
30.0,871.506923329369
30.2,871.2367736218192
30.4,870.9550434885389
30.6,870.661623559774
30.8,870.3564009017609
31.0,870.0392590702015
31.2,869.7100781639855
31.4,869.368734878947
31.6,869.0151025614203
31.8,868.6490512613552
32.0,868.2704477847313
32.2,867.8791557450019
32.4,867.4750356132785
32.6,867.0579447669576
32.8,866.6277375364705
33.0,866.1842652498235
33.2,865.72737627458
33.4,865.2569160569155
33.6,864.7727271573623
33.8,864.2746492828383
34.0,863.7625193145371
34.2,863.236171331234
34.4,862.6954366275384
34.6,862.1401437266048
34.8,861.5701183867839
35.0,860.985183601669
35.2,860.3851595929677
35.4,859.7698637955918
35.6,859.1391108343289
35.8,858.4927124914203
36.0,857.8304776643342
36.2,857.1522123129749
36.4,856.4577193955314
36.6,855.7467987921142
36.8,855.0192472152818
37.0,854.2748581065024
37.2,853.5134215175389
37.4,852.7347239756848
37.6,851.9385483317166
37.8,851.1246735893626
38.0,850.2928747150249
38.2,849.4429224264147
38.4,848.5745829587083
38.6,847.6876178067515
38.8,846.7817834417845
39.0,845.8568310010969
39.2,844.9125059489677
39.4,843.948547707196
39.6,842.9646892534937
39.8,841.9606566859817
40.0,840.9361687520154
40.2,839.8909363395743
40.4,838.8246619294633
40.6,837.7370390066267
40.8,836.6277514289301
41.0,835.496472751871
41.2,834.342865507795
41.4,833.1665804383505
41.6,831.9672556791093
41.8,830.7445158955004
42.0,829.4979713694751
42.2,828.2272170366215
42.4,826.9318314737972
42.6,825.6113758377294
42.8,824.2653927554672
43.0,822.8934051680318
43.2,821.494915129121
43.4,820.0694025612668
43.6,818.6163239724189
43.8,817.1351111365325
44.0,815.6251697423654
44.2,814.085878015337
44.4,812.5165853179584
44.6,810.9166107350015
44.8,809.2852416502368
45.0,807.6217323222043
45.2,805.9253024671108
45.4,804.1951358575295
45.6,802.4303789461216
45.8,800.6301395240962
46.0,798.793485424551
46.2,796.9194432811906
46.4,795.0069973531939
46.6,793.0550884271859
46.8,791.0626128073461
47.0,789.028421404667
47.2,786.9513189362337
47.4,784.8300632451476
47.6,782.6633647513355
47.8,780.4498860429989
48.0,778.1882416178336
48.2,775.8769977824188
48.4,773.5146727173245
48.6,771.0997367145224
48.8,768.6306125926301
49.0,766.1056762943606
49.2,763.5232576693164
49.4,760.8816414439646
49.6,758.1790683792716
49.8,755.4137366150776
50.0,752.5838031988698
