0.0,566.860113868159
0.2,573.5408237076294
0.4,580.0770615229357
0.6,586.4715311730793
0.8,592.7269149189142
1.0,598.8458719638489
1.2,604.8310370600067
1.4,610.685019181
1.6,616.4104002622614
1.8,622.0097340096644
2.0,627.4855447769667
2.2,632.8403265124066
2.4,638.0765417745897
2.6,643.1966208176107
2.8,648.2029607451758
3.0,653.0979247333081
3.2,657.883841321051
3.4,662.5630037684173
3.6,667.1376694806738
3.8,671.6100594979043
4.0,675.982358048647
4.2,680.2567121662738
4.4,684.4352313666469
4.6,688.5199873854787
4.8,692.5130139737062
5.0,696.4163067490962
5.2,700.2318231022072
5.4,703.9614821547527
5.6,707.6071647683399
5.8,711.1707136014969
6.0,714.6539332128468
6.2,718.058590208248
6.4,721.3864134296808
6.6,724.6390941836406
6.8,727.8182865067778
7.0,730.9256074665192
7.2,733.9626374944056
7.4,736.9309207498889
7.6,739.8319655123486
7.8,742.6672445991122
8.0,745.4381958072937
8.2,748.1462223773004
8.4,750.792693475907
8.6,753.3789446968374
8.8,755.9062785768562
9.0,758.3759651254269
9.2,760.7892423660585
9.4,763.1473168875309
9.6,765.4513644032569
9.8,767.7025303171173
10.0,769.9019302941775
10.2,772.0506508347721
10.4,774.1497498505279
10.6,776.2002572409717
10.8,778.2031754694514
11.0,780.1594801371822
11.2,782.07012055431
11.4,783.9360203069624
11.6,785.7580778193419
11.8,787.5371669099894
12.0,789.2741373414276
12.2,790.9698153624635
12.4,792.6250042425078
12.6,794.2404847973346
12.8,795.8170159057747
13.0,797.3553350169016
13.2,798.856158647328
13.4,800.320182868296
13.6,801.7480837822905
13.8,803.1405179889691
14.0,804.4981230402402
14.2,805.8215178843762
14.4,807.1113032990843
14.6,808.3680623135006
14.8,809.5923606191068
15.0,810.7847469696044
15.2,811.9457535698058
15.4,813.0758964536327
15.6,814.1756758513324
15.8,815.2455765460434
16.0,816.2860682198603
16.2,817.2976057895601
16.4,818.2806297321661
16.6,819.2355664005356
16.8,820.1628283291619
17.0,821.0628145303895
17.2,821.9359107812423
17.4,822.7824899010702
17.6,823.6029120202097
17.8,824.397524839865
18.0,825.1666638834026
18.2,825.9106527392523
18.4,826.6298032956031
18.6,827.324415967072
18.8,827.9947799135205
19.0,828.6411732511853
19.2,829.2638632562767
19.4,829.8631065611982
19.6,830.4391493435203
19.8,830.9922275078451
20.0,831.5225668606773
20.2,832.0303832784157
20.4,832.5158828685666
20.6,832.9792621242716
20.8,833.4207080722363
21.0,833.840398414132
21.2,834.2385016615423
21.4,834.61517726451
21.6,834.9705757337408
21.8,835.3048387565061
22.0,835.6180993062849
22.2,835.9104817461788
22.4,836.1821019261259
22.6,836.4330672739375
22.8,836.6634768801744
23.0,836.8734215768795
23.2,837.0629840101734
23.4,837.2322387067242
23.6,837.3812521340948
23.8,837.5100827549704
24.0,837.6187810752684
24.2,837.7073896861286
24.4,837.775943299784
24.6,837.8244687793101
24.8,837.8529851622467
25.0,837.8615036780923
25.2,837.8500277596678
25.4,837.8185530483419
25.6,837.7670673931196
25.8,837.6955508435874
26.0,837.6039756367104
26.2,837.4923061774819
26.4,837.3604990134158
26.6,837.2085028028837
26.8,837.036258277285
27.0,836.8436981970503
27.2,836.6307473014677
27.4,836.3973222523251
27.6,836.1433315713574
27.8,835.868675571488
28.0,835.5732462818489
28.2,835.256927366562
28.4,834.9195940372595
28.6,834.5611129593206
28.8,834.1813421517917
29.0,833.7801308809601
29.2,833.3573195475361
29.4,832.9127395674027
29.6,832.4462132458775
29.8,831.9575536454302
30.0,831.4465644467881
30.2,830.9130398033559
30.4,830.3567641888692
30.6,829.7775122381898
30.8,829.1750485811455
31.0,828.5491276693051
31.2,827.8994935955731
31.4,827.2258799064779
31.6,826.5280094070183
31.8,825.805593957925
32.0,825.0583342651835
32.2,824.2859196616583
32.4,823.4880278806496
32.6,822.6643248212035
32.8,821.8144643049959
33.0,820.9380878245967
33.2,820.0348242829238
33.4,819.1042897236842
33.6,818.1460870526043
33.8,817.1598057492445
34.0,816.1450215691959
34.2,815.1012962364601
34.4,814.0281771258116
34.6,812.9251969349546
34.8,811.791873346289
35.0,810.6277086781122
35.2,809.4321895250957
35.4,808.2047863878917
35.6,806.9449532917392
35.8,805.6521273939674
36.0,804.3257285803066
36.2,802.9651590499541
36.4,801.569802889367
36.6,800.1390256347878
36.8,798.6721738235456
37.0,797.1685745342146
37.2,795.6275349157568
37.4,794.0483417058178
37.6,792.4302607384012
37.8,790.7725364411912
38.0,789.0743913228595
38.2,787.3350254507427
38.4,785.5536159193458
38.6,783.7293163101873
38.8,781.8612561435759
39.0,779.9485403229726
39.2,777.9902485726697
39.4,775.985434869594
39.6,773.9331268701127
39.8,771.8323253328074
40.0,769.6820035382534
40.2,767.481106706929
40.4,765.2285514164557
40.6,762.9232250194545
40.8,760.5639850633854
41.0,758.1496587138131
41.2,755.6790421826287
41.4,753.1509001628283
41.6,750.5639652715289
41.8,747.9169375029769
42.0,745.2084836933695
42.2,742.4372369993845
42.4,739.601796392368
42.6,736.7007261701987
42.8,733.7325554888919
43.0,730.6957779160618
43.2,727.588851008401
43.4,724.4101959153733
43.6,721.1581970113466
43.8,717.8312015584152
44.0,714.427519402177
44.2,710.9454227027419
44.4,707.3831457032405
44.6,703.738884538104
44.8,700.0107970833609
45.0,696.1970028511741
45.2,692.2955829308081
45.4,688.3045799781694
45.6,684.2219982560129
45.8,680.045803726842
46.0,675.7739242004612
46.2,671.4042495380553
46.4,666.934631914582
46.6,662.3628861411636
46.8,657.6867900490539
47.0,652.9040849366413
47.2,648.012476080819
47.4,643.0096333139223
47.6,637.893191667287
47.8,632.6607520823342
48.0,627.3098821899262
48.2,621.8381171585753
48.4,616.242960611913
48.6,610.5218856156472
48.8,604.6723357340562
49.0,598.6917261558677
49.2,592.577444889187
49.4,586.3268540249287
49.6,579.9372910680091
49.8,573.4060703353407
50.0,566.7304844194648
