0.0,859.4839710145634
0.2,860.1460384727648
0.4,860.792925412396
0.6,861.4248226450502
0.8,862.0419218879364
1.0,862.6444157504051
1.2,863.2324977165396
1.4,863.8063621237881
1.6,864.3662041376217
1.8,864.9122197222231
2.0,865.4446056072202
2.2,865.9635592504997
2.4,866.4692787971419
2.6,866.9619630345445
2.8,867.4418113438018
3.0,867.9090236474342
3.2,868.3638003535648
3.4,868.8063422966592
3.6,869.2368506749544
3.8,869.6555269847139
4.0,870.062572951459
4.2,870.4581904583346
4.4,870.8425814717801
4.6,871.215947964681
4.8,871.5784918371893
5.0,871.9304148354071
5.2,872.2719184681317
5.4,872.6032039218711
5.6,872.9244719743384
5.8,873.235922906645
6.0,873.5377564144064
6.2,873.8301715179874
6.4,874.1133664721065
6.6,874.3875386750241
6.8,874.6528845775406
7.0,874.909599592025
7.2,875.1578780016977
7.4,875.3979128703854
7.6,875.6298959529647
7.8,875.8540176067067
8.0,876.0704667037293
8.2,876.2794305447593
8.4,876.4810947744019
8.6,876.675643298105
8.8,876.8632582010013
9.0,877.0441196688035
9.2,877.2184059109179
9.4,877.3862930859342
9.6,877.5479552296404
9.8,877.7035641857013
10.0,877.8532895391309
10.2,877.997298552675
10.4,878.1357561062171
10.6,878.2688246393008
10.8,878.3966640968616
11.0,878.5194318782399
11.2,878.6372827895449
11.4,878.7503689994221
11.6,878.858839998271
11.8,878.9628425609436
12.0,879.0625207129497
12.2,879.1580157001788
12.4,879.2494659621433
12.6,879.3370071087319
12.8,879.4207719004578
13.0,879.500890232173
13.2,879.5774891202125
13.4,879.6506926929218
13.6,879.720622184514
13.8,879.7873959321945
14.0,879.8511293764807
14.2,879.9119350646407
14.4,879.9699226571663
14.6,880.0251989371867
14.8,880.0778678227272
15.0,880.1280303817088
15.2,880.1757848495799
15.4,880.2212266494676
15.6,880.2644484147289
15.8,880.3055400137836
16.0,880.3445885771
16.2,880.3816785262084
16.4,880.4168916046112
16.6,880.4503069104564
16.8,880.4820009308405
17.0,880.5120475776064
17.2,880.540518224499
17.4,880.5674817455424
17.6,880.5930045545017
17.8,880.6171506452931
18.0,880.6399816332062
18.2,880.6615567968043
18.4,880.6819331203693
18.6,880.7011653367575
18.8,880.7193059705388
19.0,880.7364053812893
19.2,880.7525118069124
19.4,880.767671406866
19.6,880.7819283051742
19.8,880.7953246331072
20.0,880.8079005714148
20.2,880.8196943920038
20.4,880.8307424989495
20.6,880.8410794687403
20.8,880.8507380896536
21.0,880.859749400167
21.2,880.8681427263119
21.4,880.875945717883
21.6,880.8831843834159
21.8,880.8898831238548
22.0,880.8960647648333
22.2,880.9017505874956
22.4,880.9069603577904
22.6,880.9117123541721
22.8,880.9160233936534
23.0,880.9199088561475
23.2,880.9233827070543
23.4,880.9264575180399
23.6,880.9291444859671
23.8,880.931453449938
24.0,880.9333929064137
24.2,880.934970022381
24.4,880.9361906465383
24.6,880.9370593184792
24.8,880.9375792758548
25.0,880.9377524595012
25.2,880.9375795165213
25.4,880.9370598013144
25.6,880.9361913745537
25.8,880.9349710001104
26.0,880.9333941399335
26.2,880.9314549468941
26.4,880.9291462556083
26.6,880.9264595712586
26.8,880.9233850564342
27.0,880.9199115160185
27.2,880.9160263801533
27.4,880.9117156853159
27.6,880.9069640535473
27.8,880.9017546698741
28.0,880.8960692579724
28.2,880.8898880541258
28.4,880.883189779531
28.6,880.8759516110124
28.8,880.8681491502103
29.0,880.8597563913089
29.2,880.8507456873783
29.4,880.8410877154053
29.6,880.8307514400949
29.8,880.8197040765269
30.0,880.8079110517549
30.2,880.795335965441
30.4,880.7819405496232
30.6,880.767684627715
30.8,880.7525260728397
31.0,880.7364207656101
31.2,880.7193225514603
31.4,880.7011831976481
31.6,880.6819523500407
31.8,880.6615774898077
32.0,880.640003890143
32.2,880.6171745731405
32.4,880.5930302669533
32.6,880.5675093633644
32.8,880.5405478759033
33.0,880.5120793986395
33.2,880.4820350657899
33.4,880.4503435122741
33.6,880.4169308353555
33.8,880.3817205575042
34.0,880.3446335906178
34.2,880.305588201738
34.4,880.2644999803958
34.6,880.2212818077237
34.8,880.1758438274609
35.0,880.1280934189896
35.2,880.0779351725239
35.4,880.0252708665794
35.6,879.9699994478452
35.8,879.9120170135744
36.0,879.8512167966077
36.2,879.7874891531383
36.4,879.7207215533213
36.6,879.6507985748256
36.8,879.5776018994193
37.0,879.501010312674
37.2,879.4208997068656
37.4,879.3371430871426
37.6,879.249610581023
37.8,879.1581694512764
38.0,879.0626841122348
38.2,878.963016149571
38.4,878.8590243435694
38.6,878.7505646959103
38.8,878.637490459973
39.0,878.5196521746569
39.2,878.3968977017079
39.4,878.2690722665271
39.6,878.1360185024292
39.8,877.9975764983028
40.0,877.8535838496231
40.2,877.7038757127452
40.4,877.5482848624059
40.6,877.3866417523419
40.8,877.2187745789308
41.0,877.0445093477424
41.2,876.8636699428824
41.4,876.6760781990001
41.6,876.4815539758201
41.8,876.2799152350493
42.0,876.0709781195019
42.2,875.8545570342771
42.4,875.6304647298125
42.6,875.3985123866332
42.8,875.1585097016064
43.0,874.9102649755039
43.2,874.6535852016734
43.4,874.3882761556076
43.6,874.1141424852026
43.8,873.8309878014859
44.0,873.5386147695975
44.2,873.2368251998023
44.4,872.925420138307
44.6,872.6041999576632
44.8,872.2729644465271
45.0,871.9315128985553
45.2,871.5796442002151
45.4,871.2171569172889
45.6,870.8438493798577
45.8,870.4595197655523
46.0,870.0639661808652
46.2,869.6569867403244
46.4,869.2383796433322
46.6,868.8079432484847
46.8,868.365476145194
47.0,867.910777222444
47.2,867.4436457345188
47.4,866.9638813635563
47.6,866.4712842787899
47.8,865.9656551923498
48.0,865.4467954115111
48.2,864.9145068872882
48.4,864.3685922592864
48.6,863.8088548967355
48.8,863.2350989356468
49.0,862.647129312046
49.2,862.0447517912505
49.4,861.4277729931739
49.6,860.7960004136556
49.8,860.149242441829
50.0,859.4873083735532
