0.0,783.3019495540225
0.2,785.6240167277875
0.4,787.8966091664346
0.6,790.1209408810082
0.8,792.2981904916956
1.0,794.4294999439704
1.2,796.515973532437
1.4,798.5586772324904
1.6,800.5586383351891
1.8,802.5168453762731
2.0,804.4342483461235
2.2,806.3117591637618
2.4,808.1502523947761
2.6,809.9505661903997
2.8,811.7135034229013
3.0,813.4398329909627
3.2,815.1302912678569
3.4,816.7855836649471
3.6,818.4063862832885
3.8,819.9933476268938
4.0,821.5470903524272
4.2,823.0682130317118
4.4,824.5572919053415
4.6,826.0148826078594
4.8,827.441521847294
5.0,828.8377290242722
5.2,830.2040077783993
5.4,831.5408474520244
5.6,832.8487244638695
5.8,834.1281035872255
6.0,835.3794391294806
6.2,836.6031760116259
6.4,837.7997507480327
6.6,838.9695923282495
6.8,840.1131230037699
7.0,841.2307589837186
7.2,842.3229110441811
7.4,843.3899850564774
7.6,844.4323824400718
7.8,845.4505005460405
8.0,846.444732977099
8.2,847.4154698501515
8.4,848.3630980071832
8.6,849.2880011800875
8.8,850.1905601147388
9.0,851.0711526592828
9.2,851.9301538212592
9.4,852.7679357977886
9.6,853.5848679826756
9.8,854.3813169539002
10.0,855.1576464446026
10.2,855.9142173003193
10.4,856.6513874249027
10.6,857.3695117172525
10.8,858.0689420007119
11.0,858.7500269467355
11.2,859.4131119942083
11.4,860.0585392656017
11.6,860.6866474809757
11.8,861.2977718706861
12.0,861.8922440875241
12.2,862.4703921189019
12.4,863.0325401996018
12.6,863.5790087255207
12.8,864.1101141687758
13.0,864.6261689944744
13.2,865.1274815794011
13.4,865.6143561328316
13.6,866.0870926196501
13.8,866.5459866859105
14.0,866.9913295869601
14.2,867.4234081182194
14.4,867.8425045486923
14.6,868.2488965572649
14.8,868.6428571718337
15.0,869.0246547112944
15.2,869.3945527304044
15.4,869.7528099675286
15.6,870.0996802952614
15.8,870.4354126739113
16.0,870.7602511078276
16.2,871.074434604536
16.4,871.378197136648
16.6,871.6717676064959
16.8,871.9553698134438
17.0,872.2292224238159
17.2,872.4935389433784
17.4,872.7485276923037
17.6,872.9943917825457
17.8,873.2313290975447
18.0,873.4595322741784
18.2,873.6791886868723
18.4,873.890480433778
18.6,874.093584324926
18.8,874.2886718722541
19.0,874.4759092814136
19.2,874.655457445251
19.4,874.8274719388633
19.6,874.9921030161199
19.8,875.1494956075486
20.0,875.2997893194785
20.2,875.443118434334
20.4,875.579611911975
20.6,875.7093933919771
20.8,875.832581196749
21.0,875.9492883353829
21.2,876.0596225081391
21.4,876.163686111463
21.6,876.2615762434394
21.8,876.3533847095906
22.0,876.4391980289246
22.2,876.5190974401482
22.4,876.5931589079586
22.6,876.6614531293334
22.8,876.7240455397429
23.0,876.780996319211
23.2,876.8323603981574
23.4,876.8781874629582
23.6,876.9185219611641
23.8,876.9534031063272
24.0,876.9828648823828
24.2,877.0069360475472
24.4,877.0256401376923
24.6,877.0389954691657
24.8,877.0470151410293
25.0,877.0497070366976
25.2,877.0470738249586
25.4,877.0391129603709
25.6,877.0258166830325
25.8,877.0071720177247
26.0,876.9831607724394
26.2,876.953759536307
26.4,876.9189396769403
26.6,876.8786673372268
26.8,876.8329034315963
27.0,876.7816036418033
27.2,876.7247184122673
27.4,876.6621929450197
27.6,876.5939671943088
27.8,876.5199758609227
28.0,876.4401483862943
28.2,876.3544089464543
28.4,876.2626764459071
28.6,876.1648645115031
28.8,876.0608814863918
29.0,875.9506304241382
29.2,875.8340090830893
29.4,875.7109099210844
29.6,875.5812200906015
29.8,875.4448214344378
30.0,875.3015904820212
30.2,875.1513984464564
30.4,874.9941112224067
30.6,874.8295893849152
30.8,874.6576881892723
31.0,874.4782575720317
31.2,874.291142153285
31.4,874.0961812402958
31.6,873.893208832603
31.8,873.682053628694
32.0,873.4625390343526
32.2,873.2344831727835
32.4,872.9976988966104
32.6,872.7519938018469
32.8,872.4971702439339
33.0,872.2330253559325
33.2,871.9593510689629
33.4,871.6759341349692
33.6,871.3825561518929
33.8,871.0789935913258
34.0,870.7650178287133
34.2,870.4403951761734
34.4,870.1048869179848
34.6,869.7582493488011
34.8,869.4002338146319
35.0,869.0305867566311
35.2,868.6490497577216
35.4,868.2553595920789
35.6,867.8492482774867
35.8,867.4304431305717
36.0,866.9986668249066
36.2,866.5536374519705
36.4,866.0950685849341
36.6,865.6226693452288
36.8,865.1361444718448
37.0,864.6351943932801
37.2,864.1195153020526
37.4,863.5887992316547
37.6,863.0427341358126
37.8,862.4810039698774
38.0,861.9032887741399
38.2,861.3092647588218
38.4,860.6986043904428
38.6,860.0709764792084
38.8,859.4260462669914
39.0,858.7634755154004
39.2,858.0829225933356
39.4,857.3840425633192
39.6,856.6664872657593
39.8,855.9299054001608
40.0,855.1739426021257
40.2,854.3982415147934
40.4,853.6024418531518
40.6,852.7861804594121
40.8,851.9490913473662
41.0,851.0908057333565
41.2,850.2109520511653
41.4,849.3091559477961
41.6,848.3850402567573
41.8,847.4382249450962
42.0,846.4683270300494
42.2,845.4749604608165
42.4,844.4577359606019
42.6,843.4162608237506
42.8,842.3501386625232
43.0,841.2589690978322
43.2,840.1423473881263
43.4,838.9998639905675
43.6,837.8311040487239
43.8,836.635646801224
44.0,835.4130649061974
44.2,834.1629236768883
44.4,832.8847802245825
44.6,831.5781825059546
44.8,830.2426682731212
45.0,828.877763926089
45.2,827.4829832688984
45.4,826.0578261725909
45.6,824.6017771501326
45.8,823.1143038505932
46.0,821.5948554821769
46.2,820.0428611760633
46.4,818.4577283054233
46.6,816.8388407763342
46.8,815.1855573095947
47.0,813.4972097345405
47.2,811.7731013178347
47.4,810.0125051517653
47.6,808.2146626277753
47.8,806.3787820216966
48.0,804.5040372174199
48.2,802.5895665954563
48.4,800.6344721119955
48.6,798.6378185926407
48.8,796.5986332629808
49.0,794.515905535575
49.2,792.3885870698101
49.4,790.2155921174838
49.6,787.9957981629565
49.8,785.728046862363
50.0,783.4111452817951
