0.0,780.3314426818632
0.2,782.1243519037765
0.4,783.930795276745
0.6,785.7519112280938
0.8,787.5875867895772
1.0,789.4365577589417
1.2,791.2965566243231
1.4,793.164496175553
1.6,795.036674861224
1.8,796.9089894743419
2.0,798.7771415998454
2.2,800.6368262204827
2.4,802.48389363125
2.6,804.314478979918
2.8,806.1250969561978
3.0,807.9127020682498
3.2,809.6747173296518
3.4,811.4090358907285
3.6,813.1140011445507
3.8,814.7883711664072
4.0,816.4312731165775
4.2,818.0421525970079
4.4,819.6207220607585
4.6,821.1669113755414
4.8,822.6808226600394
5.0,824.1626906311243
5.2,825.6128489739206
5.4,827.0317026960815
5.6,828.419706049382
5.8,829.7773453758235
6.0,831.1051261327833
6.2,832.4035633403098
6.4,833.6731747431879
6.6,834.9144760650423
6.8,836.1279778315012
7.0,837.3141833401432
7.2,838.4735874476878
7.4,839.6066759249554
7.6,840.7139251958752
7.8,841.7958023286404
8.0,842.8527651865239
8.2,843.8852626749302
8.4,844.8937350420939
8.6,845.8786142053958
8.8,846.8403240852106
9.0,847.7792809348527
9.2,848.6958936595622
9.4,849.5905641202926
9.6,850.4636874198848
9.8,851.3156521703526
10.0,852.1468407407503
10.2,852.9576294855575
10.4,853.7483889538311
10.6,854.519484079576
10.8,855.2712743539366
11.0,856.004113979902
11.2,856.7183520103025
11.4,857.414332469916
11.6,858.0923944625465
11.8,858.752872263956
12.0,859.3960954015455
12.2,860.0223887216864
12.4,860.6320724455936
12.6,861.2254622146245
12.8,861.8028691258696
13.0,862.3645997588756
13.2,862.9109561943155
13.4,863.442236025393
13.6,863.958732362723
13.8,864.4607338334122
14.0,864.9485245750055
14.2,865.4223842249415
14.4,865.8825879061098
14.6,866.32940620907
14.8,866.7631051714458
15.0,867.1839462549767
15.2,867.5921863206628
15.4,867.9880776024081
15.6,868.3718676795264
15.8,868.7437994484437
16.0,869.1041110938936
16.2,869.4530360598753
16.4,869.7908030206105
16.6,870.1176358517092
16.8,870.4337536017288
17.0,870.7393704642843
17.2,871.0346957508482
17.4,871.3199338643527
17.6,871.5952842736934
17.8,871.8609414892106
18.0,872.1170950392107
18.2,872.3639294475755
18.4,872.6016242124937
18.6,872.830353786333
18.8,873.0502875566688
19.0,873.2615898284647
19.2,873.4644198074019
19.4,873.6589315843394
19.6,873.845274120883
19.8,874.0235912360369
20.0,874.1940215939029
20.2,874.3566986923921
20.4,874.5117508529061
20.6,874.6593012109466
20.8,874.7994677076059
21.0,874.9323630818906
21.2,875.0580948638308
21.4,875.176765368326
21.6,875.2884716896741
21.8,875.3933056967397
22.0,875.4913540287075
22.2,875.5826980913753
22.4,875.6674140539384
22.6,875.7455728462214
22.8,875.8172401563116
23.0,875.8824764285529
23.2,875.9413368618615
23.4,875.9938714083258
23.6,876.0401247720546
23.8,876.0801364082436
24.0,876.1139405224311
24.2,876.1415660699174
24.4,876.1630367553228
24.6,876.1783710322696
24.8,876.187582103168
25.0,876.1906779190961
25.2,876.1876611797636
25.4,876.1785293335549
25.6,876.1632745776496
25.8,876.1418838582207
26.0,876.1143388707186
26.2,876.0806160602473
26.4,876.0406866220461
26.6,875.9945165020936
26.8,875.9420663978503
27.0,875.8832917591669
27.2,875.8181427893784
27.4,875.7465644466178
27.6,875.6684964453782
27.8,875.5838732583588
28.0,875.4926241186316
28.2,875.3946730221685
28.4,875.2899387307706
28.6,875.1783347754437
28.8,875.0597694602653
29.0,874.9341458667906
29.2,874.8013618590448
29.4,874.6613100891523
29.6,874.5138780036511
29.8,874.3589478505435
30.0,874.196396687131
30.2,874.0260963886853
30.4,873.8479136579991
30.6,873.6617100358669
30.8,873.4673419125367
31.0,873.2646605401753
31.2,873.0535120463845
31.4,872.8337374488015
31.6,872.6051726708117
31.8,872.3676485583982
32.0,872.1209908981424
32.2,871.8650204363862
32.4,871.599552899555
32.6,871.3243990156325
32.8,871.0393645367689
33.0,870.7442502629865
33.2,870.4388520669437
33.4,870.1229609196923
33.6,869.7963629173562
33.8,869.4588393086366
34.0,869.1101665230339
34.2,868.7501161996499
34.4,868.3784552164223
34.6,867.9949457196038
34.8,867.599345153292
35.0,867.1914062887688
35.2,866.7708772533956
35.4,866.3375015587692
35.6,865.8910181278171
35.8,865.4311613204727
36.0,864.9576609575402
36.2,864.4702423423165
36.4,863.968626279508
36.6,863.4525290909335
36.8,862.92166262747
37.0,862.375734276662
37.2,861.8144469653664
37.4,861.2374991567789
37.6,860.6445848411414
37.8,860.0353935193971
38.0,859.4096101790309
38.2,858.7669152612935
38.4,858.1069846189911
38.6,857.4294894639895
38.8,856.7340963035737
39.0,856.0204668647833
39.2,855.2882580058485
39.4,854.5371216138456
39.6,853.7667044877086
39.8,852.9766482057572
40.0,852.1665889769298
40.2,851.3361574749674
40.4,850.484978654863
40.6,849.6126715509882
40.8,848.7188490564538
41.0,847.8031176834605
41.2,846.8650773047086
41.4,845.9043208764
41.6,844.9204341441041
41.8,843.9129953339057
42.0,842.8815748330721
42.2,841.8257348673021
42.4,840.7450291860075
42.6,839.6390027737418
42.8,838.5071916158686
43.0,837.3491225611629
43.2,836.1643133449442
43.4,834.9522728654952
43.6,833.7125018460699
43.8,832.4444940667938
44.0,831.1477384167373
44.2,829.8217220967914
44.4,828.4659353970403
44.6,827.0798785733848
44.8,825.6630714482832
45.0,824.2150664454359
45.2,822.7354658179514
45.4,821.2239438180887
45.6,819.6802744536797
45.8,818.1043652496576
46.0,816.4962970535738
46.2,814.8563693714983
46.4,813.1851499920076
46.6,811.4835267723184
46.8,809.7527584745487
47.0,807.9945205390148
47.2,806.210940786566
47.4,804.4046194004121
47.6,802.5786273080186
47.8,800.736477413158
48.0,798.88206412796
48.2,797.0195683714215
48.4,795.1533275934572
48.6,793.28767330979
48.8,791.4267418491354
49.0,789.5742671924639
49.2,787.7333675474675
49.4,785.9063392714663
49.6,784.0944726095016
49.8,782.2979032368028
50.0,780.5155117232332
