0.0,779.9611217870565
0.2,781.8570805814607
0.4,783.736063324992
0.6,785.5995495815692
0.8,787.4487179849871
1.0,789.2844493098446
1.2,791.1073350570737
1.4,792.9176911645625
1.6,794.7155763093554
1.8,796.5008141481275
2.0,798.2730187512774
2.2,800.0316224257141
2.4,801.7759050933095
2.6,803.5050243955237
2.8,805.218045727891
3.0,806.9139714675863
3.2,808.5917687388818
3.4,810.2503951598839
3.6,811.8888221240691
3.8,813.5060552862712
4.0,815.1011520395621
4.2,816.67323588207
4.4,818.2215076769912
4.6,819.7452539015237
4.8,821.2438520587492
5.0,822.7167734890966
5.2,824.163583864359
5.4,825.5839416775088
5.6,826.977595056723
5.8,828.3443772335709
6.0,829.6842009851567
6.2,830.9970523502896
6.4,832.2829838927626
6.6,833.5421077527866
6.8,834.7745886926504
7.0,835.9806373066573
7.2,837.1605035299266
7.4,838.3144705470329
7.6,839.4428491706941
7.8,840.5459727334462
8.0,841.6241925118753
8.2,842.6778736836349
8.4,843.7073918021016
8.6,844.7131297618778
8.8,845.6954752201046
9.0,846.6548184332685
9.2,847.5915504664271
9.4,848.5060617310776
9.6,849.398740808789
9.8,850.2699735198244
10.0,851.1201421989077
10.2,851.949625143738
10.4,852.7587962055688
10.6,853.5480244949357
10.8,854.3176741792877
11.0,855.0681043527402
11.2,855.799668961354
11.4,856.5127167702038
11.6,857.2075913610247
11.8,857.8846311514129
12.0,858.5441694284242
12.2,859.1865343909801
12.4,859.8120491967978
12.6,860.421032010618
12.8,861.0137960513745
13.0,861.5906496366264
13.2,862.1518962231207
13.4,862.6978344427728
13.6,863.2287581336672
13.8,863.7449563659328
14.0,864.2467134625189
14.2,864.7343090150276
14.4,865.2080178948531
14.6,865.6681102599324
14.8,866.114851557454
15.0,866.5485025228876
15.2,866.9693191757083
15.4,867.3775528121818
15.6,867.7734499955717
15.8,868.1572525441152
16.0,868.5291975170928
16.2,868.8895171993037
16.4,869.2384390842305
16.6,869.5761858561626
16.8,869.9029753715215
17.0,870.2190206396098
17.2,870.5245298029872
17.4,870.8197061176567
17.6,871.1047479332186
17.8,871.3798486731429
18.0,871.6451968152807
18.2,871.9009758727285
18.4,872.1473643751378
18.6,872.3845358505512
18.8,872.6126588078316
19.0,872.8318967197403
19.2,873.0424080067044
19.4,873.2443460213115
19.6,873.4378590335494
19.8,873.6230902168113
20.0,873.8001776346719
20.2,873.9692542284337
20.4,874.1304478054433
20.6,874.2838810281614
20.8,874.4296714039768
21.0,874.5679312757434
21.2,874.698767813018
21.4,874.8222830039758
21.6,874.9385736479766
21.8,875.047731348752
22.0,875.1498425081872
22.2,875.2449883206649
22.4,875.3332447679413
22.6,875.4146826145266
22.8,875.4893674035358
23.0,875.5573594529864
23.2,875.6187138525089
23.4,875.6734804604497
23.6,875.7217039013365
23.8,875.7634235636855
24.0,875.7986735981291
24.2,875.8274829158423
24.4,875.8498751872552
24.6,875.8658688410333
24.8,875.8754770633153
25.0,875.8787077971987
25.2,875.8755637424659
25.4,875.8660423555483
25.6,875.8501358497243
25.8,875.8278311955556
26.0,875.7991101215637
26.2,875.7639491151534
26.4,875.7223194237954
26.6,875.6741870564767
26.8,875.619512785435
27.0,875.5582521481934
27.2,875.4903554499173
27.4,875.4157677661084
27.6,875.334428945668
27.8,875.2462736143468
28.0,875.1512311786116
28.2,875.0492258299586
28.4,874.9401765496965
28.6,874.8239971142364
28.8,874.7005961009133
29.0,874.569876894373
29.2,874.4317376935525
29.4,874.286071519285
29.6,874.1327662225576
29.8,873.971704493449
30.0,873.8027638707708
30.2,873.6258167524376
30.4,873.4407304065817
30.6,873.2473669834321
30.8,873.0455835279644
31.0,872.835231993331
31.2,872.6161592550715
31.4,872.3882071260946
31.6,872.1512123724211
31.8,871.9050067296625
32.0,871.6494169202069
32.2,871.3842646710688
32.4,871.1093667323522
32.6,870.824534896262
32.8,870.5295760165849
33.0,870.2242920285513
33.2,869.9084799689688
33.4,869.5819319965068
33.6,869.2444354119916
33.8,868.8957726785541
34.0,868.5357214414528
34.2,868.1640545473779
34.4,867.7805400630158
34.6,867.3849412926398
34.8,866.9770167944649
35.0,866.5565203954878
35.2,866.1232012045122
35.4,865.6768036230387
35.6,865.2170673536838
35.8,864.7437274057756
36.0,864.2565140977713
36.2,863.7551530561306
36.4,863.2393652102965
36.6,862.7088667834465
36.8,862.163369278722
37.0,861.6025794607
37.2,861.0261993319632
37.4,860.4339261047563
37.6,859.8254521678934
37.8,859.2004650493226
38.0,858.558647375085
38.2,857.8996768258158
38.4,857.2232260924834
38.6,856.5289628337507
38.8,855.8165496382045
39.0,855.0856439957668
39.2,854.3358982839077
39.4,853.5669597758528
39.6,852.7784706798496
39.8,851.9700682207542
40.0,851.1413847777239
40.2,850.2920480946808
40.4,849.4216815833962
40.6,848.529904742527
40.8,847.6163337196115
41.0,846.680582046815
41.2,845.7222615849358
41.4,844.7409837136452
41.6,843.7363608088685
41.8,842.7080080503277
42.0,841.6555456031624
42.2,840.5786012168414
42.4,839.4768132818086
42.6,838.3498343790059
42.8,837.19733534914
43.0,836.0190098968778
43.2,834.8145797297178
43.4,833.5838002118817
43.6,832.3264664901131
43.8,831.0424200209069
44.0,829.7315553978144
44.2,828.3938273437412
44.4,827.0292576975603
44.6,825.637942188215
44.8,824.2200567543845
45.0,822.7758631356324
45.2,821.3057134338623
45.4,819.810053324112
45.6,818.2894235835132
45.8,816.7444596087743
46.0,815.1758886077532
46.2,813.5845241810595
46.4,811.9712580561011
46.6,810.3370487988108
46.8,808.6829074068403
47.0,807.0098797807912
47.2,805.3190261746192
47.4,803.611397839324
47.6,801.8880111912305
47.8,800.1498199526985
48.0,798.3976858236018
48.2,796.6323483408485
48.4,794.8543946650865
48.6,793.0642300934886
48.8,791.2620501308189
49.0,789.4478149545473
49.2,787.621227081598
49.4,785.7817129838652
49.6,783.928409307986
49.8,782.0601542346927
50.0,780.1754843685852
