0.0,826.1114146684656
0.2,828.0433386308841
0.4,829.9253561072045
0.6,831.7573222490782
0.8,833.5391653803819
1.0,835.2708894944758
1.2,836.9525761132077
1.4,838.5843854987564
1.6,840.1665572168661
1.8,841.6994100573816
2.0,843.1833413251435
2.2,844.6188255211385
2.4,846.0064124402268
2.6,847.3467247177023
2.8,848.6404548622944
3.0,849.8883618179387
3.2,851.0912671006702
3.4,852.2500505602851
3.6,853.3656458189524
3.8,854.4390354407202
4.0,855.4712458868589
4.2,856.4633423122231
4.4,857.4164232573233
4.6,858.3316152896176
4.8,859.210067645712
5.0,860.0529469237392
5.2,860.8614318722518
5.4,861.636708318574
5.6,862.3799642757778
5.8,863.092385263374
6.0,863.7751498725
6.2,864.4294256019261
6.4,865.0563649866671
6.6,865.6571020364472
6.8,866.2327489967871
7.0,866.7843934411289
7.2,867.313095698244
7.4,867.8198866152264
7.6,868.3057656527051
7.8,868.7716993055432
8.0,869.218619839267
8.2,869.6474243297891
8.4,870.0589739916794
8.6,870.4540937782978
8.8,870.8335722355333
9.0,871.1981615896833
9.2,871.5485780491431
9.4,871.8855022990556
9.6,872.2095801678406
9.8,872.5214234446
10.0,872.8216108267143
10.2,873.1106889775011
10.4,873.3891736745635
10.6,873.6575510303776
10.8,873.9162787677327
11.0,874.1657875338119
11.2,874.4064822379557
11.4,874.6387433994628
11.6,874.8629284931224
11.8,875.0793732815246
12.0,875.2883931245295
12.2,875.4902842575865
12.4,875.6853250318547
12.6,875.8737771102809
12.8,876.0558866149275
13.0,876.2318852218999
13.2,876.4019912012006
13.4,876.5664103997275
13.6,876.7253371664343
13.8,876.8789552193856
14.0,877.0274384550635
14.2,877.1709517008252
14.4,877.3096514118673
14.6,877.4436863144383
14.8,877.5731979973446
15.0,877.6983214540453
15.2,877.8191855778077
15.4,877.9359136125214
15.6,878.0486235618508
15.8,878.1574285594361
16.0,878.2624372028521
16.2,878.3637538539965
16.4,878.4614789085209
16.6,878.5557090368299
16.8,878.6465373990761
17.0,878.7340538364626
17.2,878.8183450410393
17.4,878.899494706051
17.6,878.9775836587581
17.8,879.0526899775175
18.0,879.1248890947738
18.2,879.1942538874811
18.4,879.2608547563448
18.6,879.3247596951519
18.8,879.3860343513378
19.0,879.4447420788285
19.2,879.5009439840935
19.4,879.5546989662433
19.6,879.6060637519223
19.8,879.6550929256568
20.0,879.7018389562505
20.2,879.7463522197429
20.4,879.7886810193878
20.6,879.8288716030537
20.8,879.8669681783905
21.0,879.9030129260707
21.2,879.9370460113641
21.4,879.9691055942765
21.6,879.9992278384436
21.8,880.027446918952
22.0,880.0537950292269
22.2,880.0783023871104
22.4,880.1009972402327
22.6,880.1219058707632
22.8,880.1410525996153
23.0,880.1584597901664
23.2,880.1741478515431
23.4,880.188135241516
23.6,880.2004384690368
23.8,880.2110720964497
24.0,880.220048741396
24.2,880.2273790784359
24.4,880.2330718403989
24.6,880.2371338194761
24.8,880.2395698680637
25.0,880.240382899364
25.2,880.2395738877493
25.4,880.2371418688895
25.6,880.2330839396476
25.8,880.2273952577387
26.0,880.2200690411531
26.2,880.2110965673353
26.4,880.2004671721173
26.6,880.1881682483923
26.8,880.1741852445202
27.0,880.1585016624479
27.2,880.141099055527
27.4,880.1219570260059
27.6,880.1010532221661
27.8,880.0783633350683
28.0,880.053861094868
28.2,880.0275182666464
28.4,879.9993046456983
28.6,879.9691880522015
28.8,879.9371343251835
29.0,879.9031073156797
29.2,879.8670688789639
29.4,879.8289788657071
29.6,879.7887951118968
29.8,879.7464734273252
30.0,879.7019675824139
30.2,879.6552292931179
30.4,879.606208203603
30.6,879.5548518663485
30.8,879.5011057192768
31.0,879.4449130594534
31.2,879.3862150128382
31.4,879.3249504995024
31.6,879.2610561936456
31.8,879.1944664776668
32.0,879.1251133894532
32.2,879.0529265619545
32.4,878.9778331540012
32.6,878.8997577712216
32.8,878.8186223757876
33.0,878.7343461836017
33.2,878.6468455474035
33.4,878.5560338241477
33.6,878.4618212248647
33.8,878.3641146450831
34.0,878.2628174737574
34.2,878.157829378514
34.4,878.0490460649019
34.6,877.9363590072244
34.8,877.8196551484218
35.0,877.698816566395
35.2,877.5737201040948
35.4,877.4442369606716
35.6,877.3102322409679
35.8,877.171564460683
36.0,877.028085004602
36.2,876.8796375354208
36.4,876.7260573508731
36.6,876.5671706871086
36.8,876.4027939665837
37.0,876.2327329891068
37.2,876.0567820651388
37.4,875.8747230909894
37.6,875.6863245661783
37.8,875.4913405539421
38.0,875.2895095866667
38.2,875.0805535189216
38.4,874.8641763317428
38.6,874.6400628928731
38.8,874.4078776788043
39.0,874.1672634656705
39.2,873.9178399973003
39.4,873.6592026400494
39.6,873.3909210353684
39.8,873.1125377624119
40.0,872.8235670243378
40.2,872.5234933732545
40.4,872.2117704900331
40.6,871.8878200363713
40.8,871.5510305975635
41.0,871.2007567353535
41.2,870.8363181710017
41.4,870.4569991192527
41.6,870.0620477942152
41.8,869.6506761082336
42.0,869.2220595846076
42.2,868.7753375044939
42.4,868.3096133074558
42.6,867.8239552639226
42.8,867.317397436245
43.0,866.7889409430961
43.2,866.2375555396543
43.4,865.6621815233251
43.6,865.0617319717347
43.8,864.43509531636
44.0,863.7811382514896
44.2,863.0987089742683
44.4,862.3866407474062
44.6,861.6437557717724
44.8,860.8688693516243
45.0,860.060794330675
45.2,859.2183457726654
45.4,858.3403458556502
45.6,857.425628944897
45.8,856.473046805214
46.0,855.4814739097536
46.2,854.4498127989372
46.4,853.3769994402147
46.6,852.2620085369578
46.8,851.1038587329541
47.0,849.901617657798
47.2,848.6544067579763
47.4,847.3614058586901
47.6,846.0218574024536
47.8,844.6350703122682
48.0,843.2004234297139
48.2,841.7173684815896
48.4,840.185432532764
48.6,838.6042198876142
48.8,836.9734134077898
49.0,835.2927752199736
49.2,833.562146793739
49.4,831.7814483764399
49.6,829.9506777792287
49.8,828.0699085156465
50.0,826.1392873017033
