0.0,812.4196394973866
0.2,814.3814573068471
0.4,816.3022628091205
0.6,818.1823310388979
0.8,820.0219481019213
1.0,821.8214116470308
1.2,823.5810312835828
1.4,825.3011289424128
1.6,826.9820391788338
1.8,828.6241094164956
2.0,830.2277001312586
2.2,831.7931849745748
2.4,833.3209508361997
2.6,834.8113978463947
2.8,836.264939318103
3.0,837.6820016299048
3.2,839.0630240508646
3.4,840.4084585086858
3.6,841.718769302873
3.8,842.9944327648689
4.0,844.235936867393
4.2,845.4437807854407
4.4,846.6184744116194
4.6,847.7605378286928
4.8,848.8705007423802
5.0,849.9489018776093
5.2,850.99628834155
5.4,852.0132149568614
5.6,853.0002435686673
5.8,853.957942328839
6.0,854.8868849611885
6.2,855.7876500112048
6.4,856.6608200839404
6.6,857.5069810736328
6.8,858.326721388596
7.0,859.120631174836
7.2,859.8893015417628
7.4,860.6333237932589
7.6,861.353288667239
7.8,862.0497855866994
8.0,862.7234019251011
8.2,863.3747222887646
8.4,864.0043278187799
8.6,864.612795514755
8.8,865.2006975825274
9.0,865.7686008077719
9.2,866.3170659572356
9.4,866.8466472091264
9.6,867.3578916139758
9.8,867.8513385870937
10.0,868.3275194335322
10.2,868.7869569062683
10.4,869.2301647981286
10.6,869.6576475677823
10.8,870.0698999999495
11.0,870.4674068997914
11.2,870.8506428212842
11.4,871.2200718292166
11.6,871.5761472943044
11.8,871.919311720771
12.0,872.2499966056201
12.2,872.5686223287033
12.4,872.8755980725808
12.6,873.1713217710802
12.8,873.456180085368
13.0,873.7305484062834
13.2,873.9947908816129
13.4,874.2492604669427
13.6,874.4942989986798
13.8,874.7302372878034
14.0,874.9573952328908
14.2,875.1760819509489
14.4,875.3865959245824
14.6,875.5892251640381
14.8,875.7842473826746
15.0,875.9719301844351
15.2,876.1525312619261
15.4,876.3262986037413
15.6,876.4934707097074
15.8,876.6542768127814
16.0,876.8089371063667
16.2,876.9576629758808
16.4,877.1006572334533
16.6,877.2381143546978
16.8,877.3702207165593
17.0,877.4971548352987
17.2,877.6190876037439
17.4,877.7361825269896
17.6,877.8485959558059
17.8,877.9564773170594
18.0,878.0599693405301
18.2,878.159208281552
18.4,878.2543241389749
18.6,878.345440867995
18.8,878.432676587458
19.0,878.5161437812928
19.2,878.5959494937797
19.4,878.6721955184073
19.6,878.7449785801165
19.8,878.8143905107677
20.0,878.8805184177106
20.2,878.9434448453693
20.4,879.0032479297884
20.6,879.0600015461138
20.8,879.1137754490138
21.0,879.1646354060617
21.2,879.2126433241307
21.4,879.2578573688631
21.6,879.3003320772976
21.8,879.3401184637445
22.0,879.3772641190149
22.2,879.4118133031157
22.4,879.443807031527
22.6,879.4732831551842
22.8,879.5002764342867
23.0,879.5248186060561
23.2,879.5469384465652
23.4,879.5666618267518
23.6,879.5840117627336
23.8,879.5990084605244
24.0,879.6116693552516
24.2,879.6220091449624
24.4,879.630039819098
24.6,879.6357706817028
24.8,879.6392083694261
25.0,879.6403568643591
25.2,879.6392175017422
25.4,879.6357889725589
25.6,879.6300673210254
25.8,879.6220459369681
26.0,879.6117155430702
26.2,879.5990641769554
26.4,879.5840771680648
26.6,879.5667371092692
26.8,879.5470238231508
27.0,879.5249143228749
27.2,879.5003827675646
27.4,879.4734004120794
27.6,879.4439355510948
27.8,879.4119534573705
28.0,879.3774163140915
28.2,879.3402831411605
28.4,879.3005097153203
28.6,879.2580484839833
28.8,879.212848472647
29.0,879.1648551857785
29.2,879.1140105010548
29.4,879.0602525568579
29.6,879.0035156329278
29.8,878.9437300240975
30.0,878.8808219070415
30.2,878.8147131999918
30.4,878.7453214153976
30.6,878.6725595055251
30.8,878.5963357010231
31.0,878.5165533425078
31.2,878.4331107052556
31.4,878.3459008171251
31.6,878.2548112698719
31.8,878.159724024055
32.0,878.0605152077866
32.2,877.9570549096154
32.4,877.8492069658905
32.6,877.7368287429994
32.8,877.6197709149316
33.0,877.4978772366763
33.2,877.3709843140167
33.4,877.2389213703483
33.6,877.1015100112082
33.8,876.958563987264
34.0,876.809888956572
34.2,876.6552822469814
34.4,876.4945326196206
34.6,876.3274200344634
34.8,876.1537154190329
35.0,875.9731804413625
35.2,875.7855672883853
35.4,875.5906184509793
35.6,875.3880665169406
35.8,875.1776339732114
36.0,874.9590330187181
36.2,874.7319653892181
36.4,874.4961221955816
36.6,874.2511837769524
36.8,873.9968195702526
37.0,873.7326879974981
37.2,873.4584363723942
37.4,873.1737008276662
37.6,872.8781062645642
37.8,872.5712663259484
38.0,872.2527833943209
38.2,871.922248616121
38.4,871.5792419535385
38.6,871.2233322650256
38.8,870.8540774156032
39.0,870.4710244179647
39.2,870.07370960527
39.4,869.6616588364074
39.6,869.2343877343686
39.8,868.7914019582468
40.0,868.3321975092127
40.2,867.8562610706713
40.4,867.3630703826256
40.6,866.8520946501034
40.8,866.3227949853168
41.0,865.7746248830347
41.2,865.2070307284492
41.4,864.6194523366255
41.6,864.0113235224112
41.8,863.3820726994852
42.0,862.7311235070163
42.2,862.0578954622001
42.4,861.3618046367421
42.6,860.6422643551531
42.8,859.8986859125409
43.0,859.130479309387
43.2,858.337054000632
43.4,857.5178196562193
43.6,856.672186930105
43.8,855.7995682345877
44.0,854.8993785167036
44.2,853.9710360333113
44.4,853.013963121407
44.6,852.0275869601365
44.8,851.0113403209212
45.0,849.9646623020783
45.2,848.8869990443139
45.4,847.7778044234756
45.6,846.6365407169875
45.8,845.4626792404517
46.0,844.2557009509821
46.2,843.0150970139402
46.4,841.7403693298758
46.6,840.4310310186254
46.8,839.0866068576937
47.0,837.7066336722431
47.2,836.2906606742308
47.4,834.8382497484678
47.6,833.3489756836309
47.8,831.8224263465278
48.0,830.258202798202
48.2,828.655919350762
48.4,827.0152035641332
48.6,825.3356961822464
48.8,823.6170510085068
49.0,821.8589347207205
49.2,820.0610266259869
49.4,818.223018356403
49.6,816.3446135067605
49.8,814.4255272157407
50.0,812.4654856924401
