0.0,656.0036231476863
0.2,661.1930917431599
0.4,666.2385898732737
0.6,671.1441323189933
0.8,675.9136722859829
1.0,680.5510989049166
1.2,685.060234916244
1.4,689.4448345433112
1.6,693.7085815564739
1.8,697.8550875295648
2.0,701.8878902888359
2.2,705.8104525532897
2.4,709.6261607641643
2.6,713.3383241002631
2.8,716.9501736748224
3.0,720.4648619087172
3.2,723.8854620740077
3.4,727.2149680011466
3.6,730.456293942598
3.8,733.6122745851627
4.0,736.6856652029697
4.2,739.6791419428669
4.4,742.5953022338277
4.6,745.4366653119788
4.8,748.2056728529309
5.0,750.9046897032632
5.2,753.5360047032518
5.4,756.101831593236
5.6,758.6043099963747
5.8,761.04550647094
6.0,763.4274156257245
6.2,765.751961292578
6.4,768.0209977505443
6.6,770.2363109965096
6.8,772.3996200577132
7.0,774.5125783418785
7.2,776.5767750211154
7.4,778.5937364460854
7.6,780.5649275872457
7.8,782.491753500257
8.0,784.3755608128687
8.2,786.2176392307863
8.4,788.0192230601708
8.6,789.7814927445221
8.8,791.5055764137684
9.0,793.1925514434142
9.2,794.8434460216031
9.4,796.4592407219251
9.6,798.0408700797578
9.8,799.5892241698667
10.0,801.105150182922
10.2,802.589453998515
10.4,804.0429017521773
10.6,805.4662213938398
10.8,806.8601042351031
11.0,808.2252064826445
11.2,809.5621507550477
11.4,810.8715275803359
11.6,812.1538968714837
11.8,813.4097893772215
12.0,814.6397081054912
12.2,815.8441297169883
12.4,817.0235058863265
12.6,818.178264628478
12.8,819.3088115882863
13.0,820.4155312910083
13.2,821.4987883520249
13.4,822.558928644049
13.6,823.5962804203709
13.8,824.6111553928953
14.0,825.6038497639522
14.2,826.5746452110903
14.4,827.5238098242941
14.6,828.4515989952966
14.8,829.3582562588886
15.0,830.2440140863415
15.2,831.1090946312821
15.4,831.9537104285558
15.6,832.7780650468089
15.8,833.5823536957018
16.0,834.3667637888261
16.2,835.1314754635537
16.4,835.8766620591746
16.6,836.6024905548
16.8,837.3091219686116
17.0,837.9967117201134
17.2,838.6654099571216
17.4,839.3153618492723
17.6,839.9467078498654
17.8,840.5595839278856
18.0,841.154121772051
18.2,841.7304489687319
18.4,842.2886891555681
18.6,842.828962152585
18.8,843.3513840725708
19.0,843.8560674124336
19.2,844.3431211271995
19.4,844.8126506882602
19.6,845.2647581274049
19.8,845.6995420681114
20.0,846.1170977454914
20.2,846.517517016213
20.4,846.9008883596524
20.6,847.2672968714393
20.8,847.616824250494
21.0,847.9495487805743
21.2,848.2655453072751
21.4,848.5648852113529
21.6,848.8476363791759
21.8,849.113863171035
22.0,849.3636263879821
22.2,849.5969832378072
22.4,849.8139873007
22.6,850.0146884950954
22.8,850.1991330441421
23.0,850.3673634431967
23.2,850.5194184286895
23.4,850.6553329486775
23.6,850.7751381353576
23.8,850.8788612797784
24.0,850.9665258089586
24.2,851.0381512655906
24.4,851.0937532904803
24.6,851.1333436078505
24.8,851.1569300136124
25.0,851.1645163666851
25.2,851.1561025834301
25.4,851.1316846352388
25.6,851.0912545493009
25.8,851.0348004125565
26.0,850.9623063788213
26.2,850.8737526790488
26.4,850.7691156346812
26.6,850.6483676740095
26.8,850.5114773514522
27.0,850.3584093696269
27.2,850.1891246040686
27.4,850.0035801304189
27.6,849.8017292538763
27.8,849.5835215406678
28.0,849.3489028512591
28.2,849.0978153749854
28.4,848.8301976657359
28.6,848.5459846782838
28.8,848.2451078047945
29.0,847.9274949109983
29.2,847.5930703714486
29.4,847.241755103231
29.6,846.8734665974188
29.8,846.4881189475058
30.0,846.0856228739733
30.2,845.6658857440783
30.4,845.2288115858704
30.6,844.7743010953704
30.8,844.3022516357654
31.0,843.8125572273926
31.2,843.3051085272136
31.4,842.7797927963915
31.6,842.2364938545221
31.8,841.6750920189844
32.0,841.0954640278171
32.2,840.497482944457
32.4,839.8810180426211
32.6,839.2459346695618
32.8,838.5920940858803
33.0,837.9193532800537
33.2,837.227564755804
33.4,836.5165762904257
33.6,835.7862306621929
33.8,835.0363653449768
34.0,834.2668121682349
34.2,833.4773969405753
34.4,832.6679390351607
34.6,831.838250935287
34.8,830.9881377385713
35.0,830.1173966182787
35.2,829.2258162404576
35.4,828.3131761356763
35.6,827.3792460243249
35.8,826.423785094602
36.0,825.4465412324998
36.2,824.4472502032886
36.4,823.4256347842111
36.6,822.38140384831
36.8,821.3142513995308
37.0,820.2238555594673
37.2,819.1098775063449
37.4,817.9719603670578
37.6,816.8097280633043
37.8,815.6227841130737
38.0,814.4107103889525
38.2,813.1730658349046
38.4,811.9093851433757
38.6,810.6191773947237
38.8,809.3019246611392
39.0,807.9570805773426
39.2,806.5840688804554
39.4,805.1822819215325
39.6,803.7510791513095
39.8,802.2897855827612
40.0,800.7976902330992
40.2,799.2740445478354
40.4,797.7180608095351
40.6,796.1289105338532
40.8,794.5057228554138
41.0,792.8475829060507
41.2,791.1535301878786
41.4,789.4225569436186
41.6,787.6536065265636
41.8,785.8455717725385
42.0,783.9972933761981
42.2,782.1075582740125
42.4,780.1750980363206
42.6,778.1985872708995
42.8,776.1766420405851
43.0,774.1078182976215
43.2,771.9906103375782
43.4,769.8234492758944
43.6,767.6047015503528
43.8,765.3326674530888
44.0,763.0055796960601
44.2,760.6216020142762
44.4,758.1788278114759
44.6,755.6752788533678
44.8,753.1089040139794
45.0,750.4775780811142
45.2,747.7791006273584
45.4,745.0111949535192
45.6,742.1715071117918
45.8,739.257605016337
46.0,736.266977649293
46.2,733.1970343705283
46.4,730.0451043396632
46.6,726.8084360590301
46.8,723.4841970462907
47.0,720.0694736453919
47.2,716.5612709843919
47.4,712.956513088427
47.6,709.252043155726
47.8,705.4446240040807
48.0,701.5309386945808
48.2,697.5075913386991
48.4,693.3711080939808
48.6,689.1179383526553
48.8,684.7444561264609
49.0,680.2469616298542
49.2,675.6216830625968
49.4,670.8647785914661
49.6,665.9723385295598
49.8,660.9403877103584
50.0,655.7648880524102
