0.0,874.6145796861545
0.2,875.1385469362018
0.4,875.6339709499131
0.6,876.1009978190941
0.8,876.5398994270465
1.0,876.951070892241
1.2,877.3350261619423
1.4,877.6923918773219
1.6,878.0238996697157
1.8,878.3303770804482
2.0,878.6127373231238
2.2,878.8719681267982
2.4,879.109119910632
2.6,879.325293545348
2.8,879.5216279542578
3.0,879.6992877972162
3.2,879.8594514652563
3.4,880.0032995926946
3.6,880.1320042681814
3.8,880.2467190975758
4.0,880.3485702407928
4.2,880.4386485130211
4.4,880.5180026090376
4.6,880.5876334787192
4.8,880.6484898531767
5.0,880.7014648948954
5.2,880.7473939224695
5.4,880.7870531413163
5.6,880.8211592964096
5.8,880.8503701516332
6.0,880.8752856927458
6.2,880.896449946968
6.4,880.9143533115445
6.6,880.9294352859034
6.8,880.9420875067997
7.0,880.9526569926098
7.2,880.9614495112697
7.4,880.9687329957391
7.6,880.9747409409058
7.8,880.9796757261101
8.0,880.9837118176239
8.2,880.9869988151758
8.4,880.9896643157427
8.6,880.9918165761526
8.8,880.9935469634495
9.0,880.9949321883956
9.2,880.9960363229051
9.4,880.9969126066289
9.6,880.9976050514089
9.8,880.9981498549286
10.0,880.9985766367331
10.2,880.9989095109349
10.4,880.999168010486
10.6,880.9993678779738
10.8,880.9995217375886
11.0,880.9996396622931
11.2,880.9997296493981
11.4,880.9997980167661
11.6,880.9998497307997
11.8,880.9998886762664
12.0,880.9999178769109
12.2,880.9999396747352
12.4,880.9999558748203
12.6,880.9999678616198
12.8,880.9999766917962
13.0,880.9999831679064
13.2,880.9999878965475
13.4,880.9999913339818
13.6,880.9999938217338
13.8,880.9999956142092
14.0,880.9999969000037
14.2,880.999997818254
14.4,880.9999984711151
14.6,880.9999989332297
14.8,880.9999992588764
15.0,880.9999994873369
15.2,880.9999996469036
15.4,880.9999997578566
15.6,880.9999998346635
15.8,880.9999998875965
16.0,880.9999999239141
16.2,880.9999999487208
16.4,880.9999999655896
16.6,880.9999999770093
16.8,880.9999999847059
17.0,880.99999998987
17.2,880.9999999933196
17.4,880.9999999956135
17.6,880.9999999971321
17.8,880.9999999981331
18.0,880.9999999987898
18.2,880.9999999992189
18.4,880.999999999498
18.6,880.9999999996786
18.8,880.999999999795
19.0,880.9999999998697
19.2,880.9999999999173
19.4,880.9999999999477
19.6,880.9999999999669
19.8,880.9999999999791
20.0,880.9999999999868
20.2,880.9999999999916
20.4,880.9999999999948
20.6,880.9999999999967
20.8,880.9999999999981
21.0,880.999999999999
21.2,880.9999999999995
21.4,880.9999999999999
21.6,881.0
21.8,881.0
22.0,881.0
22.2,881.0
22.4,881.0
22.6,881.0
22.8,881.0
23.0,881.0
23.2,881.0
23.4,881.0
23.6,881.0
23.8,881.0
24.0,881.0
24.2,881.0
24.4,881.0
24.6,881.0
24.8,881.0
25.0,881.0
25.2,881.0
25.4,881.0
25.6,881.0
25.8,881.0
26.0,881.0
26.2,881.0
26.4,881.0
26.6,881.0
26.8,881.0
27.0,881.0
27.2,881.0
27.4,881.0
27.6,881.0
27.8,881.0
28.0,881.0
28.2,881.0
28.4,881.0
28.6,880.9999999999999
28.8,880.9999999999995
29.0,880.999999999999
29.2,880.9999999999981
29.4,880.9999999999967
29.6,880.9999999999948
29.8,880.9999999999916
30.0,880.9999999999868
30.2,880.9999999999791
30.4,880.9999999999669
30.6,880.9999999999477
30.8,880.9999999999173
31.0,880.9999999998697
31.2,880.999999999795
31.4,880.9999999996786
31.6,880.999999999498
31.8,880.9999999992189
32.0,880.9999999987898
32.2,880.9999999981331
32.4,880.9999999971321
32.6,880.9999999956136
32.8,880.9999999933198
33.0,880.9999999898703
33.2,880.9999999847062
33.4,880.9999999770096
33.6,880.9999999655898
33.8,880.999999948721
34.0,880.9999999239144
34.2,880.9999998875969
34.4,880.999999834664
34.6,880.9999997578572
34.8,880.9999996469044
35.0,880.9999994873381
35.2,880.9999992588781
35.4,880.9999989332322
35.6,880.9999984711187
35.8,880.9999978182593
36.0,880.9999969000115
36.2,880.9999956142206
36.4,880.9999938217503
36.6,880.9999913340055
36.8,880.9999878965815
37.0,880.9999831679551
37.2,880.9999766918654
37.4,880.9999678617177
37.6,880.999955874958
37.8,880.9999396749281
38.0,880.9999178771802
38.2,880.999888676641
38.4,880.9998497313184
38.6,880.9997980174816
38.8,880.9997296503809
39.0,880.9996396636378
39.2,880.9995217394212
39.4,880.9993678804616
39.6,880.9991680138501
39.8,880.9989095154662
40.0,880.9985766428126
40.2,880.9981498630535
40.4,880.9976050622258
40.6,880.9969126209743
40.8,880.9960363418569
41.0,880.994932213338
41.2,880.9935469961512
41.4,880.9918166188656
41.6,880.9896643713219
41.8,880.9869988872256
42.0,880.9837119106775
42.2,880.9796758458446
42.4,880.9747410944028
42.6,880.9687331917967
42.8,880.9614497607744
43.0,880.952657308979
43.2,880.9420879065045
43.4,880.9294357890834
43.6,880.914353942728
43.8,880.8964507359123
44.0,880.8752866754102
44.2,880.8503713713042
44.4,880.8211608049927
44.6,880.7870550008143
44.8,880.7473962066643
45.0,880.7014676912538
45.2,880.6484932649987
45.4,880.5876376275484
45.6,880.5180076373525
45.8,880.438654587227
46.0,880.3485775545286
46.2,880.2467278753551
46.4,880.1320147693789
46.6,880.0033121158916
46.8,879.859466352952
47.0,879.6993054409137
47.2,879.5216487999237
47.4,879.3253180992473
47.6,879.1091487455298
47.8,878.8720018885202
48.0,878.6127767374601
48.2,878.3304229603795
48.4,878.0239529229409
48.6,877.6924535140565
48.8,877.3350973029528
49.0,876.9511527770804
49.2,876.5399934224487
49.4,876.1011054274809
49.6,875.634093817968
49.8,875.1386868634593
50.0,874.6147386335527
