0.0,870.9207775052126
0.2,871.4591599354725
0.4,871.9780587815422
0.6,872.4776327322277
0.8,872.9580652356451
1.0,873.4195644964886
1.2,873.8623632962328
1.4,874.2867186391893
1.6,874.692911229035
1.8,875.0812447820673
2.0,875.4520451849725
2.2,875.8056595063292
2.4,876.1424548723576
2.6,876.4628172185807
2.8,876.7671499300552
3.0,877.05587238366
3.2,877.3294184065762
3.4,877.5882346655709
3.6,877.8327790019846
3.8,878.063518727435
4.0,878.2809288951869
4.2,878.4854905618996
4.4,878.6776890540754
4.6,878.858012252979
4.8,879.0269489111208
5.0,879.1849870125864
5.2,879.3326121885809
5.4,879.4703061985517
5.6,879.598545486171
5.8,879.7177998183207
6.0,879.8285310140495
6.2,879.9311917692692
6.4,880.0262245817541
6.6,880.1140607798156
6.8,880.1951196568547
7.0,880.2698077128686
7.2,880.3385180029105
7.4,880.4016295914902
7.6,880.4595071109605
7.8,880.5125004210781
8.0,880.5609443661472
8.2,880.6051586254786
8.4,880.6454476522982
8.6,880.682100695752
8.8,880.7153919002449
9.0,880.7455804760513
9.2,880.7729109349086
9.4,880.79761338418
9.6,880.8199038731137
9.8,880.8399847847589
10.0,880.8580452671822
10.2,880.8742616977923
10.4,880.8887981747858
10.6,880.9018070299842
10.8,880.9134293576361
11.0,880.9237955540846
11.2,880.9330258635553
11.4,880.9412309257061
11.6,880.948512320953
11.8,880.9549631099936
12.0,880.9606683643386
12.2,880.965705685052
12.4,880.970145707286
12.6,880.9740525885622
12.8,880.9774844791061
13.0,880.9804939728737
13.2,880.983128538225
13.4,880.9854309274895
13.6,880.9874395649308
13.8,880.9891889128686
14.0,880.9907098159246
14.2,880.9920298235606
14.4,880.993173491239
14.6,880.9941626606853
14.8,880.9950167198566
15.0,880.9957528433167
15.2,880.9963862138083
15.4,880.9969302258687
15.6,880.9973966723882
15.8,880.9977959150406
16.0,880.9981370395286
16.2,880.998427996602
16.4,880.99867572979
16.6,880.9988862907863
16.8,880.9990649433951
17.0,880.9992162569223
17.2,880.9993441898632
17.4,880.9994521646978
17.6,880.9995431345652
17.8,880.9996196425502
18.0,880.9996838742637
18.2,880.9997377043609
18.4,880.9997827375934
18.6,880.9998203449475
18.8,880.9998516953812
19.0,880.9998777836265
19.2,880.9998994544878
19.4,880.999917424025
19.6,880.9999322979802
19.8,880.9999445877661
20.0,880.9999547243084
20.2,880.9999630700005
20.4,880.9999699290049
20.6,880.9999755561107
20.8,880.9999801643295
21.0,880.9999839313964
21.2,880.9999870053218
21.4,880.9999895091192
21.6,880.9999915448251
21.8,880.9999931969068
22.0,880.9999945351464
22.2,880.9999956170747
22.4,880.9999964900207
22.6,880.9999971928336
22.8,880.9999977573239
23.0,880.9999982094691
23.2,880.999998570417
23.4,880.9999988573175
23.6,880.9999990840097
23.8,880.9999992615876
24.0,880.9999993988589
24.2,880.9999995027159
24.4,880.9999995784306
24.6,880.9999996298809
24.8,880.9999996597212
25.0,880.9999996694987
25.2,880.9999996597217
25.4,880.9999996298818
25.6,880.999999578432
25.8,880.9999995027181
26.0,880.9999993988616
26.2,880.9999992615914
26.4,880.9999990840146
26.6,880.9999988573237
26.8,880.9999985704252
27.0,880.9999982094797
27.2,880.9999977573376
27.4,880.999997192851
27.6,880.999996490043
27.8,880.9999956171029
28.0,880.9999945351818
28.2,880.9999931969516
28.4,880.9999915448816
28.6,880.9999895091904
28.8,880.9999870054114
29.0,880.9999839315088
29.2,880.9999801644702
29.4,880.9999755562868
29.6,880.9999699292248
29.8,880.9999630702745
30.0,880.9999547246495
30.2,880.9999445881898
30.4,880.9999322985058
30.6,880.9999174246763
30.8,880.9998994552932
31.0,880.9998777846208
31.2,880.9998516966068
31.4,880.9998203464561
31.6,880.9997827394474
31.8,880.9997377066354
32.0,880.9996838770495
32.2,880.9996196459567
32.4,880.9995431387242
32.6,880.9994521697673
32.8,880.9993441960328
33.0,880.9992162644186
33.2,880.999064952489
33.4,880.9988863018013
33.6,880.9986757431109
33.8,880.9984280126862
34.0,880.9981370589189
34.2,880.9977959383797
34.4,880.9973967004366
34.6,880.996930259524
34.8,880.9963862541288
35.0,880.9957528915475
35.2,880.9950167774603
35.4,880.9941627293774
35.6,880.9931735730281
35.8,880.9920299207946
36.0,880.990709931343
36.2,880.9891890496632
36.4,880.9874397268144
36.6,880.9854311187728
36.8,880.9831287639056
37.0,880.9804942387357
37.2,880.9774847918329
37.4,880.9740529558637
37.6,880.9701461380415
37.8,880.9657061894719
38.0,880.960668954144
38.2,880.9549637986182
38.4,880.9485131237684
38.6,880.9412318602734
38.8,880.9330269499044
39.0,880.9237968150245
39.2,880.9134308190997
39.4,880.901808721408
39.6,880.8888001295313
39.8,880.874263953609
40.0,880.8580478667167
40.2,880.8399877761152
40.4,880.819907310466
40.6,880.7976173284426
40.8,880.7729154544686
41.0,880.7455856475652
41.2,880.7153978095059
41.4,880.6821074386303
41.6,880.64545533576
41.8,880.6051673686867
42.0,880.5609543016504
42.2,880.5125116960895
42.4,880.4595198887326
42.6,880.4016440527887
42.8,880.3385343475934
43.0,880.2698261615712
43.2,880.1951404527877
43.4,880.1140841906766
43.6,880.0262509017591
43.8,879.9312213213042
44.0,879.8285641519464
44.2,879.7178369292598
44.4,879.5985869932114
44.6,879.4703525632908
44.8,879.3326639139444
45.0,879.1850446457497
45.2,879.0270130465593
45.4,878.8580835356495
45.6,878.6777681827245
45.8,878.4855782924989
46.0,878.28102604449
46.2,878.0636261766557
46.4,877.832897700589
46.6,877.5883656351812
46.8,877.3295627449775
47.0,877.0560312689062
47.2,876.7673246246658
47.4,876.4630090738204
47.6,876.1426653325913
47.8,875.8058901134409
48.0,875.4522975828413
48.2,875.0815207210871
48.4,874.6932125706692
48.6,874.2870473605473
48.8,873.8627214946588
49.0,873.4199543941469
49.2,872.9584891840921
49.4,872.4780932169565
49.6,871.9785584264879
49.8,871.459701507462
50.0,870.9213639183507
