0.0,751.7960222852597
0.2,754.5396264501918
0.4,757.2240125929292
0.6,759.8506765964383
0.8,762.4210836222536
1.0,764.9366670915898
1.2,767.3988277883791
1.4,769.8089330858236
1.6,772.1683162971325
1.8,774.4782761502116
2.0,776.7400763851872
2.2,778.9549454728051
2.4,781.1240764509423
2.6,783.2486268757167
2.8,785.3297188829899
3.0,787.3684393554316
3.2,789.3658401897566
3.4,791.3229386582591
3.6,793.2407178583669
3.8,795.1201272436032
4.0,796.9620832290917
4.2,798.7674698645721
4.4,800.5371395677835
4.6,802.2719139110516
4.8,803.9725844539582
5.0,805.6399136150716
5.2,807.2746355758807
5.4,808.8774572103024
5.6,810.4490590333827
5.8,811.9900961631296
6.0,813.5011992897504
6.2,814.9829756469364
6.4,816.4360099802283
6.6,817.8608655078992
6.8,819.258084870212
7.0,820.6281910633179
7.2,821.9716883544905
7.4,823.2890631757911
7.6,824.580784993666
7.8,825.8473071523642
8.0,827.0890676894238
8.2,828.3064901218347
8.4,829.4999842018024
8.6,830.6699466413444
8.8,831.816761805226
9.0,832.940802371995
9.2,834.0424299631006
9.4,835.1219957402839
9.6,836.1798409715997
9.8,837.216297566588
10.0,838.2316885812354
10.2,839.2263286934802
10.4,840.200524650099
10.6,841.1545756858851
10.8,842.0887739160773
11.0,843.003404703041
11.2,843.8987469982202
11.4,844.7750736603973
11.6,845.6326517512972
11.8,846.4717428095643
12.0,847.2926031041287
12.2,848.095483867959
12.4,848.8806315131719
12.6,849.6482878284415
12.8,850.3986901596244
13.0,851.1320715744774
13.2,851.8486610123172
13.4,852.5486834194343
13.6,853.2323598710418
13.8,853.899907680503
14.0,854.5515404965556
14.2,855.1874683892121
14.4,855.807897924992
14.6,856.4130322321089
14.8,857.0030710562116
15.0,857.5782108072513
15.2,858.1386445980223
15.4,858.6845622749041
15.6,859.2161504413071
15.8,859.7335924743089
16.0,860.2370685349456
16.2,860.7267555726055
16.4,861.2028273239589
16.6,861.6654543068358
16.8,862.1148038094533
17.0,862.5510398753767
17.2,862.9743232845858
17.4,863.3848115310016
17.6,863.7826587968187
17.8,864.1680159239738
18.0,864.5410303830644
18.2,864.9018462400285
18.4,865.2506041208729
18.6,865.5874411747318
18.8,865.912491035525
19.0,866.2258837824702
19.2,866.5277458996965
19.4,866.8182002351878
19.6,867.0973659592818
19.8,867.3653585229321
20.0,867.6222896159326
20.2,867.8682671252939
20.4,868.103395093947
20.6,868.3277736799431
20.8,868.5414991163052
21.0,868.7446636716786
21.2,868.9373556119194
21.4,869.1196591627461
21.6,869.2916544735764
21.8,869.4534175826578
22.0,869.605020383596
22.2,869.7465305933724
22.4,869.8780117219429
22.6,869.9995230434902
22.8,870.1111195694087
23.0,870.2128520230845
23.2,870.3047668165306
23.4,870.3869060289323
23.6,870.4593073871489
23.8,870.5220042482166
24.0,870.5750255838882
24.2,870.6183959672444
24.4,870.6521355614016
24.6,870.676260110344
24.8,870.6907809318951
25.0,870.6957049128459
25.2,870.6910345062505
25.4,870.6767677308951
25.6,870.6528981729448
25.8,870.6194149897653
26.0,870.5763029159174
26.2,870.5235422713107
26.4,870.4611089715088
26.6,870.3889745401651
26.8,870.3071061235676
27.0,870.2154665072693
27.2,870.1140141347697
27.4,870.0027031282145
27.6,869.8814833110704
27.8,869.7503002327301
28.0,869.6090951949949
28.2,869.457805280376
28.4,869.2963633821506
28.6,869.1246982361021
28.8,868.9427344538651
29.0,868.7503925577905
29.2,868.547589017237
29.4,868.3342362861872
29.6,868.1102428420807
29.8,867.875513225742
30.0,867.6299480822787
30.2,867.3734442028114
30.4,867.1058945668888
30.6,866.8271883854304
30.8,866.5372111440298
31.0,866.2358446464405
31.2,865.9229670580542
31.4,865.5984529491722
31.6,865.2621733378566
31.8,864.9139957321388
32.0,864.5537841713486
32.2,864.1813992663157
32.4,863.7966982381834
32.6,863.3995349555609
32.8,862.9897599697284
33.0,862.5672205475936
33.2,862.1317607020869
33.4,861.68322121967
33.6,861.2214396846118
33.8,860.7462504996782
34.0,860.2574849028624
34.2,859.754970979767
34.4,859.2385336712327
34.6,858.707994775792
34.8,858.1631729465037
35.0,857.6038836817086
35.2,857.0299393092248
35.4,856.441148963475
35.6,855.8373185550198
35.8,855.2182507319412
36.0,854.5837448324947
36.2,853.9335968284206
36.4,853.2675992582698
36.6,852.5855411500718
36.8,851.8872079326311
37.0,851.1723813347061
37.2,850.4408392712816
37.4,849.6923557161065
37.6,848.926700559624
37.8,848.1436394513811
38.0,847.3429336259522
38.2,846.5243397113736
38.4,845.6876095190366
38.6,844.8324898139426
38.8,843.9587220641828
39.0,843.0660421684661
39.2,842.1541801604824
39.4,841.2228598888607
39.6,840.2717986714583
39.8,839.3007069227045
40.0,838.3092877527182
40.2,837.2972365369284
40.4,836.264240454951
40.6,835.2099779975134
40.8,834.1341184402775
41.0,833.0363212834905
41.2,831.9162356564931
41.4,830.7734996862413
41.6,829.6077398291455
41.8,828.4185701657179
42.0,827.2055916577169
42.2,825.9683913677262
42.4,824.7065416413656
42.6,823.4195992526418
42.8,822.1071045132684
43.0,820.7685803471533
43.2,819.4035313316411
43.4,818.011442707513
43.6,816.5917793601932
43.8,815.1439847750727
44.0,813.6674799703425
44.2,812.161662411224
44.4,810.625904909988
44.6,809.0595545166549
44.8,807.4619314057735
45.0,805.832327765162
45.2,804.1700066929683
45.4,802.4742011098534
45.6,800.7441126935091
45.8,798.9789108430994
46.0,797.1777316815289
46.2,795.3396771037136
46.4,793.4638138792235
46.6,791.5491728178027
46.8,789.5947480063213
47.0,787.5994961256833
47.2,785.5623358561038
47.4,783.4821473789548
47.6,781.3577719830837
47.8,779.1880117831137
48.0,776.9716295567514
48.2,774.7073487075442
48.4,772.3938533588682
48.6,770.029788584175
48.8,767.6137607776953
49.0,765.1443381689029
49.2,762.6200514830764
49.4,760.039394749287
49.6,757.4008262560815
49.8,754.7027696540458
50.0,751.9436152033311
