0.0,804.1351908607082
0.2,806.1600900550826
0.4,808.1453863376129
0.6,810.0914250990614
0.8,811.9985562387942
1.0,813.8671343604296
1.2,815.6975189478825
1.4,817.4900745210731
1.6,819.2451707706628
1.8,820.9631826712657
2.0,822.644490572683
2.2,824.2894802688006
2.4,825.8985430438896
2.6,827.4720756961414
2.8,829.010480538374
3.0,830.5141653759334
3.2,831.983543461916
3.4,833.4190334299308
3.6,834.8210592047083
3.8,836.190049890956
4.0,837.5264396409477
4.2,838.8306675014109
4.4,840.1031772403638
4.6,841.3444171546224
4.8,842.5548398587724
5.0,843.7349020564664
5.2,844.8850642949662
5.4,846.0057907039081
5.6,847.0975487193191
5.8,848.160808793955
6.0,849.1960440950726
6.2,850.2037301907831
6.4,851.1843447261541
6.6,852.1383670902601
6.8,853.0662780753851
7.0,853.9685595296024
7.2,854.84569400395
7.4,855.6981643954269
7.6,856.5264535870213
7.8,857.3310440859768
8.0,858.1124176614763
8.2,858.8710549829084
8.4,859.6074352598475
8.6,860.3220358848515
8.8,861.0153320801422
9.0,861.6877965491939
9.2,862.3398991342133
9.4,862.9721064804464
9.6,863.5848817081963
9.8,864.178684093388
10.0,864.7539687574576
10.2,865.3111863672887
10.4,865.8507828458593
10.6,866.3731990942082
10.8,866.8788707252618
11.0,867.3682278100067
11.2,867.8416946364357
11.4,868.2996894816238
11.6,868.7426243972424
11.8,869.1709050087516
12.0,869.5849303284555
12.2,869.9850925825466
12.4,870.3717770522112
12.6,870.7453619288113
12.8,871.1062181831053
13.0,871.4547094484234
13.2,871.7911919176607
13.4,872.1160142539078
13.6,872.4295175144946
13.8,872.7320350881838
14.0,873.023892645209
14.2,873.3054080998207
14.4,873.5768915849703
14.6,873.838645438731
14.8,874.0909642020288
15.0,874.3341346272351
15.2,874.5684356971469
15.4,874.7941386538663
15.6,875.0115070370746
15.8,875.2207967311824
16.0,875.4222560208292
16.2,875.6161256541956
16.4,875.8026389135891
16.6,875.9820216927601
16.8,876.1544925804037
17.0,876.3202629493065
17.2,876.4795370505989
17.4,876.6325121125799
17.6,876.77937844359
17.8,876.9203195384113
18.0,877.0555121876931
18.2,877.185126589902
18.4,877.3093264653158
18.6,877.428269171594
18.8,877.5421058204649
19.0,877.6509813950946
19.2,877.7550348677116
19.4,877.8543993170803
19.6,877.9492020454339
19.8,878.0395646944932
20.0,878.1256033602143
20.2,878.2074287059295
20.4,878.2851460735569
20.6,878.3588555925782
20.8,878.4286522864973
21.0,878.4946261765083
21.2,878.5568623821225
21.4,878.6154412185153
21.6,878.6704382903744
21.8,878.7219245820401
22.0,878.7699665437524
22.2,878.8146261738221
22.4,878.8559610965682
22.6,878.8940246358701
22.8,878.9288658841996
23.0,878.9605297670055
23.2,878.9890571023426
23.4,879.0144846556398
23.6,879.0368451895184
23.8,879.05616750858
24.0,879.0724764990924
24.2,879.0857931635136
24.4,879.0961346497993
24.6,879.1035142754523
24.8,879.1079415462771
25.0,879.1094221698115
25.2,879.1079580634197
25.4,879.1035473570298
25.6,879.0961843905164
25.8,879.0858597057313
26.0,879.0725600331918
26.2,879.0562682734487
26.4,879.0369634731601
26.6,879.0146207959071
26.8,878.9892114877956
27.0,878.9607028378945
27.2,878.9290581335766
27.4,878.894236610828
27.6,878.8561933996101
27.8,878.8148794643635
28.0,878.7702415397564
28.2,878.722222061789
28.4,878.6707590943795
28.6,878.6157862515678
28.8,878.557232615486
29.0,878.495022650259
29.2,878.4290761120108
29.4,878.3593079551694
29.6,878.2856282352727
29.8,878.2079420084999
30.0,878.126149228164
30.2,878.0401446384168
30.4,877.9498176654397
30.6,877.855052306404
30.8,877.7557270165048
31.0,877.6517145943918
31.2,877.542882066332
31.4,877.4290905694631
31.6,877.3101952345093
31.8,877.1860450683498
32.0,877.0564828368477
32.2,876.9213449483633
32.4,876.7804613383897
32.6,876.6336553557671
32.8,876.4807436509456
33.0,876.3215360667766
33.2,876.155835532333
33.4,875.9834379602597
33.6,875.8041321481779
33.8,875.6176996846627
34.0,875.4239148603318
34.2,875.2225445845808
34.4,875.0133483085085
34.6,874.7960779545751
34.8,874.5704778535362
35.0,874.3362846891928
35.2,874.0932274514918
35.4,873.8410273985061
35.6,873.5793980278099
35.8,873.3080450577542
36.0,873.0266664191329
36.2,872.7349522577099
36.4,872.4325849480563
36.6,872.1192391191257
36.8,871.7945816919669
37.0,871.4582719299411
37.2,871.109961501787
37.4,870.749294557829
37.6,870.3759078195993
37.8,869.989430683093
38.0,869.589485335838
38.2,869.1756868879155
38.4,868.7476435170134
38.6,868.3049566275532
38.8,867.8472210238687
39.0,867.3740250973693
39.2,866.8849510275581
39.4,866.37957499672
39.6,865.8574674180375
39.8,865.3181931768298
40.0,864.7613118845516
40.2,864.1863781451269
40.4,863.5929418331336
40.6,862.9805483832909
40.8,862.3487390906447
41.0,861.6970514207862
41.2,861.0250193293786
41.4,860.332173590213
41.6,859.6180421309601
41.8,858.8821503757288
42.0,858.1240215934972
42.2,857.3431772514328
42.4,856.5391373720729
42.6,855.7114208933017
42.8,854.8595460300185
43.0,853.9830306363639
43.2,853.0813925673423
43.4,852.154150038653
43.6,851.2008219835318
43.8,850.2209284053828
44.0,849.213990724983
44.2,848.1795321210316
44.4,847.1170778628273
44.6,846.0261556338611
44.8,844.9062958451312
45.0,843.7570319370069
45.2,842.5779006684969
45.4,841.3684423928088
45.6,840.1282013181276
45.8,838.8567257525858
46.0,837.5535683324472
46.2,836.2182862325842
46.4,834.8504413583868
46.6,833.4496005183112
46.8,832.0153355763446
47.0,830.5472235837383
47.2,829.0448468894408
47.4,827.5077932287472
47.6,825.9356557897643
47.8,824.3280332573855
48.0,822.6845298345548
48.2,821.0047552406994
48.4,819.2883246873012
48.6,817.5348588306775
48.8,815.7439837021363
49.0,813.9153306157687
49.2,812.0485360542369
49.4,810.1432415330179
49.6,808.1990934436454
49.8,806.2157428765981
50.0,804.1928454245611
