0.0,714.9277540839981
0.2,718.128669270407
0.4,721.2721033470465
0.6,724.3589884937832
0.8,727.3902476286428
1.0,730.3667940807707
1.2,733.2895312788921
1.4,736.1593524557179
1.6,738.9771403686914
1.8,741.7437670374153
2.0,744.4600934980477
2.2,747.1269695748933
2.4,749.7452336693693
2.6,752.3157125664641
2.8,754.839221258759
3.0,757.3165627880225
3.2,759.7485281043407
3.4,762.1358959426927
3.6,764.4794327168299
3.8,766.7798924302699
4.0,769.0380166041703
4.2,771.2545342217999
4.4,773.4301616892859
4.6,775.5656028122697
4.8,777.6615487880706
5.0,779.7186782129176
5.2,781.7376571037779
5.4,783.7191389342779
5.6,785.6637646841854
5.8,787.5721629018971
6.0,789.4449497793512
6.2,791.2827292387652
6.4,793.0860930305842
6.6,794.8556208420056
6.8,796.5918804154428
7.0,798.2954276762717
7.2,799.9668068692067
7.4,801.6065507026433
7.6,803.2151805003082
7.8,804.7932063595543
8.0,806.3411273156504
8.2,807.8594315114086
8.4,809.3485963715171
8.6,810.8090887809439
8.8,812.2413652667949
9.0,813.6458721830264
9.2,815.0230458974223
9.4,816.3733129802705
9.6,817.6970903941876
9.8,818.9947856845645
10.0,820.2667971701248
10.2,821.5135141331131
10.4,822.7353170086515
10.6,823.932577572828
10.8,825.1056591291065
11.0,826.2549166926702
11.2,827.38069717234
11.4,828.4833395497313
11.6,829.5631750553414
11.8,830.6205273412834
12.0,831.6557126504098
12.2,832.6690399815939
12.4,833.6608112509605
12.6,834.6313214488841
12.8,835.5808587925948
13.0,836.5097048742571
13.2,837.4181348044089
13.4,838.3064173506664
13.6,839.1748150716289
13.8,840.0235844459285
14.0,840.8529759963958
14.2,841.6632344093281
14.4,842.4545986488628
14.6,843.2273020664763
14.8,843.9815725056432
15.0,844.7176324017039
15.2,845.4356988770037
15.4,846.1359838313747
15.6,846.8186940280465
15.8,847.4840311750794
16.0,848.132192002422
16.2,848.7633683347053
16.4,849.3777471598889
16.6,849.9755106938845
16.8,850.556836441283
17.0,851.1218972523202
17.2,851.6708613762121
17.4,852.2038925110037
17.6,852.7211498500668
17.8,853.222788125389
18.0,853.7089576477956
18.2,854.1798043442441
18.4,854.6354697923334
18.6,855.0760912521642
18.8,855.5018016956888
19.0,855.912729833684
19.2,856.3090001404813
19.4,856.6907328765793
19.6,857.0580441092675
19.8,857.4110457313809
20.0,857.7498454783056
20.2,858.0745469433452
20.4,858.3852495915625
20.6,858.6820487721976
20.8,858.965035729765
21.0,859.2342976139247
21.2,859.4899174882191
21.4,859.7319743377609
21.6,859.9605430759551
21.8,860.1756945503322
22.0,860.377495547562
22.2,860.5660087977191
22.4,860.7412929778598
22.6,860.9034027149713
22.8,861.0523885883442
23.0,861.1882971314191
23.2,861.31117083315
23.4,861.4210481389287
23.6,861.5179634511009
23.8,861.6019471291099
24.0,861.6730254892942
24.2,861.7312208043612
24.4,861.7765513025594
24.6,861.8090311665622
24.8,861.8286705320769
25.0,861.8354754861842
25.2,861.8294480654168
25.4,861.8105862535715
25.6,861.7788839792571
25.8,861.7343311131671
26.0,861.6769134650677
26.2,861.606612780487
26.4,861.5234067370861
26.6,861.42726894069
26.8,861.3181689209539
27.0,861.1960721266337
27.2,861.0609399204278
27.4,860.9127295733529
27.6,860.751394258612
27.8,860.5768830449117
28.0,860.389140889175
28.2,860.1881086286013
28.4,859.9737229720129
28.6,859.7459164904275
28.8,859.504617606792
29.0,859.2497505848046
29.2,858.9812355167558
29.4,858.6989883103053
29.6,858.4029206741144
29.8,858.0929401022481
30.0,857.7689498572521
30.2,857.4308489518145
30.4,857.0785321289084
30.6,856.7118898403156
30.8,856.3308082234222
31.0,855.9351690761765
31.2,855.5248498300945
31.4,855.0997235211959
31.6,854.6596587587491
31.8,854.2045196917037
32.0,853.7341659726827
32.2,853.2484527194069
32.4,852.7472304734239
32.6,852.2303451560078
32.8,851.6976380211001
33.0,851.1489456051595
33.2,850.5840996737882
33.4,850.0029271650048
33.6,849.4052501290341
33.8,848.7908856644877
34.0,848.1596458508097
34.2,847.5113376768693
34.4,846.8457629655832
34.6,846.162718294458
34.8,845.4619949119491
35.0,844.7433786495382
35.2,844.0066498294415
35.4,843.2515831678691
35.6,842.477947673766
35.8,841.6855065429763
36.0,840.8740170477853
36.2,840.0432304218047
36.4,839.1928917401848
36.6,838.3227397951483
36.8,837.43250696686
37.0,836.52191908966
37.2,835.5906953137138
37.4,834.6385479621421
37.6,833.6651823837217
37.8,832.6702968012642
38.0,831.6535821558073
38.2,830.6147219467682
38.4,829.5533920682398
38.6,828.4692606416298
38.8,827.3619878448703
39.0,826.2312257384472
39.2,825.0766180885282
39.4,823.8978001874926
39.6,822.6943986721907
39.8,821.4660313402887
40.0,820.2123069650822
40.2,818.9328251091816
40.4,817.6271759375068
40.6,816.2949400300477
40.8,814.935688194873
41.0,813.5489812818962
41.2,812.1343699979258
41.4,810.6913947235562
41.6,809.2195853324688
41.8,807.7184610137391
42.0,806.1875300977593
42.2,804.6262898864063
42.4,803.0342264880954
42.6,801.4108146583795
42.8,799.755517646758
43.0,798.0677870503729
43.2,796.3470626752763
43.4,794.5927724059559
43.6,792.8043320838071
43.8,790.9811453952431
44.0,789.1226037701273
44.2,787.2280862912075
44.4,785.2969596152245
44.6,783.3285779063524
44.8,781.3222827826196
45.0,779.2774032759329
45.2,777.1932558063166
45.4,775.06914417095
45.6,772.9043595485584
45.8,770.6981805196912
46.0,768.4498731033818
46.2,766.1586908106533
46.4,763.8238747152935
46.6,761.4446535422901
46.8,759.0202437742622
47.0,756.5498497761943
47.2,754.0326639387201
47.4,751.4678668401609
47.6,748.8546274274712
47.8,746.19210321619
48.0,743.4794405094453
48.2,740.7157746359997
48.4,737.9002302072726
48.6,735.0319213932162
48.8,732.1099522168606
49.0,729.1334168672902
49.2,726.1014000307516
49.4,723.0129772395361
49.6,719.8672152382195
49.8,716.6631723667871
50.0,713.3998989601121
