0.0,785.8007601747538
0.2,788.057415334688
0.4,790.2668125865241
0.6,792.4302601309065
0.8,794.5490051187409
1.0,796.6242323214369
1.2,798.6570636545331
1.4,800.6485585200701
1.6,802.5997149123324
1.8,804.5114712138583
2.0,806.3847085945209
2.2,808.2202539163964
2.4,810.0188830412254
2.6,811.7813244354585
2.8,813.5082629698892
3.0,815.2003438162913
3.2,816.8581763516962
3.4,818.4823379913329
3.6,820.0733778831162
3.8,821.6318204092224
4.0,823.1581684530951
4.2,824.6529064026304
4.4,826.1165028718315
4.6,827.5494131335457
4.8,828.9520812647813
5.0,830.3249420133981
5.2,831.6684224006754
5.4,832.9829430784141
5.6,834.2689194619593
5.8,835.5267626620054
6.0,836.7568802384499
6.2,837.9596767991151
6.4,839.1355544650473
6.6,840.2849132225361
6.8,841.4081511801315
7.0,842.5056647469205
7.2,843.5778487462785
7.4,844.6250964773209
7.6,845.6477997344102
7.8,846.6463487933714
8.0,847.6211323715519
8.2,848.5725375675399
8.4,849.5009497852333
8.6,850.4067526459985
8.8,851.2903278918883
9.0,852.1520552822454
9.2,852.9923124855221
9.4,853.811474967736
9.6,854.6099158786799
9.8,855.3880059367557
10.0,856.1461133131241
10.2,856.8846035157213
10.4,857.6038392735895
10.6,858.3041804218924
10.8,858.985983787927
11.0,859.6496030784003
11.2,860.2953887682055
11.4,860.9236879909088
11.6,861.5348444311358
11.8,862.1291982190306
12.0,862.7070858269468
12.2,863.2688399685165
12.4,863.8147895002327
12.6,864.3452593256688
12.8,864.8605703024493
13.0,865.3610391520751
13.2,865.8469783726964
13.4,866.3186961549175
13.6,866.7764963007049
13.8,867.2206781454648
14.0,867.6515364833405
14.2,868.0693614957742
14.4,868.4744386833678
14.6,868.8670488010656
14.8,869.2474677966716
15.0,869.615966752709
15.2,869.9728118316156
15.4,870.3182642242615
15.6,870.6525801017666
15.8,870.9760105705883
16.0,871.2888016308365
16.2,871.5911941377727
16.4,871.8834237664348
16.6,872.1657209793253
16.8,872.4383109970962
17.0,872.7014137721497
17.2,872.955243965077
17.4,873.200010923842
17.6,873.4359186656203
17.8,873.6631658611914
18.0,873.8819458217824
18.2,874.0924464882544
18.4,874.2948504225207
18.6,874.4893348010802
18.8,874.6760714105523
19.0,874.8552266450863
19.2,875.026961505532
19.4,875.1914316002378
19.6,875.3487871473606
19.8,875.4991729785548
20.0,875.6427285439199
20.2,875.7795879180763
20.4,875.9098798072494
20.6,876.0337275572323
20.8,876.1512491621095
21.0,876.2625572736179
21.2,876.3677592110266
21.4,876.4669569714213
21.6,876.5602472402761
21.8,876.6477214022084
22.0,876.7294655518051
22.2,876.8055605044203
22.4,876.8760818068467
22.6,876.9410997477644
22.8,877.0006793678804
23.0,877.0548804696733
23.2,877.103757626666
23.4,877.1473601921498
23.6,877.185732307296
23.8,877.2189129085914
24.0,877.2469357345411
24.2,877.2698293315912
24.4,877.2876170592258
24.6,877.3003170942039
24.8,877.3079424339035
25.0,877.3105008987513
25.2,877.3079951337203
25.4,877.3004226088849
25.6,877.2877756190306
25.8,877.2700412823219
26.0,877.2472015380371
26.2,877.2192331433889
26.4,877.1861076694539
26.6,877.1477914962395
26.8,877.1042458069275
27.0,877.0554265813357
27.2,877.0012845886491
27.4,876.9417653794738
27.6,876.876809277278
27.8,876.8063513692856
28.0,876.7303214968977
28.2,876.6486442457198
28.4,876.5612389352785
28.6,876.4680196085172
28.8,876.3688950211651
29.0,876.2637686310763
29.2,876.1525385876441
29.4,876.0350977213931
29.6,875.9113335338633
29.8,875.7811281878959
30.0,875.6443584984391
30.2,875.5008959239912
30.4,875.350606558802
30.6,875.1933511259575
30.8,875.0289849714659
31.0,874.8573580594773
31.2,874.6783149687574
31.4,874.4916948905427
31.6,874.2973316279031
31.8,874.0950535967349
32.0,873.8846838285111
32.2,873.666039974907
32.4,873.4389343144245
32.6,873.2031737611312
32.8,872.9585598756291
33.0,872.7048888783653
33.2,872.4419516653902
33.4,872.1695338266694
33.6,871.8874156670462
33.8,871.5953722299485
34.0,871.2931733239292
34.2,870.9805835521219
34.4,870.6573623446878
34.6,870.3232639943242
34.8,869.9780376948946
35.0,869.6214275832386
35.2,869.2531727842062
35.4,868.8730074589573
35.6,868.4806608565565
35.8,868.0758573688846
36.0,867.6583165888834
36.2,867.2277533721336
36.4,866.783877901765
36.6,866.3263957566807
36.8,865.8550079830749
37.0,865.3694111692078
37.2,864.8692975233946
37.4,864.3543549551565
37.6,863.8242671594663
37.8,863.2787137040198
38.0,862.7173701194458
38.2,862.1399079923635
38.4,861.5459950611804
38.6,860.9352953145208
38.8,860.307469092157
39.0,859.6621731883101
39.2,858.9990609571727
39.4,858.317782420495
39.6,857.6179843770624
39.8,856.8993105138725
40.0,856.1614015188055
40.2,855.403895194552
40.4,854.6264265735321
40.6,853.8286280334971
40.8,853.0101294134473
41.0,852.1705581294259
41.2,851.309539289644
41.4,850.4266958082626
41.6,849.5216485169724
41.8,848.594016273282
42.0,847.6434160641228
42.2,846.6694631029844
42.4,845.6717709183084
42.6,844.6499514302432
42.8,843.6036150121138
43.0,842.5323705320319
43.2,841.4358253689795
43.4,840.313585396411
43.6,839.1652549249441
43.8,837.9904365940494
44.0,836.78873120083
44.2,835.5597374520426
44.4,834.3030516235186
44.6,833.0182671091827
44.8,831.7049738400459
45.0,830.3627575520256
45.2,828.9911988803626
45.4,827.589872257966
45.6,826.1583445954129
45.8,824.696173721757
46.0,823.2029065679588
46.2,821.6780770787911
46.4,820.1212038446237
46.6,818.5317874515954
46.8,816.9093075573257
47.0,815.2532197093636
47.2,813.5629519348032
47.4,811.8379011415733
47.6,810.0774293843652
47.8,808.2808600604873
48.0,806.4474741124749
48.2,804.5765063244016
48.4,802.667141806841
48.6,800.7185127706992
48.8,798.7296956920992
49.0,796.6997089687457
49.2,794.6275111624441
49.4,792.51199991264
49.6,790.3520115921335
49.8,788.1463217588788
50.0,785.8936464375996
