0.0,780.7234738747527
0.2,783.106009737721
0.4,785.4376666244577
0.6,787.7195895105073
0.8,789.9528988042441
1.0,792.138689303034
1.2,794.2780293072307
1.4,796.3719598945138
1.6,798.4214943552796
1.8,800.4276177880465
2.0,802.3912868521495
2.2,804.313429673391
2.4,806.1949458968337
2.6,808.0367068795645
2.8,809.8395560150533
3.0,811.6043091796946
3.2,813.3317552912523
3.4,815.0226569682472
3.6,816.6777512788261
3.8,818.2977505673292
4.0,819.8833433466398
4.2,821.4351952444206
4.4,822.9539499915367
4.6,824.4402304412915
4.8,825.8946396085755
5.0,827.3177617185966
5.2,828.7101632555467
5.4,830.0723940023074
5.6,831.4049880631129
5.8,832.7084648619475
6.0,833.9833301103363
6.2,835.2300767390747
6.4,836.4491857893318
6.6,837.6411272594177
6.8,838.8063609043438
7.0,839.9453369860871
7.2,841.0584969732082
7.4,842.1462741891534
7.6,843.2090944091844
7.8,844.2473764064338
8.0,845.2615324480629
8.2,846.2519687429217
8.4,847.2190858424522
8.6,848.1632789968687
8.8,849.0849384688705
9.0,849.9844498073106
9.2,850.8621940833619
9.4,851.7185480917885
9.6,852.5538845199567
9.8,853.3685720872114
10.0,854.1629756571978
10.2,854.9374563256405
10.4,855.692371486005
10.6,856.4280748753495
10.8,857.1449166025639
11.0,857.8432431610536
11.2,858.523397427797
11.4,859.1857186505597
11.6,859.8305424249131
11.8,860.4582006625669
12.0,861.0690215523904
12.2,861.6633295153678
12.4,862.2414451546117
12.6,862.803685201443
12.8,863.3503624584329
13.0,863.8817857402084
13.2,864.3982598127245
13.4,864.9000853316211
13.6,865.3875587802089
13.8,865.8609724075521
14.0,866.3206141670574
14.2,866.7667676559156
14.4,867.199712055697
14.6,867.6197220743506
14.8,868.0270678898196
15.0,868.4220150954459
15.2,868.8048246473104
15.4,869.1757528136184
15.6,869.5350511262229
15.8,869.8829663343515
16.0,870.2197403605828
16.2,870.5456102591043
16.4,870.8608081762642
16.6,871.1655613134204
16.8,871.4600918920727
17.0,871.7446171212582
17.2,872.0193491671796
17.4,872.2844951250241
17.6,872.5402569929278
17.8,872.7868316480323
18.0,873.0244108245728
18.2,873.2531810939339
18.4,873.4733238466036
18.6,873.6850152759536
18.8,873.8884263637669
19.0,874.083722867437
19.2,874.2710653087531
19.4,874.4506089641899
19.6,874.6225038566157
19.8,874.7868947483313
20.0,874.9439211353542
20.2,875.0937172428572
20.4,875.2364120216754
20.6,875.3721291457939
20.8,875.500987010726
21.0,875.6230987327
21.2,875.7385721485645
21.4,875.8475098163325
21.6,875.9500090162799
21.8,876.0461617525198
22.0,876.1360547549741
22.2,876.2197694816697
22.4,876.2973821212844
22.6,876.3689635958758
22.8,876.4345795637277
23.0,876.4942904222502
23.2,876.5481513108786
23.4,876.5962121139128
23.6,876.6385174632511
23.8,876.6751067409695
24.0,876.7060140817068
24.2,876.731268374819
24.4,876.7508932662688
24.6,876.7649071602249
24.8,876.7733232203475
25.0,876.7761493707434
25.2,876.7733882965762
25.4,876.765037444326
25.6,876.7510890216955
25.8,876.7315299971641
26.0,876.706342099199
26.2,876.6755018151343
26.4,876.6389803897374
26.6,876.5967438234842
26.8,876.5487528705698
27.0,876.4949630366893
27.2,876.4353245766217
27.4,876.3697824916626
27.6,876.2982765269479
27.8,876.2207411687203
28.0,876.1371056415927
28.2,876.0472939058664
28.4,875.9512246549657
28.6,875.8488113130546
28.8,875.7399620329048
29.0,875.6245796940857
29.2,875.502561901553
29.4,875.3738009847109
29.6,875.2381839970305
29.8,875.0955927163033
30.0,874.9459036456151
30.2,874.7889880151264
30.4,874.6247117847435
30.6,874.4529356477675
30.8,874.2735150356125
31.0,874.0863001236764
31.2,873.891135838456
31.4,873.6878618659905
31.6,873.4763126617247
31.8,873.2563174618715
32.0,873.0277002963619
32.2,872.7902800034639
32.4,872.5438702461458
32.6,872.2882795302663
32.8,872.0233112246589
33.0,871.7487635831828
33.2,871.4644297688045
33.4,871.1700978797672
33.6,870.8655509779061
33.8,870.5505671191512
34.0,870.2249193862631
34.2,869.8883759238287
34.4,869.5406999755407
34.6,869.1816499237741
34.8,868.8109793314554
35.0,868.4284369862169
35.2,868.0337669468006
35.4,867.6267085916721
35.6,867.2069966697751
35.8,866.7743613533415
36.0,866.3285282926463
36.2,865.8692186725649
36.4,865.3961492707654
36.6,864.9090325173264
36.8,864.4075765555353
37.0,863.8914853035752
37.2,863.3604585167584
37.4,862.8141918499088
37.6,862.2523769194335
37.8,861.6747013645535
38.0,861.0808489070882
38.2,860.4704994091056
38.4,859.8433289276583
38.6,859.1990097657261
38.8,858.5372105183833
39.0,857.857596113091
39.2,857.1598278428995
39.4,856.4435633912168
39.6,855.7084568466695
39.8,854.9541587064484
40.0,854.180315866397
40.2,853.3865715959599
40.4,852.5725654959805
40.6,851.7379334372083
40.8,850.8823074772569
41.0,850.0053157536476
41.2,849.1065823504871
41.4,848.1857271362579
41.6,847.2423655701577
41.8,846.2761084744163
42.0,845.2865617700393
42.2,844.2733261734978
42.4,843.2359968519946
42.6,842.1741630350963
42.8,841.0874075807478
43.0,839.9753064939555
43.2,838.8374283967685
43.4,837.6733339485927
43.6,836.4825752163407
43.8,835.2646949944557
44.0,834.0192260754503
44.2,832.7456904722583
44.4,831.4435985944158
44.6,830.112448380855
44.8,828.7517243929017
45.0,827.3608968719058
45.2,825.9394207667993
45.4,824.4867347377341
45.6,823.0022601428192
45.8,821.4854000158048
46.0,819.9355380433561
46.2,818.3520375512975
46.4,816.7342405098599
46.6,815.0814665685334
46.8,813.393012131581
47.0,811.6681494855897
47.2,809.9061259906265
47.4,808.1061633465913
47.6,806.2674569462246
47.8,804.3891753259211
48.0,802.4704597250138
48.2,800.5104237635294
48.4,798.5081532475784
48.6,796.4627061105317
48.8,794.373112496968
49.0,792.2383749950584
49.2,790.0574690216106
49.4,787.8293433624386
49.6,785.5529208690813
49.8,783.2270993111892
50.0,780.8507523821634
