0.0,757.6438072915997
0.2,760.229503034588
0.4,762.7596875954537
0.6,765.2359896166664
0.8,767.6599876626619
1.0,770.0332089630906
1.2,772.3571284822922
1.4,774.6331683116101
1.6,776.8626973769082
1.8,779.0470314496926
2.0,781.1874334466368
2.2,783.2851139991282
2.4,785.3412322717585
2.6,787.3568970065058
2.8,789.3331677677123
3.0,791.2710563618824
3.2,793.171528405778
3.4,795.0355050162553
3.6,796.8638645957508
3.8,798.6574446882094
4.0,800.41704388153
4.2,802.1434237342008
4.4,803.8373107056551
4.6,805.4993980719345
4.8,807.1303478104227
5.0,808.7307924396625
5.2,810.3013368025246
5.4,811.8425597832064
5.6,813.3550159506611
5.8,814.8392371230536
6.0,816.2957338496728
6.2,817.72499680839
6.4,819.1274981182128
6.6,820.5036925677438
6.8,821.8540187614078
7.0,823.1789001861739
7.2,824.4787462021586
7.4,825.7539529609932
7.6,827.0049042561692
7.8,828.2319723097607
8.0,829.4355184999913
8.2,830.6158940340722
8.4,831.7734405706158
8.6,832.9084907957389
8.8,834.021368956728
9.0,835.1123913568657
9.2,836.1818668147243
9.4,837.2300970909232
9.6,838.2573772850498
9.8,839.2639962051439
10.0,840.2502367118674
10.2,841.2163760392202
10.4,842.1626860934255
10.6,843.0894337313922
10.8,843.9968810199732
11.0,844.8852854770762
11.2,845.7549002955369
11.4,846.6059745505577
11.6,847.4387533914046
11.8,848.2534782179872
12.0,849.0503868428834
12.2,849.8297136393194
12.4,850.5916896755874
12.6,851.3365428363581
12.8,852.0644979313283
13.0,852.7757767916412
13.2,853.4705983545099
13.4,854.149178736479
13.6,854.8117312957631
13.8,855.4584666841079
14.0,856.0895928886249
14.2,856.7053152640615
14.4,857.3058365559704
14.6,857.891356915253
14.8,858.4620739045533
15.0,859.0181824969824
15.2,859.5598750676562
15.4,860.0873413785287
15.6,860.6007685569995
15.8,861.1003410687721
16.0,861.5862406854341
16.2,862.0586464472207
16.4,862.5177346214166
16.6,862.9636786568391
16.8,863.3966491348344
17.0,863.8168137172045
17.2,864.2243370914703
17.4,864.6193809138585
17.6,865.0021037503863
17.8,865.3726610163984
18.0,865.7312049148998
18.2,866.0778843739996
18.4,866.4128449837771
18.6,866.7362289328495
18.8,867.048174944915
19.0,867.3488182155185
19.2,867.6382903492737
19.4,867.9167192977598
19.6,868.1842292982878
19.8,868.4409408137236
20.0,868.6869704735313
20.2,868.922431016192
20.4,869.1474312331327
20.6,869.362075914292
20.8,869.5664657954298
21.0,869.7606975072837
21.2,869.9448635266533
21.4,870.1190521294959
21.6,870.2833473460933
21.8,870.4378289183493
22.0,870.5825722592683
22.2,870.7176484146545
22.4,870.8431240270646
22.6,870.9590613020466
22.8,871.0655179766839
23.0,871.1625472904643
23.2,871.2501979584891
23.4,871.3285141470325
23.6,871.3975354514578
23.8,871.4572968764995
24.0,871.507828818913
24.2,871.549157052494
24.4,871.5813027154711
24.6,871.6042823002712
24.8,871.6181076456579
25.0,871.6227859312455
25.2,871.6183196743858
25.4,871.6047067294315
25.6,871.581940289376
25.8,871.5500088898704
26.0,871.5088964156197
26.2,871.4585821091605
26.4,871.3990405820215
26.6,871.330241828269
26.8,871.2521512404375
27.0,871.1647296278478
27.2,871.0679332373122
27.4,870.9617137762224
27.6,870.8460184380207
27.8,870.7207899300447
28.0,870.5859665037402
28.2,870.4414819872267
28.4,870.2872658202016
28.6,870.1232430911612
28.8,869.9493345769129
29.0,869.7654567843432
29.2,869.5715219944075
29.4,869.3674383082875
29.6,869.1531096956684
29.8,868.9284360450641
30.0,868.693313216121
30.2,868.4476330938124
30.4,868.1912836444259
30.6,867.9241489732359
30.8,867.6461093837381
31.0,867.3570414383075
31.2,867.0568180201307
31.4,866.7453083962455
31.6,866.4223782815048
31.8,866.0878899032663
32.0,865.7417020665904
32.2,865.3836702197165
32.4,865.0136465195637
32.6,864.6314798969886
32.8,864.2370161215106
33.0,863.8300978652046
33.2,863.4105647654328
33.4,862.9782534860789
33.6,862.5329977769226
33.8,862.0746285307836
34.0,861.6029738380402
34.2,861.1178590381168
34.4,860.61910676752
34.6,860.1065370039862
34.8,859.579967106296
35.0,859.0392118492937
35.2,858.4840834536491
35.4,857.9143916098818
35.6,857.329943496169
35.8,856.7305437894482
36.0,856.115994669329
36.2,855.4860958143198
36.4,854.8406443898841
36.6,854.1794350278348
36.8,853.5022597965832
37.0,852.8089081617649
37.2,852.0991669367609
37.4,851.3728202226483
37.6,850.6296493371076
37.8,849.8694327318235
38.0,849.0919458979106
38.2,848.2969612588921
38.4,847.4842480507496
38.6,846.653572188543
38.8,845.804696119076
39.0,844.9373786590423
39.2,844.0513748180405
39.4,843.1464356057749
39.6,842.2223078226812
39.8,841.2787338331049
40.0,840.3154513200403
40.2,839.3321930202765
40.4,838.3286864386209
40.6,837.3046535396664
40.8,836.2598104153186
41.0,835.1938669260405
41.2,834.1065263134727
41.4,832.9974847817613
41.6,831.8664310445806
41.8,830.7130458344799
42.0,829.5370013708005
42.2,828.3379607820486
42.4,827.1155774782401
42.6,825.869494468405
42.8,824.5993436181425
43.0,823.3047448418906
43.2,821.9853052244241
43.4,820.640618066046
43.6,819.2702618460215
43.8,817.8737990990297
44.0,816.4507751998143
44.2,815.0007170518056
44.4,813.5231316763028
44.6,812.017504699832
44.8,810.4832987385861
45.0,808.9199516803653
45.2,807.3268748662091
45.4,805.7034511759075
45.6,804.0490330238013
45.8,802.3629402736827
46.0,800.6444580841729
46.2,798.8928346986172
46.4,797.1072791962577
46.6,795.2869592241548
46.8,793.430998731958
47.0,791.5384757340962
47.2,789.608420126204
47.4,787.6398115845243
47.6,785.6315775785681
47.8,783.5825915283892
48.0,781.4916711383835
48.2,779.3575769394873
48.4,777.1790110709993
48.6,774.9546163319411
48.8,772.6829755299095
49.0,770.3626111527532
49.2,767.9919853851678
49.4,765.5695004884805
49.6,763.0934995575637
49.8,760.5622676640577
50.0,757.9740333899709
