0.0,831.8029550377544
0.2,833.7857720807975
0.4,835.7058892806112
0.6,837.5626413751604
0.8,839.355582617731
1.0,841.0844916237882
1.2,842.7493732410815
1.4,844.3504574787154
1.6,845.8881955860925
1.8,847.363253424465
2.0,848.7765023210526
2.2,850.129007637199
2.4,851.4220153169927
2.6,852.6569367104709
2.8,853.8353319855514
3.0,854.9588924549996
3.2,856.0294221490748
3.4,857.0488189612929
3.6,858.0190556844581
3.8,858.9421612374091
4.0,859.8202023605992
4.2,860.6552660315978
4.4,861.4494428208554
4.6,862.204811374652
4.8,862.9234241770782
5.0,863.6072947072071
5.2,864.2583860722252
5.4,864.8786011630955
5.6,865.4697743470684
5.8,866.0336646816772
6.0,866.5719506082714
6.2,867.086226060018
6.4,867.577997899881
6.6,868.0486845884876
6.8,868.4996159699936
7.0,868.9320340559603
7.2,869.3470946826376
7.4,869.7458699156437
7.6,870.1293510774917
7.8,870.4984522773649
8.0,870.8540143285753
8.2,871.1968089468568
8.4,871.5275431316231
8.6,871.8468636421858
8.8,872.1553614913089
9.0,872.4535763890641
9.2,872.7420010804314
9.4,873.0210855302507
9.6,873.2912409187577
9.8,873.5528434198668
10.0,873.8062377425201
10.2,874.0517404226811
10.4,874.289642859927
10.6,874.5202140980427
10.8,874.7437033535765
11.0,874.9603423000256
11.2,875.1703471182298
11.4,875.3739203257302
11.6,875.5712523993844
11.8,875.7625232064869
12.0,875.9479032601209
12.2,876.1275548145246
12.4,876.3016328159848
12.6,876.4702857242378
12.8,876.633656218621
13.0,876.7918818023413
13.2,876.9450953172515
13.4,877.0934253805107
13.6,877.2369967534522
13.8,877.3759306519623
14.0,877.5103450066682
14.2,877.6403546802869
14.4,877.7660716485992
14.6,877.8876051506877
14.8,878.0050618133298
15.0,878.1185457537598
15.2,878.2281586644079
15.4,878.3339998826864
15.6,878.4361664484229
15.8,878.5347531511323
16.0,878.6298525689589
16.2,878.7215551008186
16.4,878.8099489930117
16.6,878.8951203613515
16.8,878.9771532096738
17.0,879.0561294454327
17.2,879.1321288929587
17.4,879.2052293048478
17.6,879.2755063718638
17.8,879.343033731655
18.0,879.4078829765375
18.2,879.4701236605379
18.4,879.5298233058546
18.6,879.5870474088628
18.8,879.6418594457601
19.0,879.6943208779318
19.2,879.7444911570926
19.4,879.7924277302545
19.6,879.8381860445503
19.8,879.881819551943
20.0,879.9233797138335
20.2,879.9629160055824
20.4,880.0004759209501
20.6,880.0361049764578
20.8,880.0698467156703
21.0,880.1017427133958
21.2,880.1318325797967
21.4,880.1601539644074
21.6,880.1867425600462
21.8,880.2116321066159
22.0,880.2348543947802
22.2,880.2564392695072
22.4,880.2764146334669
22.6,880.2948064502745
22.8,880.311638747565
23.0,880.3269336198916
23.2,880.3407112314358
23.4,880.3529898185175
23.6,880.3637856919007
23.8,880.3731132388797
24.0,880.3809849251419
24.2,880.3874112963991
24.4,880.3924009797793
24.6,880.395960684974
24.8,880.3980952051395
25.0,880.398807417542
25.2,880.3980982839515
25.4,880.3959668507763
25.6,880.3924102489422
25.8,880.3874236935147
26.0,880.3810004830669
26.2,880.3731319987941
26.4,880.3638077033804
26.6,880.3530151396224
26.8,880.3407399288135
27.0,880.3269657688961
27.2,880.3116744323914
27.4,880.2948457641113
27.6,880.2764576786637
27.8,880.2564861577608
28.0,880.2349052473388
28.2,880.2116870545018
28.4,880.1868017442989
28.6,880.1602175363471
28.8,880.13190070131
29.0,880.1018155572442
29.2,880.0699244658243
29.4,880.0361878284552
29.6,880.0005640822845
29.8,879.9630096961204
30.0,879.9234791662639
30.2,879.8819250122615
30.4,879.8382977725818
30.6,879.7925460002152
30.8,879.7446162581975
31.0,879.6944531150485
31.2,879.6419991401169
31.4,879.5871948988117
31.6,879.529978947699
31.8,879.4702878294258
32.0,879.4080560674311
32.2,879.3432161603803
32.4,879.2756985762502
32.6,879.2054317459648
32.8,879.1323420564587
33.0,879.0563538430117
33.2,878.9773893806579
33.4,878.8953688744236
33.6,878.8102104480906
33.8,878.7218301311027
34.0,878.6301418431509
34.2,878.5350573758604
34.4,878.436486370875
34.6,878.3343362934756
34.8,878.2285124006889
35.0,878.118917702615
35.2,878.0054529154482
35.4,877.8880164043575
35.6,877.766504114037
35.8,877.6408094843287
36.0,877.5108233478452
36.2,877.3764338059875
36.4,877.2375260791421
36.6,877.0939823261682
36.8,876.9456814275333
37.0,876.7924987256345
37.2,876.6343057149525
37.4,876.4709696737362
37.6,876.3023532279166
37.8,876.1283138369171
38.0,875.9487031899891
38.2,875.7633665006732
38.4,875.5721416860138
38.6,875.3748584162837
38.8,875.1713370202301
39.0,874.9613872303224
39.2,874.7448067522129
39.4,874.5213796426762
39.6,874.2908744807735
39.8,874.0530423179396
40.0,873.8076143942276
40.2,873.5542996101283
40.4,873.2927817462869
40.6,873.022716427151
40.8,872.7437278291393
41.0,872.4554051393781
41.2,872.1572987774159
41.4,871.8489163996073
41.6,871.529718713994
41.8,871.1991151424611
42.0,870.8564593765706
42.2,870.5010448836325
42.4,870.1321004300702
42.6,869.7487856997155
42.8,869.3501870950649
43.0,868.9353138193854
43.2,868.5030943465533
43.4,868.0523733932181
43.6,867.5819095139259
43.8,867.0903734437866
44.0,866.5763473147331
44.2,866.0383248700144
44.4,865.4747127969466
44.6,864.8838332898463
44.8,864.263927943269
45.0,863.6131630600698
45.2,862.9296364393791
45.4,862.2113856864551
45.6,861.4563980597846
45.8,860.6626218411141
46.0,859.8279791818267
46.2,858.9503803448721
46.4,858.0277392260606
46.6,857.0579900028231
46.8,856.0391047234623
47.0,854.9691116164823
47.2,853.8461138688331
47.4,852.6683085948598
47.6,851.4340056954189
47.8,850.1416462899031
48.0,848.7898203936376
48.2,847.3772835098923
48.4,845.9029718100993
48.6,844.3660155880285
48.8,842.7657506937039
49.0,841.1017276805536
49.2,839.3737184342368
49.4,837.5817200931357
49.6,835.7259561177244
49.8,833.8068744178793
50.0,831.8251425024013
