0.0,754.7625069630113
0.2,757.4290445161731
0.4,760.0379906227298
0.6,762.5909020486314
0.8,765.0892975293154
1.0,767.5346566207488
1.2,769.9284187362766
1.4,772.271982370151
1.6,774.5667045068521
1.8,776.8139002136174
2.0,779.0148424119719
2.2,781.1707618225421
2.4,783.282847076046
2.6,785.352244982106
2.8,787.3800609464391
3.0,789.3673595260555
3.2,791.315165111341
3.4,793.2244627233266
3.6,795.0961989140463
3.8,796.9312827576543
4.0,798.7305869199155
4.2,800.4949487937765
4.4,802.2251716889665
4.6,803.9220260639505
4.8,805.5862507890473
5.0,807.21855443012
5.2,808.8196165429155
5.4,810.39008896888
5.6,811.9305971240625
5.8,813.4417412735482
6.0,814.9240977847041
6.2,816.378220353364
6.4,817.8046411979151
6.6,819.20387221706
6.8,820.5764061078023
7.0,821.9227174409414
7.2,823.2432636920512
7.4,824.5384862265431
7.6,825.8088112379914
7.8,827.0546506394119
8.0,828.2764029076318
8.2,829.4744538812876
8.4,830.6491775133087
8.6,831.8009365790282
8.8,832.930083341278
9.0,834.0369601739973
9.2,835.1219001460112
9.4,836.1852275667203
9.6,837.22725849549
9.8,838.2483012165496
10.0,839.2486566811991
10.2,840.228618919094
10.4,841.1884754203282
10.6,842.1285074899768
10.8,843.0489905766806
11.0,843.9501945767867
11.2,844.8323841154644
11.4,845.6958188061403
11.6,846.540753489504
11.8,847.3674384532604
12.0,848.176119633719
12.2,848.967038800239
12.4,849.7404337234765
12.6,850.4965383283188
12.8,851.235582832328
13.0,851.9577938704621
13.2,852.6633946068004
13.4,853.3526048339484
13.6,854.0256410607668
13.8,854.6827165890339
14.0,855.3240415796217
14.2,855.9498231087406
14.4,856.5602652147902
14.6,857.1555689363281
14.8,857.7359323416576
15.0,858.3015505505197
15.2,858.8526157483578
15.4,859.3893171936193
15.6,859.9118412185393
15.8,860.4203712238475
16.0,860.9150876678251
16.2,861.396168050132
16.4,861.8637868908118
16.6,862.3181157048745
16.8,862.7593229728457
17.0,863.1875741076589
17.2,863.6030314182602
17.4,864.0058540702784
17.6,864.3961980441077
17.8,864.7742160907329
18.0,865.1400576856171
18.2,865.4938689809586
18.4,865.8357927566126
18.6,866.1659683699552
18.8,866.4845317049604
19.0,866.7916151207427
19.2,867.0873473998046
19.4,867.3718536962195
19.6,867.6452554839607
19.8,867.9076705055794
20.0,868.1592127214203
20.2,868.399992259548
20.4,868.6301153665494
20.6,868.8496843593641
20.8,869.0587975782798
21.0,869.2575493412248
21.2,869.4460298994738
21.4,869.6243253948769
21.6,869.7925178187083
21.8,869.9506849722269
22.0,870.0989004290274
22.2,870.2372334992565
22.4,870.3657491957601
22.6,870.4845082022188
22.8,870.5935668433248
23.0,870.6929770570465
23.2,870.7827863690217
23.4,870.8630378691147
23.6,870.9337701901699
23.8,870.9950174889866
24.0,871.0468094295414
24.2,871.0891711684759
24.4,871.1221233428668
24.6,871.1456820602934
24.8,871.1598588912132
25.0,871.1646608636518
25.2,871.1600904602199
25.4,871.1461456174536
25.6,871.1228197274875
25.8,871.0901016420552
26.0,871.0479756788185
26.2,870.996421630019
26.4,870.9354147734467
26.6,870.8649258857159
26.8,870.7849212578359
27.0,870.695362713064
27.2,870.5962076270199
27.4,870.4874089500443
27.6,870.36891523177
27.8,870.2406706478853
28.0,870.1026150290463
28.2,869.9546838919058
28.4,869.7968084722114
28.6,869.6289157599222
28.8,869.4509285362882
29.0,869.2627654128281
29.2,869.0643408721321
29.4,868.8555653104135
29.6,868.636345081717
29.8,868.4065825436887
30.0,868.1661761048002
30.2,867.9150202729094
30.4,867.6530057050282
30.6,867.3800192581614
30.8,867.0959440410624
31.0,866.8006594667448
31.2,866.4940413055748
31.4,866.1759617387542
31.6,865.846289411995
31.8,865.5048894891712
32.0,865.1516237057169
32.2,864.7863504215335
32.4,864.4089246731468
32.6,864.0191982248481
32.8,863.6170196185351
33.0,863.2022342219562
33.2,862.7746842750495
33.4,862.3342089340533
33.6,861.8806443130524
33.8,861.4138235226108
34.0,860.9335767051305
34.2,860.439731066564
34.4,859.9321109040925
34.6,859.4105376293746
34.8,858.874829786957
35.0,858.3248030674248
35.2,857.7602703148616
35.4,857.1810415281716
35.6,856.5869238558099
35.8,855.9777215834481
36.0,855.3532361140902
36.2,854.7132659401394
36.4,854.0576066068948
36.6,853.3860506669391
36.8,852.6983876248576
37.0,851.9944038716972
37.2,851.2738826085505
37.4,850.5366037586101
37.6,849.7823438670044
37.8,849.0108759876764
38.0,848.2219695565209
38.2,847.4153902499344
38.4,846.5908998278724
38.6,845.7482559604333
38.8,844.8872120369151
39.0,844.0075169562007
39.2,843.1089148972416
39.4,842.1911450683065
39.6,841.2539414335622
39.8,840.2970324154454
40.0,839.3201405711748
40.2,838.3229822416423
40.4,837.305267170817
40.6,836.2666980936912
40.8,835.2069702907036
41.0,834.1257711064957
41.2,833.0227794307915
41.4,831.8976651391478
41.6,830.7500884913079
41.8,829.5796994849065
42.0,828.3861371623299
42.2,827.1690288686315
42.4,825.9279894585551
42.6,824.6626204509141
42.8,823.3725091288471
43.0,822.0572275847916
43.2,820.7163317094171
43.4,819.3493601242324
43.6,817.9558330581165
43.8,816.5352511686492
44.0,815.0870943098018
44.2,813.6108202483126
44.4,812.1058633319007
44.6,810.5716331133546
44.8,809.0075129354763
45.0,807.4128584828354
45.2,805.7869963072977
45.4,804.1292223353104
45.6,802.4388003659485
45.8,800.7149605697176
46.0,798.9568979990698
46.2,797.1637711224871
46.4,795.3347003948
46.6,793.4687668771322
46.8,791.5650109204474
47.0,789.6224309271382
47.2,787.6399822053845
47.4,785.6165759311328
47.6,783.5510782324752
47.8,781.4423094109386
48.0,779.2890433137202
48.2,777.0900068702089
48.4,774.8438798052391
48.6,772.5492945404104
48.8,770.2048362934958
49.0,767.8090433844702
49.2,765.3604077550223
49.4,762.8573757065909
49.6,760.2983488600341
49.8,757.6816853379862
50.0,755.005701168853
