0.0,775.4229146830874
0.2,777.5288375949546
0.4,779.5990399093223
0.6,781.634637999688
0.8,783.6366919492991
1.0,785.6062043320526
1.2,787.5441193999118
1.4,789.451322676023
1.6,791.3286409482697
1.8,793.1768426536928
2.0,794.9966386401034
2.2,796.7886832873812
2.4,798.5535759674304
2.6,800.2918628186092
2.8,802.0040388076997
3.0,803.6905500501658
3.2,805.351796357583
3.4,806.9881339797399
3.6,808.5998785079904
3.8,810.1873079060018
4.0,811.7506656340635
4.2,813.2901638335867
4.4,814.8059865393143
4.6,816.2982928880291
4.8,817.7672202941717
5.0,819.2128875647095
5.2,820.6353979277935
5.4,822.0348419521491
5.6,823.4113003367282
5.8,824.7648465528499
6.0,826.0955493238263
6.2,827.4034749298708
6.4,828.688689328862
6.6,829.9512600862583
6.8,831.191258110076
7.0,832.4087591893435
7.2,833.6038453367705
7.4,834.7766059385256
7.6,835.9271387159639
7.8,837.0555505058794
8.0,838.1619578673589
8.2,839.2464875246009
8.4,840.3092766560964
8.6,841.3504730413955
8.8,842.3702350772761
9.0,843.368731675521
9.2,844.3461420546984
9.4,845.3026554383516
9.6,846.2384706718417
9.8,847.1537957697899
10.0,848.0488474056293
10.2,848.9238503542389
10.4,849.7790368979971
10.6,850.6146462059019
10.8,851.4309236946362
11.0,852.2281203796841
11.2,853.0064922237804
11.4,853.7662994891726
11.6,854.5078060993629
11.8,855.2312790152084
12.0,855.9369876295051
12.2,856.6252031834526
12.4,857.2961982077244
12.6,857.950245990231
12.8,858.5876200720909
13.0,859.2085937728003
13.2,859.8134397451155
13.4,860.4024295597599
13.6,860.9758333196984
13.8,861.5339193034201
14.0,862.0769536364098
14.2,862.6051999897812
14.4,863.1189193048776
14.6,863.6183695425187
14.8,864.1038054554818
15.0,864.5754783827509
15.2,865.0336360640356
15.4,865.478522473057
15.6,865.9103776681168
15.8,866.3294376585009
16.0,866.7359342853115
16.2,867.1300951153924
16.4,867.5121433470708
16.6,867.8822977265221
16.8,868.2407724736377
17.0,868.5877772163628
17.2,868.9235169325477
17.4,869.248191898442
17.6,869.5619976430387
17.8,869.8651249075508
18.0,870.1577596093787
18.2,870.440082809992
18.4,870.7122706862187
18.6,870.9744945044904
18.8,871.226920597648
19.0,871.4697103439671
19.2,871.7030201481012
19.4,871.9270014236889
19.6,872.1418005774008
19.8,872.3475589942442
20.0,872.5444130239615
20.2,872.7324939683926
20.4,872.9119280696902
20.6,873.0828364992935
20.8,873.2453353475884
21.0,873.3995356141888
21.2,873.5455431987931
21.4,873.6834588925732
21.6,873.8133783700663
21.8,873.9353921815436
22.0,874.0495857458387
22.2,874.1560393436185
22.4,874.2548281110891
22.6,874.3460220341251
22.8,874.4296859428202
23.0,874.5058795064522
23.2,874.5746572288605
23.4,874.6360684442359
23.6,874.6901573133196
23.8,874.7369628200116
24.0,874.7765187683897
24.2,874.8088537801367
24.4,874.8339912923776
24.6,874.8519495559275
24.8,874.8627416339484
25.0,874.8663754010179
25.2,874.8628535426083
25.4,874.8521735549765
25.6,874.8343277454658
25.8,874.809303233219
26.0,874.7770819503046
26.2,874.7376406432529
26.4,874.6909508750073
26.6,874.6369790272856
26.8,874.5756863033563
27.0,874.507028731227
27.2,874.4309571672479
27.4,874.3474173001293
27.6,874.2563496553762
27.8,874.1576896001403
28.0,874.0513673484934
28.2,873.9373079671243
28.4,873.815431381467
28.6,873.6856523822628
28.8,873.547880632571
29.0,873.4020206752357
29.2,873.2479719408265
29.4,873.0856287560752
29.6,872.9148803528335
29.8,872.7356108775834
30.0,872.547699401547
30.2,872.3510199314419
30.4,872.1454414209513
30.6,871.9308277829842
30.8,871.7070379028207
31.0,871.4739256522575
31.2,871.2313399048916
31.4,870.9791245527003
31.6,870.7171185241136
31.8,870.4451558037997
32.0,870.1630654544288
32.2,869.8706716407156
32.4,869.5677936560926
32.6,869.2542459524116
32.8,868.9298381731315
33.0,868.594375190509
33.2,868.2476571473701
33.4,867.8894795041174
33.6,867.5196330916945
33.8,867.1379041713103
34.0,866.7440745018029
34.2,866.3379214156065
34.4,865.9192179043681
34.6,865.4877327153389
34.8,865.0432304597499
35.0,864.5854717344523
35.2,864.1142132581759
35.4,863.629208023819
35.6,863.1302054682282
35.8,862.6169516609688
36.0,862.0891895135951
36.2,861.5466590109319
36.4,860.9890974658443
36.6,860.4162397989202
36.8,859.8278188443929
37.0,859.2235656835113
37.2,858.6032100063906
37.4,857.9664805031722
37.6,857.313105285057
37.8,856.6428123354711
38.0,855.9553299912602
38.2,855.2503874533933
38.4,854.5277153261856
38.6,853.7870461835209
38.8,853.0281151599794
39.0,852.2506605641316
39.2,851.4544245105915
39.4,850.6391535666844
39.6,849.8045994088296
39.8,848.9505194829427
40.0,848.0766776623532
40.2,847.1828448959149
40.4,846.268799838173
40.6,845.3343294526569
40.8,844.3792295786135
41.0,843.4033054507869
41.2,842.4063721612196
41.4,841.3882550515028
41.6,840.3487900234729
41.8,839.2878237560371
42.0,838.2052138156618
42.2,837.1008286480525
42.4,835.9745474387529
42.6,834.8262598307697
42.8,833.6558654879326
43.0,832.4632734935143
43.2,831.2484015746833
43.4,830.0111751446439
43.6,828.7515261558218
43.8,827.4693917591985
44.0,826.1647127668429
44.2,824.8374319168541
44.4,823.4874919422622
44.6,822.1148334479366
44.8,820.7193926021848
45.0,819.3010986524451
45.2,817.8598712772746
45.4,816.3956177896305
45.6,814.9082302092324
45.8,813.3975822244965
46.0,811.8635260671266
46.2,810.3058893248634
46.4,808.7244717201016
46.6,807.1190418840173
46.8,805.4893341574835
47.0,803.8350454513272
47.2,802.155832199373
47.4,800.4513074381902
47.6,798.7210380474883
47.8,796.9645421846634
48.0,795.1812869460913
48.2,793.3706862863685
48.4,791.5320992248412
48.6,789.6648283664414
48.8,787.7681187610934
49.0,785.8411571227929
49.2,783.8830714259356
49.4,781.8929308926274
49.6,779.8697463806024
49.8,777.8124711770527
50.0,775.7200021992236
