0.0,552.9323470753548
0.2,559.0414779621942
0.4,565.0177470551977
0.6,570.8602162255776
0.8,576.5685036879262
1.0,582.1427815674435
1.2,587.583766364933
1.4,592.8927025772857
1.6,598.0713398525955
1.8,603.121904170407
2.0,608.0470636364274
2.2,612.849889565236
2.4,617.5338135924455
2.6,622.1025816082333
2.8,626.5602053364731
3.0,630.9109123976921
3.2,635.1590956900644
3.4,639.309262901396
3.6,643.3659869277752
3.8,647.3338579228268
4.0,651.2174376371881
4.2,655.0212166330635
4.4,658.7495748757902
4.6,662.4067461156361
4.8,665.9967863809683
5.0,669.5235468107985
5.2,672.9906509627757
5.4,676.4014766439949
5.6,679.7591422283624
5.8,683.0664973472706
6.0,686.3261177712695
6.2,689.5403042402775
6.4,692.7110849493108
6.6,695.840221356125
6.8,698.9292169466356
7.0,701.9793285733574
7.2,704.9915799709535
7.4,707.9667770507183
7.6,710.9055245816494
7.8,713.8082438787865
8.0,716.6751911387153
8.2,719.5064760865022
8.4,722.3020806267623
8.6,725.0618772230235
8.8,727.7856467630056
9.0,730.4730957019356
9.2,733.1238723107012
9.4,735.7375818897194
9.6,738.313800842209
9.8,740.8520895315468
10.0,743.3520038760992
10.2,745.813105661047
10.4,748.2349715700021
10.6,750.6172009595474
10.8,752.9594224171514
11.0,755.2612991572616
11.2,757.5225333218638
11.4,759.7428692605505
11.6,761.9220958713859
11.8,764.0600480877837
12.0,766.156607598506
12.2,768.2117028879688
12.4,770.2253086825935
12.6,772.1974448862051
12.8,774.1281750837036
13.0,776.0176046876534
13.2,777.8658787972554
13.4,779.6731798335827
13.6,781.4397250091442
13.8,783.1657636839296
14.0,784.8515746542246
14.2,786.4974634147554
14.4,788.1037594292208
14.6,789.6708134390522
14.8,791.1989948353746
15.0,792.6886891146235
15.2,794.140295434169
15.4,795.5542242805681
15.6,796.9308952597476
15.8,798.2707350154866
16.0,799.5741752799972
16.2,800.8416510582001
16.4,802.073598945404
16.6,803.2704555765276
16.8,804.4326562037036
17.0,805.5606333980619
17.2,806.6548158706695
17.4,807.7156274069854
17.6,808.7434859087472
17.8,809.73880253691
18.0,810.7019809491024
18.2,811.6334166250057
18.4,812.5334962731087
18.6,813.4025973124008
18.8,814.2410874227462
19.0,815.0493241579015
19.2,815.8276546154025
19.4,816.5764151578294
19.6,817.2959311802655
19.8,817.9865169190763
20.0,818.6484752974577
20.2,819.2820978035166
20.4,819.8876643969649
20.6,820.4654434408059
20.8,821.0156916546981
21.0,821.5386540869509
21.2,822.0345641023833
21.4,822.5036433835272
21.6,822.9461019428945
21.8,823.3621381442488
22.0,823.7519387310308
22.2,824.1156788602755
22.4,824.4535221405376
22.6,824.765620672502
22.8,825.0521150911037
23.0,825.3131346081232
23.2,825.5487970543373
23.4,825.7592089204288
23.6,825.9444653959515
23.8,826.1046504057488
24.0,826.2398366433025
24.2,826.350085600573
24.4,826.4354475939567
24.6,826.4959617860576
24.8,826.5316562030299
25.0,826.5425477473048
25.2,826.5286422055706
25.4,826.4899342519275
25.6,826.4264074461895
25.8,826.3380342273579
26.0,826.2247759023385
26.2,826.086582630034
26.4,825.9233934009897
26.6,825.7351360128351
26.8,825.5217270418195
27.0,825.2830718108117
27.2,825.0190643542002
27.4,824.7295873802094
27.6,824.4145122312375
27.8,824.0736988429062
28.0,823.7069957026245
28.2,823.3142398085743
28.4,822.8952566301548
28.6,822.449860071054
28.8,821.977852436268
29.0,821.4790244045474
29.2,820.9531550079296
29.4,820.4000116202034
29.6,819.8193499563631
29.8,819.2109140853272
30.0,818.5744364584363
30.2,817.9096379564996
30.4,817.2162279584244
30.6,816.4939044347466
30.8,815.7423540696767
31.0,814.9612524155749
31.2,814.1502640840915
31.4,813.3090429785176
31.6,812.4372325722162
31.8,811.5344662383139
32.0,810.6003676361427
32.2,809.6345511601976
32.4,808.6366224576492
32.6,807.6061790206606
32.8,806.5428108599441
33.0,805.4461012661018
33.2,804.3156276653398
33.4,803.1509625760893
33.6,801.9516746729109
33.8,800.7173299637617
34.0,799.4474930862681
34.2,798.1417287280224
34.4,796.7996031751078
34.6,795.4206859920123
34.8,794.0045518347943
35.0,792.5507823977932
35.2,791.0589684922943
35.4,789.5287122533525
35.6,787.9596294684164
35.8,786.3513520184597
36.0,784.7035304190069
36.2,783.0158364447256
36.4,781.287965817137
36.6,779.5196409305017
36.8,777.7106135860586
37.0,775.8606676995876
37.2,773.9696219417685
37.4,772.0373322650809
37.6,770.0636942651314
37.8,768.0486453183845
38.0,765.9921664324643
38.2,763.8942837396112
38.4,761.7550695587017
38.6,759.574642946662
38.8,757.3531696563322
39.0,755.0908614151031
39.2,752.7879744372005
39.4,750.4448070825722
39.6,748.0616965772185
39.8,745.639014713741
40.0,743.177162457116
40.2,740.676563389459
40.4,738.1376559390137
40.6,735.5608843529493
40.8,732.9466883908556
41.0,730.2954917361463
41.2,727.6076891458495
41.4,724.8836323853668
41.6,722.1236150234889
41.8,719.3278561939125
42.0,716.4964834623053
42.2,713.6295149720152
42.4,710.7268410761767
42.6,707.7882056984516
42.8,704.8131876980731
43.0,701.8011825463004
43.2,698.7513846498148
43.4,695.6627706809326
43.6,692.5340842937203
43.8,689.3638226181114
44.0,686.1502249299476
44.2,682.8912638925987
44.4,679.5846397546768
44.6,676.2277778677371
44.8,672.8178298573512
45.0,669.3516787403746
45.2,665.8259482306981
45.4,662.2370164156582
45.6,658.5810339162614
45.8,654.8539465674323
46.0,651.0515225709179
46.2,647.1693839848331
46.4,643.2030423219511
46.6,639.1479379357677
46.8,634.999482781343
47.0,630.7531060492664
47.2,626.4043020882232
47.4,621.9486799569182
47.6,617.3820138818467
47.8,612.7002938456899
48.0,607.899775493865
48.2,602.9770285255174
48.4,597.9289827312389
48.6,592.7529708537816
48.8,587.4467674803408
49.0,582.0086232254133
49.2,576.4372935311231
49.4,570.7320614960657
49.6,564.8927542424899
49.8,558.9197524429388
50.0,552.8139927488174
