0.0,861.1226172123133
0.2,861.7644976466091
0.4,862.3910754257581
0.6,863.0025420164383
0.8,863.599090301442
1.0,864.1809145714677
1.2,864.7482105109814
1.4,865.3011751781116
1.6,865.8400069785711
1.8,866.3649056336146
2.0,866.8760721420733
2.2,867.3737087365222
2.4,867.8580188336665
2.6,868.3292069790499
2.8,868.7874787862125
3.0,869.2330408704464
3.2,869.666100777317
3.4,870.0868669061389
3.6,870.4955484286122
3.8,870.8923552028426
4.0,871.2774976829878
4.2,871.6511868247851
4.4,872.0136339872297
4.6,872.3650508306888
4.8,872.7056492117446
5.0,873.0356410750724
5.2,873.3552383426672
5.4,873.6646528007407
5.6,873.9640959846166
5.8,874.2537790619575
6.0,874.533912714658
6.2,874.8047070197415
6.4,875.0663713296033
6.6,875.3191141519311
6.8,875.5631430296446
7.0,875.7986644211813
7.2,876.0258835814603
7.4,876.2450044438405
7.6,876.4562295033911
7.8,876.6597597017794
8.0,876.8557943140703
8.2,877.0445308377258
8.4,877.2261648840779
8.6,877.4008900725382
8.8,877.5688979277925
9.0,877.7303777802165
9.2,877.8855166697358
9.4,878.0344992533323
9.6,878.1775077163929
9.8,878.3147216880711
10.0,878.4463181608228
10.2,878.5724714142586
10.4,878.6933529434363
10.6,878.8091313917053
10.8,878.9199724881921
11.0,879.0260389900051
11.2,879.1274906292143
11.4,879.2244840646518
11.6,879.3171728385566
11.8,879.4057073380742
12.0,879.4902347616076
12.2,879.5708990899973
12.4,879.6478410624967
12.6,879.7211981574932
12.8,879.7911045779123
13.0,879.8576912412312
13.2,879.9210857740105
13.4,879.981412510849
13.6,880.0387924976483
13.8,880.0933434990673
14.0,880.1451800100384
14.2,880.1944132712049
14.4,880.2411512881331
14.6,880.285498854147
14.8,880.3275575766233
15.0,880.3674259065825
15.2,880.4051991714025
15.4,880.4409696104836
15.6,880.4748264136822
15.8,880.5068557623332
16.0,880.5371408726794
16.2,880.5657620415187
16.4,880.5927966938881
16.6,880.6183194325934
16.8,880.6424020894036
17.0,880.6651137777217
17.2,880.6865209465507
17.4,880.7066874355727
17.6,880.7256745311618
17.8,880.7435410231564
18.0,880.7603432622154
18.2,880.7761352175927
18.4,880.7909685351601
18.6,880.8048925955233
18.8,880.8179545720684
19.0,880.8301994887918
19.2,880.8416702777637
19.4,880.8524078360844
19.6,880.862451082197
19.8,880.8718370114234
20.0,880.8806007505997
20.2,880.8887756116884
20.4,880.8963931442536
20.6,880.9034831866882
20.8,880.9100739160903
21.0,880.9161918966879
21.2,880.9218621267198
21.4,880.9271080836838
21.6,880.9319517678692
21.8,880.9364137440949
22.0,880.9405131815812
22.2,880.9442678918864
22.4,880.947694364844
22.6,880.9508078024442
22.8,880.9536221506021
23.0,880.9561501287659
23.2,880.9584032573175
23.4,880.9603918827248
23.6,880.9621252004083
23.8,880.9636112752885
24.0,880.9648570599848
24.2,880.9658684106392
24.4,880.9666501003439
24.6,880.9672058301522
24.8,880.9675382376593
25.0,880.9676489031408
25.2,880.9675383532394
25.4,880.9672060621965
25.6,880.9666504506256
25.8,880.9658688818304
26.0,880.9648576556715
26.2,880.9636119999908
26.4,880.9621260596051
26.6,880.9603928828847
26.8,880.9584044059337
27.0,880.956151434398
27.2,880.9536236229221
27.4,880.9508094522894
27.6,880.9476962042745
27.8,880.9442699342497
28.0,880.9405154415825
28.2,880.9364162378737
28.4,880.9319545130834
28.6,880.9271110995996
28.8,880.9218654343097
29.0,880.9161955187353
29.2,880.9100778773028
29.4,880.9034875138184
29.6,880.8963978662283
29.8,880.8887807597464
30.0,880.8806063584392
30.2,880.8718431153583
30.4,880.862457721323
30.6,880.8524150524562
30.8,880.8416781165816
31.0,880.8302079986008
31.2,880.8179638049671
31.4,880.8049026073862
31.6,880.7909793858722
31.8,880.776146971296
32.0,880.7603559875705
32.2,880.743554793616
32.4,880.7256894252607
32.6,880.7067035372312
32.8,880.6865383453945
33.0,880.6651325694178
33.2,880.6424223760118
33.4,880.6183413229367
33.6,880.5928203039389
33.8,880.5657874948051
34.0,880.5371683007095
34.2,880.5068853050387
34.4,880.4748582198827
34.6,880.4410038383711
34.8,880.4052359890469
35.0,880.3674654924594
35.2,880.3276001201643
35.4,880.2855445563121
35.6,880.2412003620075
35.8,880.194465942619
36.0,880.1452365182132
36.2,880.0934040972841
36.4,880.0388574539446
36.6,879.9814821087404
36.8,879.9211603132387
37.0,879.85777103854
37.2,879.7911899678502
37.4,879.7212894932443
37.6,879.6479387167401
37.8,879.5710034557944
38.0,879.4903462533194
38.2,879.4058263923073
38.4,879.3172999151384
38.6,879.2246196476361
38.8,879.127635227917
39.0,879.0261931400695
39.2,878.9201367526847
39.4,878.8093063622415
39.6,878.6935392413371
39.8,878.5726696917374
40.0,878.4465291022019
40.2,878.3149460110288
40.4,878.1777461732404
40.6,878.0347526323203
40.8,877.8857857963903
41.0,877.7306635187043
41.2,877.5692011823137
41.4,877.4012117887489
41.6,877.2265060505388
41.8,877.0448924873785
42.0,876.8561775257409
42.2,876.6601656017057
42.4,876.4566592667762
42.6,876.2454592964299
42.8,876.0263648011421
43.0,875.799173339608
43.2,875.5636810338765
43.4,875.3196826860998
43.6,875.0669718965927
43.8,874.8053411828877
44.0,874.5345820994638
44.2,874.2544853578233
44.4,873.9648409465831
44.6,873.6654382512438
44.8,873.3560661733037
45.0,873.0365132483731
45.2,872.7065677629553
45.4,872.3660178695559
45.6,872.0146516997889
45.8,871.6522574751519
46.0,871.2786236151471
46.2,870.8935388424362
46.4,870.4967922847218
46.6,870.0881735730622
46.8,869.6674729363356
47.0,869.2344812915829
47.2,868.7889903299749
47.4,868.33079259816
47.6,867.8596815747721
47.8,867.3754517418897
48.0,866.8778986512576
48.2,866.3668189851057
48.4,865.8420106114139
48.6,865.3032726334975
48.8,864.7504054338083
49.0,864.1832107118678
49.2,863.6014915162726
49.4,863.0050522707362
49.6,862.3936987941524
49.8,861.7672383146929
50.0,861.1254794779696
