0.0,835.3981091128423
0.2,837.4456769919949
0.4,839.4134605887497
0.6,841.3002539812131
0.8,843.1053667729442
1.0,844.8286269495637
1.2,846.4703735403675
1.4,848.0314395838445
1.6,849.5131261684704
1.8,850.9171685560887
2.0,852.2456955863531
2.2,853.5011837012389
2.4,854.6864070152034
2.6,855.8043848885733
2.8,856.8583284410057
3.0,857.8515873725869
3.2,858.787598348415
3.4,859.6698360559507
3.6,860.5017678716197
3.8,861.2868128832159
4.0,862.0283058166468
4.2,862.7294662181071
4.4,863.3933730536097
4.6,864.0229447135243
4.8,864.6209242556155
5.0,865.1898695897443
5.2,865.7321482031583
5.4,866.2499359479458
5.6,866.7452193612812
5.8,867.2198009629731
6.0,867.6753069710568
6.2,868.1131968916806
6.4,868.5347744708266
6.6,868.9411995388356
6.8,869.3335003306811
7.0,869.7125859220631
7.2,870.0792584806092
7.4,870.4342250901781
7.6,870.7781089623031
7.8,871.1114599005613
8.0,871.4347639299634
8.2,871.7484520436169
8.4,872.052908052637
8.6,872.3484755525826
8.8,872.6354640408912
9.0,872.9141542353645
9.2,873.184802654346
9.4,873.4476455255278
9.6,873.7029020930726
9.8,873.9507773926127
10.0,874.1914645614091
10.2,874.4251467470638
10.4,874.6519986732551
10.6,874.8721879154077
10.8,875.0858759333954
11.0,875.2932189025802
11.2,875.494368378909
11.4,875.6894718285857
11.6,875.8786730480709
11.8,876.0621124959188
12.0,876.2399275542165
12.2,876.4122527341651
12.4,876.579219837589
12.6,876.7409580838457
12.8,876.8975942096865
13.0,877.0492525480422
13.2,877.1960550904279
13.4,877.3381215366298
13.6,877.4755693345236
13.8,877.6085137122188
14.0,877.7370677042321
14.2,877.8613421729876
14.4,877.9814458266519
14.6,878.0974852340722
14.8,878.2095648374185
15.0,878.3177869629889
15.2,878.4222518305452
15.4,878.523057561464
15.6,878.6203001859323
15.8,878.7140736493736
16.0,878.8044698182579
16.2,878.8915784854174
16.4,878.975487374978
16.6,879.05628214699
16.8,879.1340464018372
17.0,879.2088616844842
17.2,879.280807488619
17.4,879.3499612607326
17.6,879.4163984041771
17.8,879.4801922832304
18.0,879.5414142271948
18.2,879.6001335345471
18.4,879.6564174771569
18.6,879.7103313045817
18.8,879.7619382484468
19.0,879.811299526909
19.2,879.8584743492075
19.4,879.903519920294
19.6,879.946491445537
19.8,879.9874421354922
20.0,880.0264232107249
20.2,880.0634839066746
20.4,880.0986714785446
20.6,880.1320312062012
20.8,880.1636063990677
21.0,880.1934384009917
21.2,880.2215665950702
21.4,880.248028408412
21.6,880.272859316819
21.8,880.296092849367
22.0,880.3177605928666
22.2,880.3378921961859
22.4,880.3565153744148
22.6,880.3736559128564
22.8,880.3893376708239
23.0,880.4035825852297
23.2,880.4164106739493
23.4,880.4278400389447
23.6,880.4378868691365
23.8,880.4465654430073
24.0,880.4538881309296
24.2,880.4598653972034
24.4,880.4645058017987
24.6,880.4678160017925
24.8,880.4698007524937
25.0,880.4704629082537
25.2,880.4698034229554
25.4,880.4678213501809
25.6,880.4645138430574
25.8,880.4598761537802
26.0,880.453901632816
26.2,880.4465817277909
26.4,880.4379059820662
26.6,880.4278620330102
26.8,880.4164356099731
27.0,880.403610531973
27.2,880.3893687051058
27.4,880.3736901196878
27.6,880.3565528471458
27.8,880.3379330366678
28.0,880.3178049116283
28.2,880.2961407658065
28.4,880.2729109594104
28.6,880.2480839149284
28.8,880.221626112822
29.0,880.1935020870832
29.2,880.1636744206697
29.4,880.1321037408436
29.6,880.0987487144266
29.8,880.0635660429965
30.0,880.0265104580396
30.2,879.9875347160807
30.4,879.9465895938074
30.6,879.9036238832051
30.8,879.8585843867224
31.0,879.8114159124758
31.2,879.7620612695126
31.4,879.7104612631416
31.6,879.6565546903398
31.8,879.6002783352438
32.0,879.5415669647304
32.2,879.4803533240862
32.4,879.4165681327673
32.6,879.3501400802407
32.8,879.2809958218991
33.0,879.2090599750358
33.2,879.1342551148588
33.4,879.0565017705235
33.6,878.9757184211481
33.8,878.8918214917809
34.0,878.8047253492706
34.2,878.7143422979914
34.4,878.6205825753551
34.6,878.5233543470423
34.8,878.422563701863
35.0,878.3181146461421
35.2,878.2099090975083
35.4,878.097846877935
35.6,877.9818257058487
35.8,877.8617411870792
36.0,877.7374868043663
36.2,877.6089539050589
36.4,877.4760316865505
36.6,877.3386071788517
36.8,877.1965652235317
37.0,877.0497884480279
37.2,876.8981572340218
37.4,876.7415496781857
37.6,876.5798415431044
37.8,876.4129061955257
38.0,876.2406145282774
38.2,876.0628348611581
38.4,875.8794328148274
38.6,875.6902711501475
38.8,875.4952095634994
39.0,875.2941044262872
39.2,875.0868084540878
39.4,874.8731702876743
39.6,874.6530339644011
39.8,874.4262382541829
40.0,874.1926158295462
40.2,873.9519922340143
40.4,873.7041846075062
40.6,873.4490001216357
40.8,873.1862340719694
41.0,872.9156675687584
41.2,872.6370647627119
41.4,872.3501695385077
41.6,872.0547016064359
41.8,871.7503519224621
42.0,871.4367773697325
42.2,871.1135946408459
42.4,870.7803732708086
42.6,870.4366277861701
42.8,870.0818089570361
43.0,869.7152941659741
43.2,869.3363769415524
43.4,868.9442557444285
43.6,868.538022140227
43.8,868.1166485452135
44.0,867.678975786833
44.2,867.2237007799117
44.4,866.7493646785588
44.6,866.2543419209567
44.8,865.7368306362165
45.0,865.1948449259318
45.2,864.6262095643639
45.4,864.0285576767088
45.6,863.3993319511341
45.8,862.7357899141464
46.0,862.0350137478947
46.2,861.2939250506375
46.4,860.509304837332
46.6,859.6778189469361
46.8,858.7960488687994
47.0,857.8605278261849
47.2,856.8677817657427
47.4,855.8143747042302
47.6,854.696957685699
47.8,853.512320412363
48.0,852.2574444395055
48.2,850.9295566781628
48.4,849.526181837562
48.6,848.0451923699827
48.8,846.4848544599714
49.0,844.8438686318348
49.2,843.1214036359487
49.4,841.3171224149887
49.6,839.4311991424171
49.8,837.464326561585
50.0,835.417713126363
