0.0,478.52967139494245
0.2,484.051910529096
0.4,489.5347803856931
0.6,494.9771150218879
0.8,500.37779149109406
1.0,505.73573077765525
1.2,511.0498985995038
1.4,516.3193060777038
1.6,521.5430102725513
1.8,526.7201145866711
2.0,531.8497690362988
2.2,536.931170392663
2.4,541.9635621960763
2.6,546.9462346460044
2.8,551.8785243710015
3.0,556.7598140829687
3.2,561.5895321207169
3.4,566.3671518882826
3.6,571.0921911938583
3.8,575.7642114955485
4.0,580.3828170604626
4.2,584.947654043885
4.4,589.4584094954388
4.6,593.9148102992717
4.8,598.3166220553552
5.0,602.6636479089809
5.2,606.9557273354944
5.4,611.1927348871973
5.6,615.3745789092029
5.8,619.5012002308414
6.0,623.5725708389708
6.2,627.5886925392946
6.4,631.5495956114854
6.6,635.4553374635934
6.8,639.3060012908786
7.0,643.1016947438441
7.2,646.8425486098821
7.4,650.5287155125585
7.6,654.1603686321874
7.8,657.7377004509605
8.0,661.2609215255186
8.2,664.7302592894846
8.4,668.1459568881107
8.6,671.5082720468494
8.8,674.8174759753215
9.0,678.0738523078372
9.2,681.2776960813294
9.4,684.4293127512791
9.6,687.5290172459535
9.8,690.5771330590419
10.0,693.5739913805583
10.2,696.5199302656852
10.4,699.4152938410612
10.6,702.2604315478619
10.8,705.0556974208946
11.0,707.8014494028113
11.2,710.4980486924546
11.4,713.1458591262736
11.6,715.7452465916867
11.8,718.2965784712222
12.0,720.8002231162421
12.2,723.2565493490295
12.4,725.6659259920166
12.6,728.0287214229339
12.8,730.3453031546707
13.0,732.6160374386569
13.2,734.8412888906056
13.4,737.0214201374788
13.6,739.1567914845845
13.8,741.2477606017435
14.0,743.2946822275096
14.2,745.2979078904707
14.4,747.2577856467009
14.6,749.1746598324788
14.8,751.0488708314324
15.0,752.8807548553141
15.2,754.6706437376541
15.4,756.4188647395817
15.6,758.1257403671433
15.8,759.7915881994871
16.0,761.4167207273196
16.2,763.0014452010737
16.4,764.5460634882655
16.6,766.0508719395399
16.8,767.5161612629425
17.0,768.9422164059774
17.2,770.3293164450362
17.4,771.6777344818088
17.6,772.9877375463061
17.8,774.2595865061447
18.0,775.4935359817641
18.2,776.6898342672617
18.4,777.8487232565464
18.6,778.9704383745287
18.8,780.0552085130756
19.0,781.1032559714721
19.2,782.1147964011426
19.4,783.0900387543976
19.6,784.0291852369786
19.8,784.9324312641844
20.0,785.7999654203738
20.2,786.6319694216442
20.4,787.4286180814946
20.6,788.190079279295
20.8,788.9165139313806
21.0,789.6080759646096
21.2,790.2649122922209
21.4,790.8871627918394
21.6,791.4749602854837
21.8,792.0284305214376
22.0,792.5476921578522
22.2,793.032856747955
22.4,793.4840287267483
22.6,793.9013053990855
22.8,794.2847769290203
23.0,794.6345263303346
23.2,794.9506294581524
23.4,795.233155001559
23.6,795.4821644771478
23.8,795.6977122234275
24.0,795.8798453960286
24.2,796.0286039636517
24.4,796.1440207047136
24.6,796.2261212046517
24.8,796.2749238538494
25.0,796.2904398461617
25.2,796.2726731780211
25.4,796.2216206481112
25.6,796.1372718576066
25.8,796.0196092109811
26.0,795.8686079173959
26.2,795.6842359926843
26.4,795.4664542619603
26.6,795.2152163628821
26.8,794.9304687496104
27.0,794.612150697509
27.2,794.2601943086411
27.4,793.8745245181235
27.6,793.4550591014066
27.8,793.0017086825546
28.0,792.5143767436118
28.2,791.9929596351398
28.4,791.4373465880267
28.6,790.8474197266704
28.8,790.2230540836449
29.0,789.5641176159698
29.2,788.8704712231071
29.4,788.1419687668147
29.6,787.3784570929985
29.8,786.5797760557059
30.0,785.7457585434149
30.2,784.8762305077787
30.4,783.9710109949917
30.6,783.0299121799541
30.8,782.0527394034145
31.0,781.039291212284
31.2,779.9893594033164
31.4,778.9027290703667
31.6,777.7791786554391
31.8,776.6184800037528
32.0,775.4203984230621
32.2,774.1846927474743
32.4,772.911115406026
32.6,771.5994124962888
32.8,770.2493238632842
33.0,768.8605831840115
33.2,767.4329180578981
33.4,765.9660501035052
33.6,764.4596950618381
33.8,762.9135629066299
34.0,761.3273579619882
34.2,759.7007790278219
34.4,758.033519513483
34.6,756.3252675800939
34.8,754.5757062920516
35.0,752.7845137782386
35.2,750.9513634034965
35.4,749.0759239509582
35.6,747.1578598158715
35.8,745.1968312115802
36.0,743.1924943883781
36.2,741.1445018659851
36.4,739.052502680442
36.6,736.9161426462656
36.8,734.7350646347463
37.0,732.5089088693205
37.2,730.2373132389882
37.4,727.9199136307959
37.6,725.5563442824408
37.8,723.1462381560955
38.0,720.6892273345837
38.2,718.1849434410726
38.4,715.6330180834706
38.6,713.0330833247389
38.8,710.3847721803405
39.0,707.6877191440454
39.2,704.9415607433144
39.4,702.1459361254545
39.6,699.3004876757195
39.8,696.4048616684738
40.0,693.4587089524848
40.2,690.4616856713318
40.4,687.4134540198244
40.6,684.3136830372113
40.8,681.162049437831
41.0,677.9582384797021
41.2,674.7019448713786
41.4,671.3928737172024
41.6,668.0307415008699
41.8,664.6152771069904
42.0,661.1462228800586
42.2,657.6233357199843
42.4,654.0463882130206
42.6,650.4151697966217
42.8,646.729487956422
43.0,642.9891694531805
43.2,639.1940615771791
43.4,635.3440334271828
43.6,631.4389772107015
43.8,627.4788095619043
44.0,623.4634728731584
44.2,619.3929366357859
44.4,615.2671987852617
44.6,611.0862870457153
44.8,606.8502602682598
45.0,602.559209757349
45.2,598.2132605790672
45.4,593.8125728449936
45.6,589.3573429650482
45.8,584.8478048625386
46.0,580.2842311444743
46.2,575.666934220115
46.4,570.9962673606657
46.6,566.2726256930343
46.8,561.4964471206217
47.0,556.6682131642307
47.2,551.7884497163553
47.4,546.8577277023405
47.6,541.8766636422026
47.8,536.8459201072504
48.0,531.7662060660585
48.2,526.6382771148153
48.4,521.4629355875858
48.6,516.2410305426047
48.8,510.9734576213298
49.0,505.66115877764787
49.2,500.3051218753167
49.4,494.9063801524568
49.6,489.4660115526513
49.8,483.9851379229808
50.0,478.46492408009703
