0.0,866.195697209395
0.2,866.7777704602818
0.4,867.3435913865906
0.6,867.8933458686772
0.8,868.4272253301473
1.0,868.9454267592394
1.2,869.4481527044339
1.4,869.9356112443011
1.6,870.4080159317355
1.8,870.8655857128734
2.0,871.3085448211154
2.2,871.7371226468149
2.4,872.1515535833197
2.6,872.5520768501761
2.8,872.938936294419
3.0,873.3123801709853
3.2,873.6726609033853
3.4,874.0200348258629
3.6,874.3547619083562
3.8,874.6771054656517
4.0,874.9873318521848
4.2,875.285710143999
4.4,875.5725118094206
4.6,875.8480103700405
4.8,876.1124810536217
5.0,876.3662004405649
5.2,876.6094461055685
5.4,876.8424962561143
5.6,877.0656293693966
5.8,877.2791238292872
6.0,877.4832575648925
6.2,877.6783076922209
6.4,877.8645501604263
6.6,878.042259404036
6.8,878.211708002505
7.0,878.3731663483727
7.2,878.5269023252142
7.4,878.6731809965045
7.6,878.8122643064195
7.8,878.9444107935193
8.0,879.0698753181542
8.2,879.1889088043525
8.4,879.3017579968432
8.6,879.408665233777
8.8,879.5098682356102
9.0,879.6055999105201
9.2,879.6960881766281
9.4,879.7815558012113
9.6,879.8622202569975
9.8,879.9382935955456
10.0,880.0099823376372
10.2,880.0774873805176
10.4,880.141003921753
10.6,880.2007213993999
10.8,880.2568234481142
11.0,880.3094878707667
11.2,880.358886625076
11.4,880.4051858247199
11.6,880.4485457543377
11.8,880.4891208978011
12.0,880.5270599790907
12.2,880.5625060150937
12.4,880.5955963796065
12.6,880.6264628778133
12.8,880.6552318304978
13.0,880.6820241672336
13.2,880.7069555277998
13.4,880.7301363710629
13.6,880.7516720905793
13.8,880.7716631361732
14.0,880.7902051407619
14.2,880.8073890517184
14.4,880.8233012660728
14.6,880.8380237688843
14.8,880.8516342741343
15.0,880.8642063675175
15.2,880.8758096505408
15.4,880.8865098853628
15.6,880.8963691398437
15.8,880.9054459323021
16.0,880.9137953755135
16.2,880.9214693195105
16.4,880.9285164927877
16.6,880.9349826415372
16.8,880.9409106665815
17.0,880.9463407576997
17.2,880.9513105250718
17.4,880.9558551276053
17.6,880.9600073979275
17.8,880.9637979638643
18.0,880.9672553662509
18.2,880.9704061729462
18.4,880.9732750889464
18.6,880.9758850625215
18.8,880.9782573873156
19.0,880.9804118003765
19.2,880.9823665760957
19.4,880.9841386160605
19.6,880.9857435348353
19.8,880.9871957417031
20.0,880.9885085184109
20.2,880.9896940929755
20.4,880.9907637096162
20.6,880.9917276948887
20.8,880.992595520102
21.0,880.9933758601081
21.2,880.9940766485556
21.4,880.9947051297049
21.6,880.9952679069055
21.8,880.9957709878329
22.0,880.9962198265898
22.2,880.9966193627696
22.4,880.9969740575816
22.6,880.9972879271368
22.8,880.9975645729859
23.0,880.997807210002
23.2,880.9980186916918
23.4,880.9982015330179
23.6,880.9983579308085
23.8,880.9984897818233
24.0,880.9985986985386
24.2,880.9986860227109
24.4,880.9987528367674
24.6,880.998799973066
24.8,880.9988280210606
25.0,880.9988373323997
25.2,880.9988280239779
25.4,880.9987999789518
25.6,880.9987528457245
25.8,880.9986860348955
26.0,880.9985987141624
26.2,880.9984898011567
26.4,880.998357954184
26.6,880.9982015608347
26.8,880.9980187244216
27.0,880.9978072481955
27.2,880.9975646172797
27.4,880.9972879782625
27.6,880.9969741163753
27.8,880.9966194301826
28.0,880.9962199037013
28.2,880.9957710758632
28.4,880.9952680072324
28.6,880.99470524388
28.8,880.9940767783236
29.0,880.993376007428
29.2,880.99259568717
29.4,880.9917278841647
29.6,880.9907639238518
29.8,880.9896943352452
30.0,880.9885087921471
30.2,880.9871960507331
30.4,880.9857438834238
30.6,880.9841390089547
30.8,880.9823670185754
31.0,880.980412298308
31.2,880.978257947212
31.4,880.9758856916077
31.6,880.9732757952299
31.8,880.9704069652943
32.0,880.9672562544749
32.2,880.9637989588109
32.4,880.9600085115787
32.6,880.9558563731855
32.8,880.9513119171647
33.0,880.9463423123754
33.2,880.9409124015328
33.4,880.9349845762279
33.6,880.9285186486125
33.8,880.9214717199669
34.0,880.913798046388
34.2,880.9054489018705
34.4,880.8963724390854
34.6,880.8865135481927
34.8,880.8758137140572
35.0,880.8642108722685
35.2,880.8516392644028
35.4,880.8380292929936
35.6,880.8233073767124
35.8,880.8073958062936
36.0,880.7902126017655
36.2,880.7716713715819
36.4,880.7516811742772
36.6,880.730146383291
36.8,880.7069665556342
37.0,880.6820363050931
37.2,880.655245180683
37.4,880.6264775510772
37.6,880.5956124957593
37.8,880.5625237036423
38.0,880.5270793799144
38.2,880.4891421618655
38.4,880.4485690444467
38.6,880.4052113163083
38.8,880.3589145070438
39.0,880.3095183463564
39.2,880.2568567358327
39.4,880.2007577339841
39.6,880.141043555184
39.8,880.0775305830813
40.0,880.0100293990345
40.2,879.9383448260521
40.4,879.8622759886749
40.6,879.7816163891697
40.8,879.6961540003407
41.0,879.6056713751931
41.2,879.5099457736048
41.4,879.4087493060875
41.6,879.3018490946296
41.8,879.1890074505285
42.0,879.0699820690313
42.2,878.9445262405071
42.4,878.8123890777813
42.6,878.6733157591685
42.8,878.5270477866413
43.0,878.3733232584774
43.2,878.2118771556327
43.4,878.0424416409926
43.6,877.8647463705614
43.8,877.678518815562
44.0,877.4834845943311
44.2,877.2793678128119
44.4,877.0658914123752
44.6,876.8427775236213
44.8,876.6097478247563
45.0,876.3665239030764
45.2,876.112827618043
45.4,875.8483814643905
45.6,875.5729089336745
45.8,875.2861348726431
46.0,874.9877858368008
46.2,874.6775904375261
46.4,874.3552796811116
46.6,874.0205872981086
46.8,873.6732500613824
47.0,873.3130080913238
47.2,872.9396051467025
47.4,872.5527888997099
47.6,872.1523111937977
47.8,871.7379282830038
48.0,871.3094010515287
48.2,870.8664952124317
48.4,870.4089814844098
48.6,869.936635745734
48.8,869.4492391645333
49.0,868.9465783047411
49.2,868.4284452071423
49.4,867.8946374450968
49.6,867.3449581546477
49.8,866.7792160388615
50.0,866.1972253463914
