0.0,800.0908357740345
0.2,802.151474238122
0.4,804.1728662754604
0.6,806.1553750432615
0.8,808.0993666575777
1.0,810.0052103211331
1.2,811.8732784383607
1.4,813.7039467171575
1.6,815.4975942569204
1.8,817.2546036224855
2.0,818.9753609036424
2.2,820.6602557599558
2.4,822.3096814506872
2.6,823.9240348496577
2.8,825.5037164449653
3.0,827.0491303235161
3.2,828.5606841403929
3.4,830.038789073144
3.6,831.4838597611234
3.8,832.8963142300797
4.0,834.2765738022371
4.2,835.6250629921675
4.4,836.9422093888033
4.6,838.228443523991
4.8,839.4841987280251
5.0,840.7099109726576
5.2,841.9060187021074
5.4,843.0729626526422
5.6,844.2111856613341
5.8,845.3211324646287
6.0,846.4032494873934
6.2,847.4579846231376
6.4,848.4857870061212
6.6,849.487106776089
6.8,850.4623948363811
7.0,851.4121026061865
7.2,852.3366817677139
7.4,853.2365840090631
7.6,854.112260763579
7.8,854.9641629464742
8.0,855.7927406894999
8.2,856.5984430744388
8.4,857.381717866188
8.6,858.1430112461762
8.8,858.8827675468617
9.0,859.6014289880204
9.2,860.2994354155286
9.4,860.9772240433126
9.6,861.6352291991163
9.8,862.2738820747094
10.0,862.8936104811313
10.2,863.4948386095336
10.4,864.0779867981532
10.6,864.6434713059132
10.8,865.1917040931169
11.0,865.7230926096616
11.2,866.2380395911649
11.4,866.7369428633572
11.6,867.2201951550613
11.8,867.6881839200367
12.0,868.1412911679328
12.2,868.5798933045569
12.4,869.0043609816267
12.6,869.4150589561374
12.8,869.8123459594399
13.0,870.196574576094
13.2,870.5680911325178
13.4,870.927235595431
13.6,871.2743414800486
13.8,871.609735767958
14.0,871.9337388345743
14.2,872.2466643860495
14.4,872.5488194054734
14.6,872.8405041081885
14.8,873.12201190601
15.0,873.3936293801215
15.2,873.6556362623976
15.4,873.9083054248824
15.6,874.1519028771373
15.8,874.386687771154
16.0,874.6129124135158
16.2,874.8308222844745
16.4,875.0406560636036
16.6,875.2426456616729
16.8,875.4370162583881
17.0,875.6239863456263
17.2,875.8037677757972
17.4,875.976565814955
17.6,876.1425792002842
17.8,876.3020002015787
18.0,876.4550146863382
18.2,876.6018021881047
18.4,876.7425359776641
18.6,876.8773831367433
18.8,877.0065046338362
19.0,877.1300554017993
19.2,877.2481844168606
19.4,877.3610347786974
19.6,877.4687437912428
19.8,877.5714430438901
20.0,877.6692584927735
20.2,877.7623105418143
20.4,877.8507141232293
20.6,877.9345787772119
20.8,878.0140087305026
21.0,878.0891029735824
21.2,878.1599553362278
21.4,878.2266545611834
21.6,878.2892843757153
21.8,878.3479235608223
22.0,878.4026460178942
22.2,878.4535208326159
22.4,878.5006123359311
22.6,878.5439801618895
22.8,878.5836793022121
23.0,878.6197601574241
23.2,878.6522685844149
23.4,878.6812459402936
23.6,878.7067291224271
23.8,878.7287506045506
24.0,878.7473384688592
24.2,878.762516433998
24.4,878.7743038788755
24.6,878.7827158622418
24.8,878.7877631379853
25.0,878.7894521661017
25.2,878.7877851193172
25.4,878.782759885342
25.6,878.7743700647527
25.8,878.7626049645086
26.0,878.7474495871163
26.2,878.7288846154743
26.4,878.706886393431
26.6,878.6814269021098
26.8,878.65247373206
27.0,878.6199900513056
27.2,878.583934569376
27.4,878.5442614974113
27.6,878.5009205044508
27.8,878.4538566700195
28.0,878.4030104331418
28.2,878.3483175379262
28.4,878.2897089758674
28.6,878.2271109250376
28.8,878.1604446863352
29.0,878.0896266169849
29.2,878.0145680614849
29.4,877.9351752802149
29.6,877.8513493759284
29.8,877.7629862183627
30.0,877.6699763672148
30.2,877.5722049937425
30.4,877.4695518012569
30.6,877.3618909447907
30.8,877.2490909502324
31.0,877.1310146332254
31.2,877.0075190181503
31.4,876.8784552575052
31.6,876.7436685520184
31.8,876.6029980718323
32.0,876.456276879103
32.2,876.303331852373
32.4,876.1439836130751
32.6,875.9780464545331
32.8,875.8053282738325
33.0,875.625630506931
33.2,875.4387480673894
33.4,875.2444692890994
33.6,875.0425758733854
33.8,874.8328428408591
34.0,874.6150384884015
34.2,874.3889243516437
34.4,874.1542551733107
34.6,873.9107788777914
34.8,873.6582365522825
35.0,873.3963624348501
35.2,873.1248839097401
35.4,872.8435215102526
35.6,872.5519889294851
35.8,872.2499930392328
36.0,871.9372339173124
36.2,871.6134048835613
36.4,871.2781925447412
36.6,870.9312768485496
36.8,870.5723311469255
37.0,870.2010222688012
37.2,869.8170106024326
37.4,869.4199501874054
37.6,869.0094888163906
37.8,868.5852681466841
38.0,868.1469238215432
38.2,867.694085601286
38.4,867.2263775040984
38.6,866.7434179564481
38.8,866.244819952974
39.0,865.7301912256834
39.2,865.1991344222473
39.4,864.6512472931523
39.6,864.0861228874281
39.8,863.5033497566308
40.0,862.9025121667258
40.2,862.2831903174807
40.4,861.6449605689353
40.6,860.987395674487
40.8,860.3100650200931
41.0,859.6125348690559
41.2,858.8943686118275
41.4,858.1551270202394
41.6,857.3943685055333
41.8,856.6116493795403
42.0,855.8065241183361
42.2,854.9785456276703
42.4,854.1272655094517
42.6,853.2522343285531
42.8,852.3530018791818
43.0,851.429117450052
43.2,850.4801300875839
43.4,849.5055888563484
43.6,848.5050430959716
43.8,847.4780426737175
44.0,846.4241382319622
44.2,845.3428814297886
44.4,844.2338251779333
44.6,843.0965238663321
44.8,841.9305335835301
45.0,840.7354123272388
45.2,839.5107202053458
45.4,838.2560196267119
45.6,836.9708754811177
45.8,835.6548553077538
46.0,834.3075294516888
46.2,832.9284712077822
46.4,831.517256951556
46.6,830.0734662565784
46.8,828.596681997964
47.0,827.0864904416386
47.2,825.5424813190727
47.4,823.9642478872363
47.6,822.3513869735835
47.8,820.7034990059315
48.0,819.0201880271532
48.2,817.3010616946636
48.4,815.5457312647344
48.6,813.7538115617314
48.8,811.92492093243
49.0,810.0586811856167
49.2,808.1547175172487
49.4,806.2126584214959
49.6,804.232135588048
49.8,802.2127837861225
50.0,800.1542407356633
