0.0,873.2198941024119
0.2,873.7465594976102
0.4,874.2494882909141
0.6,874.7288195579858
0.8,875.1847555399802
1.0,875.6175610802137
1.2,876.0275623917757
1.4,876.415145181568
1.6,876.7807521661869
1.8,877.124880024142
2.0,877.4480758369817
2.2,877.7509330787792
2.4,878.0340872190443
2.6,878.2982110083333
2.8,878.5440095186161
3.0,878.7722150117976
3.2,878.9835817096973
3.4,879.1788805373424
3.6,879.3588939086841
3.8,879.5244106199596
4.0,879.6762209109837
4.2,879.8151117488736
4.4,879.9418623822123
4.6,880.0572402066499
4.8,880.1619969755932
5.0,880.2568653821263
5.2,880.3425560308042
5.4,880.419754810633
5.6,880.4891206735355
5.8,880.5512838160216
6.0,880.6068442557578
6.2,880.6563707893249
6.4,880.7004003127547
6.6,880.7394374824626
6.8,880.7739546909801
7.0,880.8043923294332
7.2,880.8311593069869
7.4,880.8546337964636
7.6,880.8751641749741
7.8,880.8930701286386
8.0,880.9086438912417
8.2,880.9221515878845
8.4,880.9338346563133
8.6,880.9439113205123
8.8,880.952578093301
9.0,880.9600112869823
9.2,880.9663685134958
9.4,880.9717901579597
9.6,880.9764008119087
9.8,880.9803106548746
10.0,880.9836167752022
10.2,880.9864044230895
10.4,880.988748190783
10.6,880.9907131166134
10.8,880.9923557111282
11.0,880.9937249049449
11.2,880.9948629191324
11.4,880.9958060599128
11.6,880.9965854402822
11.8,880.9972276317944
12.0,880.9977552502261
12.2,880.9981874791879
12.4,880.9985405359645
12.6,880.9988280839718
12.8,880.9990615962367
13.0,880.9992506742421
13.2,880.9994033263579
13.4,880.9995262098976
13.6,880.9996248406376
13.8,880.9997037733881
14.0,880.9997667569577
14.2,880.9998168665836
14.4,880.9998566166377
14.6,880.9998880561512
14.8,880.9999128494512
15.0,880.9999323439566
15.2,880.9999476269509
15.4,880.999959572938
15.6,880.9999688829886
15.8,880.9999761173057
16.0,880.9999817220739
16.2,880.9999860515121
16.4,880.9999893859174
16.6,880.9999919463738
16.8,880.9999939066977
17.0,880.9999954031019
17.2,880.9999965419871
17.4,880.9999974061993
17.6,880.9999980600362
17.8,880.99999855324
18.0,880.9999989241691
18.2,880.9999992023083
18.4,880.9999994102493
18.6,880.9999995652464
18.8,880.9999996804357
19.0,880.9999997657861
19.2,880.9999998288389
19.4,880.9999998752803
19.6,880.9999999093847
19.8,880.9999999343546
20.0,880.9999999525822
20.2,880.9999999658482
20.4,880.9999999754745
20.6,880.9999999824386
20.8,880.9999999874619
21.0,880.9999999910743
21.2,880.9999999936645
21.4,880.999999995516
21.6,880.9999999968356
21.8,880.9999999977733
22.0,880.9999999984376
22.2,880.9999999989068
22.4,880.9999999992373
22.6,880.9999999994693
22.8,880.9999999996318
23.0,880.999999999745
23.2,880.9999999998239
23.4,880.9999999998785
23.6,880.999999999916
23.8,880.9999999999418
24.0,880.9999999999594
24.2,880.9999999999714
24.4,880.9999999999792
24.6,880.999999999984
24.8,880.9999999999866
25.0,880.9999999999873
25.2,880.9999999999866
25.4,880.999999999984
25.6,880.9999999999792
25.8,880.9999999999714
26.0,880.9999999999594
26.2,880.9999999999418
26.4,880.999999999916
26.6,880.9999999998785
26.8,880.9999999998239
27.0,880.999999999745
27.2,880.9999999996318
27.4,880.9999999994693
27.6,880.9999999992373
27.8,880.9999999989068
28.0,880.9999999984376
28.2,880.9999999977733
28.4,880.9999999968356
28.6,880.999999995516
28.8,880.9999999936645
29.0,880.9999999910743
29.2,880.9999999874619
29.4,880.9999999824386
29.6,880.9999999754745
29.8,880.9999999658482
30.0,880.9999999525822
30.2,880.9999999343547
30.4,880.9999999093849
30.6,880.9999998752805
30.8,880.9999998288392
31.0,880.9999997657868
31.2,880.9999996804366
31.4,880.9999995652478
31.6,880.9999994102513
31.8,880.9999992023112
32.0,880.9999989241728
32.2,880.9999985532451
32.4,880.9999980600431
32.6,880.9999974062088
32.8,880.9999965420001
33.0,880.9999954031196
33.2,880.9999939067219
33.4,880.9999919464066
33.6,880.9999893859615
33.8,880.9999860515712
34.0,880.9999817221529
34.2,880.9999761174109
34.4,880.9999688831285
34.6,880.9999595731233
34.8,880.9999476271959
35.0,880.9999323442794
35.2,880.9999128498755
35.4,880.9998880567074
35.6,880.9998566173649
35.8,880.9998168675318
36.0,880.9997667581905
36.2,880.9997037749872
36.4,880.9996248427062
36.6,880.9995262125666
36.8,880.9994033297922
37.0,880.9992506786498
37.2,880.9990616018787
37.4,880.998828091175
37.6,880.998540545137
37.8,880.9981874908378
38.0,880.9977552649843
38.2,880.9972276504423
38.4,880.9965854637836
38.6,880.9958060894553
38.8,880.9948629561738
39.0,880.9937249512701
39.2,880.9923557689174
39.4,880.990713188521
39.6,880.9887482800325
39.8,880.9864045335855
40.0,880.9836169116603
40.2,880.980310822975
40.4,880.9764010184749
40.6,880.9717904111666
40.8,880.9663688231109
41.0,880.9600116646448
41.2,880.9525785528427
41.4,880.9439118783281
41.6,880.9338353317834
41.8,880.9221524038581
42.0,880.9086448745869
42.2,880.8930713108659
42.4,880.8751655929422
42.6,880.8546354931746
42.8,880.8311613324804
43.0,880.8043947417877
43.2,880.7739575574311
43.4,880.7394408806471
43.6,880.7004043320919
43.8,880.6563755325438
44.0,880.6068498405806
44.2,880.5512903770134
44.4,880.4891283641309
44.6,880.4197638053491
44.8,880.3425665276466
45.0,880.2568776052011
45.2,880.1620111779301
45.4,880.0572566732442
45.6,879.9418814332917
45.8,879.815133743396
46.0,879.6762462503688
46.2,879.5244397520562
46.4,879.3589273319751
46.6,879.1789188053859
46.8,878.9836254358015
47.0,878.7722648739235
47.2,878.5440662645044
47.4,878.2982754608431
47.6,878.0341602816966
47.8,877.7510157414889
48.0,877.4481691819673
48.2,877.124985231992
48.4,876.7808705220674
48.6,876.4152780815497
48.8,876.0277113492571
49.0,875.6177277324185
49.2,875.1849416545024
49.4,874.7290270393564
49.6,874.2497191871618
49.8,873.7468160067884
50.0,873.2201785790643
