0.0,828.8015028471702
0.2,830.7504972515352
0.4,832.6449210904204
0.6,834.4844284189892
0.8,836.2687922839365
1.0,837.997908260154
1.2,839.67179673497
1.4,841.2906039342946
1.6,842.8546017028873
1.8,844.3641860683085
2.0,845.819874634597
2.2,847.2223028670494
2.4,848.5722193433894
2.6,849.8704800588954
2.8,851.1180418835027
3.0,852.3159552773886
3.2,853.4653563779852
3.4,854.5674585756951
3.6,855.6235436978229
3.8,856.6349529204136
4.0,857.6030775259034
4.2,858.529349620857
4.4,859.415232922757
4.6,860.2622137179968
4.8,861.0717920851323
5.0,861.8454734682799
5.2,862.584760675555
5.4,863.2911463668486
5.6,863.9661060842936
5.8,864.6110918676883
6.0,865.2275264861424
6.2,865.816798306499
6.4,866.3802568088238
6.6,866.9192087496157
6.8,867.4349149644952
7.0,867.9285877940898
7.2,868.4013891097162
7.4,868.8544289093375
7.6,869.2887644491487
7.8,869.7053998720446
8.0,870.1052862911123
8.2,870.4893222841499
8.4,870.8583547539725
8.6,871.213180108868
8.8,871.5545457179333
9.0,871.8831515970693
9.2,872.1996522830419
9.4,872.5046588551451
9.6,872.7987410665354
9.8,873.082429550144
10.0,873.3562180671373
10.2,873.6205657691089
10.4,873.8758994484517
10.6,874.1226157546403
10.8,874.3610833573659
11.0,874.5916450405729
11.2,874.8146197143964
11.4,875.0303043347799
11.6,875.2389757230997
11.8,875.4408922804657
12.0,875.6362955934569
12.2,875.8254119299031
12.4,876.0084536249383
12.6,876.1856203589232
12.8,876.3571003299875
13.0,876.5230713248793
13.2,876.6837016925518
13.4,876.8391512254731
13.6,876.9895719540492
13.8,877.1351088598001
14.0,877.275900513057
14.2,877.412079640972
14.4,877.5437736315588
14.6,877.6711049793396
14.8,877.7941916779705
15.0,877.9131475649662
15.2,878.0280826233628
15.4,878.13910324485
15.6,878.2463124585863
15.8,878.3498101295819
16.0,878.4496931302142
16.2,878.5460554881191
16.4,878.6389885133926
16.6,878.728580907751
16.8,878.8149188580121
17.0,878.898086116006
17.2,878.9781640667833
17.4,879.0552317867663
17.6,879.1293660932884
17.8,879.200641586784
18.0,879.269130686726
18.2,879.3349036622632
18.4,879.3980286583737
18.6,879.4585717182426
18.8,879.5165968024617
19.0,879.5721658055655
19.2,879.6253385703372
19.4,879.6761729002512
19.6,879.7247245703612
19.8,879.7710473368896
20.0,879.8151929457371
20.2,879.8572111400869
20.4,879.8971496672522
20.6,879.9350542848873
20.8,879.9709687666617
21.0,880.0049349074736
21.2,880.036992528271
21.4,880.0671794805265
21.6,880.0955316504117
21.8,880.1220829626951
22.0,880.1468653843942
22.2,880.1699089281942
22.4,880.1912416556497
22.6,880.2108896801765
22.8,880.2288771698396
23.0,880.2452263499424
23.2,880.2599575054159
23.4,880.2730889830108
23.6,880.2846371932893
23.8,880.2946166124179
24.0,880.3030397837556
24.2,880.3099173192381
24.4,880.3152579005555
24.6,880.319068280119
24.8,880.3213532818189
25.0,880.322115801568
25.2,880.3213568076319
25.4,880.319075340746
25.6,880.3152685140161
25.8,880.3099315126052
26.0,880.3030575932085
26.2,880.2946380833131
26.4,880.2846623802496
26.6,880.273117950033
26.8,880.2599903259985
27.0,880.2452631072317
27.2,880.228917956798
27.4,880.2109345997711
27.6,880.1912908210642
27.8,880.1699624630629
28.0,880.1469234230624
28.2,880.1221456505046
28.4,880.0955991440145
28.6,880.0672519482275
28.8,880.0370701504017
29.0,880.0050178768016
29.2,879.9710572888328
29.4,879.9351485789092
29.6,879.8972499660181
29.8,879.8573176909447
30.0,879.8153060111065
30.2,879.7711671949314
30.4,879.7248515157044
30.6,879.6763072447793
30.8,879.6254806440423
31.0,879.5723159574742
31.2,879.5167554016382
31.4,879.4587391548761
31.6,879.3982053449573
31.8,879.335090034872
32.0,879.2693272064018
32.2,879.2008487410358
32.4,879.1295843977177
32.6,879.0554617868273
32.8,878.9784063396885
33.0,878.8983412727878
33.2,878.8151875457528
33.4,878.7288638119932
33.6,878.6392863607427
33.8,878.5463690490577
34.0,878.4500232221258
34.2,878.3501576200204
34.4,878.2466782687904
34.6,878.1394883535215
34.8,878.0284880707247
35.0,877.9135744571172
35.2,877.7946411915473
35.4,877.6715783665055
35.6,877.5442722253312
35.8,877.4126048609046
36.0,877.2764538712893
36.2,877.1356919674872
36.4,876.9901865281838
36.6,876.8397990961098
36.8,876.6843848104438
37.0,876.5237917695334
37.2,876.3578603181453
37.4,876.1864222534709
37.6,876.0092999442461
37.8,875.8263053575957
38.0,875.6372389886105
38.2,875.4418886882276
38.4,875.2400283857216
38.6,875.0314167030567
38.8,874.8157954594964
39.0,874.592888066246
39.2,874.3623978125162
39.4,874.1240060462409
39.6,873.8773702547886
39.8,873.6221220533313
40.0,873.3578650910961
40.2,873.0841728885025
40.4,872.8005866211334
40.6,872.5066128696011
40.8,872.2017213575854
41.0,871.8853427035918
41.2,871.5568662152592
41.4,871.2156377582468
41.6,870.8609577348025
41.8,870.4920792099531
42.0,870.1082062257865
42.2,869.7084923464274
42.4,869.2920394779411
42.6,868.8578970084426
42.8,868.4050613140608
43.0,867.9324756760052
43.2,867.4390306527455
43.4,866.9235649491735
43.6,866.3848668214997
43.8,865.8216760525403
44.0,865.2326865269254
44.2,864.6165494296301
44.4,863.9718770841176
44.6,863.2972474383319
44.8,862.5912091978926
45.0,861.8522875961885
45.2,861.0789907808152
45.4,860.2698167850747
45.6,859.4232610422614
45.8,858.5378243893618
46.0,857.6120214958509
46.2,856.6443896426662
46.4,855.6334977664459
46.6,854.5779556749477
46.8,853.4764233314588
47.0,852.3276200992045
47.2,851.130333831439
47.4,849.8834296892803
47.6,848.5858585675567
47.8,847.2366650091169
48.0,845.8349944902916
48.2,844.380099964524
48.4,842.8713475576319
48.6,841.3082213166489
48.8,839.6903269246553
49.0,838.0173943062839
49.2,836.2892790625077
49.4,834.5059626886534
49.6,832.6675515460727
49.8,830.7742745752505
50.0,828.8264797560253
