0.0,527.8113533712228
0.2,533.7406040765628
0.4,539.5878628329095
0.6,545.3529043918827
0.8,551.0355721950174
1.0,556.6357793496732
1.2,562.1535092292341
1.4,567.58881569741
1.6,572.9418229593202
1.8,578.2127250448812
2.0,583.4017849327702
2.2,588.5093333258908
2.4,593.5357670917882
2.6,598.481547383837
2.8,603.3471974612202
3.0,608.1333002277221
3.2,612.8404955111549
3.4,617.4694771068055
3.6,622.0209896096237
3.8,626.4958250609629
4.0,630.8948194365146
4.2,635.2188490026682
4.4,639.468826568849
4.6,643.6456976634641
4.8,647.7504366609166
5.0,651.7840428867336
5.2,655.7475367272195
5.4,659.641955769188
5.6,663.4683509942706
5.8,667.22778305106
6.0,670.9213186269371
6.2,674.5500269398774
6.4,678.1149763688461
6.6,681.6172312396075
6.8,685.057848780897
7.0,688.4378762639683
7.2,691.7583483365523
7.4,695.0202845602632
7.6,698.2246871584899
7.8,701.3725389798363
8.0,704.4648016802327
8.2,707.5024141249569
8.4,710.4862910100017
8.6,713.4173217004964
8.8,716.2963692822759
9.0,719.1242698211802
9.2,721.9018318232798
9.4,724.6298358879714
9.6,727.309034544763
9.8,729.9401522635908
10.0,732.5238856276696
10.2,735.0609036571917
10.4,737.551848271627
10.6,739.997334877981
10.8,742.3979530720806
11.0,744.7542674398256
11.2,747.0668184453214
11.4,749.3361233929155
11.6,751.5626774503713
11.8,753.7469547207272
12.0,755.8894093507972
12.2,757.9904766647591
12.4,760.0505743118373
12.6,762.0701034177146
12.8,764.0494497299795
13.0,765.9889847486412
13.2,767.8890668334873
13.4,769.7500422808398
13.6,771.5722463630464
13.8,773.3560043248367
14.0,775.101632331463
14.2,776.8094383643161
14.4,778.4797230604731
14.6,780.1127804933581
14.8,781.7088988924133
15.0,783.2683613003395
15.2,784.7914461671003
15.4,786.2784278804769
15.6,787.729577233504
15.8,789.1451618296212
16.0,790.5254464268234
16.2,791.8706932225043
16.4,793.1811620810403
16.6,794.4571107064747
16.8,795.6987947629266
17.0,796.906467945561
17.2,798.0803820051431
17.4,799.2207867293192
17.6,800.3279298838733
17.8,801.4020571172572
18.0,802.4434118317241
18.2,803.4522350243782
18.4,804.4287651014298
18.6,805.3732376688756
18.8,806.2858853027453
19.0,807.1669373019549
19.2,808.0166194266872
19.4,808.8351536250889
19.6,809.6227577509335
19.8,810.379645274744
20.0,811.1060249907182
20.2,811.8021007216345
20.4,812.4680710237566
20.6,813.1041288935933
20.8,813.7104614782086
21.0,814.2872497906227
21.2,814.8346684316907
21.4,815.3528853197021
21.6,815.8420614288024
21.8,816.3023505372123
22.0,816.7338989860892
22.2,817.1368454497668
22.4,817.5113207180044
22.6,817.8574474907751
22.8,818.1753401860437
23.0,818.4651047608994
23.2,818.7268385463466
23.4,818.9606300959937
23.6,819.166559048828
23.8,819.3446960062241
24.0,819.495102423294
24.2,819.6178305146582
24.4,819.7129231746964
24.6,819.7804139123127
24.8,819.8203268002426
25.0,819.832676438914
25.2,819.8174679348742
25.4,819.7746968937811
25.6,819.7043494279628
25.8,819.6064021785414
26.0,819.4808223521144
26.2,819.327567771983
26.4,819.146586943912
26.6,818.9378191363905
26.8,818.701194475356
27.0,818.436634053321
27.2,818.1440500528201
27.4,817.8233458840693
27.6,817.4744163366829
27.8,817.0971477452633
28.0,816.6914181686178
28.2,816.2570975822993
28.4,815.794048084103
28.6,815.3021241120674
28.8,814.7811726744484
29.0,814.2310335910324
29.2,813.6515397450562
29.4,813.042517344881
29.6,812.4037861944496
29.8,811.7351599714236
30.0,811.0364465117559
30.2,810.3074480993131
30.4,809.5479617590064
30.6,808.757779551737
30.8,807.9366888692983
31.0,807.0844727272208
31.2,806.2009100533787
31.4,805.2857759700206
31.6,804.3388420667287
31.8,803.3598766616605
32.0,802.3486450482853
32.2,801.3049097246982
32.4,800.2284306024698
32.6,799.1189651919002
32.8,797.9762687604504
33.0,796.8000944610754
33.2,795.5901934271408
33.4,794.3463148306015
33.6,793.0682059001439
33.8,791.7556118960516
34.0,790.4082760386483
34.2,789.0259393873048
34.4,787.6083406671742
34.6,786.1552160410329
34.8,784.666298823876
35.0,783.141319138216
35.2,781.5800035084003
35.4,779.982074392664
35.6,778.3472496520849
35.8,776.6752419561162
36.0,774.9657581249094
36.2,773.2184984092373
36.4,771.4331557094565
36.6,769.6094147356167
36.8,767.7469511115331
37.0,765.8454304263684
37.2,763.9045072380306
37.4,761.9238240334696
37.6,759.9030101517382
37.8,757.8416806764808
38.0,755.7394353052927
38.2,753.5958572041682
38.4,751.4105118560075
38.6,749.1829459128666
38.8,746.9126860623151
39.0,744.5992379188875
39.2,742.2420849521781
39.4,739.8406874636157
39.6,737.3944816243663
39.8,734.9028785871204
40.0,732.3652636847379
40.2,729.7809957288272
40.4,727.1494064213143
40.6,724.4697998919199
40.8,721.7414523741887
41.0,718.9636120323026
41.2,716.1354989503606
41.4,713.2563052951149
41.6,710.3251956623159
41.8,707.3413076158366
42.0,704.3037524276318
42.2,701.2116160253287
42.4,698.06396015286
42.6,694.8598237480472
42.8,691.5982245394182
43.0,688.2781608628243
43.2,684.8986136966175
43.4,681.4585489122626
43.6,677.9569197353243
43.8,674.3926694097947
44.0,670.7647340567274
44.2,667.072045716146
44.4,663.3135355592226
44.6,659.4881372557828
44.8,655.5947904803223
45.0,651.6324445379322
45.2,647.6000620898518
45.4,643.4966229568065
45.6,639.3211279768897
45.8,635.0726028935012
46.0,630.7501022478043
46.2,626.3527132493034
46.4,621.8795595975125
46.6,617.3298052272706
46.8,612.7026579500897
47.0,607.997372963996
47.2,603.2132562046544
47.4,598.3496675111451
47.6,593.4060235805989
47.8,588.3818006869875
48.0,583.2765371406921
48.2,578.0898354670471
48.4,572.8213642838494
48.6,567.4708598598241
48.8,562.0381273382353
49.0,556.5230416122059
49.2,550.9255478408246
49.4,545.245661597775
49.6,539.4834686469753
49.8,533.6391243425442
50.0,527.7128526532877
