0.0,826.4475722292752
0.2,828.4015952741037
0.4,830.304268296664
0.6,832.1555495221746
0.8,833.955466611467
1.0,835.7041189675567
1.2,837.4016794306903
1.4,839.0483953537504
1.6,840.6445890570575
1.8,842.1906576686523
2.0,843.6870723629893
2.2,845.1343770175167
2.4,846.5331863127594
2.6,847.8841833071922
2.8,849.1881165232998
3.0,850.4457965857235
3.2,851.6580924562179
3.4,852.8259273132757
3.6,853.9502741266758
3.8,855.032150978869
4.0,856.0726161860363
4.2,857.0727632718541
4.4,858.0337158464949
4.6,858.9566224422272
4.8,859.8426513551949
5.0,860.6929855406141
5.2,861.508817605769
5.4,862.2913449419145
5.6,863.041765032542
5.8,863.7612709715248
6.0,864.4510472205092
6.2,865.1122656306105
6.4,865.7460817491141
6.6,866.353631427498
6.8,866.9360277427915
7.0,867.4943582400896
7.2,868.0296825000354
7.4,868.5430300312878
7.6,869.0353984844683
7.8,869.5077521808472
8.0,869.9610209461272
8.2,870.3960992371033
8.4,870.8138455467775
8.6,871.2150820716374
8.8,871.6005946233092
9.0,871.971132765646
9.2,872.3274101574876
9.4,872.6701050808379
9.6,872.9998611339986
9.8,873.3172880692819
10.0,873.6229627552434
10.2,873.9174302439258
10.4,874.2012049243392
10.6,874.474771744311
10.8,874.7385874838664
11.0,874.9930820644474
11.2,875.2386598795006
11.4,875.4757011332266
11.6,875.704563175603
11.8,875.9255818230852
12.0,876.1390726557039
12.2,876.3453322825324
12.4,876.5446395687313
12.6,876.7372568185439
12.8,876.9234309097124
13.0,877.1033943758198
13.2,877.2773664340045
13.4,877.4455539563586
13.6,877.6081523841011
13.8,877.765346584307
14.0,877.91731164958
14.2,878.0642136415835
14.4,878.2062102797864
14.6,878.3434515771545
14.8,878.4760804248139
15.0,878.6042331279531
15.2,878.7280398954024
15.4,878.8476252854522
15.6,878.9631086105496
15.8,879.0746043035412
16.0,879.1822222481275
16.2,879.2860680761615
16.4,879.3862434343602
16.6,879.4828462229146
16.8,879.5759708083925
17.0,879.6657082132017
17.2,879.7521462837735
17.4,879.835369839491
17.6,879.9154608042536
17.8,879.9924983224415
18.0,880.0665588609071
18.2,880.1377162984912
18.4,880.2060420044386
18.6,880.2716049069616
18.8,880.3344715530894
19.0,880.3947061608288
19.2,880.4523706645598
19.4,880.5075247544956
19.6,880.5602259109464
19.8,880.6105294340447
20.0,880.658488469516
20.2,880.70415403101
20.4,880.7475750194463
20.6,880.7887982397704
20.8,880.8278684154693
21.0,880.8648282011482
21.2,880.8997181934305
21.4,880.9325769404086
21.6,880.9634409498401
21.8,880.9923446962579
22.0,881.019320627138
22.2,881.0443991682455
22.4,881.0676087282658
22.6,881.0889757028057
22.8,881.1085244778411
23.0,881.1262774326711
23.2,881.1422549424337
23.4,881.1564753802217
23.6,881.1689551188397
23.8,881.1797085322281
24.0,881.1887479965799
24.2,881.1960838911689
24.4,881.2017245989066
24.6,881.2056765066387
24.8,881.2079440051913
25.0,881.2085294891751
25.2,881.2074333565519
25.4,881.204654007966
25.6,881.2001878458439
25.8,881.1940292732598
26.0,881.1861706925669
26.2,881.1766025037881
26.4,881.1653131027632
26.6,881.1522888790405
26.8,881.137514213505
27.0,881.1209714757271
27.2,881.102641021014
27.4,881.0825011871433
27.6,881.0605282907466
27.8,881.0366966233163
28.0,881.0109784467886
28.2,880.9833439886568
28.4,880.9537614365538
28.6,880.9221969322358
28.8,880.888614564879
29.0,880.8529763635925
29.2,880.8152422890282
29.4,880.7753702239501
29.6,880.7333159625985
29.8,880.6890331986629
30.0,880.6424735116411
30.2,880.5935863513299
30.4,880.5423190201542
30.6,880.4886166529956
30.8,880.4324221941332
31.0,880.3736763708528
31.2,880.3123176632239
31.4,880.2482822694724
31.6,880.1815040663053
31.8,880.1119145634641
32.0,880.0394428516961
32.2,879.9640155432357
32.4,879.8855567037937
32.6,879.803987774935
32.8,879.7192274856246
33.0,879.6311917515875
33.2,879.5397935610148
33.4,879.4449428450174
33.6,879.346546331095
33.8,879.2445073777608
34.0,879.1387257883293
34.2,879.0290976017519
34.4,878.915514858258
34.6,878.7978653374573
34.8,878.676032266451
35.0,878.5498939954276
35.2,878.41932363815
35.4,878.2841886747133
35.6,878.1443505139428
35.8,877.9996640128363
36.0,877.8499769505277
36.2,877.6951294543685
36.4,877.5349533758972
36.6,877.369271614697
36.8,877.1978973884405
37.0,877.0206334477806
37.2,876.837271235189
37.4,876.6475899873595
37.6,876.4513557813899
37.8,876.2483205256376
38.0,876.0382208969174
38.2,875.8207772265487
38.4,875.5956923387043
38.6,875.3626503455198
38.8,875.1213154045096
39.0,874.8713304449874
39.2,874.6123158713948
39.4,874.3438682526964
39.6,874.0655590082739
39.8,873.7769331020467
40.0,873.4775077578311
40.2,873.1667712102035
40.4,872.8441815063362
40.6,872.5091653754017
40.8,872.161117183161
41.0,871.799397990238
41.2,871.4233347333146
41.4,871.0322195490114
41.6,870.6253092605467
41.8,870.2018250473325
42.0,869.7609523174737
42.2,869.3018408026421
42.4,868.8236048939915
42.6,868.3253242366359
42.8,867.8060445987378
43.0,867.2647790294121
43.2,866.7005093174691
43.4,866.1121877604828
43.6,865.4987392508039
43.8,864.859063681946
44.0,864.1920386752942
44.2,863.4965226233437
44.4,862.7713580417194
44.6,862.0153752180908
44.8,861.2273961418449
45.0,860.406238694067
45.2,859.5507210730653
45.4,858.6596664264364
45.6,857.7319076565676
45.8,856.766292362589
46.0,855.7616878781893
46.2,854.7169863614735
46.4,853.631109890229
46.6,852.5030155136609
46.8,851.33170020989
47.0,850.116205697372
47.2,848.8556230478916
47.4,847.5490970489894
47.6,846.1958302645902
47.8,844.7950867442414
48.0,843.3461953337429
48.2,841.8485525430402
48.4,840.3016249310346
48.6,838.7049509714107
48.8,837.0581423686256
49.0,835.3608847988044
49.2,833.6129380563492
49.4,831.8141355935331
49.6,829.9643834471058
49.8,828.0636585528961
50.0,826.1120064564589
