0.0,532.2442560771311
0.2,538.0879263222492
0.4,543.8505515476381
0.6,549.5319675878785
0.8,555.1320755884452
1.0,560.6508428686096
1.2,566.0883034247713
1.4,571.4445580743165
1.6,576.7197742428771
1.8,581.9141854005829
2.0,587.0280901555607
2.2,592.061851015468
2.4,597.015892830286
2.6,601.8907009318556
2.8,606.6868189877554
3.0,611.4048465890255
3.2,616.0454365929586
3.4,620.6092922436615
3.6,625.0971640943635
3.8,629.5098467564587
4.0,633.8481755010567
4.2,638.1130227393442
4.4,642.3052944083479
4.6,646.4259262887305
4.8,650.4758802810544
5.0,654.4561406665226
5.2,658.3677103775566
5.4,662.211607302718
5.6,665.9888606494322
5.8,669.700507386746
6.0,673.3475887889651
6.2,676.9311470994938
6.4,680.4522223325497
6.6,683.911849228679
6.8,687.3110543781739
7.0,690.6508535246022
7.2,693.9322490587427
7.4,697.1562277112756
7.6,700.3237584506408
7.8,703.4357905905649
8.0,706.4932521098818
8.2,709.497048185454
8.4,712.4480599372619
8.6,715.3471433830703
8.8,718.1951285985247
9.0,720.992819077087
9.2,723.7409912828929
9.4,726.4403943884173
9.6,729.0917501877698
9.8,731.6957531755136
10.0,734.2530707801144
10.2,736.764343740479
10.4,739.2301866135332
10.6,741.6511884004166
10.8,744.0279132786334
11.0,746.360901427386
11.2,748.6506699333291
11.4,750.8977137641051
11.6,753.1025067972541
11.8,755.2655028924204
12.0,757.3871369951929
12.2,759.4678262614184
12.4,761.5079711913837
12.6,763.5079567638985
12.8,765.4681535609728
13.0,767.3889188745071
13.2,769.2705977871473
13.4,771.1135242202228
13.6,772.9180219424625
13.8,774.6844055339546
14.0,776.4129813005945
14.2,778.1040481350173
14.4,779.7578983207594
14.6,781.3748182771056
14.8,782.9550892427598
15.0,784.4989878971376
15.2,786.0067869186842
15.4,787.4787554801927
15.6,788.9151596816299
15.8,790.316262921451
16.0,791.6823262078266
16.2,793.0136084115877
16.4,794.3103664630358
16.6,795.5728554950596
16.8,796.8013289352466
17.0,797.9960385498844
17.2,799.1572344429002
17.4,800.2851650129162
17.6,801.3800768716764
17.8,802.4422147271458
18.0,803.4718212346029
18.2,804.4691368190224
18.4,805.4343994720105
18.6,806.3678445264809
18.8,807.269704412176
19.0,808.1402083950271
19.2,808.9795823032294
19.4,809.7880482427685
19.6,810.5658243049918
19.8,811.3131242686667
20.0,812.0301572988049
20.2,812.7171276443762
20.4,813.374234336869
20.6,814.0016708914933
20.8,814.5996250126645
21.0,815.1682783052499
21.2,815.7078059929058
21.4,816.2183766446961
21.6,816.700151911038
21.8,817.1532862698974
22.0,817.5779267840311
22.2,817.974212869964
22.4,818.342276079285
22.6,818.6822398927519
22.8,818.9942195276126
23.0,819.2783217584733
23.2,819.5346447519793
23.4,819.7632779155172
23.6,819.9643017600985
23.8,820.1377877775421
24.0,820.2837983320424
24.2,820.4023865661793
24.4,820.4935963214103
24.6,820.5574620730628
24.8,820.5940088798416
25.0,820.6032523478523
25.2,820.5851986091426
25.4,820.5398443147566
25.6,820.4671766423019
25.8,820.3671733180247
26.0,820.2398026533889
26.2,820.0850235961537
26.4,819.9027857959403
26.6,819.6930296842695
26.8,819.4556865690435
27.0,819.1906787434274
27.2,818.89791960907
27.4,818.5773138135676
27.6,818.2287574020537
27.8,817.8521379827441
28.0,817.4473349062296
28.2,817.0142194582409
28.4,816.5526550655563
28.6,816.0624975146375
28.8,815.543595182501
29.0,814.9957892792398
29.2,814.4189141015054
29.4,813.8127972961458
29.6,813.1772601330841
29.8,812.5121177863831
30.0,811.8171796223094
30.2,811.0922494930685
30.4,810.3371260347284
30.6,809.5516029676949
30.8,808.7354693979465
31.0,807.8885101170717
31.2,807.0105058989899
31.4,806.1012337910798
31.6,805.160467397277
31.8,804.1879771505538
32.0,803.1835305720467
32.2,802.1468925139665
32.4,801.0778253832984
32.6,799.9760893431989
32.8,798.8414424889045
33.0,797.6736409949029
33.2,796.4724392300724
33.4,795.2375898374812
33.6,793.9688437755527
33.8,792.6659503173487
34.0,791.3286570048073
34.2,789.9567095548895
34.4,788.5498517147531
34.6,787.1078250632731
34.8,785.6303687564772
35.0,784.1172192147571
35.2,782.5681097500577
35.4,780.9827701316292
35.6,779.3609260893687
35.8,777.7022987542487
36.0,776.0066040358665
36.2,774.2735519377117
36.4,772.5028458113611
36.6,770.6941815514664
36.8,768.847246734075
37.0,766.9617197015469
37.2,765.037268598065
37.4,763.0735503604978
37.6,761.0702096701397
37.8,759.0268778716338
38.0,756.943171866153
38.2,754.8186929866749
38.4,752.653025863931
38.6,750.4457372923174
38.8,748.1963751057322
39.0,745.9044670739239
39.2,743.5695198305012
39.4,741.1910178442498
39.6,738.768422445818
39.8,736.3011709221624
40.0,733.7886756913721
40.2,731.2303235706158
40.4,728.6254751499671
40.6,725.9734642847479
40.8,723.2735977187937
41.0,720.5251548506707
41.2,717.7273876543677
41.4,714.8795207653367
41.6,711.9807517419717
41.8,709.0302515116864
42.0,706.0271650096911
42.2,702.9706120173702
42.4,699.859688205842
42.6,696.6934663888355
42.8,693.4709979874684
43.0,690.1913147078544
43.2,686.8534304307286
43.4,683.4563433104659
43.6,679.9990380789959
43.8,676.4804885482055
44.0,672.8996603024885
44.2,669.255513571162
44.4,665.5470062685512
44.6,661.7730971876622
44.8,657.9327493315353
45.0,654.0249333646308
45.2,650.0486311649508
45.4,646.002839456081
45.6,641.8865734969504
45.8,637.6988708058853
46.0,633.4387948944873
46.2,629.1054389860101
46.4,624.6979296922673
46.6,620.2154306226736
46.8,615.6571458988305
47.0,611.0223235481039
47.2,606.3102587499352
47.4,601.5202969091492
47.6,596.6518365313109
47.8,591.7043318761954
48.0,586.6772953667025
48.2,581.5702997320309
48.4,576.3829798656371
48.6,571.1150343804155
48.8,565.7662268456353
49.0,560.336386692442
49.2,554.8254097771479
49.4,549.2332585940774
49.6,543.5599621323881
49.8,537.8056153739992
50.0,531.9703784325369
