0.0,691.1629436591703
0.2,695.492812970377
0.4,699.6809409309269
0.6,703.7316120327063
0.8,707.6491467305505
1.0,711.4378995215494
1.2,715.1022552174252
1.4,718.6466234450393
1.6,722.075431452582
1.8,725.3931153390267
2.0,728.60410986096
2.2,731.7128370029843
2.4,734.7236935247547
2.6,737.6410377187611
2.8,740.4691756277775
3.0,743.2123469792616
3.2,745.8747110958789
3.4,748.4603330369172
3.6,750.9731702149984
3.8,753.4170597166965
4.0,755.795706535075
4.2,758.1126728975157
4.4,760.3713688443667
4.6,762.5750441837586
4.8,764.7267819163345
5.0,766.8294931915018
5.2,768.8859138249819
5.4,770.898602376713
5.6,772.8699397592422
5.8,774.8021303202411
6.0,776.6972043191876
6.2,778.5570216979526
6.4,780.3832770282756
6.6,782.1775055060418
6.8,783.9410898529125
7.0,785.6752679801447
7.2,787.3811412671755
7.4,789.0596833085026
7.6,790.7117489862654
7.8,792.3380837323347
8.0,793.9393328522781
8.2,795.5160507938698
8.4,797.0687102544347
8.6,798.5977110338611
8.8,800.1033885531926
9.0,801.5860219719648
9.2,803.0458418505618
9.4,804.4830373165595
9.6,805.8977627060514
9.8,807.290143662138
10.0,808.6602826829555
10.2,810.0082641207198
10.4,811.3341586412126
10.6,812.63802715991
10.8,813.9199242765607
11.0,815.1799012345025
11.2,816.418008434415
11.4,817.6342975346203
11.6,818.8288231715612
11.8,820.0016443348017
12.0,821.1528254309002
12.2,822.2824370699316
12.4,823.3905566073561
12.6,824.4772684724624
12.8,825.5426643128452
13.0,826.5868429823831
13.2,827.6099103980466
13.4,828.6119792886586
13.6,829.5931688564878
13.8,830.5536043703543
14.0,831.493416706775
14.2,832.4127418536331
14.4,833.3117203889168
14.6,834.1904969452775
14.8,835.0492196694986
15.0,835.8880396844578
15.2,836.7071105598087
15.4,837.5065877963921
15.6,838.2866283283206
15.8,839.0473900457393
16.0,839.7890313404586
16.2,840.5117106759573
16.4,841.2155861826689
16.6,841.9008152789668
16.8,842.5675543178619
17.0,843.21595825909
17.2,843.8461803660061
17.4,844.4583719264914
17.6,845.0526819969242
17.8,845.6292571681505
18.0,846.1882413523111
18.2,846.7297755893308
18.4,847.2539978718552
18.6,847.7610429874128
18.8,848.2510423765943
19.0,848.724124006063
19.2,849.1804122552495
19.4,849.6200278156233
19.6,850.0430876014807
19.8,850.4497046712431
20.0,850.8399881583117
20.2,851.214043210578
20.4,851.5719709377482
20.6,851.9138683656917
20.8,852.2398283970778
21.0,852.549939777618
21.2,852.8442870672803
21.4,853.1229506158909
21.6,853.3860065425838
21.8,853.6335267186055
22.0,853.8655787530187
22.2,854.0822259808931
22.4,854.2835274536044
22.6,854.4695379308997
22.8,854.6403078744216
23.0,854.7958834424065
23.2,854.9363064853131
23.4,855.0616145421544
23.6,855.1718408373357
23.8,855.2670142778251
24.0,855.3471594505065
24.2,855.4122966195828
24.4,855.4624417239222
24.6,855.497606374257
24.8,855.5177978501628
25.0,855.5230190967661
25.2,855.513268721145
25.4,855.4885409884029
25.6,855.4488258174172
25.8,855.3941087762769
26.0,855.3243710774436
26.2,855.2395895726871
26.4,855.1397367478638
26.6,855.0247807176264
26.8,854.8946852201722
27.0,854.7494096121559
27.2,854.5889088639158
27.4,854.4131335551859
27.6,854.2220298714856
27.8,854.0155396014081
28.0,853.7936001350553
28.2,853.5561444638919
28.4,853.303101182327
28.6,853.034394491359
28.8,852.7499442046588
29.0,852.4496657575
29.2,852.1334702189857
29.4,851.8012643080638
29.6,851.4529504138634
29.8,851.0884266209385
30.0,850.7075867400474
30.2,850.3103203451516
30.4,849.8965128173708
30.6,849.4660453966887
30.8,849.0187952422591
31.0,848.554635502221
31.2,848.0734353939965
31.4,847.5750602960966
31.6,847.0593718525278
31.8,846.5262280909438
32.0,845.9754835557435
32.2,845.406989457364
32.4,844.8205938390616
32.6,844.216141762502
32.8,843.5934755135071
33.0,842.9524348293057
33.2,842.2928571486226
33.4,841.6145778859038
33.6,840.9174307309029
33.8,840.201247974756
34.0,839.4658608635272
34.2,838.7110999800096
34.4,837.9367956543254
34.6,837.1427784035452
34.8,836.3288794001649
35.0,835.4949309687972
35.2,834.640767109874
35.4,833.7662240484776
35.6,832.871140805631
35.8,831.9553597884662
36.0,831.018727394641
36.2,830.0610946251852
36.4,829.0823176986238
36.6,828.0822586577374
36.8,827.0607859586831
37.0,826.0177750304164
37.2,824.9531087904363
37.4,823.86667810083
37.6,822.758382146451
37.8,821.6281287148437
38.0,820.47583435527
38.2,819.3014243919508
38.4,818.1048327644382
38.6,816.8860016659789
38.8,815.6448809488587
39.0,814.3814272641288
39.2,813.0956029018923
39.4,811.7873742975679
39.6,810.456710169344
39.8,809.1035792525022
40.0,807.7279475975173
40.2,806.3297754009303
40.4,804.9090133410384
40.6,803.4655983945258
40.8,801.9994491153293
41.0,800.5104603633422
41.2,798.9984974780235
41.4,797.4633899005652
41.6,795.9049242579554
41.8,794.3228369329397
42.0,792.7168061554192
42.2,791.086443663043
42.4,789.4312859914388
42.6,787.750785467424
42.8,786.0443009913367
43.0,784.3110887069907
43.2,782.5502926693308
43.4,780.7609356302396
43.6,778.9419100717515
43.8,777.091969622741
44.0,775.209720999617
44.2,773.2936166133024
44.4,771.3419479835054
44.6,769.352840096762
44.8,767.3242468367472
45.0,765.253947603855
45.2,763.1395452260259
45.4,760.9784652443784
45.6,758.7679566356062
45.8,756.5050940086792
46.0,754.1867812865808
46.2,751.8097568552045
46.4,749.3706001317511
46.6,746.8657394747759
46.8,744.2914613282063
47.0,741.6439204630407
47.2,738.9191511538803
47.4,736.1130791037862
47.6,733.2215339109648
47.8,730.2402618552065
48.0,727.164938771427
48.2,723.9911827725961
48.4,720.7145665851143
48.6,717.3306292664964
48.8,713.8348870880319
49.0,710.2228433837306
49.2,706.4899971909496
49.4,702.631850537085
49.6,698.643914259879
49.8,694.5217122853758
50.0,690.2607843263835
