0.0,792.797354366315
0.2,794.9900834179805
0.4,797.141601731794
0.6,799.2523403807915
0.8,801.3227315198322
1.0,803.3532084296253
1.2,805.3442055540579
1.4,807.2961585305818
1.6,809.2095042134371
1.8,811.0846806895179
2.0,812.9221272867136
2.2,814.72228457458
2.4,816.4855943572278
2.6,818.2124996583394
2.8,819.9034446982552
3.0,821.5588748630945
3.2,823.1792366659095
3.4,824.7649776998913
3.6,826.3165465836825
3.8,827.8343928988684
4.0,829.3189671197557
4.2,830.7707205355638
4.4,832.1901051651854
4.6,833.5775736646971
4.8,834.9335792278185
5.0,836.258575479552
5.2,837.553016363243
5.4,838.8173560213359
5.6,840.0520486701051
5.8,841.2575484686749
6.0,842.4343093826428
6.2,843.5827850426473
6.4,844.7034285982323
6.6,845.7966925673695
6.8,846.8630286820169
7.0,847.9028877300949
7.2,848.9167193942761
7.4,849.9049720879857
7.6,850.8680927890169
7.8,851.8065268711722
8.0,852.7207179343343
8.2,853.6111076333827
8.4,854.4781355063619
8.6,855.3222388023072
8.8,856.1438523091326
9.0,856.943408181977
9.2,857.7213357723983
9.4,858.4780614588001
9.6,859.2140084784617
9.8,859.9295967615368
10.0,860.6252427673717
10.2,861.3013593234798
10.4,861.9583554675022
10.6,862.5966362924619
10.8,863.2166027956081
11.0,863.818651731133
11.2,864.4031754670207
11.4,864.9705618462766
11.6,865.5211940527664
11.8,866.0554504818708
12.0,866.5737046161531
12.2,867.0763249062064
12.4,867.5636746568399
12.6,868.0361119187343
12.8,868.493989385683
13.0,868.9376542975176
13.2,869.3674483487907
13.4,869.7837076032773
13.6,870.1867624143318
13.8,870.5769373511253
14.0,870.9545511307608
14.2,871.3199165562565
14.4,871.6733404603626
14.6,872.0151236551638
14.8,872.3455608874018
15.0,872.6649407994399
15.2,872.9735458957718
15.4,873.2716525149661
15.6,873.5595308069243
15.8,873.8374447153159
16.0,874.1056519650417
16.2,874.3644040545681
16.4,874.613946252961
16.6,874.8545176014404
16.8,875.0863509192684
17.0,875.3096728137712
17.2,875.524703694295
17.4,875.7316577898827
17.6,875.9307431704559
17.8,876.1221617712835
18.0,876.3061094205076
18.2,876.4827758695029
18.4,876.652344825836
18.6,876.8149939885917
18.8,876.9708950858343
19.0,877.1202139139683
19.2,877.2631103787643
19.4,877.3997385378191
19.6,877.5302466442158
19.8,877.6547771911577
20.0,877.7734669573468
20.2,877.8864470528877
20.4,877.9938429654942
20.6,878.095774606786
20.8,878.1923563584672
21.0,878.2836971181789
21.2,878.3699003448318
21.4,878.4510641032235
21.6,878.5272811077577
21.8,878.5986387650842
22.0,878.6652192154913
22.2,878.7270993728866
22.4,878.7843509632095
22.6,878.8370405611289
22.8,878.8852296248897
23.0,878.9289745291737
23.2,878.9683265958581
23.4,879.003332122556
23.6,879.0340324088397
23.8,879.0604637800507
24.0,879.0826576086123
24.2,879.1006403327744
24.4,879.1144334727214
24.6,879.1240536439914
24.8,879.1295125681606
25.0,879.1308170807612
25.2,879.1279691364024
25.4,879.1209658110859
25.6,879.109799301707
25.8,879.0944569227491
26.0,879.0749211001862
26.2,879.0511693626174
26.4,879.023174329673
26.6,878.9909036977324
26.8,878.9543202230126
27.0,878.9133817020912
27.2,878.8680409499385
27.4,878.8182457755427
27.6,878.763938955223
27.8,878.7050582037322
28.0,878.6415361432626
28.2,878.5733002704739
28.4,878.5002729216769
28.6,878.4223712363084
28.8,878.3395071188436
29.0,878.2515871993049
29.2,878.1585127925272
29.4,878.0601798563483
29.6,877.9564789489073
29.8,877.847295185229
30.0,877.7325081932918
30.2,877.6119920697693
30.4,877.4856153356556
30.6,877.3532408919749
30.8,877.2147259757958
31.0,877.0699221167604
31.2,876.9186750943545
31.4,876.7608248961396
31.6,876.5962056771764
31.8,876.4246457208665
32.0,876.2459674014435
32.2,876.0599871483463
32.4,875.8665154127028
32.6,875.6653566361601
32.8,875.4563092222845
33.0,875.2391655107654
33.2,875.0137117546443
33.4,874.7797281007931
33.6,874.5369885738573
33.8,874.2852610638785
34.0,874.0243073178024
34.2,873.7538829350722
34.4,873.4737373675024
34.6,873.1836139236149
34.8,872.8832497776159
35.0,872.5723759831792
35.2,872.2507174921906
35.4,871.9179931785995
35.6,871.5739158675087
35.8,871.2181923696227
36.0,870.8505235211609
36.2,870.4706042293277
36.4,870.0781235234152
36.6,869.6727646116034
36.8,869.2542049434991
37.0,868.822116278448
37.2,868.3761647596274
37.4,867.9160109939168
37.6,867.4413101375219
37.8,866.9517119873117
38.0,866.4468610778057
38.2,865.9263967837367
38.4,865.3899534280881
38.6,864.8371603954898
38.8,864.2676422508373
39.0,863.6810188629802
39.2,863.0769055333045
39.4,862.454913129019
39.6,861.8146482209338
39.8,861.1557132255026
40.0,860.4777065508853
40.2,859.7802227467637
40.4,859.0628526576364
40.6,858.3251835792925
40.8,857.5667994181582
41.0,856.7872808531914
41.2,855.9862054999841
41.4,855.1631480767267
41.6,854.3176805716715
41.8,853.4493724117237
42.0,852.5577906317808
42.2,851.642500044433
42.4,850.7030634096276
42.6,849.7390416039032
42.8,848.7499937887831
43.0,847.7354775779294
43.2,846.6950492026459
43.4,845.6282636753274
43.6,844.534674950449
43.8,843.4138360826958
44.0,842.265299381838
44.2,841.0886165639621
44.4,839.8833388986778
44.6,838.6490173519289
44.8,837.3852027240492
45.0,836.0914457827158
45.2,834.7672973904657
45.4,833.4123086264593
45.6,832.0260309021874
45.8,830.608016070841
46.0,829.157816530079
46.2,827.6749853179491
46.4,826.1590762017428
46.6,824.6096437595833
46.8,823.0262434545718
47.0,821.4084317013392
47.2,819.7557659248793
47.4,818.0678046115617
47.6,816.3441073522504
47.8,814.5842348774822
48.0,812.7877490846828
48.2,810.9542130574295
48.4,809.0831910767955
48.6,807.1742486248376
48.8,805.2269523803162
49.0,803.2408702067678
49.2,801.2155711330694
49.4,799.1506253266696
49.6,797.0456040596792
49.8,794.9000796680456
50.0,792.7136255040525
