0.0,794.9060710015324
0.2,797.0771165545863
0.4,799.2068907978527
0.6,801.295821852089
0.8,803.3443392766461
1.0,805.3528741284525
1.2,807.3218590129596
1.4,809.2517281267517
1.6,811.1429172915567
1.8,812.9958639794253
2.0,814.8110073288783
2.2,816.5887881518554
2.4,818.329648931331
2.6,820.0340338095007
2.8,821.7023885664702
3.0,823.3351605894193
3.2,824.9327988322423
3.4,826.495753765705
3.6,828.0244773181888
3.8,829.519422807127
4.0,830.9810448612701
4.2,832.4097993339525
4.4,833.8061432075555
4.6,835.1705344894021
4.8,836.5034320993376
5.0,837.8052957492852
5.2,839.0765858150876
5.4,840.3177632009713
5.6,841.529289196992
5.8,842.7116253298449
6.0,843.8652332074383
6.2,844.9905743576501
6.4,846.0881100617015
6.6,847.1583011825973
6.8,848.2016079890938
7.0,849.2184899756671
7.2,850.2094056789596
7.4,851.1748124911933
7.6,852.1151664710424
7.8,853.0309221524561
8.0,853.922532351929
8.2,854.790447974713
8.4,855.6351178204586
8.6,856.4569883887767
8.8,857.2565036851955
9.0,858.0341050279878
9.2,858.7902308563288
9.4,859.5253165402356
9.6,860.2397941927265
9.8,860.9340924846229
10.0,861.6086364624027
10.2,862.2638473694976
10.4,862.9001424714071
10.6,863.5179348849853
10.8,864.1176334122347
11.0,864.6996423789251
11.2,865.264361478328
11.4,865.8121856203408
11.6,866.3435047862495
11.8,866.8587038893583
12.0,867.3581626416895
12.2,867.8422554269342
12.4,868.311351179811
12.6,868.7658132719688
12.8,869.2059994045422
13.0,869.6322615074496
13.2,870.0449456454957
13.4,870.4443919313253
13.6,870.8309344452433
13.8,871.2049011619048
14.0,871.5666138838477
14.2,871.9163881818298
14.4,872.2545333419027
14.6,872.5813523191447
14.8,872.8971416979485
15.0,873.2021916587514
15.2,873.4967859510665
15.4,873.7812018726718
15.6,874.0557102547863
15.8,874.3205754530596
16.0,874.5760553441779
16.2,874.8224013278874
16.4,875.0598583342169
16.6,875.2886648356771
16.8,875.5090528642021
17.0,875.7212480325911
17.2,875.9254695602021
17.4,876.1219303026434
17.6,876.3108367852006
17.8,876.4923892397401
18.0,876.6667816448144
18.2,876.8342017687085
18.4,876.9948312151474
18.6,877.1488454714004
18.8,877.2964139585057
19.0,877.4377000833474
19.2,877.5728612923139
19.4,877.702049126273
19.6,877.8254092766003
19.8,877.9430816419984
20.0,878.0552003858554
20.2,878.1618939938891
20.4,878.2632853318344
20.6,878.3594917029325
20.8,878.4506249049917
21.0,878.5367912867923
21.2,878.6180918036181
21.4,878.6946220717031
21.6,878.7664724213922
21.8,878.8337279488203
22.0,878.8964685659231
22.2,878.9547690486057
22.4,879.0086990828988
22.6,879.0583233089448
22.8,879.1037013626649
23.0,879.1448879149692
23.2,879.1819327083786
23.4,879.2148805909401
23.6,879.2437715473272
23.8,879.2686407270246
24.0,879.2895184695099
24.2,879.3064303263529
24.4,879.319397080167
24.6,879.3284347603507
24.8,879.3335546555767
25.0,879.3347633229903
25.2,879.3320625940913
25.4,879.325449577284
25.6,879.3149166570917
25.8,879.3004514900398
26.0,879.2820369972269
26.2,879.2596513536071
26.4,879.2332679740248
26.6,879.2028554960478
26.8,879.1683777596585
27.0,879.1297937838704
27.2,879.0870577403523
27.4,879.0401189241472
27.6,878.9889217215858
27.8,878.9334055755057
28.0,878.8735049478967
28.2,878.809149280099
28.4,878.7402629506972
28.6,878.6667652312574
28.8,878.5885702400653
29.0,878.5055868940343
29.2,878.4177188589589
29.4,878.3248644983004
29.6,878.226916820697
29.8,878.1237634264003
30.0,878.0152864528488
30.2,877.9013625195962
30.4,877.7818626728165
30.6,877.6566523296193
30.8,877.5255912224125
31.0,877.3885333435533
31.2,877.2453268905385
31.4,877.0958142119865
31.6,876.9398317546664
31.8,876.7772100118393
32.0,876.607773473171
32.2,876.4313405764857
32.4,876.247723661625
32.6,876.0567289266846
32.8,875.8581563868944
33.0,875.6517998364083
33.2,875.4374468132742
33.4,875.2148785678438
33.6,874.9838700348843
33.8,874.7441898096472
34.0,874.4956001281455
34.2,874.2378568518831
34.4,873.9707094572757
34.6,873.6939010299907
34.8,873.4071682644277
35.0,873.1102414685507
35.2,872.8028445742701
35.4,872.484695153564
35.6,872.1555044405104
35.8,871.8149773593967
36.0,871.462812559046
36.2,871.098702453496
36.4,870.7223332691416
36.6,870.3333850984393
36.8,869.9315319602497
37.0,869.5164418668803
37.2,869.0877768978661
37.4,868.6451932805087
37.6,868.188341477171
37.8,867.7168662793068
38.0,867.2304069081785
38.2,866.7285971221955
38.4,866.2110653307865
38.6,865.677434714689
38.8,865.1273233525225
39.0,864.5603443534869
39.2,863.9761059960034
39.4,863.3742118720926
39.6,862.7542610372634
39.8,862.1158481656628
40.0,861.4585637102122
40.2,860.7819940674406
40.4,860.0857217466965
40.6,859.3693255434072
40.8,858.6323807160277
41.0,857.8744591663115
41.2,857.0951296225097
41.4,856.2939578250936
41.6,855.4705067145798
41.8,854.6243366210216
42.0,853.7550054547206
42.2,852.8620688976981
42.4,851.9450805954591
42.6,851.0035923485729
42.8,850.0371543035866
43.0,849.0453151427871
43.2,848.0276222723196
43.4,846.9836220081733
43.6,845.912859759544
43.8,844.8148802090888
44.0,843.6892274895872
44.2,842.5354453565375
44.4,841.3530773562177
44.6,840.1416669887578
44.8,838.9007578657772
45.0,837.6298938621587
45.2,836.3286192615454
45.4,834.9964788951629
45.6,833.6330182735949
45.8,832.2377837111517
46.0,830.8103224425047
46.2,829.3501827312768
46.4,827.8569139703078
46.6,826.3300667733403
46.8,824.769193057901
47.0,823.1738461191818
47.2,821.5435806947526
47.4,819.8779530199758
47.6,818.1765208740186
47.8,816.4388436163945
48.0,814.6644822140014
48.2,812.8529992586527
48.4,811.003958975136
48.6,809.116927219865
48.8,807.1914714702287
49.0,805.2271608047699
49.2,803.2235658743629
49.4,801.1802588645922
49.6,799.0968134495662
49.8,796.9728047374293
50.0,794.807809207871
