0.0,821.3869478071487
0.2,823.3442640463059
0.4,825.2549509908588
0.6,827.1191797953991
0.8,828.9371535661153
1.0,830.709108572428
1.2,832.4353152412183
1.4,834.1160789285093
1.6,835.7517404653539
1.8,837.3426764765837
2.0,838.8892994729594
2.2,840.3920577191192
2.4,841.8514348815282
2.6,843.2679494623554
2.8,844.6421540268603
3.0,845.9746342334023
3.2,847.266007676614
3.4,848.5169225555667
3.6,849.7280561799066
3.8,850.9001133279382
4.0,852.0338244714724
4.2,853.12994388293
4.4,854.1892476407143
4.6,855.2125315492012
4.8,856.2006089898879
5.0,857.1543087202604
5.2,858.0744726368032
5.4,858.9619535182997
5.6,859.8176127651408
5.8,860.6423181498118
6.0,861.4369415930529
6.2,862.2023569794064
6.4,862.9394380249897
6.6,863.6490562093749
6.8,864.332078782432
7.0,864.9893668559114
7.2,865.621773588424
7.4,866.2301424713315
7.6,866.8153057219001
7.8,867.3780827889159
8.0,867.9192789748101
8.2,868.4396841772243
8.4,868.9400717518537
8.6,869.4211974973662
8.8,869.883798762201
9.0,870.3285936721176
9.2,870.7562804764993
9.4,871.1675370106242
9.6,871.5630202703837
9.8,871.9433660953042
10.0,872.3091889551412
10.2,872.6610818348495
10.4,872.9996162123177
10.6,873.3253421229323
10.8,873.6387883047857
11.0,873.9404624181674
11.2,874.2308513328683
11.4,874.5104214767879
11.6,874.7796192393565
11.8,875.0388714233577
12.0,875.288585738867
12.2,875.5291513331985
12.4,875.7609393509584
12.6,875.9843035185644
12.8,876.1995807478584
13.0,876.4070917537516
13.2,876.6071416811577
13.4,876.8000207368079
13.6,876.986004821888
13.8,877.1653561617875
14.0,877.3383239296015
14.2,877.5051448603782
14.4,877.6660438534424
14.6,877.8212345604669
14.8,877.9709199572801
15.0,878.1152928977099
15.2,878.2545366480581
15.4,878.3888254010759
15.6,878.5183247685698
15.8,878.6431922520085
16.0,878.7635776907207
16.2,878.879623687477
16.4,878.9914660114324
16.6,879.0992339785638
16.8,879.2030508098891
17.0,879.303033967873
17.2,879.3992954715384
17.4,879.4919421908933
17.6,879.5810761213585
17.8,879.6667946389455
18.0,879.7491907369802
18.2,879.8283532452064
18.4,879.9043670321275
18.6,879.9773131914578
18.8,880.0472692135612
19.0,880.1143091427538
19.2,880.1785037213351
19.4,880.2399205211975
19.6,880.2986240638435
19.8,880.3546759296117
20.0,880.4081348568906
20.2,880.4590568320574
20.4,880.5074951708549
20.6,880.5535005918782
20.8,880.5971212828077
21.0,880.6384029599902
21.2,880.6773889219304
21.4,880.714120097218
21.6,880.7486350873826
21.8,880.7809702051292
22.0,880.8111595083749
22.2,880.8392348304742
22.4,880.8652258069875
22.6,880.8891598993155
22.8,880.911062415497
23.0,880.9309565284348
23.2,880.9488632917918
23.4,880.9648016537736
23.6,880.9787884689874
23.8,880.9908385085499
24.0,881.0009644685903
24.2,881.0091769772794
24.4,881.0154846004925
24.6,881.0198938461999
24.8,881.0224091676553
25.0,881.023032965444
25.2,881.0217655884296
25.4,881.0186053336244
25.6,881.0135484449944
25.8,881.0065891111917
26.0,880.9977194621943
26.2,880.9869295648145
26.4,880.9742074170243
26.6,880.9595389410255
26.8,880.9429079749796
27.0,880.9242962632909
27.2,880.9036834453193
27.4,880.881047042379
27.6,880.8563624428589
27.8,880.8296028852773
28.0,880.8007394390627
28.2,880.7697409828235
28.4,880.7365741798495
28.6,880.7012034505552
28.8,880.6635909415493
29.0,880.6236964909825
29.2,880.5814775897985
29.4,880.5368893384731
29.6,880.4898843988003
29.8,880.4404129402433
30.0,880.3884225803366
30.2,880.3338583185857
30.4,880.2766624632794
30.6,880.2167745505867
30.8,880.1541312552814
31.0,880.0886662923972
31.2,880.0203103090863
31.4,879.9489907659205
31.6,879.8746318068482
31.8,879.7971541169943
32.0,879.7164747674672
32.2,879.6325070463266
32.4,879.5451602748519
32.6,879.4543396082481
32.8,879.3599458199362
33.0,879.2618750685833
33.2,879.160018647058
33.4,879.0542627125259
33.6,878.9444879969541
33.8,878.8305694973508
34.0,878.7123761451413
34.2,878.5897704541757
34.4,878.4626081469687
34.6,878.3307377588948
34.8,878.1940002202068
35.0,878.0522284159065
35.2,877.9052467236725
35.4,877.7528705302514
35.6,877.5949057269363
35.8,877.4311481849937
36.0,877.2613832121507
36.2,877.085384991534
36.4,876.9029160047367
36.6,876.7137264409937
36.8,876.517553594768
37.0,876.3141212543734
37.2,876.1031390846036
37.4,875.8843020066764
37.6,875.6572895791501
37.8,875.4217653838135
38.0,875.1773764208945
38.2,874.9237525182564
38.4,874.6605057595773
38.6,874.3872299367974
38.8,874.1035000323998
39.0,873.8088717373331
39.2,873.5028810105953
39.4,873.1850436866687
39.6,872.854855137124
39.8,872.5117899927822
40.0,872.1553019328477
40.2,871.7848235473783
40.4,871.399766279359
40.6,870.9995204524649
40.8,870.5834553903545
41.0,870.150919633012
41.2,869.7012412552536
41.4,869.2337282920411
41.6,868.7476692746803
41.8,868.242333881354
42.0,867.7169737047238
42.2,867.1708231385475
42.4,866.603100384408
42.6,866.0130085787265
42.8,865.3997370392535
43.0,864.7624626292015
43.2,864.1003512361094
43.4,863.412559361422
43.6,862.6982358156365
43.8,861.9565235127259
44.0,861.1865613564073
44.2,860.3874862096917
44.4,859.5584349380505
44.6,858.6985465154678
44.8,857.8069641816376
45.0,856.8828376376207
45.2,855.9253252664137
45.4,854.9335963641121
45.6,853.9068333666866
45.8,852.8442340568486
46.0,851.7450137350615
46.2,850.6084073384815
46.4,849.433671491476
46.6,848.2200864713988
46.8,846.966958073474
47.0,845.6736193589944
47.2,844.3394322715385
47.4,842.9637891065893
47.6,841.5461138207638
47.8,840.0858631678498
48.0,838.5825276499816
48.2,837.0356322735636
48.4,835.4447371009525
48.6,833.809437590433
48.8,832.1293647186432
49.0,830.4041848813209
49.2,828.63359957002
49.4,826.817344824277
49.6,824.9551904605778
49.8,823.046939081343
50.0,821.0924248690252
