0.0,474.180435620021
0.2,479.3895932077161
0.4,484.56654649247525
0.6,489.71038407179066
0.8,494.8202176758559
1.0,499.8951827302047
1.2,504.9344388752994
1.4,509.93717044232227
1.6,514.9025868845655
1.8,519.8299231639534
2.0,524.7184400923701
2.2,529.5674246276079
2.4,534.3761901238877
2.6,539.1440765370397
2.8,543.8704505845698
3.0,548.554705860964
3.2,553.1962629087161
3.4,557.7945692456832
3.6,562.3490993494952
3.8,566.8593545998591
4.0,571.3248631797052
4.2,575.7451799362259
4.4,580.119886202956
4.6,584.4485895841293
4.8,588.7309237026345
5.0,592.966547912961
5.2,597.1551469806038
5.4,601.2964307294493
5.6,605.3901336587206
5.8,609.4360145311085
6.0,613.4338559337491
6.2,617.3834638137414
6.4,621.2846669899242
6.6,625.1373166426418
6.8,628.9412857832446
7.0,632.6964687050638
7.2,636.4027804176039
7.4,640.0601560656776
7.6,643.6685503351954
7.8,647.2279368472966
8.0,650.7383075424797
8.2,654.199672056357
8.4,657.6120570886196
8.6,660.975505766752
8.8,664.2900770059948
9.0,667.555844866998
9.2,670.7728979125525
9.4,673.9413385647341
9.6,677.0612824637327
9.8,680.1328578295762
10.0,683.1562048278976
10.2,686.1314749408277
10.4,689.0588303440321
10.6,691.9384432908396
10.8,694.7704955043508
11.0,697.5551775783424
11.2,700.2926883877192
11.4,702.9832345092009
11.6,705.6270296528655
11.8,708.2242941051095
12.0,710.7752541835181
12.2,713.2801417040877
12.4,715.7391934611734
12.6,718.1526507204879
12.8,720.520758725417
13.0,722.8437662168669
13.2,725.1219249668109
13.4,727.3554893256518
13.6,729.5447157834755
13.8,731.6898625452255
14.0,733.7911891197907
14.2,735.8489559229602
14.4,737.8634238941663
14.6,739.834854126903
14.8,741.7635075126766
15.0,743.6496443983236
15.2,745.4935242565003
15.4,747.2954053691293
15.6,749.0555445235691
15.8,750.7741967212543
16.0,752.451614898538
16.2,754.0880496594557
16.4,755.6837490201195
16.6,757.2389581644389
16.8,758.7539192108617
17.0,760.2288709898161
17.2,761.6640488315385
17.4,763.0596843639613
17.6,764.4160053203385
17.8,765.7332353562839
18.0,767.0115938759002
18.2,768.2512958666766
18.4,769.4525517428373
18.6,770.6155671968272
18.8,771.7405430586259
19.0,772.8276751625857
19.2,773.8771542214968
19.4,774.8891657075899
19.6,775.8638897401912
19.8,776.8015009797566
20.0,777.7021685280178
20.2,778.5660558339789
20.4,779.3933206055198
20.6,780.1841147263592
20.8,780.9385841781501
21.0,781.656868967486
21.2,782.3391030576036
21.4,782.9854143045798
21.6,783.5959243978322
21.8,784.1707488047382
22.0,784.7099967191988
22.2,785.2137710139855
22.4,785.6821681967157
22.6,786.1152783693116
22.8,786.5131851908086
23.0,786.8759658433905
23.2,787.2036910015324
23.4,787.4964248041487
23.6,787.7542248296485
23.8,787.9771420738125
24.0,788.1652209304119
24.2,788.3184991745036
24.4,788.4370079483394
24.6,788.5207717498434
24.8,788.5698084236126
25.0,788.5841291544111
25.2,788.5637384631358
25.4,788.5086342052374
25.6,788.4188075715961
25.8,788.2942430918515
26.0,788.1349186402047
26.2,787.9408054437118
26.4,787.7118680931025
26.6,787.4480645561621
26.8,787.1493461937303
27.0,786.8156577783712
27.2,786.4469375157864
27.4,786.0431170690464
27.6,785.6041215857277
27.8,785.1298697280527
28.0,784.6202737061357
28.2,784.0752393144517
28.4,783.4946659716534
28.6,782.8784467638686
28.8,782.2264684916228
29.0,781.5386117205412
29.2,780.8147508359939
29.4,780.054754101855
29.6,779.2584837235626
29.8,778.425795915668
30.0,777.5565409740805
30.2,776.6505633532169
30.4,775.7077017482802
30.6,774.7277891828962
30.8,773.7106531023494
31.0,772.6561154726694
31.2,771.5639928858234
31.4,770.434096671284
31.6,769.2662330142472
31.8,768.0602030807821
32.0,766.8158031502066
32.2,765.5328247549811
32.4,764.2110548284297
32.6,762.8502758605925
32.8,761.450266062529
33.0,760.0107995393836
33.2,758.5316464725425
33.4,757.0125733111981
33.6,755.4533429736499
33.8,753.8537150586641
34.0,752.2134460672153
34.2,750.5322896349304
34.4,748.8099967755484
34.6,747.0463161357084
34.8,745.2409942613667
35.0,743.3937758761344
35.2,741.5044041718188
35.4,739.5726211114355
35.6,737.5981677449448
35.8,735.5807845379471
36.0,733.5202117135518
36.2,731.416189607616
36.4,729.2684590375196
36.6,727.0767616846184
36.8,724.8408404904917
37.0,722.5604400670597
37.2,720.2353071206225
37.4,717.8651908898242
37.6,715.4498435975178
37.8,712.9890209164512
38.0,710.4824824486635
38.2,707.9299922184207
38.4,705.3313191784807
38.6,702.6862377294184
38.8,699.9945282516891
39.0,697.2559776500574
39.2,694.470379909949
39.4,691.637536665235
39.6,688.7572577768876
39.8,685.8293619218881
40.0,682.8536771916991
40.2,679.8300416995536
40.4,676.7583041957405
40.6,673.6383246900048
40.8,670.4699750801132
41.0,667.2531397855681
41.2,663.9877163853882
41.4,660.6736162588101
41.6,657.3107652276998
41.8,653.8991041994041
42.0,650.4385898087095
42.2,646.9291950575208
42.4,643.3709099508163
42.6,639.7637421273868
42.8,636.1077174838161
43.0,632.4028807901195
43.2,628.6492962954163
43.4,624.8470483219807
43.6,620.9962418459812
43.8,617.0970030632044
44.0,613.1494799380304
44.2,609.1538427339258
44.4,605.1102845237103
44.6,601.0190216778539
44.8,596.8802943290748
45.0,592.694366811522
45.2,588.4615280728461
45.4,584.1820920575021
45.6,579.856398059655
45.8,575.4848110441144
46.0,571.06772193377
46.2,566.605547862069
46.4,562.0987323891353
46.6,557.5477456802156
46.8,552.9530846452125
47.0,548.3152730381582
47.2,543.6348615155802
47.4,538.9124276528065
47.6,534.148575917376
47.8,529.3439375988223
48.0,524.4991706942297
48.2,519.6149597490746
48.4,514.6920156529985
48.6,509.73107539029013
48.8,504.73290174498413
49.0,499.69828296062695
49.2,494.62803235489224
49.4,489.5229878893738
49.6,484.3840116950195
49.8,479.2119895538116
50.0,474.00783033743716
