0.0,855.8967530808594
0.2,856.6223897981171
0.4,857.3320510273066
0.6,858.0261865523944
0.8,858.7051765125593
1.0,859.3693423074917
1.2,860.0189592914767
1.4,860.6542692473861
1.6,861.2754911826015
1.8,861.8828297255498
2.0,862.4764810596744
2.2,863.0566367589067
2.4,863.6234860626672
2.6,864.1772171140906
2.8,864.7180175744151
3.0,865.2460748943678
3.2,865.7615764120073
3.4,866.2647093691829
3.6,866.755660892236
3.8,867.2346179576509
4.0,867.7017673513247
4.2,868.1572956248356
4.4,868.6013890499555
4.6,869.0342335718658
4.8,869.4560147612676
5.0,869.8669177654953
5.2,870.267127258718
5.4,870.6568273913149
5.6,871.0362017385025
5.8,871.4054332483054
6.0,871.7647041889531
6.2,872.1141960957951
6.4,872.4540897178241
6.6,872.7845649639005
6.8,873.1058008487697
7.0,873.4179754389689
7.2,873.7212657987152
7.4,874.0158479358702
7.6,874.3018967480767
7.8,874.5795859691594
8.0,874.8490881158832
8.2,875.110574435161
8.4,875.364214851802
8.6,875.610177916889
8.8,875.8486307568711
9.0,876.0797390234573
9.2,876.3036668443942
9.4,876.5205767752069
9.6,876.7306297519794
9.8,876.9339850452503
10.0,877.1308002150943
10.2,877.3212310674551
10.4,877.5054316117959
10.6,877.6835540201264
10.8,877.8557485874624
11.0,878.0221636937705
11.2,878.1829457674465
11.4,878.3382392503705
11.6,878.4881865645777
11.8,878.6329280805824
12.0,878.7726020873833
12.2,878.9073447641782
12.4,879.037290153808
12.6,879.1625701379497
12.8,879.2833144140684
13.0,879.3996504741382
13.2,879.511703585135
13.4,879.619596771302
13.6,879.7234507981786
13.8,879.82338415839
14.0,879.9195130591758
14.2,880.0119514116474
14.4,880.100810821747
14.6,880.1862005828845
14.8,880.2682276702226
15.0,880.3469967365766
15.2,880.4226101098922
15.4,880.4951677922598
15.6,880.5647674604237
15.8,880.6315044677377
16.0,880.6954718475193
16.2,880.7567603177482
16.4,880.8154582870555
16.6,880.8716518619461
16.8,880.9254248551937
17.0,880.9768587953473
17.2,881.0260329372875
17.4,881.0730242737637
17.6,881.1179075478485
17.8,881.1607552662402
18.0,881.2016377133449
18.2,881.2406229660671
18.4,881.2777769092403
18.6,881.313163251623
18.8,881.3468435423928
19.0,881.3788771880627
19.2,881.4093214697515
19.4,881.4382315607339
19.6,881.4656605442017
19.8,881.4916594311635
20.0,881.5162771784144
20.2,881.5395607065066
20.4,881.5615549176528
20.6,881.5823027134949
20.8,881.6018450126745
21.0,881.6202207681407
21.2,881.6374669841313
21.4,881.6536187327695
21.6,881.6687091702164
21.8,881.6827695523231
22.0,881.6958292497272
22.2,881.7079157623432
22.4,881.7190547331955
22.6,881.7292699615482
22.8,881.7385834152855
23.0,881.7470152425021
23.2,881.7545837822634
23.4,881.7613055744988
23.6,881.7671953689959
23.8,881.7722661334628
24.0,881.7765290606325
24.2,881.779993574384
24.4,881.7826673348585
24.6,881.7845562425534
24.8,881.7856644413771
25.0,881.7859943206528
25.2,881.7855465160653
25.4,881.7843199095413
25.6,881.7823116280626
25.8,881.7795170414149
26.0,881.7759297588726
26.2,881.7715416248308
26.4,881.7663427133921
26.6,881.7603213219245
26.8,881.7534639636065
27.0,881.7457553589784
27.2,881.7371784265262
27.4,881.7277142723202
27.6,881.7173421787429
27.8,881.7060395923336
28.0,881.6937821107884
28.2,881.6805434691529
28.4,881.6662955252473
28.6,881.6510082443693
28.8,881.6346496833199
29.0,881.6171859738013
29.2,881.5985813052372
29.4,881.578797907071
29.6,881.5577960305941
29.8,881.5355339303659
30.0,881.5119678452819
30.2,881.487051979354
30.4,881.4607384822638
30.6,881.4329774297564
30.8,881.4037168039379
31.0,881.3729024735458
31.2,881.3404781742627
31.4,881.3063854891377
31.6,881.2705638291918
31.8,881.2329504142735
32.0,881.1934802542397
32.2,881.1520861305308
32.4,881.1086985782141
32.6,881.0632458685658
32.8,881.0156539922643
33.0,880.9658466432646
33.2,880.9137452034258
33.4,880.8592687279611
33.6,880.8023339317768
33.8,880.7428551767728
34.0,880.6807444601643
34.2,880.6159114038951
34.4,880.548263245202
34.6,880.477704828392
34.8,880.4041385978916
35.0,880.327464592624
35.2,880.2475804417687
35.4,880.1643813619544
35.6,880.0777601559341
35.8,879.9876072127878
36.0,879.893810509695
36.2,879.7962556153158
36.4,879.6948256948175
36.6,879.5894015165774
36.8,879.4798614605899
37.0,879.3660815286044
37.2,879.2479353560116
37.4,879.1252942254974
37.6,878.9980270824756
37.8,878.866000552306
38.0,878.7290789593051
38.2,878.5871243475458
38.4,878.4399965034422
38.6,878.2875529801121
38.8,878.1296491234992
39.0,877.9661381002414
39.2,877.7968709272584
39.4,877.6216965030353
39.6,877.4404616405681
39.8,877.2530111019363
40.0,877.0591876344623
40.2,876.8588320084143
40.4,876.6517830562024
40.6,876.4378777130179
40.8,876.2169510588586
41.0,875.98883636188
41.2,875.7533651230087
41.4,875.5103671217532
41.6,875.2596704631396
41.8,875.0011016257001
42.0,874.7344855104392
42.2,874.4596454906972
42.4,874.1764034628324
42.6,873.8845798976364
42.8,873.5839938923996
43.0,873.2744632235391
43.2,872.9558043997012
43.4,872.6278327152485
43.6,872.2903623040443
43.8,871.943206193439
44.0,871.5861763583719
44.2,871.2190837754949
44.4,870.8417384772296
44.6,870.4539496056636
44.8,870.0555254662032
45.0,869.6462735808875
45.2,869.2260007412825
45.4,868.7945130608688
45.6,868.3516160268377
45.8,867.8971145512199
46.0,867.4308130212606
46.2,866.9525153489633
46.4,866.4620250196981
46.6,865.9591451397013
46.8,865.4436784820618
47.0,864.9154275301095
47.2,864.3741945152701
47.4,863.819781441876
47.6,863.2519900809893
47.8,862.6706218937236
48.0,862.0754778042334
48.2,861.4663576755939
48.4,860.8430592453113
48.6,860.2053761627498
48.8,859.5530946747804
49.0,858.8859884934622
49.2,858.2038115301752
49.4,857.5062885506362
49.6,856.7931043753441
49.8,856.0638928882336
50.0,855.318227593773
