0.0,483.09772158720097
0.2,488.57273798478644
0.4,494.00782801131993
0.6,499.40187948766925
0.8,504.75382206005116
1.0,510.0626280909365
1.2,515.3273134215282
1.4,520.5469380048048
1.6,525.7206064088757
1.8,530.8474681911357
2.0,535.9267181444374
2.2,540.9575964172011
2.4,545.9393885100545
2.6,550.8714251522365
2.8,555.7530820615917
3.0,560.5837795925436
3.2,565.362982276928
3.4,570.0901982630303
3.6,574.7649786585588
3.8,579.3869167836317
4.0,583.9556473401366
4.2,588.4708455040425
4.4,592.9322259474128
4.6,597.3395417969749
4.8,601.6925835361515
5.0,605.9911778574586
5.2,610.2351864721223
5.4,614.4245048836573
5.6,618.5590611320108
5.8,622.6388145146781
6.0,626.6637542909731
6.2,630.6338983753737
6.4,634.5492920255751
6.6,638.4100065305647
6.8,642.2161379037024
7.0,645.9678055854362
7.2,649.6651511599232
7.4,653.308337089453
7.6,656.897545470201
7.8,660.432976812466
8.0,663.9148488481762
8.2,667.3433953680857
8.4,670.7188650907343
8.6,674.0415205649017
8.8,677.311637106961
9.0,680.5295017742334
9.2,683.6954123751473
9.4,686.8096765167423
9.6,689.8726106898014
9.8,692.8845393916667
10.0,695.8457942865855
10.2,698.7567134032421
10.4,701.6176403689664
10.6,704.4289236799611
10.8,707.1909160067631
11.0,709.9039735340441
11.2,712.568455333768
11.4,715.1847227706481
11.6,717.753138938786
11.8,720.2740681283396
12.0,722.7478753210294
12.2,725.1749257132811
12.4,727.5555842657947
12.6,729.8902152783326
12.8,732.1791819885343
13.0,734.4228461935834
13.2,736.6215678935771
13.4,738.7757049554821
13.6,740.8856127965965
13.8,742.9516440864708
14.0,744.9741484662893
14.2,746.9534722847513
14.4,748.8899583495373
14.6,750.7839456934877
14.8,752.6357693546703
15.0,754.4457601695511
15.2,756.2142445785304
15.4,757.9415444431431
15.6,759.6279768742695
15.8,761.2738540707319
16.0,762.879483167699
16.2,764.4451660943467
16.4,765.9711994402619
16.6,767.4578743301043
16.8,768.9054763060718
17.0,770.3142852177402
17.2,771.6845751188752
17.4,773.0166141708357
17.6,774.310664552211
17.8,775.5669823743518
18.0,776.7858176024781
18.2,777.9674139820582
18.4,779.1120089701723
18.6,780.219833671589
18.8,781.2911127792934
19.0,782.3260645192222
19.2,783.3249005989678
19.4,784.2878261602294
19.6,785.2150397347948
19.8,786.1067332038488
20.0,786.963091760412
20.2,787.7842938747226
20.4,788.5705112623807
20.6,789.3219088550867
20.8,790.0386447738058
21.0,790.7208703042047
21.2,791.3687298742103
21.4,791.9823610335467
21.6,792.5618944351171
21.8,793.107453818099
22.0,793.6191559926317
22.2,794.0971108259811
22.4,794.5414212300719
22.6,794.9521831502839
22.8,795.3294855554182
23.0,795.6734104287436
23.2,795.9840327600389
23.4,796.2614205385564
23.6,796.5056347468374
23.8,796.7167293553132
24.0,796.8947513176406
24.2,797.0397405667164
24.4,797.1517300113316
24.6,797.2307455334258
24.8,797.2768059859146
25.0,797.2899231910636
25.2,797.270101939394
25.4,797.2173399891091
25.6,797.1316280660392
25.8,797.0129498641057
26.0,796.8612820463167
26.2,796.6765942463085
26.4,796.4588490704581
26.6,796.2080021005945
26.8,795.9240018973468
27.0,795.60679000417
27.2,795.2563009521
27.4,794.872462265294
27.6,794.4551944674167
27.8,794.0044110889448
28.0,793.5200186754631
28.2,793.0019167970363
28.4,792.4499980587449
28.6,791.8641481124811
28.8,791.2442456701064
29.0,790.5901625180804
29.2,789.9017635336753
29.4,789.1789067028986
29.6,788.4214431402537
29.8,787.6292171104709
30.0,786.8020660523556
30.2,785.939820604899
30.4,785.0423046358095
30.6,784.1093352726301
30.8,783.1407229366092
31.0,782.1362713795088
31.2,781.095777723533
31.4,780.0190325045769
31.6,778.9058197189967
31.8,777.7559168741186
32.0,776.569095042709
32.2,775.3451189216435
32.4,774.0837468950181
32.6,772.7847311019657
32.8,771.4478175094496
33.0,770.0727459903187
33.2,768.6592504069318
33.4,767.207058700668
33.6,765.7158929876618
33.8,764.1854696611246
34.0,762.6154995006274
34.2,761.0056877887525
34.4,759.3557344355414
34.6,757.6653341111927
34.8,755.9341763874971
35.0,754.1619458885231
35.2,752.3483224511019
35.4,750.4929812956956
35.6,748.595593208267
35.8,746.6558247338116
36.0,744.6733383822483
36.2,742.6477928474101
36.4,740.5788432399193
36.6,738.4661413347719
36.8,736.3093358345049
37.0,734.1080726488601
37.2,731.8619951919072
37.4,729.5707446976252
37.6,727.2339605549884
37.8,724.8512806636392
38.0,722.4223418112647
38.2,719.9467800738264
38.4,717.4242312398185
38.6,714.854331259749
38.8,712.2367167220502
39.0,709.5710253566302
39.2,706.8568965672686
39.4,704.093971994046
39.6,701.2818961069645
39.8,698.4203168318745
40.0,695.5088862097681
40.2,692.5472610904212
40.4,689.5351038612822
40.6,686.4720832123911
40.8,683.3578749379886
41.0,680.1921627753266
41.2,676.9746392810243
41.4,673.7050067451264
41.6,670.3829781428076
41.8,667.0082781234426
42.0,663.5806440365031
42.2,660.099826993479
42.4,656.5655929647232
42.6,652.9777239098204
42.8,649.3360189397451
43.0,645.6402955087425
43.2,641.8903906335106
43.4,638.0861621368998
43.6,634.2274899129794
43.8,630.3142772099465
44.0,626.3464519269797
44.2,622.3239679207727
44.4,618.2468063171159
44.6,614.1149768225506
44.8,609.9285190307786
45.0,605.6875037181998
45.2,601.392034122659
45.4,597.042247199222
45.6,592.6383148465737
45.8,588.1804450974433
46.0,583.6688832663083
46.2,579.103913047532
46.4,574.4858575570322
46.6,569.815080310574
46.8,565.0919861318363
47.0,560.317021983505
47.2,555.4906777148137
47.4,550.6134867191735
47.6,545.6860264958187
47.8,540.7089191097348
48.0,535.6828315445274
48.2,530.6084759433504
48.4,525.4866097335074
48.6,520.3180356308976
48.8,515.1036015210765
49.0,509.8442002143338
49.2,504.54076907287134
49.4,499.1942895088628
49.6,493.8057863529037
49.8,488.3763270931069
50.0,482.907020985849
