0.0,868.6363150101799
0.2,869.2127330553144
0.4,869.7718530379314
0.6,870.3138502807453
0.8,870.8389098974998
1.0,871.347226831649
1.2,871.8390058446557
1.4,872.3144614541206
1.6,872.7738178222938
1.8,873.2173085958303
2.0,873.6451766979645
2.2,874.0576740745795
2.4,874.4550613959223
2.6,874.8376077159943
2.8,875.2055900918876
3.0,875.5592931655688
3.2,875.8990087108186
3.4,876.2250351482226
3.6,876.5376770312572
3.8,876.837244506662
4.0,877.1240527523848
4.2,877.3984213964727
4.4,877.6606739203362
4.6,877.9111370498388
4.8,878.1501401376674
5.0,878.3780145404152
5.2,878.5950929937577
5.4,878.801708989034
5.6,878.998196154447
5.8,879.1848876439827
6.0,879.3621155370131
6.2,879.5302102513945
6.4,879.689499972705
6.6,879.8403101020832
6.8,879.9829627249335
7.0,880.1177761025627
7.2,880.245064188599
7.4,880.3651361718258
7.6,880.4782960468455
7.8,880.58484221376
8.0,880.6850671078372
8.2,880.7792568599086
8.4,880.8676909880271
8.6,880.9506421207035
8.8,881.0283757518342
9.0,881.1011500272389
9.2,881.1692155625365
9.4,881.2328152919156
9.6,881.2921843471897
9.8,881.3475499663738
10.0,881.3991314308827
10.2,881.4471400303253
10.4,881.4917790537553
10.6,881.5332438061437
10.8,881.5717216487527
11.0,881.6073920620223
11.2,881.6404267295239
11.4,881.6709896414927
11.6,881.6992372164214
11.8,881.725318439178
12.0,881.7493750141095
12.2,881.7715415315944
12.4,881.7919456465228
12.6,881.8107082672135
12.8,881.8279437533059
13.0,881.8437601212072
13.2,881.8582592557291
13.4,881.8715371265985
13.6,881.8836840085887
13.8,881.894784704084
14.0,881.9049187669564
14.2,881.9141607267063
14.4,881.9225803118937
14.6,881.9302426719549
14.8,881.9372085965839
15.0,881.9435347319236
15.2,881.949273792893
15.4,881.9544747710466
15.6,881.9591831374333
15.8,881.9634410399938
16.0,881.9672874950993
16.2,881.970758572903
16.4,881.9738875762295
16.6,881.9767052127914
16.8,881.9792397605768
17.0,881.9815172262932
17.2,881.9835614968122
17.4,881.9853944835928
17.6,881.9870362601072
17.8,881.9885051923226
18.0,881.9898180623298
18.2,881.990990185236
18.4,881.992035519461
18.6,881.9929667706043
18.8,881.9937954890631
19.0,881.9945321615993
19.2,881.9951862970651
19.4,881.9957665065103
19.6,881.9962805778962
19.8,881.99673554565
20.0,881.9971377552966
20.2,881.9974929234039
20.4,881.9978061930794
20.6,881.9980821852514
20.8,881.9983250459662
21.0,881.9985384899287
21.2,881.9987258405027
21.4,881.9988900663898
21.6,881.9990338151875
21.8,881.9991594440273
22.0,881.9992690474787
22.2,881.9993644829017
22.4,881.9994473934132
22.6,881.9995192286298
22.8,881.9995812633341
23.0,881.9996346142067
23.2,881.9996802547472
23.4,881.9997190285076
23.6,881.999751660741
23.8,881.999778768567
24.0,881.9998008697354
24.2,881.9998183900691
24.4,881.9998316696478
24.6,881.9998409677918
24.8,881.9998464668876
25.0,881.9998482750937
25.2,881.9998464279491
25.4,881.9998408889003
25.6,881.999831548752
25.8,881.999818224036
26.0,881.9998006542828
26.2,881.9997784981708
26.4,881.9997513285172
26.6,881.9997186260655
26.8,881.9996797720131
27.0,881.9996340392131
27.2,881.9995805819732
27.4,881.9995184243649
27.6,881.9994464469464
27.8,881.9993633717891
28.0,881.9992677456902
28.2,881.999157921443
28.4,881.9990320370234
28.6,881.9988879925431
28.8,881.9987234248102
29.0,881.998535679325
29.2,881.998321779531
29.4,881.9980783931333
29.6,881.9978017952817
29.8,881.9974878284165
30.0,881.9971318585558
30.2,881.9967287278085
30.4,881.996272702881
30.6,881.9957574193446
30.8,881.9951758214312
31.0,881.9945200971121
31.2,881.9937816082248
31.4,881.9929508154073
31.6,881.9920171976028
31.8,881.9909691659059
32.0,881.9897939715257
32.2,881.988477607651
32.4,881.9870047050171
32.6,881.9853584209875
32.8,881.9835203219826
33.0,881.9814702591091
33.2,881.9791862368666
33.4,881.9766442748405
33.6,881.9738182623175
33.8,881.970679805797
34.0,881.9671980694121
34.2,881.9633396083158
34.4,881.959068195134
34.6,881.9543446396378
34.8,881.9491266018413
35.0,881.9433683987903
35.2,881.9370208053647
35.4,881.9300308494833
35.6,881.9223416021679
35.8,881.913891962989
36.0,881.904616441491
36.2,881.8944449352632
36.4,881.883302505403
36.6,881.8711091501879
36.8,881.8577795778505
37.0,881.8432229794236
37.2,881.827342802699
37.4,881.8100365284122
37.6,881.7911954498336
37.8,881.7707044570164
38.0,881.7484418270062
38.2,881.7242790213787
38.4,881.6980804925158
38.6,881.6697035000805
38.8,881.6389979391763
39.0,881.6058061817131
39.2,881.5699629325087
39.4,881.5312951016705
39.6,881.4896216947883
39.8,881.4447537224617
40.0,881.3964941306476
40.2,881.3446377532821
40.4,881.2889712885642
40.6,881.2292733002326
40.8,881.1653142450754
41.0,881.0968565278185
41.2,881.0236545844309
41.4,880.9454549947583
41.6,880.8619966252597
41.8,880.7730108024703
42.0,880.6782215176527
42.2,880.5773456629244
42.4,880.4700932989609
42.6,880.3561679541832
42.8,880.2352669551339
43.0,880.1070817875345
43.2,879.9712984873051
43.4,879.8275980606024
43.6,879.6756569317183
43.8,879.5151474174502
44.0,879.3457382263439
44.2,879.1670949809858
44.4,878.9788807613143
44.6,878.7807566667158
44.8,878.5723823944776
45.0,878.353416831989
45.2,878.1235186599114
45.4,877.882346963389
45.6,877.6295618482353
45.8,877.3648250589146
46.0,877.0878005950432
46.2,876.798155323063
46.4,876.49555957969
46.6,876.1796877637136
46.8,875.8502189127292
47.0,875.5068372614055
47.2,875.1492327779448
47.4,874.7771016754753
47.6,874.3901468952149
47.8,873.9880785583833
48.0,873.570614383992
48.2,873.1374800698235
48.4,872.688409634119
48.6,872.2231457157146
48.8,871.7414398306177
49.0,871.2430525832766
49.2,870.7277538310805
49.4,870.1953228009182
49.6,869.6455481569371
49.8,869.078228018952
50.0,868.4931699312839
