0.0,775.2114540778788
0.2,777.2805031277417
0.4,779.3173138601792
0.6,781.3229035186838
0.8,783.2982312737956
1.0,785.2441970950506
1.2,787.1616410493633
1.4,789.0513430243648
1.6,790.9140228705213
1.8,792.7503409513268
2.0,794.5608990865493
2.2,796.3462418694844
2.4,798.1068583354834
2.6,799.8431839557219
2.8,801.5556029273152
3.0,803.2444507284729
3.2,804.910016905472
3.4,806.5525480568075
3.6,808.1722509789649
3.8,809.7692959378494
4.0,811.3438200299831
4.2,812.8959305981308
4.4,814.425708667003
4.6,815.9332123660851
4.8,817.4184803084026
5.0,818.8815348961278
5.2,820.3223855262954
5.4,821.7410316724876
5.6,823.137465821122
5.8,824.5116762438586
6.0,825.8636495906127
6.2,827.1933732906444
6.4,828.5008377521567
6.6,829.7860383537369
6.8,831.0489772237593
7.0,832.2896648065191
7.2,833.5081212163462
7.4,834.7043773832224
7.6,835.8784759954922
7.8,837.0304722470888
8.0,838.1604343982818
8.2,839.2684441603002
8.4,840.354596915277
8.6,841.4190017838159
8.8,842.4617815530955
9.0,843.4830724788242
9.2,844.4830239745376
9.4,845.4617982017216
9.6,846.4195695740594
9.8,847.3565241887551
10.0,848.2728591974098
10.2,849.1687821283348
10.4,850.0445101714903
10.6,850.9002694364827
10.8,851.7362941932278
11.0,852.5528261040351
11.2,853.3501134549894
11.4,854.12841039362
11.6,854.8879761789843
11.8,855.629074449428
12.0,856.3519725124715
12.2,857.0569406604872
12.4,857.7442515150963
12.6,858.4141794025359
12.8,859.0669997616137
13.0,859.7029885853073
13.2,860.3224218965463
13.4,860.9255752582784
13.6,861.5127233175159
13.8,862.0841393827357
14.0,862.6400950337179
14.2,863.1808597626806
14.4,863.7067006453873
14.6,864.2178820407578
14.8,864.7146653174219
15.0,865.1973086055816
15.2,865.6660665725168
15.4,866.1211902200647
15.6,866.5629267024129
15.8,866.9915191625862
16.0,867.4072065860545
16.2,867.8102236699559
16.4,868.2008007064984
16.6,868.5791634791854
16.8,868.9455331705977
17.0,869.3001262805468
17.2,869.6431545535063
17.4,869.974824914317
17.6,870.2953394112437
17.8,870.6048951655487
18.0,870.9036843268233
18.2,871.1918940333992
18.4,871.4697063772254
18.6,871.7372983726707
18.8,871.9948419287658
19.0,872.2425038244614
19.2,872.4804456865248
19.4,872.7088239697479
19.6,872.9277899391793
19.8,873.1374896541323
20.0,873.3380639537502
20.2,873.5296484439478
20.4,873.712373485564
20.6,873.8863641835911
20.8,874.0517403773632
21.0,874.2086166316033
21.2,874.3571022282434
21.4,874.4973011589462
21.6,874.6293121182662
21.8,874.7532284973987
22.0,874.8691383784721
22.2,874.9771245293458
22.4,875.0772643988819
22.6,875.1696301126631
22.8,875.2542884691346
23.0,875.3313009361493
23.2,875.4007236478984
23.4,875.4626074022148
23.6,875.5169976582342
23.8,875.5639345344059
24.0,875.6034528068393
24.2,875.6355819079839
24.4,875.6603459256305
24.6,875.6777636022308
24.8,875.68784833453
25.0,875.6906081735069
25.2,875.686045824621
25.4,875.6741586483621
25.6,875.6549386611019
25.8,875.6283725362465
26.0,875.5944416056914
26.2,875.5531218615768
26.4,875.5043839583493
26.6,875.4481932151292
26.8,875.3845096183879
27.0,875.3132878249417
27.2,875.2344771652645
27.4,875.1480216471309
27.6,875.0538599595927
27.8,874.9519254773032
28.0,874.8421462651994
28.2,874.7244450835552
28.4,874.5987393934261
28.6,874.4649413624999
28.8,874.3229578713828
29.0,874.1726905203456
29.2,874.0140356365653
29.4,873.8468842819013
29.6,873.6711222612562
29.8,873.4866301315749
30.0,873.293283211554
30.2,873.0909515921367
30.4,872.8795001478923
30.6,872.6587885493896
30.8,872.4286712766963
31.0,872.1889976341573
31.2,871.9396117666344
31.4,871.6803526774107
31.6,871.4110542480083
31.8,871.1315452601923
32.0,870.8416494204849
32.2,870.5411853875568
32.4,870.2299668029094
32.6,869.9078023253264
32.8,869.5744956696255
33.0,869.2298456503104
33.2,868.873646230796
33.4,868.5056865789504
33.6,868.1257511297794
33.8,867.7336196561613
34.0,867.3290673486277
34.2,866.9118649052683
34.4,866.4817786329311
34.6,866.0385705609748
34.8,865.5819985689137
35.0,865.111816529376
35.2,864.6277744678698
35.4,864.1296187409142
35.6,863.6170922341436
35.8,863.0899345820271
36.0,862.5478824108628
36.2,861.990669606699
36.4,861.4180276097994
36.6,860.8296857372053
36.8,860.2253715348495
37.0,859.6048111605361
37.2,858.9677297989184
37.4,858.31385210938
37.6,857.6429027074445
37.8,856.954606680002
38.0,856.2486901342606
38.2,855.5248807798718
38.4,854.7829085431824
38.6,854.0225062119944
38.8,853.2434101085903
39.0,852.4453607881051
39.2,851.6281037585917
39.4,850.7913902183504
39.6,849.9349778052725
39.8,849.0586313521046
40.0,848.1621236406639
40.2,847.2452361471621
40.4,846.307759769922
40.6,845.3494955299142
40.8,844.3702552337309
41.0,843.3698620878544
41.2,842.3481512523877
41.4,841.3049703218321
41.6,840.2401797200152
41.8,839.1536529959403
42.0,838.0452770071375
42.2,836.9149519770984
42.4,835.762591413552
42.6,834.5881218747428
42.8,833.3914825714882
43.0,832.1726247936434
43.2,830.9315111507037
43.4,829.6681146176081
43.6,828.3824173784064
43.8,827.0744094622733
44.0,825.7440871684153
44.2,824.3914512786976
44.4,823.0165050592857
44.6,821.6192520552447
44.8,820.1996936848223
45.0,818.7578266430361
45.2,817.2936401271394
45.4,815.8071128995225
45.6,814.2982102065647
45.8,812.7668805748331
46.0,811.213052508789
46.2,809.6366311167465
46.4,808.0374946941843
46.6,806.4154912956029
46.8,804.7704353278692
47.0,803.1021041993868
47.2,801.4102350604128
47.4,799.6945216703846
47.6,797.9546114281906
47.8,796.1901026009067
48.0,794.4005417856013
48.2,792.5854216373871
48.4,790.7441788949822
48.6,788.8761927326292
48.8,786.9807834643583
49.0,785.0572116232772
49.2,783.1046774348895
49.4,781.122320699409
49.6,779.1092210937364
49.8,777.0643988992207
50.0,774.9868161566468
