0.0,779.1942048547444
0.2,781.6196146812597
0.4,783.9956596673386
0.6,786.3232902949455
0.8,788.603439888283
1.0,790.8370239123116
1.2,793.0249393771138
1.4,795.1680643497087
1.6,797.2672575737255
1.8,799.3233581961675
2.0,801.3371855993603
2.2,803.3095393351061
2.4,805.241199157072
2.6,807.1329251465255
2.8,808.9854579257362
3.0,810.7995189526586
3.2,812.5758108899428
3.4,814.3150180408618
3.6,816.017806844417
3.8,817.6848264216718
4.0,819.3167091652812
4.2,820.9140713642046
4.4,822.4775138557261
4.6,824.0076226971387
4.8,825.5049698497627
5.0,826.9701138683696
5.2,828.4036005895396
5.4,829.8059638129948
5.6,831.1777259705051
5.8,832.5193987775401
6.0,833.8314838634461
6.2,835.1144733765185
6.4,836.3688505609498
6.6,837.5950903032086
6.8,838.7936596459688
7.0,839.9650182682416
7.2,841.1096189308604
7.4,842.2279078869248
7.6,843.3203252572271
7.8,844.3873053710583
8.0,845.4292770731101
8.2,846.4466639974767
8.4,847.439884809988
8.6,848.4093534203072
8.8,849.3554791653625
9.0,850.27866696581
9.2,851.179317457291
9.4,852.0578270982952
9.6,852.9145882564598
9.8,853.7499892751198
10.0,854.5644145219014
10.2,855.3582444210971
10.4,856.1318554714979
10.6,856.8856202512881
10.8,857.6199074115176
11.0,858.3350816595831
11.2,859.0315037340492
11.4,859.7095303720517
11.6,860.3695142704219
11.8,861.0118040415824
12.0,861.6367441651687
12.2,862.2446749362394
12.4,862.8359324108612
12.6,863.4108483497647
12.8,863.9697501606981
13.0,864.5129608400331
13.2,865.0407989141133
13.4,865.5535783807748
13.6,866.0516086514123
13.8,866.5351944939198
14.0,867.004635976783
14.2,867.4602284145637
14.4,867.9022623149785
14.6,868.3310233277418
14.8,868.746792195312
15.0,869.1498447056546
15.2,869.5404516471125
15.4,869.9188787654516
15.6,870.2853867231292
15.8,870.6402310608239
16.0,870.983662161238
16.2,871.3159252151826
16.4,871.6372601899342
16.6,871.9479017998477
16.8,872.2480794791956
17.0,872.5380173571996
17.2,872.8179342352098
17.4,873.0880435659805
17.6,873.3485534349867
17.8,873.5996665437187
18.0,873.841580194889
18.2,874.0744862794774
18.4,874.2985712655419
18.6,874.5140161887173
18.8,874.7209966443165
19.0,874.9196827809559
19.2,875.1102392956154
19.4,875.2928254300468
19.6,875.467594968443
19.8,875.6346962362774
20.0,875.7942721002236
20.2,875.9464599690659
20.4,876.0913917955104
20.6,876.2291940788053
20.8,876.3599878680853
21.0,876.4838887663487
21.2,876.6010069349832
21.4,876.7114470987538
21.6,876.8153085511735
21.8,876.9126851601721
22.0,877.0036653739868
22.2,877.0883322272011
22.4,877.1667633468574
22.6,877.2390309585745
22.8,877.3052018926052
23.0,877.3653375897703
23.2,877.4194941072136
23.4,877.4677221239195
23.6,877.510066945946
23.8,877.5465685113263
24.0,877.5772613945971
24.2,877.6021748109173
24.4,877.6213326197435
24.6,877.634753328037
24.8,877.6424500929768
25.0,877.6444307241628
25.2,877.6406976852967
25.4,877.6312480953292
25.6,877.616073729075
25.8,877.5951610172957
26.0,877.5684910462573
26.2,877.5360395567749
26.4,877.4977769427614
26.6,877.4536682493043
26.8,877.4036731702917
27.0,877.3477460456272
27.2,877.2858358580621
27.4,877.2178862296902
27.6,877.143835418149
27.8,877.0636163125761
28.0,876.9771564293748
28.2,876.8843779078466
28.4,876.7851975057516
28.6,876.6795265948604
28.8,876.567271156567
29.0,876.4483317776345
29.2,876.3226036461457
29.4,876.1899765477369
29.6,876.0503348621951
29.8,875.9035575604973
30.0,875.7495182023796
30.2,875.5880849345164
30.4,875.4191204894
30.6,875.2424821850069
30.8,875.0580219253374
31.0,874.8655862019205
31.2,874.6650160963695
31.4,874.4561472840796
31.6,874.2388100391537
31.8,874.0128292406447
32.0,873.7780243801996
32.2,873.534209571189
32.4,873.2811935594053
32.6,873.0187797354091
32.8,872.7467661485988
33.0,872.4649455230785
33.2,872.1731052753951
33.4,871.8710275342047
33.6,871.5584891619349
33.8,871.2352617784919
34.0,870.901111787066
34.2,870.555800402072
34.4,870.1990836792619
34.6,869.830712548033
34.8,869.4504328459464
35.0,869.0579853554601
35.2,868.6531058428691
35.4,868.2355250994285
35.6,867.8049689846242
35.8,867.3611584715336
36.0,866.9038096942036
36.2,866.4326339969464
36.4,865.9473379854346
36.6,865.4476235794431
36.8,864.9331880670583
37.0,864.4037241601403
37.2,863.8589200507826
37.4,863.2984594684701
37.6,862.7220217375966
37.8,862.1292818349357
38.0,861.5199104466155
38.2,860.893574024077
38.4,860.2499348384241
38.6,859.5886510325083
38.8,858.9093766700021
39.0,858.2117617806334
39.2,857.4954524006649
39.4,856.7600906076025
39.6,856.005314548024
39.8,855.2307584573157
40.0,854.4360526700028
40.2,853.6208236192567
40.4,852.7846938240657
40.6,851.9272818624562
40.8,851.0482023290657
41.0,850.1470657752878
41.2,849.2234786301434
41.4,848.2770430999813
41.6,847.3073570450791
41.8,846.3140138312094
42.0,845.2966021542481
42.2,844.2547058359597
42.4,843.1879035891667
42.6,842.0957687506417
42.8,840.9778689802147
43.0,839.8337659247969
43.2,838.6630148462781
43.4,837.4651642125468
43.6,836.2397552512415
43.8,834.9863214662294
44.0,833.7043881172623
44.2,832.3934716637453
44.4,831.0530791740887
44.6,829.6827077026825
44.8,828.2818436371349
45.0,826.8499620190393
45.2,825.3865258421752
45.4,823.890985332691
45.6,822.3627772164591
45.8,820.8013239794108
46.0,819.206033127253
46.2,817.576296451516
46.4,815.9114893093696
46.6,814.2109699250735
46.8,812.4740787212626
47.0,810.7001376885125
47.2,808.8884498017779
47.4,807.0382984923134
47.6,805.1489471835955
47.8,803.2196388995413
48.0,801.2495959529567
48.2,799.2380197216662
48.4,797.1840905191542
48.6,795.0869675658005
48.8,792.9457890659334
49.0,790.7596723949463
49.2,788.5277143996551
49.4,786.2489918139224
49.6,783.9225617903556
49.8,781.5474625476261
50.0,779.1227141316626
