0.0,776.7941333965114
0.2,778.8069055447756
0.4,780.7908957615603
0.6,782.7472100677946
0.8,784.6768673242798
1.0,786.5807979885003
1.2,788.459843668095
1.4,790.3147574600621
1.6,792.1462050539187
1.8,793.9547665667569
2.0,795.7409390686063
2.2,797.5051397479039
2.4,799.2477096593348
2.6,800.9689179899502
2.8,802.6689667743834
3.0,804.3479959862292
3.2,806.006088930255
3.4,807.6432778590603
3.6,809.2595497380677
3.8,810.854852084258
4.0,812.42909880675
4.2,813.982175981082
4.4,815.5139474937478
4.6,817.024260499018
4.8,818.5129506362229
5.0,819.9798469622887
5.2,821.4247765612859
5.4,822.847568799884
5.6,824.2480592047817
5.8,825.6260929452404
6.0,826.9815279106824
6.2,828.3142373797895
6.4,829.6241122835747
6.6,830.9110630704043
6.8,832.175021185869
7.0,833.415940184686
7.2,834.6337964954407
7.4,835.8285898619306
7.6,837.00034348716
7.8,838.1491039076765
8.0,839.2749406269618
8.2,840.3779455370357
8.4,841.458232157357
8.6,842.51593471955
8.8,843.551207125531
9.0,844.5642218052943
9.2,845.5551684990313
9.4,846.5242529864322
9.6,847.4716957840482
9.8,848.3977308294991
10.0,849.3026041691783
10.2,850.1865726639529
10.4,851.0499027252499
10.6,851.8928690918681
10.8,852.7157536559153
11.0,853.518844344447
11.2,854.3024340616935
11.4,855.0668196952421
11.6,855.8123011881622
11.8,856.539180677858
12.0,857.2477617013891
12.2,857.9383484661138
12.4,858.6112451837713
12.6,859.2667554655335
12.8,859.9051817750905
13.0,860.5268249364996
13.2,861.1319836932893
13.4,861.7209543151772
13.6,862.2940302487028
13.8,862.8515018080882
14.0,863.3936559027173
14.2,863.9207757977358
14.4,864.4331409044352
14.6,864.9310265972641
14.8,865.4147040545128
15.0,865.8844401199296
15.2,866.3404971827525
15.4,866.7831330738535
15.6,867.2126009759139
15.8,867.6291493457626
16.0,868.0330218472023
16.2,868.4244572928479
16.4,868.8036895936672
16.6,869.1709477150888
16.8,869.5264556386829
17.0,869.8704323285588
17.2,870.2030917017446
17.4,870.5246426019249
17.6,870.8352887760052
17.8,871.135228853055
18.0,871.4246563252614
18.2,871.7037595305806
18.4,871.9727216368342
18.6,872.2317206270415
18.8,872.4809292858178
19.0,872.7205151867042
19.2,872.9506406803173
19.4,873.1714628832316
19.6,873.3831336675287
19.8,873.5857996509549
20.0,873.7796021876479
20.2,873.9646773593965
20.4,874.1411559674083
20.6,874.3091635245629
20.8,874.4688202481344
21.0,874.6202410529669
21.2,874.7635355450926
21.4,874.898808015778
21.6,875.0261574359894
21.8,875.1456774512685
22.0,875.2574563770054
22.2,875.3615771940993
22.4,875.4581175449986
22.6,875.5471497301081
22.8,875.6287407045546
23.0,875.7029520752986
23.2,875.7698400985843
23.4,875.8294556777143
23.6,875.8818443611455
23.8,875.927046340888
24.0,875.9650964512083
24.2,875.9960241676197
24.4,876.0198536061589
24.6,876.0366035229391
24.8,876.0462873139751
25.0,876.0489130152754
25.2,876.0444833031983
25.4,876.0329954950689
25.6,876.0144415500569
25.8,875.9888080703117
26.0,875.9560763023612
26.2,875.91622213877
26.4,875.8692161200635
26.6,875.8150234369226
26.8,875.7536039326496
27.0,875.6849121059156
27.2,875.6088971137922
27.4,875.525502775075
27.6,875.4346675739076
27.8,875.3363246637128
28.0,875.2304018714374
28.2,875.1168217021208
28.4,874.9955013437938
28.6,874.8663526727163
28.8,874.7292822589604
29.0,874.5841913723467
29.2,874.4309759887415
29.4,874.2695267967201
29.6,874.0997292046059
29.8,873.9214633478888
30.0,873.734604097033
30.2,873.5390210656825
30.4,873.3345786192729
30.6,873.121135884064
30.8,872.8985467566092
31.0,872.6666599136822
31.2,872.425318822688
31.4,872.1743617525989
31.6,871.9136217854584
31.8,871.6429268285185
32.0,871.362099627088
32.2,871.0709577781955
32.4,870.7693137451938
32.6,870.4569748734674
32.8,870.133743407442
33.0,869.7994165091401
33.2,869.453786278584
33.4,869.0966397764045
33.6,868.7277590490941
33.8,868.3469211574177
34.0,867.9538982085995
34.2,867.5484573930029
34.4,867.1303610261496
34.6,866.6993665970521
34.8,866.2552268239867
35.0,865.7976897189953
35.2,865.3264986625795
35.4,864.841392490243
35.6,864.342105592733
35.8,863.8283680320468
36.0,863.2999056754844
36.2,862.7564403502475
36.4,862.1976900213056
36.6,861.6233689954646
36.8,861.033188154775
37.0,860.4268552225982
37.2,859.8040750658051
37.4,859.1645500367031
37.6,858.5079803583556
37.8,857.8340645569764
38.0,857.1424999450262
38.2,856.4329831584978
38.4,855.7052107516541
38.6,854.9588798521365
38.8,854.1936888789088
39.0,853.4093383249091
39.2,852.6055316055541
39.4,851.781975973357
39.6,850.9383834978747
39.8,850.0744721090084
40.0,849.1899667003047
40.2,848.2846002873894
40.4,847.3581152149815
40.6,846.4102644041259
40.8,845.4408126293359
41.0,844.4495378133088
41.2,843.436232324763
41.4,842.4007042628131
41.6,841.342778709162
41.8,840.2622989273116
42.0,839.1591274860255
42.2,838.033147282464
42.4,836.88426243883
42.6,835.7123990450561
42.8,834.5175057191185
43.0,833.2995539560062
43.2,832.0585382363121
43.4,830.7944758658525
43.6,829.5074065187531
43.8,828.1973914580755
44.0,826.8645124103481
44.2,825.5088700733154
44.4,824.1305822398378
44.6,822.7297815251612
44.8,821.3066126896781
45.0,819.8612295548071
45.2,818.393791515639
45.4,816.904459660463
45.6,815.393392514104
45.8,813.8607414290523
46.0,812.3066456555201
46.2,810.7312271286875
46.4,809.134585018343
46.6,807.5167900927347
46.8,805.8778789545662
47.0,804.2178482125457
47.2,802.5366486565736
47.4,800.8341795083951
47.6,799.11028282223
47.8,797.3647381114021
48.0,795.5972572772553
48.2,793.8074799155852
48.4,791.994969073414
48.6,790.1592075251788
48.8,788.2995946323189
49.0,786.4154438438966
49.2,784.5059808883477
49.4,782.5703426978583
49.6,780.607577097344
49.8,778.616643279732
50.0,776.5964130784073
