0.0,861.655681973555
0.2,862.3096300407283
0.4,862.9481069557385
0.6,863.5713019625007
0.8,864.179405859814
1.0,864.7726109950789
1.2,865.3511112518281
1.4,865.915102031032
1.6,866.4647802261716
1.8,867.0003441920875
2.0,867.5219937076445
2.2,868.0299299322702
2.4,868.5243553564538
2.6,869.0054737463115
2.8,869.4734900823472
3.0,869.9286104925621
3.2,870.3710421800831
3.4,870.8009933455037
3.6,871.2186731041505
3.8,871.6242913985021
4.0,872.01805890601
4.2,872.400186942582
4.4,872.7708873620087
4.6,873.1303724516205
4.8,873.4788548244804
5.0,873.8165473084256
5.2,874.1436628322805
5.4,874.4604143095727
5.6,874.7670145200891
5.8,875.0636759896149
6.0,875.3506108681999
6.2,875.6280308073027
6.4,875.8961468361605
6.6,876.1551692377317
6.8,876.4053074245596
7.0,876.6467698148982
7.2,876.879763709439
7.4,877.1044951689694
7.6,877.3211688932904
7.8,877.5299881017071
8.0,877.7311544153989
8.2,877.9248677419694
8.4,878.1113261624557
8.6,878.290725821075
8.8,878.4632608179613
9.0,878.6291231051455
9.2,878.7885023860009
9.4,878.9415860183773
9.6,879.0885589216168
9.8,879.2296034876396
10.0,879.3648994962629
10.2,879.4946240349057
10.4,879.6189514228105
10.6,879.7380531398979
10.8,879.852097760354
11.0,879.9612508910302
11.2,880.0656751147211
11.4,880.1655299383673
11.6,880.2609717462141
11.8,880.3521537579409
12.0,880.4392259917593
12.2,880.5223352324641
12.4,880.6016250044037
12.6,880.677235549324
12.8,880.7493038090265
13.0,880.8179634127653
13.2,880.8833446692962
13.4,880.9455745634814
13.6,881.0047767573382
13.8,881.0610715954111
14.0,881.1145761143392
14.2,881.1654040564763
14.4,881.2136658874184
14.6,881.259468817283
14.8,881.3029168255763
15.0,881.3441106894822
15.2,881.3831480153997
15.4,881.4201232735483
15.6,881.4551278354636
15.8,881.4882500141943
16.0,881.5195751070167
16.2,881.5491854404771
16.4,881.5771604175702
16.6,881.6035765668672
16.8,881.6285075934009
17.0,881.6520244311185
17.2,881.6741952967177
17.4,881.6950857446752
17.6,881.7147587232885
17.8,881.7332746315477
18.0,881.7506913766605
18.2,881.767064432056
18.4,881.7824468956975
18.6,881.7968895485382
18.8,881.8104409129581
19.0,881.8231473110263
19.2,881.8350529224343
19.4,881.8461998419565
19.6,881.8566281362954
19.8,881.8663759001738
20.0,881.8754793115452
20.2,881.8839726857955
20.4,881.8918885288178
20.6,881.8992575888457
20.8,881.9061089069335
21.0,881.9124698659855
21.2,881.918366238232
21.4,881.9238222310618
21.6,881.9288605311227
21.8,881.933502346611
22.0,881.9377674476694
22.2,881.9416742048243
22.4,881.9452396253952
22.6,881.948479387813
22.8,881.9514078737917
23.0,881.9540381982989
23.2,881.9563822372781
23.4,881.9584506530772
23.6,881.9602529175447
23.8,881.9617973327571
24.0,881.9630910493456
24.2,881.9641400823938
24.4,881.9649493248829
24.6,881.9655225586637
24.8,881.9658624629369
25.0,881.9659706202323
25.2,881.9658475198714
25.4,881.9654925589135
25.6,881.9649040405773
25.8,881.9640791701415
26.0,881.9630140483279
26.2,881.9617036621746
26.4,881.9601418734112
26.6,881.9583214043488
26.8,881.9562338213063
27.0,881.9538695155934
27.2,881.951217682075
27.4,881.9482662953502
27.6,881.945002083576
27.8,881.9414104999778
28.0,881.9374756920831
28.2,881.9331804687304
28.4,881.9285062649009
28.6,881.923433104429
28.8,881.9179395606513
29.0,881.9120027150602
29.2,881.9055981140301
29.4,881.8986997236913
29.6,881.8912798830331
29.8,881.8833092553189
30.0,881.8747567779047
30.2,881.8655896105574
30.4,881.8557730823736
30.6,881.8452706374052
30.8,881.8340437791059
31.0,881.8220520137145
31.2,881.8092527927002
31.4,881.7956014543985
31.6,881.7810511649708
31.8,881.7655528588314
32.0,881.7490551786824
32.2,881.7315044153112
32.4,881.7128444473026
32.6,881.693016680829
32.8,881.6719599896803
33.0,881.649610655705
33.2,881.6259023098349
33.4,881.6007658738688
33.6,881.5741295031976
33.8,881.545918530653
34.0,881.5160554116633
34.2,881.4844596709066
34.4,881.4510478506488
34.6,881.4157334609566
34.8,881.3784269319755
35.0,881.3390355684639
35.2,881.2974635067715
35.4,881.2536116744496
35.6,881.207377752681
35.8,881.1586561417093
36.0,881.1073379294501
36.2,881.0533108634555
36.4,880.9964593264059
36.6,880.9366643152891
36.8,880.8738034244282
37.0,880.8077508325042
37.2,880.7383772937206
37.4,880.6655501332384
37.6,880.5891332470089
37.8,880.508987106115
38.0,880.4249687657252
38.2,880.3369318787505
38.4,880.2447267142805
38.6,880.1482001808669
38.8,880.0471958547022
39.0,879.9415540127344
39.2,879.8311116707355
39.4,879.7157026263357
39.6,879.5951575070104
39.8,879.4693038229975
40.0,879.3379660251036
40.2,879.2009655673398
40.4,879.0581209743151
40.6,878.9092479132921
40.8,878.7541592708011
41.0,878.5926652336816
41.2,878.4245733744137
41.4,878.2496887405775
41.6,878.0678139482651
41.8,877.8787492792546
42.0,877.682292781739
42.2,877.4782403743857
42.4,877.2663859534916
42.6,877.0465215029827
42.8,876.8184372069925
43.0,876.5819215647441
43.2,876.3367615074488
43.4,876.0827425169203
43.6,875.8196487455988
43.8,875.547263137667
44.0,875.2653675509365
44.2,874.9737428791711
44.4,874.6721691745166
44.6,874.3604257696957
44.8,874.0382913996284
45.0,873.7055443221388
45.2,873.3619624374041
45.4,873.0073234058094
45.6,872.6414047638712
45.8,872.2639840379003
46.0,871.8748388550798
46.2,871.4737470516392
46.4,871.060486777818
46.6,870.6348365993226
46.8,870.1965755949874
47.0,869.7454834503709
47.2,869.2813405470256
47.4,868.8039280471997
47.6,868.3130279737447
47.8,867.8084232850191
48.0,867.2898979445989
48.2,866.7572369856244
48.4,866.2102265696342
48.6,865.6486540397561
48.8,865.0723079681511
49.0,864.4809781976235
49.2,863.8744558773384
49.4,863.252533492608
49.6,862.6150048887324
49.8,861.9616652889052
50.0,861.2923113062178
