0.0,841.1020213646929
0.2,843.2765417776943
0.4,845.3153287784445
0.6,847.2170125649365
0.8,848.982533115493
1.0,850.614999682568
1.2,852.1194589882274
1.4,853.5025916247642
1.6,854.7723600167529
1.8,855.9376328656218
2.0,857.0078103019599
2.2,857.9924712935292
2.4,858.901060671217
2.6,859.7426280280442
2.8,860.5256253328567
3.0,861.2577649440834
3.2,861.9459352605987
3.4,862.5961678070873
3.6,863.2136472602965
3.8,863.802754771703
4.0,864.367134804118
4.2,864.9097763678895
4.4,865.4331007718275
4.6,865.9390495490401
4.8,866.4291678604385
5.0,866.9046802463544
5.2,867.3665569705668
5.4,867.8155703144492
5.6,868.2523410103929
5.8,868.677375565943
6.0,869.09109555853
6.2,869.4938601222706
6.4,869.8859828528081
6.6,870.2677442698221
6.8,870.6394008386204
7.0,871.0011913922344
7.2,871.3533416348906
7.4,871.6960672600147
7.6,872.0295760881243
7.8,872.3540695246108
8.0,872.6697435539514
8.2,872.9767894230108
8.4,873.2753941186976
8.6,873.5657407110291
8.8,873.848008608612
9.0,874.1223737570425
9.2,874.3890087996675
9.4,874.648083212897
9.6,874.8997634236028
9.8,875.1442129132231
10.0,875.3815923113892
10.2,875.6120594808197
10.4,875.8357695945859
10.6,876.0528752064961
10.8,876.2635263151337
11.0,876.4678704219862
11.2,876.6660525840323
11.4,876.8582154611379
11.6,877.0444993585837
11.8,877.2250422650508
12.0,877.3999798863784
12.2,877.5694456754065
12.4,877.7335708582044
12.6,877.8924844569885
12.8,878.0463133100153
13.0,878.1951820887298
13.2,878.3392133124397
13.4,878.4785273607705
13.6,878.6132424841475
13.8,878.7434748125348
14.0,878.8693383626497
14.2,878.9909450438566
14.4,879.1084046629286
14.6,879.2218249278543
14.8,879.3313114508506
15.0,879.4369677507317
15.2,879.5388952547668
15.4,879.6371933001509
15.6,879.7319591351978
15.8,879.8232879203545
16.0,879.9112727291205
16.2,879.9960045489521
16.4,880.0775722822153
16.6,880.1560627472419
16.8,880.2315606795399
17.0,880.3041487331936
17.2,880.3739074824857
17.4,880.4409154237666
17.6,880.5052489775858
17.8,880.5669824910987
18.0,880.6261882407539
18.2,880.682936435261
18.4,880.7372952188372
18.6,880.7893306747231
18.8,880.8391068289573
19.0,880.8866856543941
19.2,880.9321270749502
19.4,880.9754889700557
19.6,881.0168271792925
19.8,881.0561955071927
20.0,881.0936457281758
20.2,881.1292275915948
20.4,881.1629888268668
20.6,881.1949751486585
20.8,881.2252302621007
21.0,881.2537958680014
21.2,881.2807116680294
21.4,881.3060153698424
21.6,881.3297426921275
21.8,881.3519273695314
22.0,881.3726011574495
22.2,881.3917938366507
22.4,881.4095332177103
22.6,881.4258451452296
22.8,881.4407535018162
23.0,881.4542802118044
23.2,881.4664452446962
23.4,881.4772666183006
23.6,881.4867604015576
23.8,881.4949407170245
24.0,881.5018197430164
24.2,881.5074077153827
24.4,881.5117129289091
24.6,881.5147417383375
24.8,881.5164985589913
25.0,881.5169858670035
25.2,881.5162041991413
25.4,881.5141521522224
25.6,881.5108263821263
25.8,881.5062216023955
26.0,881.5003305824337
26.2,881.4931441453028
26.4,881.4846511651255
26.6,881.4748385640991
26.8,881.463691309134
27.0,881.4511924081232
27.2,881.4373229058593
27.4,881.4220618796112
27.6,881.4053864343774
27.8,881.387271697832
28.0,881.3676908149855
28.2,881.3466149425761
28.4,881.3240132432169
28.6,881.2998528793207
28.8,881.2740990068252
29.0,881.2467147687455
29.2,881.2176612885792
29.4,881.1868976635899
29.6,881.1543809579996
29.8,881.1200661961137
30.0,881.0839063554118
30.2,881.0458523596304
30.4,881.0058530718673
30.6,880.9638552877364
30.8,880.9198037286026
31.0,880.8736410349237
31.2,880.8253077597273
31.4,880.7747423622498
31.6,880.7218812017636
31.8,880.6666585316142
32.0,880.6090064934914
32.2,880.5488551119552
32.4,880.4861322892325
32.6,880.4207638003011
32.8,880.3526732882727
33.0,880.2817822600833
33.2,880.2080100824953
33.4,880.1312739784121
33.6,880.0514890235011
33.8,879.9685681431126
34.0,879.8824221094843
34.2,879.7929595392018
34.4,879.7000868908945
34.6,879.6037084631245
34.8,879.5037263924288
35.0,879.4000406514597
35.2,879.292549047163
35.4,879.1811472189244
35.6,879.0657286366009
35.8,878.946184598348
36.0,878.822404228141
36.2,878.6942744728727
36.4,878.5616800989097
36.6,878.4245036879622
36.8,878.282625632124
37.0,878.1359241279183
37.2,877.9842751691756
37.4,877.8275525385586
37.6,877.6656277975346
37.8,877.4983702745861
38.0,877.3256470514391
38.2,877.1473229470773
38.4,876.9632604992993
38.6,876.7733199435725
38.8,876.5773591889218
39.0,876.375233790594
39.2,876.1667969192226
39.4,875.9518993262238
39.6,875.7303893051402
39.8,875.5021126486439
40.0,875.266912600896
40.2,875.0246298049266
40.4,874.7751022446438
40.6,874.5181651809678
40.8,874.2536510813829
41.0,873.9813895418392
41.2,873.7012071993055
41.4,873.4129276322034
41.6,873.1163712441765
41.8,872.8113551237587
42.0,872.497692867902
42.2,872.1751943501611
42.4,871.8436654033958
42.6,871.5029073705495
42.8,871.1527164532993
43.0,870.7928827545921
43.2,870.4231888642475
43.4,870.0434077737228
43.6,869.653299823696
43.8,869.2526082840575
44.0,868.8410530396804
44.2,868.4183217094321
44.4,867.9840573673144
44.6,867.5378418765932
44.8,867.0791737112435
45.0,866.6074390537369
45.2,866.1218749625976
45.4,865.6215235429429
45.6,865.1051763775439
45.8,864.5713090311858
46.0,864.0180062621712
46.2,863.442879674337
46.4,862.8429808996809
46.6,862.2147149498476
46.8,861.5537599968147
47.0,860.8550013689204
47.2,860.1124887624815
47.4,859.3194263290038
47.6,858.4682051616111
47.8,857.5504865676776
48.0,856.5573422520627
48.2,855.4794541384306
48.4,854.3073721631663
48.6,853.031823284413
48.8,851.6440596029017
49.0,850.1362284481214
49.2,848.5017431503813
49.4,846.7356305762507
49.6,844.8348308186861
49.8,842.7984259795983
50.0,840.6277787886412
