0.0,863.3374398731012
0.2,863.9714102571692
0.4,864.5897034887198
0.6,865.1925082823306
0.8,865.7800157255423
1.0,866.3524192801036
1.2,866.9099147736487
1.4,867.4527003817668
1.6,867.9809766004649
1.8,868.4949462090625
2.0,868.9948142235977
2.2,869.4807878408694
2.4,869.9530763732678
2.6,870.4118911745954
2.8,870.8574455571082
3.0,871.2899547000476
3.2,871.7096355499633
3.4,872.1167067131637
3.6,872.5113883406569
3.8,872.8939020059746
4.0,873.2644705762996
4.2,873.6233180773391
4.4,873.9706695524095
4.6,874.3067509162138
4.8,874.6317888038184
5.0,874.9460104153393
5.2,875.2496433568697
5.4,875.5429154781826
5.6,875.8260547077557
5.8,876.0992888856632
6.0,876.3628455948876
6.2,876.6169519915998
6.4,876.8618346349518
6.6,877.0977193169258
6.8,877.3248308927703
7.0,877.5433931125455
7.2,877.753628454291
7.4,877.955757959309
7.6,878.1500010700454
7.8,878.3365754710292
8.0,878.5156969333134
8.2,878.6875791628411
8.4,878.85243365313
8.6,879.0104695426572
8.8,879.1618934772897
9.0,879.3069094780876
9.2,879.4457188147768
9.4,879.5785198851627
9.6,879.7055081007275
9.8,879.8268757786263
10.0,879.9428120402697
10.2,880.0535027166493
10.4,880.1591302605384
10.6,880.2598736656709
10.8,880.3559083929702
11.0,880.4474063038801
11.2,880.5345356008164
11.4,880.6174607747337
11.6,880.6963425597825
11.8,880.771337894998
12.0,880.8425998929479
12.2,880.9102778152379
12.4,880.9745170547583
12.6,881.0354591245297
12.8,881.0932416529928
13.0,881.1479983855661
13.2,881.1998591922815
13.4,881.2489500812935
13.6,881.2953932180424
13.8,881.3393069498434
14.0,881.3808058356605
14.2,881.420000680815
14.4,881.4569985763737
14.6,881.4919029429526
14.8,881.5248135786653
15.0,881.5558267109484
15.2,881.5850350519852
15.4,881.6125278574527
15.6,881.6383909883155
15.8,881.6627069753899
16.0,881.6855550864055
16.2,881.7070113952902
16.4,881.7271488534134
16.6,881.7460373625232
16.8,881.763743849118
17.0,881.7803323400017
17.2,881.7958640387756
17.4,881.8103974030296
17.6,881.8239882219988
17.8,881.8366896944653
18.0,881.8485525066875
18.2,881.8596249101519
18.4,881.8699527989502
18.6,881.8795797865921
18.8,881.8885472820759
19.0,881.8968945650448
19.2,881.90465885987
19.4,881.9118754085081
19.6,881.9185775419897
19.8,881.924796750406
20.0,881.9305627512691
20.2,881.9359035561284
20.4,881.9408455353367
20.6,881.9454134808648
20.8,881.9496306670728
21.0,881.953518909356
21.2,881.9570986205829
21.4,881.9603888652598
21.6,881.9634074113552
21.8,881.9661707797264
22.0,881.9686942910963
22.2,881.9709921105324
22.4,881.973077289388
22.6,881.9749618046653
22.8,881.9766565957706
23.0,881.9781715986287
23.2,881.9795157771341
23.4,881.9806971519147
23.6,881.9817228263878
23.8,881.9825990100948
24.0,881.983331039297
24.2,881.9839233948202
24.4,881.9843797171411
24.6,881.9847028187037
24.8,881.9848946934598
25.0,881.9849565236283
25.2,881.9848886836694
25.4,881.9846907414704
25.6,881.9843614567419
25.8,881.9838987766236
26.0,881.983299828501
26.2,881.9825609100354
26.4,881.9816774764095
26.6,881.9806441247948
26.8,881.979454576048
27.0,881.9781016536423
27.2,881.9765772598448
27.4,881.9748723491558
27.6,881.9729768990182
27.8,881.9708798778211
28.0,881.9685692102128
28.2,881.9660317397502
28.4,881.9632531889104
28.6,881.9602181164952
28.8,881.9569098724646
29.0,881.9533105502388
29.2,881.9494009365131
29.4,881.945160458637
29.6,881.9405671296113
29.8,881.9355974907677
30.0,881.9302265521966
30.2,881.9244277310005
30.4,881.9181727874536
30.6,881.9114317591581
30.8,881.9041728932938
31.0,881.8963625770695
31.2,881.887965266485
31.4,881.8789434135324
31.6,881.869257391962
31.8,881.8588654217588
32.0,881.8477234924742
32.2,881.8357852855758
32.4,881.8230020959794
32.6,881.8093227529441
32.8,881.7946935405135
33.0,881.7790581177017
33.2,881.7623574386262
33.4,881.7445296728021
33.6,881.7255101258185
33.8,881.7052311606284
34.0,881.6836221196871
34.2,881.6606092481851
34.4,881.6361156186279
34.6,881.6100610570163
34.8,881.5823620708946
35.0,881.5529317795291
35.2,881.5216798464913
35.4,881.4885124149189
35.6,881.4533320457289
35.8,881.4160376590622
36.0,881.3765244792341
36.2,881.3346839834672
36.4,881.2904038546809
36.6,881.2435679386056
36.8,881.1940562054863
37.0,881.1417447166365
37.2,881.0865055960916
37.4,881.028207007605
37.6,880.9667131372199
37.8,880.9018841816373
38.0,880.8335763425902
38.2,880.7616418274141
38.4,880.6859288559995
38.6,880.6062816742799
38.8,880.5225405744064
39.0,880.4345419217295
39.2,880.3421181886924
39.4,880.2450979957209
39.6,880.1433061591656
39.8,880.0365637463366
40.0,879.9246881376374
40.2,879.8074930957895
40.4,879.6847888421025
40.6,879.5563821397258
40.8,879.4220763837864
41.0,879.2816716982923
41.2,879.1349650396503
41.4,878.9817503066216
41.6,878.8218184565095
41.8,878.6549576273457
42.0,878.4809532658148
42.2,878.2995882606297
42.4,878.1106430810407
42.6,877.9138959201443
42.8,877.709122842622
43.0,877.4960979365231
43.2,877.2745934686817
43.4,877.0443800433354
43.6,876.8052267634949
43.8,876.5569013945963
44.0,876.2991705299481
44.2,876.0317997574789
44.4,875.754553827267
44.6,875.4671968193371
44.8,875.1694923111878
45.0,874.8612035445199
45.2,874.5420935906217
45.4,874.2119255138753
45.6,873.8704625328419
45.8,873.5174681783942
46.0,873.1527064483677
46.2,872.7759419582102
46.4,872.3869400871241
46.6,871.9854671192074
46.8,871.5712903791156
47.0,871.1441783617897
47.2,870.7039008558088
47.4,870.2502290599588
47.6,869.7829356926261
47.8,869.3017950936597
48.0,868.8065833183686
48.2,868.297078223356
48.4,867.7730595439288
48.6,867.2343089628444
48.8,866.6806101702065
49.0,866.1117489143472
49.2,865.5275130435787
49.4,864.9276925387297
49.6,864.3120795364307
49.8,863.6804683431399
50.0,863.0326554399531
