0.0,816.6757816738232
0.2,818.6547179861623
0.4,820.589354282166
0.6,822.4799718412453
0.8,824.3268690970938
1.0,826.1303623276199
1.2,827.8907862463229
1.4,829.6084944922362
1.6,831.2838600162486
1.8,832.9172753623227
2.0,834.5091528428289
2.2,836.0599246079207
2.4,837.5700426095676
2.6,839.0399784615485
2.8,840.4702231973636
3.0,841.8612869286633
3.2,843.2136984073968
3.4,844.5280044954566
3.6,845.8047695461273
3.8,847.0445747021403
4.0,848.248017115577
4.2,849.4157090952666
4.4,850.548277187664
4.6,851.6463611974924
4.8,852.7106131546731
5.0,853.7416962342511
5.2,854.7402836361568
5.4,855.7070574317228
5.6,856.6427073838967
5.8,857.5479297480668
6.0,858.423426060337
6.2,859.2699019199624
6.4,860.0880657724915
6.6,860.8786276999391
6.8,861.6422982240723
7.0,862.3797871285966
7.2,863.0918023057155
7.4,863.7790486321865
7.6,864.442226879625
7.8,865.0820326634191
8.0,865.6991554342089
8.2,866.2942775154611
8.4,866.8680731902505
8.6,867.4212078399188
8.8,867.9543371368575
9.0,868.4681062932262
9.2,868.9631493670007
9.4,869.4400886263284
9.6,869.8995339727719
9.8,870.3420824236368
10.0,870.7683176532099
10.2,871.1788095923916
10.4,871.5741140858777
10.6,871.9547726057441
10.8,872.3213120200124
11.0,872.6742444145175
11.2,873.0140669661754
11.4,873.3412618655481
11.6,873.6562962864269
11.8,873.9596224000098
12.0,874.2516774311239
12.2,874.5328837538503
12.4,874.8036490238366
12.6,875.0643663445267
12.8,875.3154144645238
13.0,875.557158003284
13.2,875.7899477023627
13.4,876.0141206994626
13.6,876.2300008225859
13.8,876.4378989016557
14.0,876.6381130950525
14.2,876.8309292286011
14.4,877.0166211446447
14.6,877.195451058954
14.8,877.3676699233367
15.0,877.533517791936
15.2,877.6932241893322
15.4,877.8470084786998
15.6,877.9950802283945
15.8,878.1376395754892
16.0,878.2748775849026
16.2,878.4069766028991
16.4,878.5341106038693
16.6,878.6564455294193
16.8,878.7741396189299
17.0,878.8873437308519
17.2,878.996201654125
17.4,879.100850409209
17.6,879.2014205383191
17.8,879.2980363845506
18.0,879.3908163596659
18.2,879.479873200399
18.4,879.5653142132069
18.6,879.6472415074678
18.8,879.7257522171828
19.0,879.8009387113008
19.2,879.8728887928286
19.4,879.941685886937
19.6,880.0074092183063
19.8,880.0701339779928
20.0,880.1299314801188
20.2,880.1868693087147
20.4,880.2410114550559
20.6,880.2924184458542
20.8,880.341147462668
21.0,880.3872524529027
21.2,880.4307842327767
21.4,880.4717905826238
21.6,880.5103163348983
21.8,880.5464034552472
22.0,880.580091117001
22.2,880.6114157694229
22.4,880.640411200048
22.6,880.6671085914257
22.8,880.6915365725654
23.0,880.7137212653657
23.2,880.7336863262959
23.4,880.7514529835711
23.6,880.7670400700512
23.8,880.7804640520691
24.0,880.7917390543744
24.2,880.8008768813592
24.4,880.8078870347093
24.6,880.8127767276052
24.8,880.8155508955734
25.0,880.8162122040688
25.2,880.8147610528449
25.4,880.8111955771503
25.6,880.8055116457639
25.8,880.7977028558604
26.0,880.78776052468
26.2,880.7756736779476
26.4,880.7614290349701
26.6,880.7450109903157
26.8,880.7264015919617
27.0,880.7055805157693
27.2,880.6825250361309
27.4,880.6572099926088
27.6,880.6296077523648
27.8,880.5996881681642
28.0,880.5674185317142
28.2,880.5327635220798
28.4,880.4956851489039
28.6,880.4561426901394
28.8,880.4140926239877
29.0,880.3694885547229
29.2,880.3222811320696
29.4,880.2724179637875
29.6,880.2198435211136
29.8,880.1644990367022
30.0,880.1063223946967
30.2,880.045248012573
30.4,879.9812067143873
30.6,879.9141255950749
30.8,879.8439278754479
31.0,879.7705327475578
31.2,879.6938552101025
31.4,879.6138058935817
31.6,879.5302908749279
31.8,879.4432114813764
32.0,879.3524640833676
32.2,879.257939876327
32.4,879.1595246512082
32.6,879.0570985537437
32.8,878.9505358324092
33.0,878.8397045751724
33.2,878.7244664351714
33.4,878.6046763455516
33.6,878.4801822237699
33.8,878.3508246657755
34.0,878.2164366305693
34.2,878.0768431157528
34.4,877.9318608247846
34.6,877.7812978267821
34.8,877.6249532098209
35.0,877.4626167288113
35.2,877.294068449159
35.4,877.1190783875414
35.6,876.9374061512705
35.8,876.7488005778337
36.0,876.5529993763453
36.2,876.3497287727616
36.4,876.1387031608438
36.6,875.9196247609719
36.8,875.692183289031
37.0,875.4560556376935
37.2,875.2109055725283
37.4,874.9563834454528
37.6,874.6921259281199
37.8,874.417755767898
38.0,874.1328815691511
38.2,873.837097602556
38.4,873.5299836452085
38.6,873.2111048542668
38.8,872.8800116768493
39.0,872.5362397988612
39.2,872.1793101353468
39.4,871.8087288648732
39.6,871.4239875103281
39.8,871.0245630683673
40.0,870.6099181895778
40.2,870.1795014112215
40.4,869.7327474442023
40.6,869.2690775156511
40.8,868.7878997682426
41.0,868.2886097170679
41.2,867.7705907645588
41.4,867.2332147736205
41.6,866.6758426987659
41.8,866.0978252746653
42.0,865.4985037611326
42.2,864.8772107431589
42.4,864.2332709841892
42.6,863.566002330416
42.8,862.8747166634367
43.0,862.1587208981927
43.2,861.4173180226928
43.4,860.6498081756055
43.6,859.8554897574011
43.8,859.0336605703459
44.0,858.1836189822767
44.2,857.3046651087463
44.4,856.3961020078159
44.6,855.4572368814844
44.8,854.4873822775013
45.0,853.4858572850957
45.2,852.4519887179914
45.4,851.3851122779516
45.6,850.284573692023
45.8,849.1497298166216
46.0,847.97994970163
46.2,846.7746156077487
46.4,845.533123970481
46.6,844.2548863043091
46.8,842.9393300408627
47.0,841.5858992951679
47.2,840.1940555544099
47.4,838.7632782840348
47.6,837.2930654464544
47.8,835.782933928109
48.0,834.2324198711624
48.2,832.6410789066778
48.4,831.0084862867141
48.6,829.3342369134194
48.8,827.6179452638443
49.0,825.8592452098753
49.2,824.0577897333745
49.4,822.2132505373023
49.6,820.3253175543049
49.8,818.3936983549312
50.0,816.418117458338
