0.0,730.9178935236912
0.2,733.8257743469088
0.4,736.6797035070335
0.6,739.4807432570666
0.8,742.2299391888981
1.0,744.9283197093536
1.2,747.5768955611803
1.4,750.1766593897397
1.6,752.7285853559533
1.8,755.2336287958403
2.0,757.6927259267723
2.2,760.1067936003593
2.4,762.4767291016828
2.6,764.8034099943841
2.8,767.0876940109275
3.0,769.3304189871781
3.2,771.5324028402423
3.4,773.6944435883717
3.6,775.817319411557
3.8,777.9017887513065
4.0,779.9485904479626
4.2,781.9584439137948
4.4,783.9320493399949
4.6,785.8700879356131
4.8,787.773222196385
5.0,789.6420962013403
5.2,791.477335935028
5.4,793.2795496331523
5.6,795.0493281493925
5.8,796.7872453411634
6.0,798.4938584720768
6.2,800.1697086288772
6.4,801.8153211506492
6.6,803.4312060681319
6.8,805.017858551023
7.0,806.5757593612109
7.2,808.1053753099444
7.4,809.6071597170172
7.6,811.0815528701359
7.8,812.5289824827196
8.0,813.9498641484852
8.2,815.3446017912617
8.4,816.7135881085892
8.6,818.057205007761
8.8,819.3758240330774
9.0,820.6698067831912
9.2,821.9395053175372
9.4,823.1852625509464
9.6,824.4074126356592
9.8,825.606281330059
10.0,826.7821863535527
10.2,827.9354377271325
10.4,829.0663380992492
10.6,830.1751830567252
10.8,831.2622614205277
11.0,832.3278555263099
11.2,833.3722414897094
11.4,834.3956894564715
11.6,835.3984638375337
11.8,836.3808235292776
12.0,837.3430221192108
12.2,838.2853080773989
12.4,839.2079249340136
12.6,840.1111114434074
12.8,840.9951017351626
13.0,841.8601254525947
13.2,842.7064078792133
13.4,843.5341700536717
13.6,844.3436288737447
13.8,845.1349971898932
14.0,845.9084838889772
14.2,846.6642939686838
14.4,847.4026286032347
14.6,848.1236852009379
14.8,848.8276574541355
15.0,849.5147353820935
15.2,850.1851053673647
15.4,850.8389501861433
15.6,851.47644903311
15.8,852.0977775412501
16.0,852.7031077971051
16.2,853.2926083519006
16.4,853.866444228967
16.6,854.4247769278516
16.8,854.9677644254924
17.0,855.4955611748076
17.2,856.008318101023
17.4,856.5061825960468
17.6,856.9892985111693
17.8,857.4578061483479
18.0,857.9118422503162
18.2,858.351539989733
18.4,858.7770289575689
18.6,859.1884351509071
18.8,859.5858809603207
19.0,859.969485156964
19.2,860.3393628795096
19.4,860.6956256210366
19.6,861.03838121597
19.8,861.3677338271543
20.0,861.6837839331296
20.2,861.9866283156736
20.4,862.276360047659
20.6,862.5530684812641
20.8,862.8168392365714
21.0,863.0677541905798
21.2,863.3058914666451
21.4,863.5313254243656
21.6,863.7441266499151
21.8,863.9443619468323
22.0,864.1320943272598
22.2,864.3073830036323
22.4,864.4702833808052
22.6,864.6208470486162
22.8,864.7591217748686
23.0,864.8851514987241
23.2,864.9989763244915
23.4,865.1006325158006
23.6,865.1901524901435
23.8,865.2675648137728
24.0,865.33289419694
24.2,865.3861614894636
24.4,865.4273836766108
24.6,865.4565738752826
24.8,865.4737413304905
25.0,865.4788914121108
25.2,865.4720256119122
25.4,865.4531415408427
25.6,865.4222329265696
25.8,865.3792896112657
26.0,865.3242975496349
26.2,865.2572388071733
26.4,865.1780915586581
26.6,865.0868300868657
26.8,864.9834247815123
27.0,864.8678421384158
27.2,864.7400447588783
27.4,864.5999913492874
27.6,864.4476367209336
27.8,864.2829317900461
28.0,864.1058235780407
28.2,863.9162552119827
28.4,863.7141659252588
28.6,863.4994910584533
28.8,863.2721620604264
29.0,863.0321064895836
29.2,862.7792480153278
29.4,862.5135064196799
29.6,862.2347975990524
29.8,861.9430335661547
30.0,861.6381224520047
30.2,861.3199685080173
30.4,860.988472108129
30.6,860.64352975092
30.8,860.2850340616783
31.0,859.9128737943469
31.2,859.5269338332854
31.4,859.1270951947662
31.6,858.7132350281116
31.8,858.2852266163725
32.0,857.84293937643
32.2,857.3862388583904
32.4,856.9149867441276
32.6,856.4290408448134
32.8,855.9282550972547
33.0,855.4124795588468
33.2,854.8815604009241
33.4,854.3353399002792
33.6,853.7736564285965
33.8,853.1963444395274
34.0,852.6032344531159
34.2,851.9941530372596
34.4,851.3689227858729
34.6,850.727362293397
34.8,850.0692861252808
35.0,849.39450478404
35.2,848.7028246704775
35.4,847.9940480396345
35.6,847.2679729510228
35.8,846.5243932126727
36.0,845.7630983185197
36.2,844.9838733786365
36.4,844.1864990418147
36.6,843.3707514099883
36.8,842.5364019439861
37.0,841.6832173601067
37.2,840.8109595170038
37.4,839.9193852923833
37.6,839.0082464490202
37.8,838.0772894896202
38.0,837.1262555000686
38.2,836.154879980638
38.4,835.1628926647509
38.6,834.1500173249294
38.8,833.1159715656087
39.0,832.0604666025292
39.2,830.9832070284792
39.4,829.8838905652144
39.6,828.7622078014446
39.8,827.617841916843
40.0,826.4504683921084
40.2,825.2597547051915
40.4,824.0453600138749
40.6,822.8069348249892
40.8,821.5441206506396
41.0,820.256549651911
41.2,818.9438442706252
41.4,817.6056168498218
41.6,816.2414692437467
41.8,814.8509924182317
42.0,813.4337660424684
42.2,811.9893580732788
42.4,810.5173243331024
42.6,809.0172080830251
42.8,807.4885395922819
43.0,805.9308357057696
43.2,804.3435994112086
43.4,802.7263194076854
43.6,801.0784696774031
43.8,799.3995090625456
44.0,797.6888808492491
44.2,795.9460123607321
44.4,794.1703145617051
44.6,792.3611816762328
44.8,790.517990821255
45.0,788.640101658013
45.2,786.7268560636401
45.4,784.777577825182
45.6,782.7915723583105
45.8,780.7681264529691
46.0,778.7065080481606
46.2,776.6059660380355
46.4,774.4657301113839
46.6,772.2850106265548
46.8,770.0629985237402
47.0,767.7988652764593
47.2,765.4917628839584
47.4,763.1408239061186
47.6,760.7451615423186
47.8,758.3038697555437
48.0,755.8160234428733
48.2,753.2806786532977
48.4,750.6968728536332
48.6,748.0636252431093
48.8,745.3799371170018
49.0,742.6447922794747
49.2,739.857157505587
49.4,737.0159830521942
49.6,734.1202032172666
49.8,731.1687369469136
50.0,728.1604884891922
