0.0,784.1455864286992
0.2,786.4681464509495
0.4,788.7438418660264
0.6,790.9737323085872
0.8,793.1588357178754
1.0,795.3001274604541
1.2,797.3985400267163
1.4,799.4549632775023
1.6,801.4702452032084
1.8,803.4451931458889
2.0,805.3805754253984
2.2,807.2771233038771
2.4,809.1355332189476
2.6,810.9564692148128
2.8,812.7405655018474
3.0,814.4884290789471
3.2,816.2006423584799
3.4,817.8777657407002
3.6,819.5203400925014
3.8,821.1288890939195
4.0,822.7039214244402
4.2,824.2459327695293
4.4,825.7554076355766
4.6,827.2328209684098
4.8,828.67863957651
5.0,830.0933233649826
5.2,831.4773263901736
5.4,832.83109774762
5.6,834.1550823078531
5.8,835.4497213155703
6.0,836.7154528679504
6.2,837.9527122875877
6.4,839.1619324047657
6.6,840.3435437627352
6.8,841.4979747583936
7.0,842.6256517294116
7.2,843.7269989974604
7.4,844.8024388758593
7.6,845.8523916486912
7.8,846.8772755272928
8.0,847.8775065889955
8.2,848.8534987021047
8.4,849.8056634403438
8.6,850.7344099893496
8.8,851.6401450472795
9.0,852.5232727211632
9.2,853.3841944202885
9.4,854.2233087476392
9.6,855.0410113901922
9.8,855.8376950087161
10.0,856.6137491275908
10.2,857.3695600250694
10.4,858.1055106243327
10.6,858.8219803856359
10.8,859.5193451997992
11.0,860.1979772832682
11.2,860.8582450749436
11.4,861.5005131349595
11.6,862.1251420455742
11.8,862.7324883143232
12.0,863.3229042795746
12.2,863.8967380186111
12.4,864.4543332583578
12.6,864.9960292888602
12.8,865.5221608796119
13.0,866.0330581988161
13.2,866.5290467356615
13.4,867.0104472256786
13.6,867.4775755792353
13.8,867.9307428132214
14.0,868.3702549859596
14.2,868.7964131353755
14.4,869.2095132204443
14.6,869.6098460659281
14.8,869.9976973104042
15.0,870.3733473575777
15.2,870.7370713308637
15.4,871.089139031215
15.6,871.429814898161
15.8,871.75935797402
16.0,872.0780218712339
16.2,872.3860547427711
16.4,872.6836992555341
16.6,872.9711925667003
16.8,873.2487663029232
17.0,873.5166465423067
17.2,873.7750537990676
17.4,874.0242030107908
17.6,874.2643035281787
17.8,874.4955591071922
18.0,874.7181679034728
18.2,874.9323224689391
18.4,875.1382097504376
18.6,875.3360110903342
18.8,875.5259022289238
19.0,875.708053308538
19.2,875.8826288792228
19.4,876.0497879058662
19.6,876.209683776646
19.8,876.3624643126725
20.0,876.5082717787001
20.2,876.6472428947816
20.4,876.7795088487392
20.6,876.90519530933
20.8,877.0244224399815
21.0,877.1373049129785
21.2,877.2439519239817
21.4,877.3444672067643
21.6,877.4389490480531
21.8,877.5274903023644
22.0,877.6101784067304
22.2,877.6870953952148
22.4,877.7583179131191
22.6,877.8239172307868
22.8,877.8839592569202
23.0,877.9385045513218
23.2,877.9876083369874
23.4,878.0313205114761
23.6,878.0696856574897
23.8,878.1027430526032
24.0,878.1305266780884
24.2,878.1530652267841
24.4,878.1703821099684
24.6,878.1824954631984
24.8,878.1894181510862
25.0,878.1911577709888
25.2,878.1877166555926
25.4,878.1790918743877
25.6,878.1652752340217
25.8,878.1462532775407
26.0,878.1220072825264
26.2,878.0925132581442
26.4,878.0577419411267
26.6,878.0176587907204
26.8,877.9722239826341
27.0,877.921392402027
27.2,877.8651136355892
27.4,877.8033319627659
27.6,877.7359863461868
27.8,877.6630104213672
28.0,877.5843324857508
28.2,877.4998754871738
28.4,877.4095570118302
28.6,877.3132892718261
28.8,877.2109790924169
29.0,877.1025278990197
29.2,876.9878317041063
29.4,876.866781094076
29.6,876.7392612162221
29.8,876.6051517658965
30.0,876.4643269739939
30.2,876.3166555948669
30.4,876.1620008947932
30.6,876.0002206411161
30.8,875.8311670921817
31.0,875.654686988193
31.2,875.470621543111
31.4,875.2788064377208
31.6,875.079071813995
31.8,874.8712422708717
32.0,874.6551368615759
32.2,874.4305690926042
32.4,874.1973469244931
32.6,873.9552727744907
32.8,873.7041435212467
33.0,873.443750511634
33.2,873.1738795698117
33.4,872.8943110086348
33.6,872.6048196435122
33.8,872.3051748088112
34.0,871.9951403768981
34.2,871.6744747799041
34.4,871.3429310342956
34.6,871.0002567683238
34.8,870.6461942524221
35.0,870.2804804326129
35.2,869.9028469669762
35.4,869.5130202652294
35.6,869.1107215314552
35.8,868.6956668100077
36.0,868.2675670346223
36.2,867.8261280807407
36.4,867.3710508210567
36.6,866.9020311842811
36.8,866.4187602171105
37.0,865.9209241493797
37.2,865.4082044623659
37.4,864.8802779602055
37.6,864.336816844372
37.8,863.7774887911564
38.0,863.201957032081
38.2,862.609880437169
38.4,862.0009136009799
38.6,861.3747069313179
38.8,860.730906740499
39.0,860.0691553390664
39.2,859.389091131822
39.4,858.6903487160387
39.6,857.9725589816976
39.8,857.2353492135924
40.0,856.4783431951124
40.2,855.7011613135063
40.4,854.9034206663994
40.6,854.0847351693018
40.8,853.2447156638061
41.0,852.3829700261108
41.2,851.4991032754334
41.4,850.5927176817727
41.6,849.6634128723473
41.8,848.7107859358644
42.0,847.7344315235439
42.2,846.7339419455358
42.4,845.7089072610017
42.6,844.658915359672
42.8,843.5835520321302
43.0,842.4824010253919
43.2,841.3550440795316
43.4,840.2010609401589
43.6,839.0200293404502
43.8,837.8115249452122
44.0,836.5751212481078
44.2,835.3103894117327
44.4,834.0168980387632
44.6,832.6942128609312
44.8,831.3418963312454
45.0,829.9595071037411
45.2,828.5465993842407
45.4,827.1027221352849
45.6,825.6274181186828
45.8,824.1202227601907
46.0,822.5806628227953
46.2,821.0082548780721
46.4,819.4025035692003
46.6,817.7628996644765
46.8,816.0889179065741
47.0,814.38001467024
47.2,812.6356254494385
47.4,810.8551622039066
47.6,809.0380106043197
47.8,807.1835272244055
48.0,805.2910367369071
48.2,803.3598291778101
48.4,801.3891573491994
48.6,799.3782344350445
48.8,797.3262319056997
49.0,795.2322777856389
49.2,793.0954553547253
49.4,790.9148023460914
49.6,788.6893106935838
49.8,786.4179268689974
50.0,784.0995528343998
