0.0,872.7480104841924
0.2,873.2938993136607
0.4,873.8182223114129
0.6,874.3211227588823
0.8,874.8027829199812
1.0,875.2634239157304
1.2,875.7033052723725
1.4,876.1227241509405
1.6,876.5220142700367
1.8,876.9015445371383
2.0,877.2617174070331
2.2,877.6029669889554
2.4,877.9257569265928
2.6,878.230578077335
2.8,878.5179460189042
3.0,878.7883984128381
3.2,879.0424922551609
3.4,879.2808010449982
3.6,879.5039119018471
3.8,879.7124226617574
4.0,879.9069389817872
4.2,880.0880714808519
4.4,880.2564329434725
4.6,880.4126356110262
4.8,880.5572885829413
5.0,880.6909953478915
5.2,880.8143514625139
5.4,880.9279423925112
5.6,881.0323415282879
5.8,881.1281083845256
6.0,881.2157869903994
6.2,881.2959044744947
6.4,881.3689698459534
6.6,881.435472970987
6.8,881.4958837416784
7.0,881.5506514319651
7.2,881.6002042338872
7.4,881.6449489656
7.6,881.6852709413001
7.8,881.7215339921046
8.0,881.7540806260511
8.2,881.7832323147444
8.4,881.8092898937634
8.6,881.8325340637315
8.8,881.8532259789504
9.0,881.8716079106631
9.2,881.8879039723458
9.4,881.9023208948937
9.6,881.91504884016
9.8,881.9262622419949
10.0,881.9361206646905
10.2,881.9447696695731
10.4,881.9523416813372
10.6,881.9589568466048
10.8,881.9647238780867
11.0,881.9697408785972
11.2,881.9740961400407
11.4,881.9778689133095
11.6,881.9811301458255
11.8,881.9839431841866
12.0,881.9863644400692
12.2,881.9884440181562
12.4,881.990226305428
12.6,881.9917505216517
12.8,881.9930512313476
13.0,881.9941588178862
13.2,881.9950999206952
13.4,881.9958978368202
13.6,881.9965728882931
13.8,881.9971427569327
14.0,881.9976227883184
14.2,881.9980262667657
14.4,881.9983646631714
14.6,881.9986478576179
14.8,881.9988843386144
15.0,881.9990813808154
15.2,881.9992452030101
15.4,881.9993811081077
15.6,881.9994936067621
15.8,881.9995865262002
16.0,881.9996631057135
16.2,881.999726080188
16.4,881.9997777529409
16.6,881.9998200590355
16.8,881.9998546201535
17.0,881.9998827920047
17.2,881.9999057051658
17.4,881.9999243001556
17.6,881.9999393574693
17.8,881.9999515232228
18.0,881.9999613309828
18.2,881.9999692202982
18.4,881.9999755523854
18.6,881.9999806233658
18.8,881.9999846754071
19.0,881.9999879060737
19.2,881.9999904761514
19.4,881.999992516177
19.6,881.9999941318734
19.8,881.9999954086597
20.0,881.9999964153839
20.2,881.9999972074035
20.4,881.9999978291225
20.6,881.9999983160732
20.8,881.9999986966194
21.0,881.9999989933491
21.2,881.9999992242072
21.4,881.9999994034156
21.6,881.9999995422187
21.8,881.9999996494855
22.0,881.9999997321944
22.2,881.999999795823
22.4,881.9999998446604
22.6,881.9999998820565
22.8,881.9999999106215
23.0,881.9999999323834
23.2,881.9999999489133
23.4,881.9999999614245
23.6,881.9999999708501
23.8,881.9999999779044
24.0,881.9999999831299
24.2,881.9999999869336
24.4,881.999999989616
24.6,881.9999999913911
24.8,881.9999999924014
25.0,881.9999999927289
25.2,881.9999999924004
25.4,881.9999999913889
25.6,881.9999999896125
25.8,881.9999999869286
26.0,881.9999999831227
26.2,881.9999999778945
26.4,881.9999999708365
26.6,881.9999999614059
26.8,881.9999999488881
27.0,881.9999999323497
27.2,881.9999999105763
27.4,881.999999881996
27.6,881.9999998445795
27.8,881.9999997957151
28.0,881.9999997320508
28.2,881.9999996492946
28.4,881.9999995419655
28.6,881.9999994030804
28.8,881.9999992237647
29.0,881.999998992766
29.2,881.9999986958525
29.4,881.9999983150668
29.6,881.9999978278049
29.8,881.9999972056813
30.0,881.999996413138
30.2,881.9999954057369
30.4,881.9999941280771
30.6,881.9999925112562
30.8,881.9999904697863
31.0,881.9999878978572
31.2,881.9999846648223
31.4,881.9999806097579
31.6,881.9999755349268
31.8,881.9999691979446
32.0,881.9999613024193
32.2,881.9999514867985
32.4,881.9999393111148
32.6,881.9999242412823
32.8,881.9999056305433
33.0,881.9998826976097
33.2,881.9998545009863
33.4,881.9998199088961
33.6,881.9997775641571
33.8,881.9997258432857
34.0,881.9996628090184
34.2,881.9995861553584
34.4,881.999493144161
34.6,881.9993805321818
34.8,881.9992444874108
35.0,881.9990804934164
35.2,881.9988832403279
35.4,881.998646500986
35.6,881.9983629906941
35.8,881.9980242089222
36.0,881.9976202612286
36.2,881.997139659603
36.4,881.9965690993783
36.6,881.9958932108243
36.8,881.9950942835269
37.0,881.9941519616702
37.2,881.9930429083806
37.4,881.9917404373796
37.6,881.9902141103054
37.8,881.9884292982313
38.0,881.9863467061197
38.2,881.9839218592144
38.4,881.9811045506954
38.6,881.9778382502949
38.8,881.9740594740161
39.0,881.9696971155907
39.2,881.9646717408801
39.4,881.9588948470412
39.6,881.9522680889637
39.8,881.9446824762194
40.0,881.9360175445499
40.2,881.9261405067446
40.4,881.9149053886213
40.6,881.9021521567046
40.8,881.887705845082
41.0,881.8713756898107
41.2,881.8529542801061
41.4,881.8322167363729
41.6,881.8089199259019
41.8,881.7828017277527
42.0,881.7535803589274
42.2,881.7209537744199
42.4,881.6845991540571
42.6,881.6441724892204
42.8,881.5993082825378
43.0,881.5496193734323
43.2,881.4946969020062
43.4,881.4341104231034
43.6,881.3674081815335
43.8,881.29411755833
44.0,881.2137456965847
44.2,881.1257803138143
44.4,881.029690706018
44.6,880.9249289465699
44.8,880.8109312808774
45.0,880.6871197153538
45.2,880.5529037967384
45.4,880.4076825751573
45.6,880.250846741625
45.8,880.0817809279521
46.0,879.8998661543181
46.2,879.7044824071133
46.4,879.4950113271256
46.6,879.2708389857708
46.8,879.0313587249028
47.0,878.7759740338402
47.2,878.5041014356378
47.4,878.2151733533807
47.6,877.908640926392
47.8,877.5839767457783
48.0,877.2406774786954
48.2,876.8782663511246
48.4,876.4962954598141
48.6,876.0943478853561
48.8,875.6720395801307
49.0,875.2290210070387
49.2,874.764978507531
49.4,874.2796353803946
49.6,873.7727526560296
49.8,873.2441295545002
50.0,872.6936036194012
