0.0,867.7108752801689
0.2,868.2963710024303
0.4,868.8650256373804
0.6,869.4170186993716
0.8,869.9525372051339
1.0,870.4717757056923
1.2,870.9749362822108
1.4,871.4622285058392
1.6,871.9338693618531
1.8,872.3900831385856
2.0,872.8311012818525
2.2,873.2571622157691
2.4,873.6685111310485
2.6,874.065399742049
2.8,874.4480860140071
3.0,874.8168338620548
3.2,875.1719128237569
3.4,875.5135977070458
3.6,875.8421682155376
3.8,876.1579085533227
4.0,876.4611070114075
4.2,876.7520555380529
4.4,877.0310492953116
4.6,877.2983862041015
4.8,877.5543664801748
5.0,877.7992921633496
5.2,878.0334666423539
5.4,878.257194177615
5.6,878.4707794242789
5.8,878.6745269576938
6.0,878.868740803521
6.2,879.0537239745591
6.4,879.229778016275
6.6,879.3972025629259
6.8,879.5562949060584
7.0,879.707349577036
7.2,879.85065794513
7.4,879.9865078325699
7.6,880.1151831478144
7.8,880.2369635381606
8.0,880.3521240626688
8.2,880.4609348862324
8.4,880.5636609954767
8.6,880.6605619370328
8.8,880.7518915785828
9.0,880.8378978929401
9.2,880.918822765289
9.4,880.9949018235835
9.6,881.0663642919737
9.8,881.1334328670158
10.0,881.1963236163059
10.2,881.2552458990771
10.4,881.3104023081995
10.6,881.3619886329373
10.8,881.4101938417331
11.0,881.4552000842243
11.2,881.4971827116256
11.4,881.5363103145625
11.6,881.5727447773962
11.8,881.6066413480354
12.0,881.6381487222098
12.2,881.6674091411553
12.4,881.6945585016449
12.6,881.7197264773009
12.8,881.7430366501158
13.0,881.764606651124
13.2,881.7845483091777
13.4,881.8029678067976
13.6,881.8199658420995
13.8,881.8356377958194
14.0,881.8500739025002
14.2,881.8633594249358
14.4,881.8755748310105
14.6,881.8867959721142
14.8,881.8970942623585
15.0,881.9065368578657
15.2,881.915186835453
15.4,881.9231033700781
15.6,881.9303419104658
15.8,881.9369543523849
16.0,881.9429892090884
16.2,881.9484917784863
16.4,881.9535043066586
16.6,881.9580661473714
16.8,881.9622139172942
17.0,881.9659816466708
17.2,881.969400925224
17.4,881.9725010431267
17.6,881.9753091268988
17.8,881.9778502701301
18.0,881.9801476589628
18.2,881.9822226922886
18.4,881.9840950966579
18.6,881.9857830359102
18.8,881.987303215567
19.0,881.9886709820463
19.2,881.9899004167775
19.4,881.9910044253103
19.6,881.9919948215286
19.8,881.9928824070905
20.0,881.9936770462269
20.2,881.9943877360397
20.4,881.9950226724468
20.6,881.9955893119288
20.8,881.9960944292321
21.0,881.9965441711873
21.2,881.9969441068054
21.4,881.997299273806
21.6,881.9976142217419
21.8,881.9978930518677
22.0,881.9981394539104
22.2,881.9983567398871
22.4,881.9985478751087
22.6,881.9987155065111
22.8,881.9988619884393
23.0,881.998989406009
23.2,881.9990995961606
23.4,881.9991941665118
23.6,881.9992745121085
23.8,881.9993418301644
24.0,881.9993971328693
24.2,881.9994412583394
24.4,881.999474879773
24.6,881.9994985128626
24.8,881.9995125215108
25.0,881.9995171218798
25.2,881.9995123848025
25.4,881.9994982365686
25.6,881.999474458089
25.8,881.999440682434
26.0,881.9993963907318
26.2,881.9993409063993
26.4,881.999273387673
26.6,881.9991928183942
26.8,881.9990979969942
27.0,881.9989875236171
27.2,881.9988597853056
27.4,881.9987129391694
27.6,881.9985448934427
27.8,881.9983532863341
28.0,881.9981354625576
28.2,881.9978884474308
28.4,881.9976089184157
28.6,881.9972931739711
28.8,881.9969370995791
29.0,881.9965361308026
29.2,881.9960852132245
29.4,881.9955787591163
29.6,881.9950106006778
29.8,881.9943739396898
30.0,881.9936612934171
30.2,881.9928644366007
30.4,881.9919743393781
30.6,881.9909811009716
30.8,881.9898738789911
31.0,881.9886408141984
31.2,881.9872689505893
31.4,881.985744150661
31.6,881.9840510057365
31.8,881.9821727412331
32.0,881.9800911167789
32.2,881.9777863210944
32.4,881.9752368615727
32.6,881.9724194485201
32.8,881.969308874034
33.0,881.9658778855273
33.2,881.9620970539305
33.4,881.9579346366356
33.6,881.9533564352814
33.8,881.9483256485071
34.0,881.9428027198459
34.2,881.936745180965
34.4,881.9301074904989
34.6,881.9228408687708
34.8,881.9148931287338
35.0,881.9062085035177
35.2,881.8967274710101
35.4,881.886386575946
35.6,881.8751182500386
35.8,881.8628506307218
36.0,881.8495073791337
36.2,881.8350074980118
36.4,881.8192651502256
36.6,881.8021894787151
36.8,881.783684428647
37.0,881.7636485726509
37.2,881.7419749400322
37.4,881.7185508508956
37.6,881.6932577561519
37.8,881.6659710844062
38.0,881.6365600967516
38.2,881.604887750514
38.4,881.5708105730063
38.6,881.534178546359
38.8,881.4948350044962
39.0,881.4526165433202
39.2,881.4073529451578
39.4,881.3588671184953
39.6,881.3069750540087
39.8,881.251485797853
40.0,881.1922014431314
40.2,881.1289171404148
40.4,881.0614211281159
40.6,880.9894947834499
40.8,880.9129126946461
41.0,880.8314427549706
41.2,880.7448462790394
41.4,880.6528781417892
41.6,880.5552869403674
41.8,880.4518151790821
42.0,880.3421994774341
42.2,880.2261708011177
42.4,880.1034547157506
42.6,879.9737716629473
42.8,879.8368372582192
43.0,879.692362610032
43.2,879.5400546592139
43.4,879.3796165377645
43.6,879.210747945963
43.8,879.033145546547
44.0,878.8465033745831
44.2,878.6505132615297
44.4,878.4448652718547
44.6,878.2292481504617
44.8,878.0033497790578
45.0,877.766857639501
45.2,877.5194592820692
45.4,877.2608427965125
45.6,876.9906972836851
45.8,876.7087133254944
46.0,876.4145834508678
46.2,876.1080025954069
46.4,875.7886685523926
46.6,875.4562824128037
46.8,875.1105489920362
47.0,874.7511772410458
47.2,874.3778806396873
47.4,873.9903775700969
47.6,873.5883916680435
47.8,873.1716521502802
48.0,872.7398941160403
48.2,872.2928588209505
48.4,871.83029392178
48.6,871.3519536905984
48.8,870.8575991970827
49.0,870.3469984578945
49.2,869.8199265522298
49.4,869.276165702846
49.6,868.7155053220671
49.8,868.1377420224761
50.0,867.542679592215
