0.0,771.6766205503881
0.2,773.8445095626386
0.4,775.9760273996047
0.6,778.0720686655853
0.8,780.1334964281127
1.0,782.1611414032503
1.2,784.1558013077755
1.4,786.1182403795821
1.6,788.0491890663058
1.8,789.9493438808588
2.0,791.8193674212785
2.2,793.659888551052
2.4,795.4715027349038
2.6,797.2547725239139
2.8,799.0102281828043
3.0,800.7383684512881
3.2,802.4396614305263
3.4,804.1145455849968
3.6,805.7634308494489
3.8,807.3866998300916
4.0,808.9847090887677
4.2,810.5577904985734
4.4,812.1062526592194
4.6,813.6303823603665
4.8,815.1304460812333
5.0,816.606691514931
5.2,818.059349106247
5.4,819.4886335919605
5.6,820.8947455332103
5.8,822.2778728299779
6.0,823.638192208323
6.2,824.9758706716794
6.4,826.2910669082216
6.6,827.5839326470534
6.8,828.8546139567565
7.0,830.1032524806297
7.2,831.3299866037644
7.4,832.5349525479065
7.6,833.7182853908706
7.8,834.8801200080536
8.0,836.020591934369
8.2,837.1398381456567
8.4,838.2379977593284
8.6,839.3152126546701
8.8,840.3716280138343
9.0,841.4073927851281
9.2,842.4226600707092
9.4,843.417587441268
9.6,844.3923371806721
9.8,845.3470764639022
10.0,846.281977471897
10.2,847.1972174471612
10.4,848.0929786941781
10.6,848.9694485287932
10.8,849.8268191808246
11.0,850.6652876541867
11.2,851.4850555488123
11.4,852.2863288486074
11.6,853.0693176795953
11.8,853.834236042291
12.0,854.5813015222051
12.2,855.3107349822113
12.4,856.0227602403278
12.6,856.7176037362541
12.8,857.3954941897977
13.0,858.0566622540941
13.2,858.7013401662963
13.4,859.3297613981737
13.6,859.9421603088292
13.8,860.538771801509
14.0,861.1198309862527
14.2,861.6855728499114
14.4,862.236231934849
14.6,862.772042027437
14.8,863.2932358572639
15.0,863.8000448077954
15.2,864.2926986390611
15.4,864.771425222778
15.6,865.2364502901897
15.8,865.6879971927632
16.0,866.1262866757737
16.2,866.5515366647057
16.4,866.9639620643038
16.6,867.3637745700345
16.8,867.7511824916485
17.0,868.1263905884792
17.2,868.4895999160686
17.4,868.8410076836711
17.6,869.1808071221634
17.8,869.5091873618635
18.0,869.8263333197531
18.2,870.1324255955889
18.4,870.4276403763876
18.6,870.7121493487734
18.8,870.9861196186877
19.0,871.2497136379654
19.2,871.5030891373074
19.4,871.7463990651845
19.6,871.9797915322379
19.8,872.2034097607515
20.0,872.4173920388033
20.2,872.6218716787155
20.4,872.8169769794523
20.6,873.0028311926351
20.8,873.179552491864
21.0,873.3472539450626
21.2,873.5060434895768
21.4,873.6560239097882
21.6,873.7972928170129
21.8,873.9299426314818
22.0,874.0540605662164
22.2,874.1697286126263
22.4,874.2770235276769
22.6,874.3760168224841
22.8,874.4667747522158
23.0,874.5493583071809
23.2,874.6238232050123
23.4,874.690219883849
23.6,874.7485934964423
23.8,874.7989839051173
24.0,874.8414256775269
24.2,874.8759480831495
24.4,874.902575090486
24.6,874.921325364919
24.8,874.932212267205
25.0,874.9352438525777
25.2,874.9304228704436
25.4,874.9177467646624
25.6,874.8972076744043
25.8,874.8687924355874
26.0,874.8324825829029
26.2,874.7882543524405
26.4,874.7360786849334
26.6,874.6759212296505
26.8,874.6077423489673
27.0,874.5314971236567
27.2,874.4471353589466
27.4,874.3546015914028
27.6,874.2538350966993
27.8,874.1447698983528
28.0,874.0273347775061
28.2,873.9014532838568
28.4,873.7670437478381
28.6,873.624019294175
28.8,873.4722878569495
29.0,873.311752196325
29.2,873.1423099170954
29.4,872.9638534892424
29.6,872.7762702706993
29.8,872.5794425325436
30.0,872.3732474868524
30.2,872.157557317486
30.4,871.9322392140739
30.6,871.6971554095097
30.8,871.4521632212768
31.0,871.1971150969526
31.2,870.9318586642594
31.4,870.6562367860537
31.6,870.3700876206647
31.8,870.0732446880166
32.0,869.7655369419834
32.2,869.4467888494469
32.4,869.1168204765395
32.6,868.7754475825672
32.8,868.4224817221146
33.0,868.0577303558389
33.2,867.680996970459
33.4,867.2920812084387
33.6,866.8907790078495
33.8,866.4768827528799
34.0,866.0501814354318
34.2,865.610460828203
34.4,865.1575036696166
34.6,864.6910898608958
34.8,864.2109966755197
35.0,863.7169989812193
35.2,863.208869474578
35.4,862.6863789282037
35.6,862.1492964503219
35.8,861.5973897565132
36.0,861.0304254531738
36.2,860.4481693321296
36.4,859.8503866756597
36.6,859.2368425710125
36.8,858.6073022333035
37.0,857.9615313354813
37.2,857.29929634384
37.4,856.6203648573344
37.6,855.9245059487287
37.8,855.2114905053805
38.0,854.4810915672299
38.2,853.7330846593267
38.4,852.967248116008
38.6,852.1833633936066
38.8,851.3812153683639
39.0,850.5605926160188
39.2,849.7212876693553
39.4,848.863097249837
39.6,847.9858224693066
39.8,847.0892689976262
40.0,846.1732471920452
40.2,845.2375721840484
40.4,844.2820639194222
40.6,843.3065471473224
40.8,842.3108513542066
41.0,841.2948106386318
41.2,840.2582635230942
41.4,839.201052699338
41.6,838.1230247038409
41.8,837.0240295205405
42.0,835.9039201082678
42.2,834.7625518508123
42.4,833.59978192806
42.6,832.415468607211
42.8,831.209470453698
43.0,829.9816454620878
43.2,828.7318501079529
43.4,827.4599383224306
43.6,826.1657603919649
43.8,824.849161786503
44.0,823.509981920233
44.2,822.1480528497542
44.4,820.7631979153812
44.6,819.3552303320814
44.8,817.923951737319
45.0,816.469150703825
45.2,814.9906012260158
45.4,813.4880611894376
45.6,811.961270833205
45.8,810.409951215922
46.0,808.8338026960256
46.2,807.2325034378388
46.4,805.6057079548877
46.6,803.953045702198
46.8,802.2741197293342
47.0,800.5685054058954
47.2,798.8357492310007
47.4,797.0753677380135
47.6,795.2868465053468
47.8,793.4696392836694
48.0,791.6231672491965
48.2,789.7468183920073
48.4,787.8399470474765
48.6,785.9018735779683
48.8,783.9318842109008
49.0,781.9292310381742
49.2,779.8931321807762
49.4,777.8227721211347
49.6,775.7173022045013
49.8,773.5758413093364
50.0,771.3974766853294
