0.0,870.5829275905755
0.2,871.1425237243392
0.4,871.6834002717858
0.6,872.2057200349842
0.8,872.7096637511095
1.0,873.1954301283381
1.2,873.6632357703872
1.4,874.1133149909269
1.6,874.5459195200052
1.8,874.9613181055157
2.0,875.3597960135751
2.2,875.7416544324808
2.4,876.1072097856556
2.6,876.4567929596641
2.8,876.7907484539913
3.0,877.1094334598068
3.2,877.4132168753847
3.4,877.7024782662189
3.6,877.9776067781532
3.8,878.2390000120388
4.0,878.4870628685408
4.2,878.722206371732
4.4,878.9448464800535
4.6,879.1554028930748
4.8,879.3542978622667
5.0,879.5419550137074
5.2,879.7187981902844
5.4,879.8852503205345
5.6,880.0417323207959
5.8,880.1886620368213
6.0,880.3264532304551
6.2,880.4555146163799
6.4,880.5762489533345
6.6,880.6890521935745
6.8,880.7943126937184
7.0,880.8924104894802
7.2,880.9837166361685
7.4,881.0685926162129
7.6,881.1473898143821
7.8,881.2204490607888
8.0,881.2881002412306
8.2,881.3506619739106
8.4,881.4084413511084
8.6,881.4617337439412
8.8,881.5108226679658
9.0,881.5559797070295
9.2,881.5974644924783
9.4,881.6355247345779
9.6,881.6703963027933
9.8,881.7023033514124
10.0,881.7314584868811
10.2,881.7580629731312
10.4,881.782306971156
10.6,881.8043698090788
10.8,881.8244202789978
11.0,881.8426169569544
11.2,881.8591085424683
11.4,881.874034214199
11.6,881.8875239984397
11.8,881.8996991473049
12.0,881.9106725236526
12.2,881.9205489899718
12.4,881.9294257986604
12.6,881.9373929813245
12.8,881.944533734943
13.0,881.9509248029441
13.2,881.9566368494549
13.4,881.9617348251884
13.6,881.9662783236329
13.8,881.9703219264032
14.0,881.9739155367998
14.2,881.9771047007977
14.4,881.9799309148524
14.6,881.9824319200696
14.8,881.9846419824256
15.0,881.9865921588578
15.2,881.9883105491708
15.4,881.9898225338038
15.6,881.9911509976063
15.8,881.9923165398571
16.0,881.9933376708268
16.2,881.9942309952562
16.4,881.9950113831705
16.6,881.9956921284956
16.8,881.996285095973
17.0,881.9968008569019
17.2,881.9972488142507
17.4,881.9976373176946
17.6,881.997973769139
17.8,881.9982647192904
18.0,881.9985159558335
18.2,881.998732583756
18.4,881.998919098362
18.6,881.999079451488
18.8,881.9992171114262
19.0,881.999335117031
19.2,881.9994361264728
19.4,881.9995224610728
19.6,881.9995961446316
19.8,881.9996589386421
20.0,881.9997123737509
20.2,881.9997577778104
20.4,881.9997963008387
20.6,881.9998289371849
20.8,881.9998565451689
21.0,881.9998798644517
21.2,881.999899531364
21.4,881.9999160924077
21.6,881.9999300161209
21.8,881.9999417034851
22.0,881.9999514970319
22.2,881.9999596887949
22.4,881.9999665272354
22.6,881.9999722232608
22.8,881.9999769554382
23.0,881.9999808744969
23.2,881.999984107203
23.4,881.9999867596777
23.6,881.9999889202259
23.8,881.9999906617271
24.0,881.9999920436405
24.2,881.9999931136635
24.4,881.9999939090786
24.6,881.9999944578173
24.8,881.9999947792651
25.0,881.9999948848233
25.2,881.9999947782405
25.4,881.9999944557228
25.6,881.999993905822
25.8,881.999993109102
26.0,881.9999920375749
26.2,881.999990653895
26.4,881.9999889102913
26.6,881.999986747219
26.8,881.9999840916969
27.0,881.9999808552997
27.2,881.9999769317626
27.4,881.9999721941481
27.6,881.9999664915221
27.8,881.9999596450724
28.0,881.9999514435992
28.2,881.9999416382915
28.4,881.9999299366989
28.6,881.9999159957933
28.8,881.9998994140026
29.0,881.999879722086
29.2,881.9998563727088
29.4,881.9998287285526
29.6,881.9997960487883
29.8,881.9997574737151
30.0,881.9997120073559
30.2,881.999658497773
30.4,881.9995956148568
30.6,881.9995218253091
30.8,881.9994353645268
31.0,881.9993342050664
31.2,881.9992160213469
31.4,881.9990781502229
31.6,881.998917547039
31.8,881.9987307367497
32.0,881.998513759666
32.2,881.9982621113681
32.4,881.9979706763014
32.6,881.9976336545504
32.8,881.9972444812718
33.0,881.9967957382453
33.2,881.9962790569942
33.4,881.9956850129147
33.6,881.9950030098476
33.8,881.9942211545281
34.0,881.9933261203523
34.2,881.9923029999101
34.4,881.9911351457547
34.6,881.9898039989023
34.8,881.9882889045887
35.0,881.9865669148571
35.2,881.9846125775978
35.4,881.9823977117276
35.6,881.979891168268
35.8,881.9770585771663
36.0,881.9738620798005
36.2,881.9702600472153
36.4,881.9662067842594
36.6,881.961652219921
36.8,881.9565415843094
37.0,881.9508150728781
37.2,881.9444074986571
37.4,881.9372479334354
37.6,881.9292593390202
37.8,881.9203581898945
38.0,881.9104540887953
38.2,881.8994493769374
38.4,881.8872387408217
38.6,881.8737088177718
38.8,881.8587378025542
39.0,881.8421950576418
39.2,881.8239407298801
39.4,881.8038253765019
39.6,881.7816896036165
39.8,881.7573637204606
40.0,881.7306674128369
40.2,881.7014094392929
40.4,881.6693873536835
40.6,881.6343872578306
40.8,881.5961835880261
41.0,881.5545389391295
41.2,881.5092039299709
41.4,881.4599171136978
41.6,881.4064049365863
41.8,881.348381748676
42.0,881.2855498693824
42.2,881.2175997109928
42.4,881.1442099626526
42.6,881.0650478371089
42.8,880.9797693820946
43.0,880.8880198578047
43.2,880.789434181453
43.4,880.6836374393854
43.6,880.5702454666962
43.8,880.4488654937128
44.0,880.3190968581353
44.2,880.1805317809903
44.4,880.0327562039472
44.6,879.8753506849013
44.8,879.7078913481059
45.0,879.529950884508
45.2,879.3410995973312
45.4,879.1409064873711
45.6,878.9289403719079
45.8,878.704771030625
46.0,878.4679703714545
46.2,878.2181136088484
46.4,877.9547804466207
46.6,877.6775562572069
46.8,877.3860332489714
47.0,877.079811613048
47.2,876.7585006411283
47.4,876.4217198056398
47.6,876.0690997938547
47.8,875.700283487662
48.0,875.3149268810145
48.2,874.9126999274247
48.4,874.4932873103289
48.6,874.0563891296686
48.8,873.601721498634
49.0,873.1290170451947
49.2,872.6380253137675
49.4,872.128513063172
49.6,871.6002644578589
49.8,871.0530811502723
50.0,870.4867822531211
