0.0,788.5966778316787
0.2,790.8330702329962
0.4,793.0283281096112
0.6,795.182886316124
0.8,797.2971802403086
1.0,799.3716458244716
1.2,801.4067195820611
1.4,803.4028386093521
1.6,805.3604405920546
1.8,807.2799638067071
2.0,809.1618471167347
2.2,811.0065299630688
2.4,812.814452349243
2.6,814.5860548208974
2.8,816.3217784396448
3.0,818.0220647512656
3.2,819.687355748221
3.4,821.3180938264912
3.6,822.9147217367624
3.8,824.4776825300057
4.0,826.0074194975111
4.2,827.5043761054513
4.4,828.9689959240742
4.6,830.4017225516345
4.8,831.8029995331964
5.0,833.1732702744475
5.2,834.5129779506885
5.4,835.822565411169
5.6,837.1024750789605
5.8,838.353148846566
6.0,839.5750279674796
6.2,840.7685529439218
6.4,841.9341634109848
6.6,843.0722980174327
6.8,844.1833943034108
7.0,845.2678885753246
7.2,846.3262157781562
7.4,847.3588093654929
7.6,848.3661011675457
7.8,849.3485212574396
8.0,850.3064978160634
8.2,851.2404569957611
8.4,852.1508227831583
8.6,853.0380168614068
8.8,853.9024584721353
9.0,854.7445642773914
9.2,855.5647482218538
9.4,856.3634213955953
9.6,857.1409918976657
9.8,857.8978647007643
10.0,858.6344415172615
10.2,859.3511206668219
10.4,860.0482969458754
10.6,860.7263614991741
10.8,861.3857016936582
11.0,862.0267009948556
11.2,862.6497388460132
11.4,863.2551905501658
11.6,863.8434271553197
11.8,864.4148153429277
12.0,864.9697173198169
12.2,865.5084907137141
12.4,866.0314884725085
12.6,866.5390587673717
12.8,867.0315448998447
13.0,867.5092852129894
13.2,867.9726130066869
13.4,868.4218564571503
13.6,868.8573385407122
13.8,869.2793769619261
14.0,869.6882840860143
14.2,870.0843668756771
14.4,870.4679268322701
14.6,870.8392599413386
14.8,871.1986566224905
15.0,871.5464016835745
15.2,871.8827742791195
15.4,872.2080478729804
15.6,872.522490205123
15.8,872.8263632624734
16.0,873.1199232537444
16.2,873.403420588142
16.4,873.6770998578493
16.6,873.9411998241732
16.8,874.1959534072331
17.0,874.4415876790628
17.2,874.6783238599891
17.4,874.9063773181487
17.6,875.1259575719918
17.8,875.3372682956218
18.0,875.5405073268156
18.2,875.7358666775592
18.4,875.9235325469385
18.6,876.1036853362144
18.8,876.2764996659147
19.0,876.4421443947704
19.2,876.6007826403229
19.4,876.7525718010321
19.6,876.8976635797076
19.8,877.0362040080935
20.0,877.1683334724336
20.2,877.2941867398471
20.4,877.4138929853441
20.6,877.5275758193177
20.8,877.6353533153481
21.0,877.7373380381576
21.2,877.8336370715618
21.4,877.9243520462636
21.6,878.0095791673434
21.8,878.0894092413022
22.0,878.1639277025181
22.2,878.2332146389891
22.4,878.29734481723
22.6,878.3563877062077
22.8,878.4104075002002
23.0,878.4594631404716
23.2,878.5036083356646
23.4,878.5428915808168
23.6,878.5773561749164
23.8,878.6070402369184
24.0,878.631976720153
24.2,878.6521934250626
24.4,878.6677130102138
24.6,878.678553001539
24.8,878.6847257997694
25.0,878.6862386860298
25.2,878.6830938255748
25.4,878.675288269653
25.6,878.6628139554956
25.8,878.6456577044336
26.0,878.6238012181556
26.2,878.597221073128
26.4,878.5658887132066
26.6,878.5297704404771
26.8,878.4888274043708
27.0,878.4430155891095
27.2,878.3922857995402
27.4,878.3365836454317
27.6,878.2758495243083
27.8,878.2100186029071
28.0,878.1390207973501
28.2,878.0627807521317
28.4,877.9812178180265
28.6,877.8942460290316
28.8,877.8017740784616
29.0,877.7037052943234
29.2,877.5999376140993
29.4,877.4903635590777
29.6,877.3748702083723
29.8,877.2533391727761
30.0,877.1256465686012
30.2,876.9916629916597
30.4,876.8512534915459
30.6,876.7042775463775
30.8,876.5505890381663
31.0,876.3900362289804
31.2,876.2224617380685
31.4,876.0477025201179
31.6,875.865589844815
31.8,875.6759492778807
32.0,875.4786006637522
32.2,875.273358110081
32.4,875.0600299742167
32.6,874.8384188518455
32.8,874.6083215679447
33.0,874.3695291702205
33.2,874.1218269251837
33.4,873.8649943170209
33.6,873.5988050494091
33.8,873.3230270504203
34.0,873.0374224806551
34.2,872.7417477447372
34.4,872.435753506296
34.6,872.1191847065562
34.8,871.7917805866435
35.0,871.453274713711
35.2,871.1033950109781
35.4,870.7418637917666
35.6,870.3683977976079
35.8,869.9827082404856
36.0,869.5845008492653
36.2,869.1734759203547
36.4,868.7493283726236
36.6,868.3117478066029
36.8,867.8604185679683
37.0,867.3950198153027
37.2,866.91522559212
37.4,866.4207049031157
37.6,865.9111217946028
37.8,865.3861354390741
38.0,864.8454002238192
38.2,864.2885658435142
38.4,863.7152773966843
38.6,863.1251754859319
38.8,862.5178963218037
39.0,861.8930718301648
39.2,861.2503297629252
39.4,860.5892938119647
39.6,859.9095837260777
39.8,859.2108154307547
40.0,858.4926011506062
40.2,857.7545495342199
40.4,856.9962657812356
40.6,856.2173517714103
40.8,855.4174061954392
41.0,854.5960246872854
41.2,853.7527999577693
41.4,852.887321929156
41.6,851.9991778704774
41.8,851.0879525333165
42.0,850.1532282877787
42.2,849.1945852583709
42.4,848.2116014595072
42.6,847.2038529303542
42.8,846.1709138687334
43.0,845.112356763794
43.2,844.0277525271721
43.4,842.9166706223533
43.6,841.7786791919594
43.8,840.6133451826836
44.0,839.4202344676017
44.2,838.1989119655971
44.4,836.9489417576375
44.6,835.6698871996566
44.8,834.3613110317947
45.0,833.0227754837703
45.2,831.6538423761574
45.4,830.2540732173608
45.6,828.8230292960886
45.8,827.36027176914
46.0,825.8653617443334
46.2,824.3378603584218
46.4,822.7773288498496
46.6,821.183328626228
46.8,819.5554213264177
47.0,817.893168877126
47.2,816.1961335439418
47.4,814.4638779767522
47.6,812.6959652494977
47.8,810.8919588942446
48.0,809.0514229295711
48.2,807.1739218832805
48.4,805.2590208094741
48.6,803.306285300035
48.8,801.3152814905911
49.0,799.2855760610454
49.2,797.2167362307783
49.4,795.1083297486437
49.6,792.9599248778973
49.8,790.7710903762163
50.0,788.5413954709786
