0.0,799.1450337126387
0.2,801.2732342682442
0.4,803.3599810326281
0.6,805.4056932705022
0.8,807.4107926403672
1.0,809.375703293885
1.2,811.3008519633645
1.4,813.1866680369234
1.6,815.0335836209438
1.8,816.8420335894828
2.0,818.6124556203589
2.2,820.3452902176845
2.4,822.0409807206676
2.6,823.6999732985657
2.8,825.322716931723
3.0,826.90966337868
3.2,828.4612671294
3.4,829.9779853447076
3.6,831.4602777820871
3.8,832.9086067080451
4.0,834.3234367972842
4.2,835.7052350189914
4.4,837.0544705105854
4.6,838.3716144393164
4.8,839.6571398521529
5.0,840.9115215144294
5.2,842.1352357377726
5.4,843.32876019785
5.6,844.4925737425258
5.8,845.6271561910357
6.0,846.7329881248172
6.2,847.8105506706588
6.4,848.8603252768517
6.6,849.882793483041
6.8,850.8784366844969
7.0,851.8477358915255
7.2,852.791171484758
7.4,853.7092229670525
7.6,854.6023687127534
7.8,855.471085715044
8.0,856.3158493321255
8.2,857.137133032954
8.4,857.9354081432471
8.6,858.711143592467
8.8,859.464805662468
9.0,860.1968577384765
9.2,860.907760063056
9.4,861.5979694936821
9.6,862.267939264531
9.8,862.9181187530579
10.0,863.5489532519127
10.2,864.1608837467093
10.4,864.7543467001394
10.6,865.3297738428817
10.8,865.8875919717291
11.0,866.4282227553217
11.2,866.9520825478369
11.4,867.459582210953
11.6,867.9511269443699
11.8,868.4271161251285
12.0,868.887943155943
12.2,869.3339953227169
12.4,869.7656536613807
12.6,870.1832928341607
12.8,870.5872810153409
13.0,870.9779797865592
13.2,871.3557440416412
13.4,871.7209219009404
13.6,872.073854635129
13.8,872.4148765983488
14.0,872.7443151706071
14.2,873.0624907092732
14.4,873.3697165095062
14.6,873.6662987734223
14.8,873.9525365877842
15.0,874.2287219099771
15.2,874.4951395620151
15.4,874.7520672323009
15.6,874.9997754848533
15.8,875.2385277756914
16.0,875.4685804760611
16.2,875.6901829021723
16.4,875.9035773511043
16.6,876.1089991425353
16.8,876.3066766659341
17.0,876.4968314328573
17.2,876.6796781339839
17.4,876.8554247005173
17.6,877.0242723695884
17.8,877.1864157532831
18.0,877.3420429109311
18.2,877.491335424283
18.4,877.6344684752128
18.6,877.7716109255857
18.8,877.9029253989339
19.0,878.028568363591
19.2,878.1486902169426
19.4,878.2634353704543
19.6,878.3729423351533
19.8,878.4773438072393
20.0,878.5767667535176
20.2,878.6713324963533
20.4,878.7611567978541
20.6,878.8463499430034
20.8,878.927016821473
21.0,879.0032570078562
21.2,879.0751648400748
21.4,879.1428294957228
21.6,879.2063350661218
21.8,879.2657606278756
22.0,879.3211803117205
22.2,879.3726633684828
22.4,879.4202742319636
22.6,879.4640725785825
22.8,879.5041133836273
23.0,879.5404469739631
23.2,879.5731190770671
23.4,879.6021708662704
23.6,879.6276390020926
23.8,879.6495556695711
24.0,879.667948611497
24.2,879.6828411574785
24.4,879.6942522487651
24.6,879.7021964587773
24.8,879.7066840092937
25.0,879.7077207822628
25.2,879.705308327213
25.4,879.6994438642466
25.6,879.6901202826156
25.8,879.6773261348834
26.0,879.661045626691
26.2,879.641258602154
26.4,879.6179405249297
26.6,879.5910624550005
26.8,879.5605910212341
27.0,879.5264883897888
27.2,879.488712228445
27.4,879.4472156669528
27.6,879.4019472534968
27.8,879.3528509073933
28.0,879.2998658681392
28.2,879.2429266409519
28.4,879.1819629389414
28.6,879.1168996220747
28.8,879.0476566330997
29.0,878.9741489306072
29.2,878.8962864194233
29.4,878.8139738785337
29.6,878.727110886752
29.8,878.6355917463604
30.0,878.5393054049529
30.2,878.4381353757341
30.4,878.3319596565261
30.6,878.2206506477559
30.8,878.1040750696983
31.0,877.982093879267
31.2,877.8545621866492
31.4,877.7213291720933
31.6,877.5822380031668
31.8,877.4371257528077
32.0,877.2858233185044
32.2,877.1281553429428
32.4,876.963940136466
32.6,876.7929896017007
32.8,876.6151091607047
33.0,876.4300976849972
33.2,876.2377474288338
33.4,876.037843966093
33.6,875.8301661311366
33.8,875.6144859640134
34.0,875.3905686603653
34.2,875.1581725263985
34.4,874.9170489392761
34.6,874.6669423132792
34.8,874.4075900720841
35.0,874.1387226274855
35.2,873.8600633648932
35.4,873.5713286359127
35.6,873.2722277583105
35.8,872.9624630236481
36.0,872.641729712853
36.2,872.3097161199779
36.4,871.9661035843762
36.6,871.6105665315085
36.8,871.2427725225639
37.0,870.8623823130608
37.2,870.4690499205672
37.4,870.0624227016483
37.6,869.6421414381299
37.8,869.2078404327278
38.0,868.7591476140705
38.2,868.2956846511041
38.4,867.8170670768457
38.6,867.3229044214044
38.8,866.8128003541723
39.0,866.2863528350364
39.2,865.7431542744404
39.4,865.1827917020828
39.6,864.6048469440059
39.8,864.0088968077927
40.0,863.3945132755563
40.2,862.7612637043663
40.4,862.1087110337306
40.6,861.4364139997077
40.8,860.7439273552
41.0,860.0308020959408
41.2,859.2965856916619
41.4,858.540822321894
41.6,857.7630531158296
41.8,856.962816395649
42.0,856.1396479226855
42.2,855.2930811457861
42.4,854.4226474512022
42.6,853.527876413327
42.8,852.6082960455814
43.0,851.6634330507388
43.2,850.6928130699681
43.4,849.6959609298647
43.6,848.6724008867425
43.8,847.621656867448
44.0,846.5432527059704
44.2,845.4367123751167
44.4,844.3015602125375
44.6,843.1373211403932
44.8,841.9435208779697
45.0,840.7196861465684
45.2,839.4653448660142
45.4,838.1800263421521
45.6,836.8632614447296
45.8,835.5145827750871
46.0,834.1335248231177
46.2,832.7196241129888
46.4,831.2724193371557
46.6,829.7914514782414
46.8,828.2762639183935
47.0,826.7264025357813
47.2,825.141415787935
47.4,823.520854781684
47.6,821.8642733294963
47.8,820.1712279920768
48.0,818.4412781071294
48.2,816.6739858042465
48.4,814.868916005938
48.6,813.0256364148712
48.8,811.1437174874418
49.0,809.2227323938555
49.2,807.262256964948
49.4,805.2618696260294
49.6,803.2211513180858
49.8,801.1396854067254
50.0,799.0170575793047
