0.0,860.8232087685417
0.2,861.4871653300688
0.4,862.1357256170594
0.6,862.7690787522607
0.8,863.387415118366
1.0,863.9909263487492
1.2,864.5798053131648
1.4,865.1542460983788
1.6,865.7144439837193
1.8,866.2605954115496
2.0,866.7928979526912
2.2,867.311550266839
2.4,867.8167520580325
2.6,868.3087040252623
2.8,868.7876078083107
3.0,869.2536659289448
3.2,869.7070817275908
3.4,870.1480592956428
3.6,870.5768034035676
3.8,870.9935194249858
4.0,871.3984132569238
4.2,871.7916912364402
4.4,872.1735600538469
4.6,872.5442266627546
4.8,872.9038981871807
5.0,873.2527818259714
5.2,873.5910847547909
5.4,873.9190140259457
5.6,874.2367764663118
5.8,874.5445785736392
6.0,874.8426264115137
6.2,875.1311255032552
6.4,875.4102807250366
6.6,875.6802961985047
6.8,875.9413751831855
7.0,876.1937199689563
7.2,876.4375317688576
7.4,876.6730106125242
7.6,876.9003552404987
7.8,877.1197629996959
8.0,877.3314297402694
8.2,877.5355497141337
8.4,877.7323154753801
8.6,877.9219177828177
8.8,878.1045455048636
9.0,878.2803855269907
9.2,878.449622661936
9.4,878.6124395628558
9.6,878.7690166396064
9.8,878.9195319783144
10.0,879.0641612643846
10.2,879.2030777090903
10.4,879.3364519798638
10.6,879.4644521344034
10.8,879.5872435586921
11.0,879.704988909013
11.2,879.8178480580308
11.4,879.9259780449974
11.6,880.0295330301216
11.8,880.1286642531371
12.0,880.2235199960799
12.2,880.3142455502826
12.4,880.4009831875748
12.6,880.4838721356665
12.8,880.563048557684
13.0,880.6386455358113
13.2,880.7107930589805
13.4,880.7796180145461
13.6,880.8452441838651
13.8,880.9077922416966
14.0,880.9673797593251
14.2,881.0241212113056
14.4,881.0781279857148
14.6,881.1295083977931
14.8,881.1783677068485
15.0,881.224808136292
15.2,881.2689288966665
15.4,881.3108262115254
15.6,881.3505933460167
15.8,881.3883206380176
16.0,881.4240955316698
16.2,881.4580026131572
16.4,881.4901236485655
16.6,881.5205376236675
16.8,881.5493207854676
17.0,881.5765466853494
17.2,881.6022862236598
17.4,881.6266076955685
17.6,881.6495768380466
17.8,881.6712568777987
18.0,881.6917085799948
18.2,881.7109902976453
18.4,881.7291580214627
18.6,881.7462654300653
18.8,881.762363940367
19.0,881.7775027580158
19.2,881.7917289277337
19.4,881.805087383425
19.6,881.8176209979155
19.8,881.8293706321953
20.0,881.8403751840377
20.2,881.8506716358747
20.4,881.8602951018098
20.6,881.8692788736581
20.8,881.8776544659029
21.0,881.8854516594683
21.2,881.8926985442081
21.4,881.899421560014
21.6,881.9056455364596
21.8,881.9113937308906
22.0,881.9166878648821
22.2,881.9215481589896
22.4,881.925993365721
22.6,881.930040800663
22.8,881.9337063717024
23.0,881.9370046062822
23.2,881.9399486766421
23.4,881.9425504229932
23.6,881.9448203745843
23.8,881.9467677686182
24.0,881.9484005669846
24.2,881.9497254707749
24.4,881.9507479325565
24.6,881.9514721663777
24.8,881.9519011554888
25.0,881.9520366577625
25.2,881.9518792088011
25.4,881.951428122727
25.6,881.9506814906498
25.8,881.9496361768138
26.0,881.9482878124287
26.2,881.9466307871949
26.4,881.9446582385328
26.6,881.9423620385382
26.8,881.9397327786799
27.0,881.9367597522668
27.2,881.9334309347165
27.4,881.9297329616538
27.6,881.9256511048812
27.8,881.9211692462613
28.0,881.9162698495586
28.2,881.9109339302911
28.4,881.9051410236473
28.6,881.8988691505272
28.8,881.8920947817743
29.0,881.8847928006646
29.2,881.8769364637274
29.4,881.8684973599762
29.6,881.8594453686335
29.8,881.8497486154339
30.0,881.8393734276026
30.2,881.8282842876008
30.4,881.816443785745
30.6,881.8038125718024
30.8,881.7903493056751
31.0,881.7760106072901
31.2,881.7607510058103
31.4,881.7445228882967
31.6,881.7272764479455
31.8,881.7089596320354
32.0,881.6895180897204
32.2,881.6688951198093
32.4,881.6470316186743
32.6,881.6238660284372
32.8,881.5993342855819
33.0,881.573369770148
33.2,881.5459032556585
33.4,881.5168628599405
33.6,881.4861739969978
33.8,881.4537593300954
34.0,881.4195387262183
34.2,881.3834292120647
34.4,881.345344931739
34.6,881.3051971063031
34.8,881.2628939953481
35.0,881.2183408607461
35.2,881.1714399327393
35.4,881.1220903785211
35.6,881.0701882734623
35.8,881.0156265751299
36.0,880.9582951002419
36.2,880.8980805047007
36.4,880.8348662668358
36.6,880.7685326739852
36.8,880.6989568125396
37.0,880.6260125615594
37.2,880.5495705900753
37.4,880.4694983581696
37.6,880.3856601219284
37.8,880.2979169423434
38.0,880.2061266982373
38.2,880.11014410327
38.4,880.0098207270759
38.6,879.90500502057
38.8,879.7955423454512
39.0,879.6812750079124
39.2,879.5620422965638
39.4,879.4376805245561
39.6,879.3080230758798
39.8,879.1729004558026
40.0,879.032140345397
40.2,878.8855676600901
40.4,878.7330046121616
40.6,878.5742707770953
40.8,878.4091831636832
41.0,878.2375562877605
41.2,878.0592022494419
41.4,877.8739308137144
41.6,877.6815494942309
41.8,877.4818636401315
42.0,877.2746765257152
42.2,877.0597894427668
42.4,876.837001795335
42.6,876.6061111967479
42.8,876.3669135686417
43.0,876.1192032417705
43.2,875.8627730583527
43.4,875.5974144757078
43.6,875.3229176709274
43.8,875.0390716463174
44.0,874.7456643353469
44.2,874.4424827088307
44.4,874.1293128810759
44.6,873.8059402157139
44.8,873.4721494309438
45.0,873.1277247039097
45.2,872.7724497739392
45.4,872.4061080443693
45.6,872.0284826826914
45.8,871.6393567187513
46.0,871.2385131407461
46.2,870.8257349887649
46.4,870.4008054456307
46.6,869.9635079248072
46.8,869.5136261551464
47.0,869.0509442622606
47.2,868.5752468463186
47.4,868.0863190560734
47.6,867.5839466589478
47.8,867.0679161070124
48.0,866.5380145987124
48.2,865.9940301362099
48.4,865.4357515782262
48.6,864.8629686882899
48.8,864.2754721783051
49.0,863.6730537473821
49.2,863.0555061158835
49.4,862.4226230546604
49.6,861.7741994094727
49.8,861.1100311206033
50.0,860.4299152376984
