0.0,809.9411210062316
0.2,811.9690157338928
0.4,813.954342332664
0.6,815.8974658341441
0.8,817.7987590829986
1.0,819.6586030623833
1.2,821.4773871806162
1.4,823.255509517788
1.6,824.99337703122
1.8,826.6914057188911
2.0,828.3500207401805
2.2,829.9696564934994
2.4,831.5507566506058
2.6,833.0937741476217
2.8,834.5991711329958
3.0,836.0674188728649
3.2,837.4989976144889
3.4,838.8943964086304
3.6,840.2541128919547
3.8,841.5786530307104
4.0,842.868530827129
4.2,844.1242679901561
4.4,845.3463935722727
4.6,846.5354435743155
4.8,847.691960520333
5.0,848.8164930046277
5.2,849.9095952132379
5.4,850.9718264221996
5.6,852.0037504749974
5.8,853.0059352416746
6.0,853.9789520621052
6.2,854.9233751759698
6.4,855.8397811419716
6.6,856.7287482488414
6.8,857.5908559206514
7.0,858.4266841189309
7.2,859.2368127440326
7.4,860.0218210381386
7.6,860.7822869922294
7.8,861.5187867592564
8.0,862.2318940756708
8.2,862.9221796933598
8.4,863.5902108239366
8.6,864.2365505972117
8.8,864.8617575355559
9.0,865.4663850457329
9.2,866.0509809296541
9.4,866.6160869153667
9.6,867.1622382094539
9.8,867.6899630718843
10.0,868.1997824142082
10.2,868.6922094218585
10.4,869.1677492011772
10.6,869.62689845165
10.8,870.0701451636992
11.0,870.4979683422536
11.2,870.9108377561895
11.4,871.3092137136132
11.6,871.6935468628412
11.8,872.0642780188233
12.0,872.4218380146468
12.2,872.7666475776684
12.4,873.0991172297216
12.6,873.41964721077
12.8,873.7286274252972
13.0,874.0264374106544
13.2,874.3134463265276
13.4,874.5900129646284
13.6,874.8564857776687
13.8,875.1132029266377
14.0,875.3604923453681
14.2,875.5986718213543
14.4,875.8280490917606
14.6,876.0489219535551
14.8,876.2615783866903
15.0,876.4662966892531
15.2,876.6633456235187
15.4,876.8529845718414
15.6,877.0354637013435
15.8,877.2110241363757
16.0,877.3798981377464
16.2,877.5423092877496
16.4,877.6984726800475
16.6,877.8485951134993
16.8,877.9928752890639
17.0,878.1315040089438
17.2,878.2646643771727
17.4,878.3925320008977
17.6,878.5152751916431
17.8,878.633055165889
18.0,878.7460262443404
18.2,878.8543360493078
18.4,878.9581256996565
18.6,879.0575300028368
18.8,879.1526776435348
19.0,879.2436913685377
19.2,879.3306881674357
19.4,879.4137794488317
19.6,879.4930712117584
19.8,879.5686642120424
20.0,879.6406541233879
20.2,879.7091316929827
20.4,879.7741828914628
20.6,879.8358890570942
20.8,879.8943270340617
21.0,879.9495693047766
21.2,880.0016841161349
21.4,880.0507355996826
21.6,880.0967838856543
21.8,880.1398852108773
22.0,880.1800920205387
22.2,880.2174530638281
22.4,880.2520134834808
22.6,880.283814899251
22.8,880.3128954853513
23.0,880.3392900419052
23.2,880.3630300604541
23.4,880.3841437835697
23.6,880.4026562586207
23.8,880.4185893857401
24.0,880.4319619600412
24.2,880.4427897081266
24.4,880.4510853189294
24.6,880.456858468923
24.8,880.4601158417323
25.0,880.4608611421681
25.2,880.4590951047079
25.4,880.4548154964341
25.6,880.4480171144377
25.8,880.4386917776866
26.0,880.4268283133521
26.2,880.4124125375828
26.4,880.3954272307047
26.6,880.3758521068252
26.8,880.3536637778102
27.0,880.328835711603
27.2,880.3013381848438
27.4,880.2711382297538
27.6,880.2381995752379
27.8,880.2024825821676
28.0,880.1639441727979
28.2,880.1225377542812
28.4,880.0782131362397
28.6,880.0309164423643
28.8,879.980590016014
29.0,879.9271723197994
29.2,879.8705978291395
29.4,879.8107969197989
29.6,879.7476957494198
29.8,879.6812161330827
30.0,879.6112754129455
30.2,879.5377863220298
30.4,879.4606568422463
30.6,879.379790056772
30.8,879.2950839969204
31.0,879.2064314836706
31.2,879.1137199640507
31.4,879.0168313426072
31.6,878.915641808215
31.8,878.8100216565288
32.0,878.6998351084031
32.2,878.584940124655
32.4,878.4651882175727
32.6,878.3404242596247
32.8,878.2104862898525
33.0,878.0752053184859
33.2,877.9344051303494
33.4,877.7879020876783
33.6,877.635504933005
33.8,877.4770145928147
34.0,877.3122239827144
34.2,877.140917814898
34.4,876.9628724087318
34.6,876.7778555053173
34.8,876.5856260869306
35.0,876.3859342022629
35.2,876.1785207984246
35.4,875.9631175606957
35.6,875.7394467610321
35.8,875.5072211163581
36.0,875.2661436576847
36.2,875.0159076111098
36.4,874.7561962917582
36.6,874.4866830117182
36.8,874.2070310030282
37.0,873.9168933567499
37.2,873.6159129791522
37.4,873.3037225659974
37.6,872.9799445958943
37.8,872.6441913436402
38.0,872.2960649144293
38.2,871.9351572997494
38.4,871.5610504557285
38.6,871.1733164046238
38.8,870.771517360071
39.0,870.3552058766257
39.2,869.9239250240443
39.4,869.4772085866462
39.6,869.0145812880087
39.8,868.535559041122
40.0,868.0396492240295
40.2,867.5263509808499
40.4,866.99515554796
40.6,866.4455466049807
40.8,865.8770006500832
41.0,865.2889873989951
41.2,864.6809702069474
41.4,864.0524065126707
41.6,863.402748303406
41.8,862.731442599761
42.0,862.0379319591067
42.2,861.3216549960755
42.4,860.5820469185923
42.6,859.8185400777445
42.8,859.0305645296789
43.0,858.2175486075981
43.2,857.3789195018218
43.4,856.5141038457854
43.6,855.6225283057539
43.8,854.703620171955
44.0,853.7568079487639
44.2,852.7815219415212
44.4,851.7771948375148
44.6,850.7432622786346
44.8,849.6791634231821
45.0,848.5843414943231
45.2,847.4582443126758
45.4,846.300324810558
45.6,845.1100415254543
45.8,843.8868590703222
46.0,842.630248578426
46.2,841.3396881204748
46.4,840.0146630919394
46.6,838.6546665685383
46.8,837.2591996280116
47.0,835.8277716364438
47.2,834.3599004975501
47.4,832.8551128635066
47.6,831.3129443060825
47.8,829.7329394470177
48.0,828.1146520467876
48.2,826.4576450510974
48.4,824.7614905946588
48.6,823.0257699620166
48.8,821.2500735054148
49.0,819.4340005199056
49.2,817.577159076136
49.4,815.6791658114621
49.6,813.7396456802616
49.8,811.7582316645362
50.0,809.7345644461041
