0.0,832.2905038798573
0.2,834.2827250787566
0.4,836.2113466165094
0.6,838.075838920578
0.8,839.8758827831865
1.0,841.6113738343379
1.2,843.2824241528405
1.4,844.8893610514979
1.6,846.4327231256033
1.8,847.9132537036164
2.0,849.3318918841767
2.2,850.6897613833964
2.4,851.9881574498231
2.6,853.2285321309431
2.8,854.4124781941874
3.0,855.541712016935
3.2,856.6180557640233
3.4,857.6434191680439
3.6,858.6197812176564
3.8,859.5491720429654
4.0,860.4336552653995
4.2,861.2753110534238
4.4,862.0762200957447
4.6,862.838448671422
4.8,863.5640349624978
5.0,864.2549767203343
5.2,864.9132203627582
5.4,865.540651546153
5.6,866.1390872255604
5.8,866.7102691872635
6.0,867.2558590127111
6.2,867.7774344103717
6.4,868.2764868334026
6.6,868.7544202859908
6.8,869.2125512098738
7.0,869.6521093347479
7.2,870.0742393718427
7.4,870.4800034286052
7.6,870.8703840238594
7.8,871.2462875866496
8.0,871.6085483278083
8.2,871.9579323807687
8.4,872.2951421168244
8.6,872.620820549588
8.8,872.9355557534551
9.0,873.23988523112
9.2,873.5343001753452
9.4,873.8192495800304
9.6,874.0951441649433
9.8,874.3623600871506
10.0,874.6212424200702
10.2,874.8721083881333
10.4,875.1152503512144
10.6,875.350938538286
10.8,875.5794235341838
11.0,875.8009385269706
11.2,876.0157013262203
11.4,876.2239161646655
11.6,876.4257752971511
11.8,876.6214604117729
12.0,876.8111438685472
12.2,876.9949897810224
12.4,877.173154955983
12.6,877.3457897058863
12.8,877.5130385479516
13.0,877.6750408029789
13.2,877.831931106025
13.4,877.9838398400717
13.6,878.1308935028069
13.8,878.2732150156369
14.0,878.4109239830734
14.2,878.544136909715
14.4,878.6729673811718
14.6,878.7975262144845
14.8,878.9179215828478
15.0,879.0342591187946
15.2,879.1466419993972
15.4,879.2551710165187
15.6,879.3599446346872
15.8,879.4610590387587
16.0,879.558608173189
16.2,879.6526837744332
16.4,879.7433753977343
16.6,879.8307704393494
16.8,879.9149541550706
17.0,879.9960096757537
17.2,880.0740180204281
17.4,880.1490581074676
17.6,880.2212067641989
17.8,880.2905387352633
18.0,880.3571266899831
18.2,880.4210412289323
18.4,880.4823508898759
18.6,880.5411221532086
18.8,880.5974194469918
19.0,880.6513051516757
19.2,880.7028396045662
19.4,880.7520811040878
19.6,880.7990859138805
19.8,880.843908266759
20.0,880.8866003685531
20.2,880.9272124018474
20.4,880.9657925296244
20.6,881.0023868988197
20.8,881.0370396437886
21.0,881.0697928896824
21.2,881.1006867557329
21.4,881.1297593584345
21.6,881.157046814623
21.8,881.182583244436
22.0,881.2064007741523
22.2,881.2285295388926
22.4,881.2489976851803
22.6,881.2678313733431
22.8,881.2850547797508
23.0,881.3006900988761
23.2,881.3147575451692
23.4,881.3272753547348
23.6,881.3382597868045
23.8,881.3477251249941
24.0,881.3556836783374
24.2,881.3621457820917
24.4,881.3671197983045
24.6,881.3706121161396
24.8,881.3726271519556
25.0,881.3731673491344
25.2,881.3722331776553
25.4,881.3698231334154
25.6,881.3659337372932
25.8,881.3605595339593
26.0,881.3536930904311
26.2,881.3453249943783
26.4,881.3354438521809
26.6,881.3240362867444
26.8,881.3110869350788
27.0,881.2965784456463
27.2,881.2804914754871
27.4,881.2628046871306
27.6,881.2434947453011
27.8,881.2225363134277
28.0,881.1999020499687
28.2,881.1755626045631
28.4,881.1494866140165
28.6,881.1216406981375
28.8,881.0919894554322
29.0,881.0604954586712
29.2,881.0271192503384
29.4,880.9918193379747
29.6,880.9545521894235
29.8,880.9152722279911
30.0,880.8739318275273
30.2,880.8304813074336
30.4,880.7848689276043
30.6,880.737040883301
30.8,880.6869412999598
31.0,880.6345122279274
31.2,880.5796936371144
31.4,880.5224234115509
31.6,880.4626373438224
31.8,880.4002691293521
32.0,880.3352503604877
32.2,880.267510520337
32.4,880.1969769762757
32.6,880.1235749730362
32.8,880.0472276252555
33.0,879.9678559093309
33.2,879.885378654392
33.4,879.7997125321515
33.6,879.710772045337
33.8,879.6184695143345
34.0,879.5227150615912
34.2,879.4234165932144
34.4,879.3204797770817
34.6,879.2138080166261
34.8,879.1033024192744
35.0,878.9888617583094
35.2,878.8703824266698
35.4,878.7477583809073
35.6,878.6208810731765
35.8,878.489639368735
36.0,878.3539194459759
36.2,878.2136046754943
36.4,878.0685754741071
36.6,877.9187091290878
36.8,877.7638795871555
37.0,877.6039572019654
37.2,877.438808432988
37.4,877.2682954877524
37.6,877.092275898466
37.8,876.9106020230306
38.0,876.7231204594741
38.2,876.5296713618349
38.4,876.3300876445987
38.6,876.1241940619472
38.8,875.9118061473745
39.0,875.6927289987126
39.2,875.4667558933509
39.4,875.2336667184969
39.6,874.9932262017792
39.8,874.7451819284203
40.0,874.4892621326791
40.2,874.2251732533556
40.4,873.9525972459412
40.6,873.6711886475563
40.8,873.380571395179
41.0,873.0803354028965
41.2,872.7700329100034
41.4,872.449174618733
41.6,872.1172256481993
41.8,871.7736013396765
42.0,871.4176629575434
42.2,871.0487133399344
42.4,870.665992563156
42.6,870.2686736940423
42.8,869.8558587143378
43.0,869.426574710626
43.2,868.9797704318913
43.4,868.5143133241797
43.6,868.0289871575872
43.8,867.5224903645901
44.0,866.9934352101429
44.2,866.4403479126437
44.4,865.8616698305012
44.6,865.2557598213367
44.8,864.6208978696504
45.0,863.9552900639504
45.2,863.2570749858788
45.4,862.5243315518918
45.6,861.7550883227635
45.8,860.9473342679706
46.0,860.0990309413352
46.2,859.2081259917794
46.4,858.2725678993882
46.6,857.2903217930167
46.8,856.2593861723082
47.0,855.1778103251708
47.2,854.0437122024799
47.4,852.8552964860081
47.6,851.6108725642737
47.8,850.308872115022
48.0,848.9478659831577
48.2,847.5265800397651
48.4,846.0439097118302
48.6,844.4989328836731
48.8,842.8909208899647
49.0,841.2193473463425
49.2,839.4838945966776
49.4,837.684457595324
49.6,835.8211450873881
49.8,833.8942779991544
50.0,831.9043850031147
