0.0,864.1890189010365
0.2,864.8130611059775
0.4,865.421285373164
0.6,866.0138796567146
0.8,866.5910348545408
1.0,867.1529448143023
1.2,867.6998063272833
1.4,868.2318191101479
1.6,868.7491857745883
1.8,869.2521117849345
2.0,869.7408054038423
2.2,870.2154776262349
2.4,870.676342101719
2.6,871.1236150457494
2.8,871.5575151398608
3.0,871.9782634213352
3.2,872.3860831627127
3.4,872.7811997415982
3.6,873.1638405012525
3.8,873.5342346024948
4.0,873.8926128674738
4.2,874.2392076158958
4.4,874.5742524943258
4.6,874.8979822991987
4.8,875.2106327941988
5.0,875.5124405226833
5.2,875.8036426158354
5.4,876.0844765972463
5.6,876.3551801846269
5.8,876.6159910893573
6.0,876.8671468145772
6.2,877.1088844525168
6.4,877.3414404817646
6.6,877.5650505651504
6.8,877.779949348917
7.0,877.9863702638274
7.2,878.1845453288457
7.4,878.3747049579985
7.6,878.5570777710068
7.8,878.731890408248
8.0,878.899367350577
8.2,879.059730744513
8.4,879.2132002332573
8.6,879.3599927939798
8.8,879.5003225817773
9.0,879.6344007806669
9.2,879.7624354619477
9.4,879.8846314502218
9.6,880.0011901973318
9.8,880.1123096644326
10.0,880.2181842123808
10.2,880.3190045005856
10.4,880.4149573944286
10.6,880.5062258813276
10.8,880.5929889954797
11.0,880.6754217512874
11.2,880.7536950854405
11.4,880.8279758075882
11.6,880.8984265595155
11.8,880.9652057826978
12.0,881.0284676940901
12.2,881.0883622699746
12.4,881.1450352376703
12.6,881.1986280748841
12.8,881.2492780164639
13.0,881.2971180682943
13.2,881.3422770280578
13.4,881.3848795125749
13.6,881.4250459914156
13.8,881.4628928264692
14.0,881.4985323171496
14.2,881.5320727509019
14.4,881.5636184586765
14.6,881.5932698750262
14.8,881.6211236024837
15.0,881.6472724798759
15.2,881.6718056542289
15.4,881.6948086559235
15.6,881.7163634767605
15.8,881.7365486506046
16.0,881.7554393362757
16.2,881.7731074023674
16.4,881.7896215136795
16.6,881.805047218959
16.8,881.8194470396537
17.0,881.8328805593941
17.2,881.8454045139279
17.4,881.8570728812449
17.6,881.8679369716392
17.8,881.8780455174708
18.0,881.8874447623971
18.2,881.8961785498611
18.4,881.9042884106323
18.6,881.9118136492109
18.8,881.918791428917
19.0,881.9252568554991
19.2,881.9312430591098
19.4,881.9367812745047
19.6,881.9419009193372
19.8,881.9466296704265
20.0,881.9509935378951
20.2,881.9550169370727
20.4,881.9587227580847
20.6,881.9621324330392
20.8,881.9652660007501
21.0,881.96814216893
21.2,881.9707783738004
21.4,881.9731908370744
21.6,881.9753946202707
21.8,881.9774036763255
22.0,881.979230898475
22.2,881.9808881663855
22.4,881.982386389513
22.6,881.9837355476759
22.8,881.9849447288339
23.0,881.9860221640608
23.2,881.9869752597095
23.4,881.9878106267626
23.6,881.9885341073696
23.8,881.9891507985697
24.0,881.9896650731993
24.2,881.9900805979875
24.4,881.9904003488396
24.6,881.9906266233105
24.8,881.9907610502705
25.0,881.9908045967619
25.2,881.990757572051
25.4,881.9906196288719
25.6,881.9903897618631
25.8,881.9900663031965
26.0,881.9896469153953
26.2,881.9891285813391
26.4,881.9885075914534
26.6,881.9877795280814
26.8,881.9869392470317
27.0,881.9859808563014
27.2,881.9848976919702
27.4,881.9836822912648
27.6,881.9823263627877
27.8,881.9808207539161
28.0,881.9791554153669
28.2,881.9773193629346
28.4,881.9753006364065
28.6,881.9730862556636
28.8,881.9706621739807
29.0,881.9680132285413
29.2,881.9651230881872
29.4,881.9619741984299
29.6,881.9585477237532
29.8,881.9548234872468
30.0,881.9507799076114
30.2,881.9463939335898
30.4,881.941640975881
30.6,881.9364948366056
30.8,881.930927636397
31.0,881.9249097392061
31.2,881.9184096749136
31.4,881.9113940598544
31.6,881.9038275153735
31.8,881.8956725845385
32.0,881.8868896471474
32.2,881.8774368331858
32.4,881.8672699348922
32.6,881.8563423176105
32.8,881.8446048296145
33.0,881.8320057111056
33.2,881.8184905025977
33.4,881.8040019529117
33.6,881.788479927019
33.8,881.7718613139833
34.0,881.7540799352611
34.2,881.7350664536339
34.4,881.7147482830561
34.6,881.6930494997116
34.8,881.6698907545823
35.0,881.6451891878423
35.2,881.6188583453962
35.4,881.5908080978895
35.6,881.5609445625253
35.8,881.5291700280228
36.0,881.4953828830637
36.2,881.459477548565
36.4,881.4213444141279
36.6,881.3808697790047
36.8,881.3379357979251
37.0,881.2924204321246
37.2,881.244197405901
37.4,881.1931361690316
37.6,881.139101865364
37.8,881.0819553078867
38.0,881.0215529605757
38.2,880.9577469272921
38.4,880.8903849479966
38.6,880.8193104025239
38.8,880.7443623221416
39.0,880.6653754090955
39.2,880.5821800643232
39.4,880.4946024234857
39.6,880.4024644014469
39.8,880.3055837452973
40.0,880.2037740959934
40.2,880.0968450586452
40.4,879.9846022814609
40.6,879.8668475433174
40.8,879.7433788498932
41.0,879.6139905382648
41.2,879.4784733898321
41.4,879.3366147513996
41.6,879.1881986642077
41.8,879.0330060006654
42.0,878.8708146085048
42.2,878.7013994620382
42.4,878.5245328201629
42.6,878.3399843907241
42.8,878.147521500812
43.0,877.9469092725357
43.2,877.7379108037851
43.4,877.520287353462
43.6,877.293798530632
43.8,877.0582024870238
44.0,876.8132561122776
44.2,876.5587152313226
44.4,876.294334803245
44.6,876.0198691209874
44.8,875.735072011215
45.0,875.4396970336619
45.2,875.1334976792749
45.4,874.8162275664579
45.6,874.4876406347247
45.8,874.1474913350693
46.0,873.795534816366
46.2,873.4315271071227
46.4,873.0552252919248
46.6,872.6663876819172
46.8,872.2647739787008
47.0,871.8501454310319
47.2,871.422264983748
47.4,870.9808974183662
47.6,870.5258094848375
47.8,870.0567700239718
48.0,869.5735500800879
48.2,869.0759230034841
48.4,868.5636645423658
48.6,868.0365529239135
48.8,867.4943689242208
49.0,866.9368959268796
49.2,866.3639199700422
49.4,865.7752297818394
49.6,865.1706168040859
49.8,864.5498752042589
50.0,863.9128018757865
