0.0,801.2777615674507
0.2,803.3849241971868
0.4,805.4505017787963
0.6,807.4749072046856
0.8,809.4585564061932
1.0,811.4018684803004
1.2,813.3052658016738
1.4,815.169174119505
1.6,816.9940226386784
1.8,818.7802440848629
2.0,820.5282747531935
2.2,822.2385545402735
2.4,823.9115269593027
2.6,825.5476391382018
2.8,827.1473418006768
3.0,828.7110892302368
3.2,830.239339217245
3.4,831.732552989155
3.6,833.1911951241482
3.8,834.615733448454
4.0,836.0066389177003
4.2,837.3643854826989
4.4,838.6894499401348
4.6,839.9823117686759
4.8,841.2434529510839
5.0,842.4733577829443
5.2,843.6725126686919
5.4,844.84140590564
5.6,845.9805274567699
5.8,847.0903687130647
6.0,848.1714222462091
6.2,849.2241815524973
6.4,850.2491407888198
6.6,851.2467945016156
6.8,852.217637349691
7.0,853.1621638218156
7.2,854.0808679500162
7.4,854.9742430194859
7.6,855.8427812760276
7.8,856.6869736319427
8.0,857.507309371269
8.2,858.3042758552543
8.4,859.0783582289379
8.6,859.8300391296926
8.8,860.5597983985526
9.0,861.268112795129
9.2,861.9554557168852
9.4,862.622296923511
9.6,863.2691022670997
9.8,863.8963334287973
10.0,864.504447662555
10.2,865.0938975465713
10.4,865.6651307429768
10.6,866.2185897662629
10.8,866.7547117609181
11.0,867.2739282886889
11.2,867.7766651258368
11.4,868.2633420707189
11.6,868.7343727619746
11.8,869.190164507552
12.0,869.6311181247697
12.2,870.0576277915575
12.4,870.470080908984
12.6,870.868857975129
12.8,871.2543324703241
13.0,871.6268707537394
13.2,871.986831971258
13.4,872.3345679745431
13.6,872.6704232511657
13.8,872.9947348656269
14.0,873.307832411077
14.2,873.6100379715064
14.4,873.9016660941471
14.6,874.183023771809
14.8,874.4544104348385
15.0,874.7161179523762
15.2,874.9684306425613
15.4,875.2116252913183
15.6,875.4459711793425
15.8,875.6717301168895
16.0,875.8891564859582
16.2,876.0984972894522
16.4,876.29999220689
16.6,876.4938736562358
16.8,876.6803668614106
17.0,876.859689925047
17.2,877.0320539060469
17.4,877.1976629015016
17.6,877.3567141325378
17.8,877.5093980336558
18.0,877.6558983451292
18.2,877.7963922080447
18.4,877.9310502615631
18.6,878.0600367419966
18.8,878.1835095833009
19.0,878.301620518593
19.2,878.4145151823184
19.4,878.5223332126955
19.6,878.625208354087
19.8,878.7232685589511
20.0,878.8166360890425
20.2,878.9054276155472
20.4,878.9897543178436
20.6,879.0697219806013
20.8,879.1454310889386
21.0,879.2169769213745
21.2,879.2844496403253
21.4,879.3479343799091
21.6,879.4075113308311
21.8,879.4632558221444
22.0,879.5152383996851
22.2,879.5635249009971
22.4,879.6081765265768
22.6,879.6492499072765
22.8,879.6867971677183
23.0,879.7208659855852
23.2,879.7514996466626
23.4,879.7787370955193
23.6,879.8026129817246
23.8,879.8231577015121
24.0,879.8403974348076
24.2,879.8543541775542
24.4,879.8650457692693
24.6,879.8724859157886
24.8,879.8766842071523
25.0,879.8776461306051
25.2,879.8753730786871
25.4,879.8698623524031
25.6,879.8611071594689
25.8,879.8490966076397
26.0,879.8338156931359
26.2,879.8152452841929
26.4,879.7933620997678
26.6,879.7681386834479
26.8,879.7395433726133
27.0,879.7075402629185
27.2,879.6720891681648
27.4,879.6331455756482
27.6,879.5906605970749
27.8,879.5445809151502
28.0,879.4948487259555
28.2,879.4414016772404
28.4,879.3841728027647
28.6,879.323090452844
28.8,879.2580782212566
29.0,879.189054868686
29.2,879.1159342428849
29.4,879.0386251957589
29.6,878.9570314975801
29.8,878.8710517485555
30.0,878.7805792879858
30.2,878.6855021012675
30.4,878.5857027249967
30.6,878.4810581504576
30.8,878.3714397257783
31.0,878.2567130570644
31.2,878.1367379088185
31.4,878.0113681039793
31.6,877.8804514239181
31.8,877.7438295087474
32.0,877.6013377583022
32.2,877.4528052341734
32.4,877.2980545631739
32.6,877.136901842636
32.8,876.9691565479399
33.0,876.7946214426883
33.2,876.6130924919408
33.4,876.4243587789364
33.6,876.2282024257269
33.8,876.0243985181581
34.0,875.8127150356278
34.2,875.5929127860556
34.4,875.364745346498
34.6,875.1279590098353
34.8,874.8822927379603
35.0,874.6274781218814
35.2,874.3632393491577
35.4,874.0892931790606
35.6,873.8053489258556
35.8,873.511108450575
36.0,873.2062661616455
36.2,872.8905090247081
36.4,872.5635165819516
36.6,872.2249609812623
36.8,871.8745070154606
37.0,871.5118121718768
37.2,871.1365266924867
37.4,870.748293644796
37.6,870.346749003637
37.8,869.9315217439985
38.0,869.5022339449837
38.2,869.0585009049476
38.4,868.5999312678288
38.6,868.1261271606535
38.8,867.6366843421431
39.0,867.1311923623201
39.2,866.6092347329621
39.4,866.0703891087087
39.6,865.5142274785825
39.8,864.9403163676437
40.0,864.348217048448
40.2,863.7374857619369
40.4,863.107673947344
40.6,862.4583284806547
40.8,861.7889919211183
41.0,861.0992027652645
41.2,860.3884957078375
41.4,859.6564019090214
41.6,858.9024492672935
41.8,858.1261626972029
42.0,857.3270644113412
42.2,856.5046742057401
42.4,855.6585097478999
42.6,854.788086866628
42.8,853.8929198428444
43.0,852.9725217004898
43.2,852.0264044966536
43.4,851.0540796100316
43.6,850.0550580268066
43.8,849.0288506230453
44.0,847.9749684426988
44.2,846.8929229703006
44.4,845.7822263974566
44.6,844.6423918822388
44.8,843.4729338006022
45.0,842.273367988968
45.2,841.0432119771374
45.4,839.7819852107256
45.6,838.4892092623402
45.8,837.1644080307597
46.0,835.8071079274076
46.2,834.416838049462
46.4,832.9931303389824
46.6,831.5355197274912
46.8,830.0435442654923
47.0,828.516745236471
47.2,826.9546672549751
47.4,825.3568583484372
47.6,823.7228700224632
47.8,822.0522573093735
48.0,820.3445787998556
48.2,818.5993966576453
48.4,816.8162766172333
48.6,814.9947879646543
48.8,813.1345035014888
49.0,811.2349994922785
49.2,809.2958555956216
49.4,807.3166547792857
49.6,805.2969832197418
49.8,803.2364301865872
50.0,801.134587912391
