0.0,569.6334656478473
0.2,576.2943595108951
0.4,582.8101336219437
0.6,589.1835232231247
0.8,595.4172415769764
1.0,601.5139784919411
1.2,607.4763989145247
1.4,613.3071415891673
1.6,619.008817786668
1.8,624.5840101018091
2.0,630.0352713206233
2.2,635.3651233575634
2.4,640.5760562626358
2.6,645.670527298386
2.8,650.6509600864391
3.0,655.5197438231324
3.2,660.2792325636077
3.4,664.9317445735738
3.6,669.4795617477979
3.8,673.9249290942382
4.0,678.2700542825952
4.2,682.517107255926
4.4,686.6682199038504
4.6,690.7254857957579
4.8,694.6909599723259
5.0,698.5666587935616
5.2,702.3545598414926
5.4,706.0566018755559
5.6,709.6746848386625
5.8,713.2106699118608
6.0,716.6663796154644
6.2,720.0435979544749
6.4,723.3440706060911
6.6,726.5695051470786
6.8,729.7215713187518
7.0,732.801901327316
7.2,735.8120901773216
7.4,738.7536960359799
7.6,741.6282406261228
7.8,744.4372096455928
8.0,747.1820532108982
8.2,749.8641863229884
8.4,752.4849893530602
8.6,755.045808546344
8.8,757.5479565418774
9.0,759.9927129063291
9.2,762.381324680001
9.4,764.715006933196
9.6,766.994943331218
9.8,769.2222867063296
10.0,771.3981596350814
10.2,773.5236550194923
10.4,775.5998366706435
10.6,777.6277398933258
10.8,779.6083720704602
11.0,781.5427132460911
11.2,783.431716705833
11.4,785.276309553725
11.6,787.0773932845342
11.8,788.8358443506182
12.0,790.5525147225378
12.2,792.2282324426827
12.4,793.8638021712434
12.6,795.4600057239355
12.8,797.017602600946
13.0,798.5373305066383
13.2,800.0199058596121
13.4,801.4660242927741
13.6,802.8763611431314
13.8,804.2515719310679
14.0,805.592292828923
14.2,806.8991411187222
14.4,808.1727156389695
14.6,809.4135972204348
14.8,810.6223491109192
15.0,811.7995173890042
15.2,812.9456313668246
15.4,814.0612039819346
15.6,815.1467321783515
15.8,816.2026972768947
16.0,817.2295653349435
16.2,818.2277874957616
16.4,819.1978003275449
16.6,820.1400261523596
16.8,821.0548733651491
17.0,821.9427367429897
17.2,822.8039977447847
17.4,823.6390248015829
17.6,824.4481735977135
17.8,825.2317873429263
18.0,825.990197035722
18.2,826.7237217180601
18.4,827.4326687216183
18.6,828.1173339057807
18.8,828.7780018875218
19.0,829.4149462633447
19.2,830.0284298234286
19.4,830.6187047581283
19.6,831.1860128569659
19.8,831.7305857002389
20.0,832.2526448433675
20.2,832.7524019940903
20.4,833.2300591826112
20.6,833.6858089247906
20.8,834.1198343784682
21.0,834.5323094929914
21.2,834.9233991520213
21.4,835.2932593096764
21.6,835.64203712007
21.8,835.9698710602871
22.0,836.2768910468429
22.2,836.5632185456598
22.4,836.8289666755899
22.6,837.0742403055093
22.8,837.2991361450049
23.0,837.503742828668
23.2,837.6881409940064
23.4,837.8524033529874
23.6,837.996594757212
23.8,838.1207722567285
24.0,838.224985152482
24.2,838.3092750424034
24.4,838.3736758611312
24.6,838.418213913364
24.8,838.4429079008391
25.0,838.4477689429301
25.2,838.432800590856
25.4,838.3979988354962
25.6,838.3433521088014
25.8,838.2688412787919
26.0,838.1744396381345
26.2,838.0601128862861
26.4,837.9258191051947
26.6,837.7715087285457
26.8,837.597124504538
27.0,837.4026014521793
27.2,837.1878668110816
27.4,836.9528399847405
27.6,836.6974324772779
27.8,836.4215478236259
28.0,836.1250815131272
28.2,835.8079209065205
28.4,835.4699451462852
28.6,835.1110250603008
28.8,834.7310230587876
29.0,834.3297930244795
29.2,833.9071801959786
29.4,833.463021044237
29.6,832.9971431420997
29.8,832.509365026843
30.0,831.999496055631
30.2,831.4673362538059
30.4,830.9126761559249
30.6,830.3352966394413
30.8,829.7349687509262
31.0,829.1114535247173
31.2,828.4645017938684
31.4,827.793853993275
31.6,827.0992399548323
31.8,826.3803786944826
32.0,825.6369781909975
32.2,824.8687351563335
32.4,824.0753347973929
32.6,823.2564505690182
32.8,822.4117439180392
33.0,821.5408640181889
33.2,820.6434474957032
33.4,819.7191181454117
33.6,818.7674866371322
33.8,817.7881502121749
34.0,816.7806923697715
34.2,815.7446825432409
34.4,814.6796757657117
34.6,813.5852123252321
34.8,812.4608174090996
35.0,811.306000737263
35.2,810.1202561846573
35.4,808.9030613923499
35.6,807.6538773674013
35.8,806.3721480713556
36.0,805.0572999973097
36.2,803.7087417355349
36.4,802.3258635276549
36.6,800.9080368094183
36.8,799.4546137421455
37.0,797.964926732961
37.2,796.4382879439773
37.4,794.8739887906343
37.6,793.2712994294536
37.8,791.6294682355176
38.0,789.947721270043
38.2,788.2252617384731
38.4,786.4612694395798
38.6,784.6549002061308
38.8,782.8052853377416
39.0,780.911531026607
39.2,778.9727177768765
39.4,776.9878998185114
39.6,774.9561045165398
39.8,772.8763317767024
40.0,770.7475534485595
40.2,768.5687127272098
40.4,766.3387235548507
40.6,764.0564700234927
40.8,761.7208057802135
41.0,759.330553436425
41.2,756.884503982695
41.4,754.3814162107487
41.6,751.8200161443443
41.8,749.1989964807926
42.0,746.5170160449549
42.2,743.7726992576219
42.4,740.9646356202362
42.6,738.0913792179788
42.8,735.1514482432907
43.0,732.1433245419513
43.2,729.0654531838701
43.4,725.9162420607933
43.6,722.6940615131439
43.8,719.3972439882483
44.0,716.0240837322062
44.2,712.5728365176745
44.4,709.0417194098351
44.6,705.4289105728027
44.8,701.7325491187183
45.0,697.9507350017445
45.2,694.0815289591424
45.4,690.1229525015736
45.6,686.0729879547114
45.8,681.9295785541872
46.0,677.6906285958279
46.2,673.3540036430599
46.4,668.9175307932682
46.6,664.3789990047989
46.8,659.736159486191
47.0,654.9867261491077
47.2,650.1283761263119
47.4,645.1587503559047
47.6,640.0754542329016
47.8,634.8760583290775
48.0,629.5580991818589
48.2,624.1190801528769
48.4,618.5564723566334
48.6,612.8677156595552
48.8,607.050219749532
49.0,601.1013652758547
49.2,595.018505059275
49.4,588.7989653717161
49.6,582.44004728497
49.8,575.9390280875069
50.0,569.2931627683267
