0.0,862.4934191202711
0.2,863.1373656656199
0.4,863.7657488328464
0.6,864.3787577461142
0.8,864.9765834487906
1.0,865.5594189006403
1.2,866.1274589673594
1.4,866.6809004024122
1.6,867.2199418211616
1.8,867.7447836673164
2.0,868.2556281717526
2.2,868.7526793037895
2.4,869.2361427150373
2.6,869.7062256759627
2.8,870.1631370053402
3.0,870.6070869927937
3.2,871.0382873146513
3.4,871.4569509433686
3.6,871.8632920507945
3.8,872.2575259055769
4.0,872.6398687650299
4.2,873.0105377617999
4.4,873.3697507856889
4.6,873.7177263610056
4.8,874.0546835198339
5.0,874.3808416716168
5.2,874.6964204694666
5.4,875.0016396736215
5.6,875.2967190124732
5.8,875.5818780415972
6.0,875.8573360012193
6.2,876.1233116725546
6.4,876.3800232334524
6.6,876.6276881137803
6.8,876.8665228509728
7.0,877.0967429461699
7.2,877.3185627213558
7.4,877.5321951779067
7.6,877.7378518569384
7.8,877.9357427018358
8.0,878.1260759233355
8.2,878.3090578675111
8.4,878.484892887001
8.6,878.6537832157984
8.8,878.8159288479045
9.0,878.9715274201312
9.2,879.1207740993125
9.4,879.2638614741732
9.6,879.400979452072
9.8,879.5323151608256
10.0,879.6580528557894
10.2,879.7783738323549
10.4,879.8934563439998
10.6,880.0034755260051
10.8,880.1086033249308
11.0,880.2090084339229
11.2,880.3048562339004
11.4,880.3963087406511
11.6,880.4835245578469
11.8,880.5666588359636
12.0,880.6458632370791
12.2,880.7212859054966
12.4,880.7930714441303
12.6,880.8613608965655
12.8,880.9262917346967
13.0,880.987997851826
13.2,881.0466095610938
13.4,881.1022535990968
13.6,881.1550531345407
13.8,881.2051277817576
14.0,881.2525936189138
14.2,881.2975632107182
14.4,881.3401456354397
14.6,881.3804465160289
14.8,881.418568055135
15.0,881.4546090738069
15.2,881.4886650536554
15.4,881.5208281822595
15.6,881.5511874015872
15.8,881.5798284592091
16.0,881.6068339620757
16.2,881.6322834326306
16.4,881.6562533670358
16.6,881.6788172952824
16.8,881.7000458429658
17.0,881.7200067945039
17.2,881.7387651575847
17.4,881.7563832286293
17.6,881.7729206590625
17.8,881.788434522191
18.0,881.802979380488
18.2,881.8166073530957
18.4,881.8293681833592
18.6,881.8413093062119
18.8,881.8524759152409
19.0,881.8629110292652
19.2,881.8726555582689
19.4,881.8817483685347
19.6,881.890226346836
19.8,881.8981244635462
20.0,881.9054758345341
20.2,881.9123117817238
20.4,881.9186618921985
20.6,881.9245540757383
20.8,881.9300146206892
21.0,881.9350682480632
21.2,881.9397381637808
21.4,881.9440461089683
21.6,881.9480124082324
21.8,881.9516560158377
22.0,881.9549945597186
22.2,881.9580443832638
22.4,881.9608205848152
22.6,881.9633370548289
22.8,881.965606510648
23.0,881.9676405288459
23.2,881.9694495750996
23.4,881.971043031555
23.6,881.9724292216564
23.8,881.9736154324072
24.0,881.9746079340408
24.2,881.9754119970755
24.4,881.9760319067404
24.6,881.9764709747498
24.8,881.9767315484182
25.0,881.9768150171052
25.2,881.9767218159783
25.4,881.9764514270956
25.6,881.9760023778001
25.8,881.9753722364289
26.0,881.9745576053402
26.2,881.9735541112619
26.4,881.972356392972
26.6,881.9709580863195
26.8,881.9693518066027
27.0,881.9675291283177
27.2,881.9654805623001
27.4,881.9631955302809
27.6,881.9606623368854
27.8,881.957868139101
28.0,881.9547989132523
28.2,881.9514394195169
28.4,881.9477731640274
28.6,881.9437823586032
28.8,881.9394478781638
29.0,881.9347492158785
29.2,881.9296644361154
29.4,881.9241701252521
29.6,881.9182413404228
29.8,881.9118515562764
30.0,881.9049726098315
30.2,881.8975746435141
30.4,881.889626046477
30.6,881.8810933943
30.8,881.8719413871816
31.0,881.8621327867372
31.2,881.8516283515256
31.4,881.8403867714336
31.6,881.8283646010551
31.8,881.8155161922077
32.0,881.8017936257378
32.2,881.7871466427713
32.4,881.7715225755737
32.6,881.7548662781919
32.8,881.7371200570539
33.0,881.7182236017112
33.2,881.6981139159154
33.4,881.676725249221
33.6,881.6539890293215
33.8,881.6298337953193
34.0,881.6041851321472
34.2,881.5769656063503
34.4,881.5480947034521
34.6,881.5174887671235
34.8,881.4850609403826
35.0,881.4507211090473
35.2,881.4143758476713
35.4,881.3759283681874
35.6,881.3352784714892
35.8,881.2923225021713
36.0,881.2469533066543
36.2,881.1990601949145
36.4,881.1485289060311
36.6,881.0952415777642
36.8,881.039076720366
37.0,880.9799091948236
37.2,880.9176101957222
37.4,880.8520472389087
37.6,880.7830841541244
37.8,880.7105810827688
38.0,880.634394480938
38.2,880.5543771278715
38.4,880.4703781399298
38.6,880.3822429902049
38.8,880.2898135338512
39.0,880.1929280392134
39.2,880.0914212248009
39.4,879.9851243021485
39.6,879.8738650245779
39.8,879.7574677418608
40.0,879.6357534607587
40.2,879.5085399113984
40.4,879.3756416194171
40.6,879.2368699837947
40.8,879.0920333602646
41.0,878.9409371501755
41.2,878.7833838946547
41.4,878.619173373901
41.6,878.4481027114155
41.8,878.2699664829544
42.0,878.0845568299721
42.2,877.8916635772988
42.4,877.6910743547775
42.6,877.4825747225703
42.8,877.2659482998203
43.0,877.0409768963426
43.2,876.8074406470025
43.4,876.5651181484179
43.6,876.3137865976174
43.8,876.0532219322691
44.0,875.7831989720831
44.2,875.5034915609848
44.4,875.2138727096464
44.6,874.9141147379563
44.8,874.6039894170061
45.0,874.2832681101675
45.2,873.9517219128338
45.4,873.6091217903996
45.6,873.2552387140562
45.8,872.889843793985
46.0,872.5127084095369
46.2,872.1236043359944
46.4,871.7223038675245
46.6,871.3085799359407
46.8,870.8822062249075
47.0,870.4429572792369
47.2,869.9906086089431
47.4,869.5249367877391
47.6,869.0457195456833
47.8,868.5527358557034
48.0,868.045766013748
48.2,867.5245917123425
48.4,866.9889961073521
48.6,866.4387638777802
48.8,865.873681278458
49.0,865.2935361855142
49.2,864.6981181345354
49.4,864.087218351366
49.6,863.46062977552
49.8,862.818147076213
50.0,862.1595666610484
