0.0,814.3973838033102
0.2,816.391034816394
0.4,818.3411220441494
0.6,820.2479622090832
0.8,822.1118850443808
1.0,823.9332338259715
1.2,825.7123658343049
1.4,827.4496527436522
1.6,829.1454809371987
1.8,830.8002517466549
2.0,832.414381615576
2.2,833.988302186041
2.4,835.5224603088145
2.6,837.0173179775552
2.8,838.4733521880934
3.0,839.8910547242248
3.2,841.2709318718859
3.4,842.6135040639739
3.6,843.919305458449
3.8,845.1888834527086
4.0,846.422798137543
4.2,847.6216216942873
4.4,848.7859377390372
4.6,849.9163406180423
4.8,851.0134346585859
5.0,852.0778333798257
5.2,853.1101586682132
5.4,854.1110399221975
5.6,855.081113170996
5.8,856.0210201722385
6.0,856.9314074932962
6.2,857.8129255810708
6.4,858.6662278249563
6.6,859.4919696175954
6.8,860.2908074179273
7.0,861.0633978208812
7.2,861.810396637895
7.4,862.5324579922507
7.6,863.2302334329977
7.8,863.9043710710155
8.0,864.55551474051
8.2,865.1843031889912
8.4,865.7913692985019
8.6,866.3773393405985
8.8,866.9428322672974
9.0,867.4884590399193
9.2,868.0148219974762
9.4,868.5225142659608
9.6,869.0121192096178
9.8,869.484209925001
10.0,869.9393487783474
10.2,870.3780869865436
10.4,870.8009642417076
10.6,871.2085083791694
10.8,871.6012350884118
11.0,871.9796476663159
11.2,872.3442368118632
11.4,872.6954804612625
11.6,873.0338436623032
11.8,873.3597784865896
12.0,873.6737239781743
12.2,873.9761061369967
12.4,874.2673379354289
12.6,874.5478193661504
12.8,874.817937519504
13.0,875.0780666884353
13.2,875.328568499077
13.4,875.5697920650226
13.6,875.8020741633202
13.8,876.0257394302232
14.0,876.2411005747507
14.2,876.4484586081367
14.4,876.6481030872854
14.6,876.8403123703961
14.8,877.0253538829757
15.0,877.2034843925205
15.2,877.3749502902164
15.4,877.5399878780811
15.6,877.698823660052
15.8,877.8516746356038
16.0,877.9987485945675
16.2,878.1402444119062
16.4,878.2763523412968
16.6,878.4072543064502
16.8,878.5331241891961
17.0,878.6541281134408
17.2,878.7704247242013
17.4,878.8821654609942
17.6,878.9894948249464
17.8,879.0925506390737
18.0,879.1914643012472
18.2,879.2863610294411
18.4,879.3773600989272
18.6,879.4645750711444
18.8,879.5481140140328
19.0,879.6280797136815
19.2,879.7045698771902
19.4,879.7776773266941
19.6,879.8474901845469
19.8,879.9140920496976
20.0,879.9775621653289
20.2,880.0379755778649
20.4,880.0954032874772
20.6,880.149912390245
20.8,880.2015662121494
21.0,880.2504244350926
21.2,880.2965432151535
21.4,880.3399752932964
21.6,880.380770098763
21.8,880.4189738453754
22.0,880.4546296209894
22.2,880.4877774703299
22.4,880.51845447144
22.6,880.5466948059733
22.8,880.5725298235502
23.0,880.5959881003902
23.2,880.6170954924261
23.4,880.6358751830908
23.6,880.652347725957
23.8,880.6665310823973
24.0,880.6784406544157
24.2,880.6880893127872
24.4,880.6954874206255
24.6,880.7006428524841
24.8,880.7035610090727
25.0,880.7042448276618
25.2,880.7026947882215
25.4,880.6989089153288
25.6,880.692882775855
25.8,880.6846094724265
26.0,880.6740796326375
26.2,880.6612813939709
26.4,880.6462003843643
26.6,880.6288196983467
26.8,880.6091198686462
27.0,880.5870788331582
27.2,880.5626718971444
27.4,880.5358716905171
27.6,880.5066481200519
27.8,880.4749683163542
28.0,880.4407965753965
28.2,880.4040942944278
28.4,880.3648199020535
28.6,880.322928782267
28.8,880.2783731922176
29.0,880.2311021734857
29.2,880.1810614566426
29.4,880.1281933588641
29.6,880.0724366743747
29.8,880.0137265575017
30.0,879.9519943981287
30.2,879.8871676893425
30.4,879.8191698870903
30.6,879.7479202616723
30.8,879.6733337409211
31.0,879.5953207449401
31.2,879.5137870123043
31.4,879.4286334176536
31.6,879.3397557806508
31.8,879.24704466631
32.0,879.1503851767494
32.2,879.0496567344685
32.4,878.9447328573034
32.6,878.8354809252684
32.8,878.721761939554
33.0,878.6034302740151
33.2,878.4803334195523
33.4,878.3523117218592
33.6,878.2191981130873
33.8,878.0808178380518
34.0,877.9369881756913
34.2,877.7875181565714
34.4,877.6322082773063
34.6,877.4708502128674
34.8,877.3032265278243
35.0,877.1291103876597
35.2,876.9482652713804
35.4,876.7604446867391
35.6,876.5653918894583
35.8,876.3628396079333
36.0,876.1525097749667
36.2,875.9341132681623
36.4,875.7073496606688
36.6,875.4719069840306
36.8,875.2274615049519
37.0,874.9736775178294
37.2,874.7102071549439
37.4,874.4366902162262
37.6,874.1527540205318
37.8,873.8580132803576
38.0,873.5520700019277
38.2,873.2345134125532
38.4,872.9049199171299
38.6,872.562853085592
38.8,872.207863673068
39.0,871.8394896744039
39.2,871.4572564146214
39.4,871.0606766767604
39.6,870.6492508684277
39.8,870.222467228221
40.0,869.7798020730395
40.2,869.3207200871047
40.4,868.8446746533313
40.6,868.3511082274645
40.8,867.839452755193
41.0,867.3091301321973
41.2,866.7595527068552
41.4,866.1901238250654
41.6,865.6002384163859
41.8,864.9892836204092
42.0,864.3566394520216
42.2,863.7016795039119
42.4,863.0237716844111
42.6,862.3222789884652
42.8,861.5965602992649
43.0,860.8459712177853
43.2,860.0698649172194
43.4,859.2675930190405
43.6,858.438506487183
43.8,857.5819565366048
44.0,856.6972955522887
44.2,855.7838780145432
44.4,854.8410614263023
44.6,853.8682072379739
44.8,852.8646817652726
45.0,851.8298570953752
45.2,850.7631119766836
45.4,849.6638326874389
45.6,848.5314138784378
45.8,847.3652593851315
46.0,846.1647830044528
46.2,844.9294092318188
46.4,843.6585739538863
46.6,842.3517250928072
46.8,841.008323197927
47.0,839.6278419811038
47.2,838.2097687920881
47.4,836.7536050306958
47.6,835.2588664928247
47.8,833.7250836477203
48.0,832.1518018442579
48.2,830.5385814444061
48.4,828.88499788245
48.6,827.1906416489729
48.8,825.4551181990429
49.0,823.6780477844973
49.2,821.8590652106733
49.4,819.9978195183962
49.6,818.0939735924902
49.8,816.1472036985349
50.0,814.1571989500349
