0.0,769.7890734624932
0.2,772.0016502244109
0.4,774.1765109099813
0.6,776.3145059059065
0.8,778.4164608444889
1.0,780.4831759082431
1.2,782.51542524949
1.4,784.5139565262721
1.6,786.4794905551133
1.8,788.4127210803529
2.0,790.3143146589798
2.2,792.1849106591371
2.4,794.025121369712
2.6,795.8355322177234
2.8,797.6167020895493
3.0,799.36916375141
3.2,801.093424363951
3.4,802.7899660852506
3.6,804.4592467561141
3.8,806.1017006611207
4.0,807.7177393585497
4.2,809.3077525720429
4.4,810.872109136656
4.6,812.4111579918097
4.8,813.9252292135793
5.0,815.4146350787505
5.2,816.8796711531197
5.4,818.3206173966295
5.6,819.7377392780949
5.8,821.1312888925003
6.0,822.5015060741081
6.2,823.848619498941
6.4,825.1728477705448
6.6,826.4744004833318
6.8,827.7534792582171
7.0,829.0102787457018
7.2,830.244987592019
7.4,831.4577893644303
7.6,832.6488634322454
7.8,833.8183858006222
8.0,834.966529894691
8.2,836.0934672920303
8.4,837.1993684019859
8.6,838.2844030907922
8.8,839.3487412518833
9.0,840.3925533212132
9.2,841.4160107377932
9.4,842.4192863500326
9.6,843.402554768807
9.8,844.3659926685004
10.0,845.3097790375498
10.2,846.2340953802732
10.4,847.139125871992
10.6,848.0250574696423
10.8,848.8920799802398
11.0,849.7403860896829
11.2,850.5701713544928
11.4,851.3816341591479
11.6,852.1749756417275
11.8,852.9503995905925
12.0,853.7081123148289
12.2,854.448322491157
12.4,855.1712409899582
12.6,855.8770806830133
12.8,856.5660562354609
13.0,857.2383838843947
13.2,857.8942812064106
13.4,858.5339668762989
13.6,859.1576604189531
13.8,859.7655819564357
14.0,860.357951952008
14.2,860.9349909527934
14.4,861.4969193326014
14.6,862.043957036306
14.8,862.5763233270304
15.0,863.0942365372572
15.2,863.5979138248513
15.4,864.0875709348562
15.6,864.5634219678036
15.8,865.0256791551577
16.0,865.4745526424094
16.2,865.910250280232
16.4,866.332977424013
16.6,866.7429367419915
16.8,867.1403280321435
17.0,867.525348047894
17.2,867.8981903326546
17.4,868.2590450631395
17.6,868.60809890135
17.8,868.945534855078
18.0,869.271532146734
18.2,869.5862660902783
18.4,869.8899079759982
18.6,870.182624962858
18.8,870.4645799781256
19.0,870.7359316239706
19.2,870.9968340907157
19.4,871.2474370764185
19.6,871.4878857124611
19.8,871.7183204948221
20.0,871.9388772207088
20.2,872.1496869302376
20.4,872.3508758528504
20.6,872.5425653581706
20.8,872.7248719110088
21.0,872.8979070302399
21.2,873.0617772512882
21.4,873.2165840919652
21.6,873.3624240214236
21.8,873.4993884320004
22.0,873.6275636137372
22.2,873.7470307313803
22.4,873.8578658036757
22.6,873.9601396847884
22.8,874.0539180476871
23.0,874.1392613693514
23.2,874.2162249176677
23.4,874.2848587398951
23.6,874.3452076525915
23.8,874.3973112329066
24.0,874.4412038111516
24.2,874.4769144645755
24.4,874.504467012282
24.6,874.5238800112306
24.8,874.5351667532827
25.0,874.5383352632527
25.2,874.5333882979438
25.4,874.5203233461483
25.6,874.4991326296098
25.8,874.4698031049475
26.0,874.4323164665557
26.2,874.3866491504995
26.4,874.3327723394367
26.6,874.2706519686084
26.8,874.2002487329453
27.0,874.1215180953534
27.2,874.0344102962464
27.4,873.9388703644091
27.6,873.8348381292819
27.8,873.7222482347711
28.0,873.6010301547005
28.2,873.4711082100323
28.4,873.3324015879949
28.6,873.1848243632759
28.8,873.0282855214394
29.0,872.8626889847538
29.2,872.6879336406174
29.4,872.5039133727926
29.6,872.3105170956658
29.8,872.1076287917689
30.0,871.8951275528069
30.2,871.6728876244541
30.4,871.4407784551861
30.6,871.1986647494358
30.8,870.9464065253611
31.0,870.6838591775302
31.2,870.4108735448309
31.4,870.1272959839198
31.6,869.832968448527
31.8,869.5277285749376
32.0,869.2114097739611
32.2,868.8838413297035
32.4,868.5448485054379
32.6,868.1942526568646
32.8,867.8318713530288
33.0,867.4575185051419
33.2,867.0710045035263
33.4,866.6721363628681
33.6,866.2607178759248
33.8,865.8365497757881
34.0,865.3994299067473
34.2,864.9491534037464
34.4,864.4855128803538
34.6,864.0082986250951
34.8,863.5172988059197
35.0,863.0122996824795
35.2,862.4930858258072
35.4,861.9594403448785
35.6,861.4111451194335
35.8,860.8479810383166
36.0,860.2697282424785
36.2,859.6761663716494
36.4,859.0670748135708
36.6,858.442232954534
36.8,857.80142042984
37.0,857.1444173726557
37.2,856.4710046596042
37.4,855.780964151293
37.6,855.074078925845
37.8,854.350133503376
38.0,853.60891405923
38.2,852.8502086236792
38.4,852.0738072656834
38.6,851.2795022582134
38.8,850.467088222567
39.0,849.6363622490409
39.2,848.7871239912757
39.4,847.9191757315741
39.6,847.0323224144801
39.8,846.1263716459382
40.0,845.2011336553901
40.2,844.2564212182467
40.4,843.292049536271
40.6,842.3078360735411
40.8,841.3036003458269
41.0,840.2791636613994
41.2,839.2343488115253
41.4,838.1689797091482
41.6,837.0828809745466
41.8,835.975877467073
42.0,834.8477937624269
42.2,833.6984535752815
42.4,832.5276791274863
42.6,831.3352904624838
42.8,830.1211047070221
43.0,828.8849352817005
43.2,827.6265910623547
43.4,826.3458754947725
43.6,825.0425856657106
43.8,823.7165113336725
44.0,822.3674339233893
44.2,820.9951254884145
44.4,819.5993476467095
44.6,818.1798504945278
44.8,816.7363715043265
45.0,815.2686344128177
45.2,813.7763481056226
45.4,812.2592055053007
45.6,810.7168824697965
45.8,809.1490367085594
46.0,807.555306723762
46.2,805.9353107841483
46.4,804.2886459390924
46.6,802.6148870804359
46.8,800.9135860595999
47.0,799.1842708673177
47.2,797.426444883135
47.4,795.6395862015453
47.6,793.8231470412939
47.8,791.9765532439798
48.0,790.0992038676228
48.2,788.1904708803411
48.4,786.2496989587115
48.6,784.2762053947538
48.8,782.2692801148128
49.0,780.2281858129004
49.2,778.1521582003132
49.4,776.0404063725699
49.6,773.8921132939209
49.8,771.7064363988782
50.0,769.4825083093987
