0.0,765.858056433296
0.2,768.153460486954
0.4,770.4092089580438
0.6,772.626084116499
0.8,774.8048517047336
1.0,776.9462604146635
1.2,779.0510414262613
1.4,781.1199080086827
1.6,783.1535551846565
1.8,785.1526594584749
2.0,787.1178786075722
2.2,789.0498515373325
2.4,790.9491981984306
2.6,792.8165195656786
2.8,794.652397677038
3.0,796.4573957311499
3.2,798.2320582414524
3.4,799.9769112446849
3.6,801.692462561328
3.8,803.3792021053033
4.0,805.0376022400495
4.2,806.6681181779093
4.4,808.2711884196049
4.6,809.8472352304458
4.8,811.3966651498057
5.0,812.919869530322
5.2,814.4172251032171
5.4,815.8890945661028
5.6,817.3358271896309
5.8,818.757759439359
6.0,820.1552156092503
6.2,821.5285084632787
6.4,822.8779398817016
6.6,824.2038015086557
6.8,825.5063753978596
7.0,826.7859346533374
7.2,828.0427440622323
7.4,829.2770607169415
7.6,830.4891346239842
7.8,831.679209297193
8.0,832.8475223330196
8.2,833.9943059659436
8.4,835.1197876021741
8.6,836.2241903300461
8.8,837.3077334057165
9.0,838.3706327129763
9.2,839.4131011961971
9.4,840.4353492656319
9.6,841.4375851744915
9.8,842.4200153674003
10.0,843.3828448000257
10.2,844.3262772298465
10.4,845.2505154781907
10.6,846.1557616638349
10.8,847.0422174085942
11.0,847.9100840154715
11.2,848.75956262006
11.4,849.5908543159952
11.6,850.404160255362
11.8,851.1996817250441
12.0,851.97762020008
12.2,852.738177375154
12.4,853.4815551754037
12.6,854.2079557477649
12.8,854.9175814341091
13.0,855.610634727446
13.2,856.2873182124752
13.4,856.9478344917745
13.6,857.5923860989029
13.8,858.2211753996824
14.0,858.834404482902
14.2,859.4322750416583
14.4,860.0149882465093
14.6,860.5827446115836
14.8,861.13574385474
15.0,861.6741847528234
15.2,862.1982649930156
15.4,862.7081810212215
15.6,863.2041278883786
15.8,863.6862990955184
16.0,864.1548864383528
16.2,864.6100798520977
16.4,865.0520672571876
16.6,865.4810344064829
16.8,865.8971647345063
17.0,866.3006392091949
17.2,866.6916361866005
17.4,867.0703312689176
17.6,867.436897166167
17.8,867.791503561819
18.0,868.1343169825918
18.2,868.4655006726208
18.4,868.7852144721517
18.6,869.093614700876
18.8,869.3908540459918
19.0,869.6770814550392
19.2,869.9524420335363
19.4,870.2170769474072
19.6,870.4711233301794
19.8,870.7147141948982
20.0,870.9479783506949
20.2,871.1710403239226
20.4,871.3840202837656
20.6,871.5870339722136
20.8,871.7801926382829
21.0,871.9636029763594
21.2,872.1373670685348
21.4,872.3015823307974
21.6,872.456341462945
21.8,872.6017324020793
22.0,872.737838279544
22.2,872.8647373811731
22.4,872.9825031107135
22.6,873.0912039562952
22.8,873.1909034598219
23.0,873.281660189165
23.2,873.3635277130467
23.4,873.4365545785058
23.6,873.5007842908491
23.8,873.5562552959956
24.0,873.6030009651317
24.2,873.6410495816045
24.4,873.6704243299857
24.6,873.6911432872536
24.8,873.7032194160441
25.0,873.7066605599362
25.2,873.7014694407436
25.4,873.6876436577959
25.6,873.6651756892029
25.8,873.6340528951032
26.0,873.5942575229103
26.2,873.5457667145795
26.4,873.488552515926
26.6,873.4225818880369
26.8,873.3478167208282
27.0,873.264213848806
27.2,873.1717250691036
27.4,873.0702971618691
27.6,872.9598719130919
27.8,872.8403861399614
28.0,872.7117717188598
28.2,872.5739556160958
28.4,872.4268599214948
28.6,872.2704018849657
28.8,872.1044939561658
29.0,871.9290438273962
29.2,871.7439544798548
29.4,871.5491242333812
29.6,871.344446799826
29.8,871.1298113401764
30.0,870.9051025255673
30.2,870.6702006023036
30.4,870.4249814610138
30.6,870.169316710047
30.8,869.9030737532169
31.0,869.6261158719831
31.2,869.3383023121493
31.4,869.039488375139
31.6,868.7295255138923
31.8,868.4082614334087
32.0,868.0755401959321
32.2,867.7312023307537
32.4,867.3750849485773
32.6,867.007021860359
32.8,866.6268437005027
33.0,866.2343780542499
33.2,865.8294495890711
33.4,865.411880189816
33.6,864.9814890973375
33.8,864.5380930502615
34.0,864.0815064295173
34.2,863.6115414051998
34.4,863.128008085274
34.6,862.6307146655845
34.8,862.1194675805707
35.0,861.594071654034
35.2,861.0543302492466
35.4,860.5000454176317
35.6,859.9310180451879
35.8,859.3470479957767
36.0,858.7479342503335
36.2,858.1334750410108
36.4,857.5034679792141
36.6,856.8577101764398
36.8,856.1959983567846
37.0,855.5181289599537
37.2,854.8238982335654
37.4,854.1131023135182
37.6,853.3855372911675
37.8,852.6409992660456
38.0,851.8792843828497
38.2,851.1001888514282
38.4,850.3035089485068
38.6,849.4890409999136
38.8,848.6565813421022
39.0,847.8059262618017
39.2,846.9368719126896
39.4,846.0492142080386
39.6,845.1427486883662
39.8,844.2172703632095
40.0,843.2725735262412
40.2,842.3084515430578
40.4,841.3246966110945
40.6,840.3210994912556
40.8,839.2974492109936
41.0,838.253532738731
41.2,837.1891346296774
41.4,836.104036643279
41.6,834.9980173327114
41.8,833.8708516070257
42.0,832.7223102667487
42.2,831.5521595139412
42.4,830.3601604379259
42.6,829.1460684780974
42.8,827.909632865443
43.0,826.6505960446001
43.2,825.3686930784878
43.4,824.063651037744
43.6,822.7351883773964
43.8,821.383014303378
44.0,820.0068281316735
44.2,818.6063186430506
44.4,817.181163436474
44.6,815.7310282844415
44.8,814.255566493598
45.0,812.7544182740832
45.2,811.227210121151
45.4,809.6735542126617
45.6,808.0930478260793
45.8,806.4852727786297
46.0,804.8497948942598
46.2,803.1861635010102
46.4,801.4939109623502
46.6,799.7725522459439
46.8,798.0215845332049
47.0,796.2404868728645
47.2,794.4287198816155
47.4,792.5857254947141
47.6,790.7109267692127
47.8,788.8037277422671
48.0,786.8635133467129
48.2,784.8896493858321
48.4,782.881482568947
48.6,780.8383406091702
48.8,778.7595323843235
49.0,776.6443481617073
49.2,774.4920598870614
49.4,772.3019215377141
49.6,770.0731695395583
49.8,767.8050232471472
50.0,765.4966854858429
