0.0,719.4834425713807
0.2,721.1883418065461
0.4,722.9990883901024
0.6,724.9064060305664
0.8,726.8977646614827
1.0,728.9588981748849
1.2,731.0753584268646
1.4,733.2337628725193
1.6,735.4225517610708
1.8,737.6322468684742
2.0,739.8553302364186
2.2,742.0859106080493
2.4,744.3193284209266
2.6,746.5517988735679
2.8,748.7801376755073
3.0,751.0015739779055
3.2,753.2136341999521
3.4,755.4140748677947
3.6,757.6008453780219
3.8,759.7720671994442
4.0,761.9260212738451
4.2,764.0611391372431
4.4,766.1759955665261
4.6,768.2693017785492
4.8,770.3398987974433
5.0,772.3867508637909
5.2,774.4089388624799
5.4,776.405653783348
5.6,778.3761902402407
5.8,780.3199400762554
6.0,782.2363860818718
6.2,784.1250958505353
6.4,785.985715793778
6.6,787.8179653353602
6.8,789.6216313012882
7.0,791.396562519959
7.2,793.142664644124
7.4,794.8598952038899
7.6,796.5482588976
7.8,798.2078031251841
8.0,799.8386137664529
8.2,801.4408112048512
8.4,803.0145465953763
8.6,804.5599983737452
8.8,806.077369002425
9.0,807.5668819478594
9.2,809.02877888211
9.4,810.4633171011843
9.6,811.8707671515426
9.8,813.2514106556525
10.0,814.6055383269777
10.2,815.9334481644531
10.4,817.2354438162861
10.6,818.5118331028226
10.8,819.7629266882327
11.0,820.9890368908669
11.2,822.1904766223158
11.4,823.3675584454639
11.6,824.5205937421318
11.8,825.6498919812651
12.0,826.755760079024
12.2,827.8385018425528
12.4,828.8984174896573
12.6,829.935803237076
12.8,830.9509509505
13.0,831.9441478499589
13.2,832.9156762646564
13.4,833.8658134317852
13.6,834.7948313342949
13.8,835.7029965730069
14.0,836.5905702688719
14.2,837.4578079915551
14.4,838.3049597108886
14.6,839.1322697680781
14.8,839.9399768638613
15.0,840.7283140611124
15.2,841.4975087996604
15.4,842.2477829213329
15.6,842.979352703473
15.8,843.6924288993764
16.0,844.387216784295
16.2,845.0639162058106
16.4,845.7227216375487
16.6,846.3638222353314
16.8,846.9874018949945
17.0,847.5936393112017
17.2,848.1827080366892
17.4,848.754776541454
17.6,849.3100082714806
17.8,849.8485617066619
18.0,850.3705904176325
18.2,850.87624312128
18.4,851.3656637347445
18.6,851.8389914277562
18.8,852.2963606731917
19.0,852.737901295758
19.2,853.1637385187396
19.4,853.5739930087611
19.6,853.968780918539
19.8,854.3482139276073
20.0,854.7123992810172
20.2,855.0614398260187
20.4,855.3954340467429
20.6,855.714476096907
20.8,856.0186558305738
21.0,856.3080588309998
21.2,856.5827664376068
21.4,856.8428557711184
21.6,857.0883997569026
21.8,857.3194671465619
22.0,857.5361225378119
22.2,857.7384263926936
22.4,857.9264350541575
22.6,858.1002007610626
22.8,858.2597716616258
23.0,858.405191825363
23.2,858.5365012535541
23.4,858.653735888266
23.6,858.7569276199653
23.8,858.846104293746
24.0,858.9212897142027
24.2,858.9825036489666
24.4,859.029761830928
24.6,859.0630759591603
24.8,859.0824536985612
25.0,859.0878986782191
25.2,859.0794104885159
25.4,859.0569846769678
25.6,859.0206127428067
25.8,858.9702821303015
26.0,858.905976220812
26.2,858.8276743235715
26.4,858.7353516651822
26.6,858.6289793778147
26.8,858.5085244860912
27.0,858.3739498926346
27.2,858.225214362262
27.4,858.0622725047969
27.6,857.8850747564726
27.8,857.6935673599011
28.0,857.4876923425718
28.2,857.267387493851
28.4,857.032586340445
28.6,856.7832181202937
28.8,856.5192077548567
29.0,856.2404758197551
29.2,855.9469385137334
29.4,855.6385076259018
29.6,855.3150905012275
29.8,854.9765900042371
30.0,854.6229044809005
30.2,854.2539277186668
30.4,853.8695489046277
30.6,853.4696525817895
30.8,853.0541186034409
31.0,852.6228220856091
31.2,852.1756333576127
31.4,851.7124179107237
31.6,851.2330363449701
31.8,850.7373443141231
32.0,850.2251924689352
32.2,849.6964263987139
32.4,849.1508865713458
32.6,848.5884082719116
32.8,848.0088215400723
33.0,847.411951106444
33.2,846.7976163282251
33.4,846.1656311243976
33.6,845.5158039108787
33.8,844.8479375360769
34.0,844.1618292173785
34.2,843.4572704791868
34.4,842.7340470932376
34.6,841.9919390220246
34.8,841.2307203663078
35.0,840.4501593178106
35.2,839.6500181183856
35.4,838.8300530270966
35.6,837.9900142968753
35.8,837.1296461626187
36.0,836.2486868428432
36.2,835.3468685572699
36.4,834.4239175630032
36.6,833.4795542122771
36.8,832.5134930350748
37.0,831.525442850291
37.2,830.5151069094854
37.4,829.4821830776855
37.6,828.4263640561229
37.8,827.3473376522386
38.0,826.2447871027579
38.2,825.1183914561176
38.4,823.9678260210212
38.6,822.7927628883972
38.8,821.5928715345366
39.0,820.3678195136806
39.2,819.1172732488151
39.4,817.8408989298903
39.6,816.5383635291237
39.8,815.2093359434388
40.0,813.8534882744452
40.2,812.4704972566552
40.4,811.060045844854
40.6,809.6218249716787
40.8,808.1555354865088
41.0,806.6608902867046
41.2,805.1376166520558
41.4,803.5854587929882
41.6,802.0041806226271
41.8,800.393568762213
42.0,798.7534357886052
42.2,797.0836237316723
42.4,795.3840078282698
42.6,793.654500538218
42.8,791.8950558262352
43.0,790.1056737121387
43.2,788.2864050898143
43.4,786.4373568134698
43.6,784.5586970475566
43.8,782.6506608744517
44.0,780.7135561515927
44.2,778.7477696072353
44.4,776.7537731614101
44.6,774.7321304559969
44.8,772.6835035751621
45.0,770.6086599347531
45.2,768.5084793166988
45.4,766.3839610222788
45.6,764.2362311169527
45.8,762.0665497414044
46.0,759.8763184744928
46.2,757.6670877698142
46.4,755.4405645873647
46.6,753.1986205914147
46.8,750.9433018555478
47.0,748.6768421990638
47.2,746.4016844894868
47.4,744.1205178869874
47.6,741.8363440864165
47.8,739.55259103629
48.0,737.2732953211796
48.2,735.0033689754072
48.4,732.7489463784757
48.6,730.5177680499077
48.8,728.3195050043091
49.0,726.1658776148412
49.2,724.0704066283707
49.4,722.0476816107347
49.6,720.1121545423265
49.8,718.2766367108895
50.0,716.550830579714
