0.0,758.6016006484679
0.2,761.1384367237243
0.4,763.6208081312818
0.6,766.0504458385328
0.8,768.4290221145292
1.0,770.7581491598852
1.2,773.0393781263048
1.4,775.2741985211047
1.6,777.4640379870237
1.8,779.610262442852
2.0,781.7141765661165
2.2,783.7770245952598
2.4,785.7999914255454
2.6,787.7842039703434
2.8,789.7307327575253
3.0,791.6405937294372
3.2,793.5147502143096
3.4,795.3541150369792
3.6,797.159552737395
3.8,798.931881866502
4.0,800.6718773306814
4.2,802.380272757897
4.4,804.0577628609752
4.6,805.7050057759569
4.8,807.3226253561238
5.0,808.9112134050364
5.2,810.4713318346678
5.4,812.0035147374042
5.6,813.5082703632631
5.8,814.9860829960941
6.0,816.4374147247614
6.2,817.8627071073104
6.4,819.2623827278874
6.6,820.636846647711
6.8,821.9864877526649
7.0,823.3116800011151
7.2,824.6127835763621
7.4,825.8901459487225
7.6,827.1441028526342
7.8,828.3749791843958
8.0,829.5830898262267
8.2,830.7687404022751
8.4,831.932227972049
8.6,833.0738416664991
8.8,834.1938632716904
9.0,835.29256776465
9.2,836.3702238056204
9.4,837.4270941905609
9.6,838.4634362673684
9.8,839.4795023189183
10.0,840.4755399156783
10.2,841.4517922403195
10.4,842.4084983864525
10.6,843.3458936333429
10.8,844.264209698223
11.0,845.1636749676048
11.2,846.0445147088194
11.4,846.906951262853
11.6,847.751204219424
11.8,848.5774905751398
12.0,849.3860248754833
12.2,850.1770193413237
12.4,850.9506839805825
12.6,851.7072266856571
12.8,852.4468533171754
13.0,853.169767774635
13.2,853.8761720544728
13.4,854.5662662961025
13.6,855.2402488164573
13.8,855.8983161335755
14.0,856.5406629797686
14.2,857.1674823049152
14.4,857.7789652704253
14.6,858.3753012344239
14.8,858.9566777287041
15.0,859.5232804279956
15.2,860.0752931120992
15.4,860.6128976214296
15.6,861.1362738065048
15.8,861.6455994719145
16.0,862.1410503152903
16.2,862.622799861789
16.4,863.0910193945888
16.6,863.5458778818867
16.8,863.9875419008645
17.0,864.4161755590831
17.2,864.8319404137386
17.4,865.2349953892015
17.6,865.625496693239
17.8,866.0035977323024
18.0,866.3694490262377
18.2,866.7231981227629
18.4,867.0649895120299
18.6,867.3949645415724
18.8,867.7132613319178
19.0,868.020014693123
19.2,868.3153560424739
19.4,868.5994133235678
19.6,868.8723109269816
19.8,869.1341696127079
20.0,869.3851064345248
20.2,869.6252346664502
20.4,869.8546637314106
20.6,870.0734991322465
20.8,870.2818423851547
21.0,870.4797909556597
21.2,870.6674381971911
21.4,870.8448732923362
21.6,871.01218119682
21.8,871.1694425862627
22.0,871.3167338057481
22.2,871.4541268222372
22.4,871.5816891798463
22.6,871.6994839580078
22.8,871.8075697325243
23.0,871.9060005395235
23.2,871.9948258423157
23.4,872.0740905011554
23.6,872.1438347459022
23.8,872.2040941515793
24.0,872.2548996168211
24.2,872.296277345205
24.4,872.3282488294599
24.6,872.3508308385456
24.8,872.3640354075944
25.0,872.3678698307117
25.2,872.3623366566278
25.4,872.3474336872007
25.6,872.3231539787623
25.8,872.2894858463102
26.0,872.2464128705425
26.2,872.1939139077368
26.4,872.1319631024744
26.6,872.0605299032104
26.8,871.9795790806943
27.0,871.889070749242
27.2,871.7889603908613
27.4,871.6791988822328
27.6,871.5597325245438
27.8,871.4305030761792
28.0,871.2914477882568
28.2,871.1424994430075
28.4,870.9835863949852
28.6,870.8146326150908
28.8,870.6355577373918
29.0,870.4462771087095
29.2,870.2467018409395
29.4,870.0367388660645
29.6,869.8162909938104
29.8,869.5852569718842
30.0,869.3435315487252
30.2,869.0910055386873
30.4,868.8275658895581
30.6,868.5530957523093
30.8,868.2674745529574
31.0,867.9705780663957
31.2,867.662278492051
31.4,867.3424445311924
31.6,867.0109414657101
31.8,866.6676312381577
32.0,866.3123725328395
32.2,865.9450208576991
32.4,865.5654286267503
32.6,865.1734452427702
32.8,864.7689171799545
33.0,864.3516880662137
33.2,863.9215987647704
33.4,863.4784874546981
33.6,863.0221897100206
33.8,862.5525385769735
34.0,862.0693646490088
34.2,861.5724961391098
34.4,861.0617589489597
34.6,860.5369767344996
34.8,859.9979709673897
35.0,859.4445609918791
35.2,858.8765640765749
35.4,858.2937954605919
35.6,857.6960683935563
35.8,857.0831941689293
36.0,856.4549821501096
36.2,855.8112397887737
36.4,855.1517726349077
36.6,854.476384337985
36.8,853.7848766387438
37.0,853.077049351022
37.2,852.3527003331033
37.4,851.6116254480339
37.6,850.8536185123645
37.8,850.0784712327719
38.0,849.2859731300068
38.2,848.4759114495993
38.4,847.6480710587405
38.6,846.802234328727
38.8,845.9381810023148
39.0,845.055688045284
39.2,844.1545294814402
39.4,843.2344762101964
39.6,842.2952958057696
39.8,841.3367522968932
40.0,840.3586059257857
40.2,839.3606128849264
40.4,838.3425250299638
40.6,837.3040895668292
40.8,836.2450487108299
41.0,835.1651393151728
41.2,834.0640924660071
41.4,832.9416330406794
41.6,831.7974792254773
41.8,830.6313419886958
42.0,829.4429245044141
42.2,828.2319215219117
42.4,826.9980186752259
42.6,825.7408917269424
42.8,824.4602057399549
43.0,823.1556141706532
43.2,821.8267578768102
43.4,820.4732640333764
43.6,819.094744949481
43.8,817.6907967802043
44.0,816.2609981271545
44.2,814.8049085225872
44.4,813.3220667927607
44.6,811.8119892974445
44.8,810.2741680440178
45.0,808.708068676391
45.2,807.1131283410896
45.4,805.4887534352044
45.6,803.8343172435564
45.8,802.1491574752773
46.0,800.4325737130599
46.2,798.6838247915038
46.4,796.9021261242225
46.6,795.0866470026158
46.8,793.2365078923432
47.0,791.3507777565017
47.2,789.4284714371955
47.4,787.4685471295055
47.6,785.469903983728
47.8,783.4313798730747
48.0,781.3517493647169
48.2,779.2297219320703
48.4,777.0639404454876
48.6,774.8529799770271
48.8,772.595346952686
49.0,770.2894786824336
49.2,767.9337432945836
49.4,765.5264400965605
49.6,763.0658003790238
49.8,760.5499886746976
50.0,757.9771044772465
