0.0,755.7569714484487
0.2,758.379882343674
0.4,760.9458927543396
0.6,763.456653707709
0.8,765.913771920658
1.0,768.3188085374675
1.2,770.6732780886958
1.4,772.9786476718292
1.6,775.2363363523093
1.8,777.4477147815019
2.0,779.6141050262393
2.2,781.7367806027644
2.4,783.8169667062558
2.6,785.8558406256312
2.8,787.8545323320425
3.0,789.8141252283799
3.2,791.735657046231
3.4,793.6201208760675
3.6,795.4684663159805
3.8,797.2816007240415
4.0,799.0603905593142
4.2,800.8056627966926
4.4,802.5182064010496
4.6,804.198773846667
4.8,805.8480826685209
5.0,807.4668170327454
5.2,809.0556293144256
5.4,810.6151416717869
5.6,812.1459476068271
5.8,813.6486135034397
6.0,815.123680135116
6.2,816.5716641353422
6.4,817.9930594248242
6.6,819.3883385906613
6.8,820.7579542135353
7.0,822.1023401398752
7.2,823.4219126967884
7.4,824.7170718483152
7.6,825.9882022922578
7.8,827.235674497451
8.0,828.459845681886
8.2,829.6610607325723
8.4,830.8396530684097
8.6,831.9959454476801
8.8,833.1302507220221
9.0,834.2428725389541
9.2,835.334105995162
9.4,836.4042382428536
9.6,837.4535490515436
9.8,838.482311327639
10.0,839.490791594181
10.2,840.4792504330503
10.4,841.4479428918795
10.6,842.3971188578278
10.8,843.327023400281
11.0,844.2378970844327
11.2,845.129976257593
11.4,846.0034933099597
11.6,846.8586769114766
11.8,847.6957522262898
12.0,848.5149411062158
12.2,849.3164622645274
12.4,850.1005314312766
12.6,850.8673614912834
12.8,851.6171626058402
13.0,852.3501423191113
13.2,853.0665056501394
13.4,853.7664551713134
13.6,854.4501910741
13.8,855.1179112227944
14.0,855.7698111970072
14.2,856.406084323563
14.4,857.0269216984632
14.6,857.6325121995294
14.8,858.223042490325
15.0,858.7986970159271
15.2,859.3596579911025
15.4,859.9061053814255
15.6,860.4382168778537
15.8,860.9561678652689
16.0,861.4601313854689
16.2,861.9502780950885
16.4,862.4267762189069
16.6,862.8897914989906
16.8,863.3394871401048
17.0,863.7760237518114
17.2,864.1995592876578
17.4,864.6102489818486
17.6,865.0082452837746
17.8,865.3936977907591
18.0,865.7667531793692
18.2,866.12755513562
18.4,866.4762442843873
18.6,866.8129581183293
18.8,867.1378309265975
19.0,867.4509937236096
19.2,867.7525741781311
19.4,868.0426965429091
19.6,868.3214815850752
19.8,868.5890465175272
20.0,868.8455049314827
20.2,869.0909667303811
20.4,869.3255380653018
20.6,869.5493212720481
20.8,869.7624148100376
21.0,869.9649132031233
21.2,870.1569069824646
21.4,870.3384826315498
21.6,870.5097225334644
21.8,870.6707049204912
22.0,870.8215038261153
22.2,870.9621890395022
22.4,871.0928260625069
22.6,871.2134760692668
22.8,871.3241958684223
23.0,871.4250378680043
23.2,871.516050043023
23.4,871.5972759057855
23.6,871.6687544789661
23.8,871.7305202714497
24.0,871.7826032569662
24.2,871.8250288555265
24.4,871.8578179176725
24.6,871.8809867115488
24.8,871.8945469128017
25.0,871.8985055973094
25.2,871.8928652367449
25.4,871.8776236969729
25.6,871.8527742392779
25.8,871.8183055244223
26.0,871.7742016195267
26.2,871.7204420077715
26.4,871.6570016009039
26.6,871.583850754549
26.8,871.5009552863052
27.0,871.4082764966124
27.2,871.3057711923766
27.4,871.1933917133266
27.6,871.0710859610822
27.8,870.9387974309027
28.0,870.7964652460864
28.2,870.6440241949798
28.4,870.4814047705567
28.6,870.3085332125173
28.8,870.1253315518524
29.0,869.9317176578073
29.2,869.7276052871807
29.4,869.5129041358744
29.6,869.2875198926092
29.8,869.0513542947103
30.0,868.8043051858514
30.2,868.5462665756432
30.4,868.2771287009344
30.6,867.996778088684
30.8,867.7050976202505
31.0,867.4019665969323
31.2,867.0872608065765
31.4,866.7608525910628
31.6,866.4226109144532
31.8,866.0724014315854
32.0,865.7100865568688
32.2,865.3355255330307
32.4,864.9485744995466
32.6,864.549086560465
32.8,864.136911851332
33.0,863.7118976048973
33.2,863.2738882152739
33.4,862.822725300202
33.6,862.35824776106
33.8,861.8802918402445
34.0,861.3886911755282
34.2,860.8832768509915
34.4,860.3638774441066
34.6,859.8303190685393
34.8,859.2824254122175
35.0,858.7200177702042
35.2,858.1429150718939
35.4,857.5509339020338
35.6,856.9438885150614
35.8,856.3215908422228
36.0,855.683850490924
36.2,855.0304747357409
36.4,854.3612685004927
36.6,853.6760343307521
36.8,852.9745723561427
37.0,852.2566802417282
37.2,851.522153127768
37.4,850.7707835570639
37.6,850.0023613890714
37.8,849.2166736998934
38.0,848.4135046672026
38.2,847.5926354390767
38.4,846.7538439856357
38.6,845.8969049322889
38.8,845.0215893732974
39.0,844.1276646642534
39.2,843.214894191953
39.4,842.283037120029
39.6,841.3318481085689
39.8,840.3610770058162
40.0,839.3704685099128
40.2,838.3597617985024
40.4,837.3286901238811
40.6,836.2769803712507
40.8,835.204352577512
41.0,834.1105194079325
41.2,832.9951855879352
41.4,831.8580472872023
41.6,830.6987914532585
41.8,829.5170950917108
42.0,828.312624490381
42.2,827.0850343846785
42.4,825.8339670617258
42.6,824.559051400991
42.8,823.2599018494825
43.0,821.9361173299508
43.2,820.5872800810066
43.4,819.2129544286214
43.6,817.8126854891144
43.8,816.3859978044659
44.0,814.9323939116107
44.2,813.4513528482745
44.4,811.9423285988961
44.6,810.4047484852352
44.8,808.8380115073842
45.0,807.2414866420651
45.2,805.6145111063016
45.4,803.9563885957683
45.6,802.2663875083401
45.8,800.5437391645598
46.0,798.787636037891
46.2,796.9972300087007
46.4,795.171630656907
46.6,793.3099036090911
46.8,791.4110689566018
47.0,789.4740997617366
47.2,787.4979206694622
47.4,785.4814066422942
47.6,783.4233818359068
47.8,781.3226186327415
48.0,779.1778368503496
48.2,776.9877031404076
48.4,774.7508305933011
48.6,772.4657785618889
48.8,770.1310527165222
49.0,767.745105341652
49.2,765.3063358823977
49.4,762.8130917473158
49.6,760.2636693713258
49.8,757.656315540339
50.0,754.9892289766483
