0.0,761.3108301143676
0.2,763.7562081110432
0.4,766.150570100025
0.6,768.4957409528704
0.8,770.7934567124282
1.0,773.0453635804581
1.2,775.2530178466313
1.4,777.4178867106667
1.6,779.5413499294532
1.8,781.6247022043368
2.0,783.6691562108389
2.2,785.6758461642322
2.4,787.64583180973
2.6,789.5801027254199
2.8,791.4795828292004
3.0,793.3451349873787
3.2,795.1775656317052
3.4,796.9776293027656
3.6,798.7460330501893
3.8,800.4834406333395
4.0,802.1904764794475
4.2,803.8677293689683
4.4,805.5157558298196
4.6,807.1350832327995
4.8,808.7262125896017
5.0,810.2896210623553
5.2,811.825764199489
5.4,813.335077916987
5.6,814.8179802469206
5.8,816.2748728766396
6.0,817.7061425024168
6.2,819.1121620208396
6.4,820.4932915800688
6.6,821.849879511404
6.8,823.182263159614
7.0,824.4907696283328
7.2,825.7757164546318
7.4,827.0374122247431
7.6,828.2761571409005
7.8,829.4922435474348
8.0,830.6859564226296
8.2,831.8575738414339
8.4,833.0073674129228
8.6,834.1356026954073
8.8,835.2425395912819
9.0,836.3284327230554
9.2,837.3935317915169
9.4,838.4380819166134
9.6,839.4623239613455
9.8,840.4664948388015
10.0,841.450827802334
10.2,842.4155527188134
10.4,843.3608963248713
10.6,844.2870824660478
10.8,845.1943323187892
11.0,846.0828645952802
11.2,846.9528957311506
11.4,847.8046400561542
11.6,848.6383099479796
11.8,849.4541159694168
12.0,850.2522669891606
12.2,851.0329702865974
12.4,851.7964316409683
12.6,852.5428554053618
12.8,853.2724445660316
13.0,853.985400787574
13.2,854.6819244445445
13.4,855.362214640116
13.6,856.0264692124151
13.8,856.6748847291905
14.0,857.3076564714848
14.2,857.9249784069976
14.4,858.5270431538283
14.6,859.1140419352982
14.8,859.6861645265463
15.0,860.2435991935903
15.2,860.7865326255371
15.4,861.3151498606156
15.6,861.8296342066915
15.8,862.3301671569055
16.0,862.8169283010603
16.2,863.2900952333586
16.4,863.7498434570707
16.6,864.1963462866897
16.8,864.6297747481027
17.0,865.0502974772816
17.2,865.4580806179704
17.4,865.8532877188154
17.6,866.2360796303597
17.8,866.6066144022915
18.0,866.9650471813114
18.2,867.3115301099517
18.4,867.6462122266563
18.6,867.9692393674003
18.8,868.2807540691051
19.0,868.5808954750759
19.2,868.8697992426648
19.4,869.1475974533444
19.6,869.4144185253421
19.8,869.6703871289798
20.0,869.9156241048303
20.2,870.1502463847906
20.4,870.3743669161518
20.6,870.5880945887296
20.8,870.7915341651056
21.0,870.9847862140142
21.2,871.1679470468991
21.4,871.3411086576516
21.6,871.5043586655337
21.8,871.6577802612803
22.0,871.8014521563672
22.2,871.9354485354254
22.4,872.0598390117785
22.6,872.1746885860728
22.8,872.2800576079711
23.0,872.3760017408741
23.2,872.4625719296373
23.4,872.5398143712445
23.6,872.6077704884073
23.8,872.6664769060534
24.0,872.7159654306728
24.2,872.7562630324915
24.4,872.7873918304449
24.6,872.8093690799288
24.8,872.8222071633027
25.0,872.8259135831332
25.2,872.8204909581633
25.4,872.8059370219951
25.6,872.782244624487
25.8,872.7494017358612
26.0,872.7073914535273
26.2,872.6561920116296
26.4,872.5957767933312
26.6,872.5261143458489
26.8,872.4471683982621
27.0,872.3588978821141
27.2,872.2612569548351
27.4,872.1541950260114
27.6,872.037656786532
27.8,871.9115822406425
28.0,871.7759067409356
28.2,871.6305610263109
28.4,871.4754712629309
28.6,871.3105590882006
28.8,871.1357416577958
29.0,870.9509316957581
29.2,870.7560375476721
29.4,870.5509632369368
29.6,870.3356085241256
29.8,870.1098689694356
30.0,869.8736359982045
30.2,869.6267969694699
30.4,869.3692352475313
30.6,869.1008302764607
30.8,868.821457657495
31.0,868.5309892292265
31.2,868.2292931504891
31.4,867.9162339858218
31.6,867.5916727933703
31.8,867.2554672150638
32.0,866.9074715688868
32.2,866.5475369430383
32.4,866.175511291749
32.6,865.7912395324998
32.8,865.3945636443605
33.0,864.9853227671409
33.2,864.563353301019
33.4,864.1284890062803
33.6,863.6805611027806
33.8,863.2193983687115
34.0,862.7448272382201
34.2,862.2566718974116
34.4,861.7547543782299
34.6,861.238894649691
34.8,860.7089107059146
35.0,860.1646186503785
35.2,859.6058327757955
35.4,859.0323656389953
35.6,858.4440281301715
35.8,857.8406295358417
36.0,857.2219775948519
36.2,856.5878785467497
36.4,855.938137171842
36.6,855.2725568222455
36.8,854.5909394432482
37.0,853.8930855842922
37.2,853.1787943989074
37.4,852.4478636329308
37.6,851.7000896003681
37.8,850.9352671462749
38.0,850.1531895960633
38.2,849.3536486906703
38.4,848.5364345070634
38.6,847.7013353636011
38.8,846.8481377098102
39.0,845.9766260001975
39.2,845.0865825517657
39.4,844.177787384961
39.6,843.2500180478442
39.8,842.3030494233315
40.0,841.3366535194193
40.2,840.3505992423517
40.4,839.3446521527459
40.6,838.3185742047201
40.8,837.2721234680854
41.0,836.2050538336528
41.2,835.1171147016589
41.4,834.008050653223
41.6,832.877601104583
41.8,831.7254999436348
42.0,830.551475147951
42.2,829.3552483830131
42.4,828.1365345787812
42.6,826.895041481963
42.8,825.6304691803772
43.0,824.3425095946224
43.2,823.030845930848
43.4,821.6951520867492
43.6,820.3350920009958
43.8,818.9503189341475
44.0,817.5404746667517
44.2,816.1051885978185
44.4,814.6440767242977
44.6,813.1567404796723
44.8,811.6427654074613
45.0,810.1017196434872
45.2,808.5331521794012
45.4,806.9365908794193
45.6,805.3115402227288
45.8,803.6574787458411
46.0,801.9738561625176
46.2,800.2600901439622
46.4,798.5155627489247
46.6,796.7396165022319
46.8,794.9315501310422
47.0,793.090613980658
47.2,791.2160051457413
47.4,789.3068623678844
47.6,787.3622607661334
47.8,785.3812064826269
48.0,783.3626313402408
48.2,781.3053876222519
48.4,779.2082430947282
48.6,777.0698763998681
48.8,774.8888729521497
49.0,772.6637214683802
49.2,770.392811257197
49.4,768.0744303831135
49.6,765.7067648049677
49.8,763.2878985689496
50.0,760.8158151129152
