0.0,779.2868803387215
0.2,781.0629540604251
0.4,782.8586062516965
0.6,784.6747953377188
0.8,786.5111604881706
1.0,788.3661289502613
1.2,790.2370736445515
1.4,792.1205082345907
1.6,794.0123049295879
1.8,795.9079197933413
2.0,797.8026112448349
2.2,799.6916395196616
2.4,801.5704377761065
2.6,803.4347488774422
2.8,805.2807252663384
3.0,807.1049924241463
3.2,808.9046789215887
3.4,810.6774178690349
3.6,812.4213256217114
3.8,814.1349639374657
4.0,815.8172915389933
4.2,817.4676103543505
4.4,819.0855107656861
4.6,820.6708191412479
4.8,822.2235498872111
5.0,823.7438633255972
5.2,825.2320299376431
5.4,826.6884009306823
5.6,828.1133846873877
5.8,829.5074284179307
6.0,830.8710042274635
6.2,832.2045987995112
6.4,833.508705948359
6.6,834.7838213830754
6.8,836.0304391312814
7.0,837.2490491772052
7.2,838.4401359665568
7.4,839.6041775153298
7.6,840.7416449290839
7.8,841.8530021939627
8.0,842.9387061422933
8.2,843.9992065262644
8.4,845.034946155115
8.6,846.0463610665944
8.8,847.0338807138819
9.0,847.9979281561216
9.2,848.9389202452724
9.4,849.8572678049057
9.6,850.7533757984302
9.8,851.6276434853863
10.0,852.4804645651831
10.2,853.3122273080933
10.4,854.1233146736164
10.6,854.9141044164965
10.8,855.6849691808029
11.0,856.4362765825638
11.2,857.1683892814925
11.4,857.8816650423908
11.6,858.5764567868312
11.8,859.2531126357416
12.0,859.9119759435181
12.2,860.5533853242964
12.4,861.1776746710065
12.6,861.7851731678236
12.8,862.3762052966197
13.0,862.9510908379974
13.2,863.5101448674719
13.4,864.0536777473411
13.6,864.581995114761
13.8,865.0953978665178
14.0,865.5941821409598
14.2,866.0786392975224
14.4,866.5490558942564
14.6,867.0057136637354
14.8,867.4488894876916
15.0,867.8788553707059
15.2,868.2958784132402
15.4,868.7002207842863
15.6,869.0921396938693
15.8,869.4718873656227
16.0,869.8397110096317
16.2,870.1958527957128
16.4,870.5405498272796
16.6,870.8740341159273
16.8,871.1965325568433
17.0,871.5082669051388
17.2,871.8094537531786
17.4,872.1003045089689
17.6,872.381025375654
17.8,872.6518173321534
18.0,872.912876114964
18.2,873.1643922011402
18.4,873.4065507924532
18.6,873.639531800725
18.8,873.8635098343207
19.0,874.0786541857819
19.2,874.2851288205695
19.4,874.483092366887
19.6,874.6726981065447
19.8,874.8540939668248
20.0,875.0274225133023
20.2,875.1928209435721
20.4,875.3504210818359
20.6,875.5003493742944
20.8,875.6427268852924
21.0,875.7776692941629
21.2,875.9052868927178
21.4,876.025684583326
21.6,876.1389618775311
21.8,876.2452128951505
22.0,876.3445263638048
22.2,876.4369856188272
22.4,876.5226686035031
22.6,876.6016478695902
22.8,876.6739905780763
23.0,876.7397585001274
23.2,876.7990080181895
23.4,876.8517901272007
23.6,876.8981504358818
23.8,876.9381291680696
24.0,876.9717611640654
24.2,876.9990758819694
24.4,877.0200973989813
24.6,877.0348444126431
24.8,877.04333024201
25.0,877.0455628287364
25.2,877.0415447380659
25.4,877.0312731597216
25.6,877.0147399086919
25.8,876.9919314259147
26.0,876.9628287788657
26.2,876.9274076620578
26.4,876.8856383974629
26.6,876.8374859348752
26.8,876.7829098522307
27.0,876.7218643559088
27.2,876.6542982810392
27.4,876.5801550918445
27.6,876.4993728820497
27.8,876.4118843753922
28.0,876.3176169262731
28.2,876.216492520586
28.4,876.1084277767676
28.6,875.9933339471156
28.8,875.8711169194196
29.0,875.7416772189518
29.2,875.6049100108714
29.4,875.4607051030896
29.6,875.3089469496492
29.8,875.1495146546725
30.0,874.9822819769272
30.2,874.8071173350653
30.4,874.6238838135879
30.6,874.4324391695833
30.8,874.2326358402927
31.0,874.0243209515482
31.2,873.8073363271299
31.4,873.5815184990837
31.6,873.3466987190392
31.8,873.1027029705614
32.0,872.8493519825666
32.2,872.5864612438256
32.4,872.3138410185709
32.6,872.0312963632193
32.8,871.7386271442102
33.0,871.435628056952
33.2,871.1220886458599
33.4,870.7977933254552
33.6,870.4625214024843
33.8,870.1160470990039
34.0,869.7581395763615
34.2,869.3885629599856
34.4,869.0070763648849
34.6,868.6134339217315
34.8,868.207384803391
35.0,867.788673251735
35.2,867.3570386045513
35.4,866.9122153223454
35.6,866.4539330147982
35.8,865.9819164666213
36.0,865.4958856625242
36.2,864.9955558109776
36.4,864.4806373664318
36.6,863.9508360496137
36.8,863.4058528655045
37.0,862.8453841185614
37.2,862.2691214247224
37.4,861.6767517197029
37.6,861.0679572630615
37.8,860.4424156374889
38.0,859.7997997427435
38.2,859.1397777836397
38.4,858.462013251467
38.6,857.7661648982051
38.8,857.0518867028852
39.0,856.3188278294374
39.2,855.5666325753589
39.4,854.7949403105433
39.6,854.0033854056132
39.8,853.1915971491233
40.0,852.3591996530188
40.2,851.5058117457843
40.4,850.6310468527649
40.6,849.7345128632343
40.8,848.8158119839029
41.0,847.8745405787497
41.2,846.9102889953465
41.4,845.9226413783091
41.6,844.9111754712318
41.8,843.875462409634
42.0,842.8150665093049
42.2,841.729545057357
42.4,840.6184481178542
42.6,839.481318370832
42.8,838.3176910139557
43.0,837.1270937713566
43.2,835.9090470760954
43.4,834.6630645232935
43.6,833.3886537324905
43.8,832.0853178123758
44.0,830.7525576903575
44.2,829.3898756538256
44.4,827.9967805477619
44.6,826.5727951795552
44.8,825.1174665871168
45.0,823.6303799157556
45.2,822.1111767016364
45.4,820.5595783478333
45.6,818.9754154710324
45.8,817.3586635591126
46.0,815.7094849814144
46.2,814.0282768133955
46.4,812.3157231720218
46.6,810.5728498298953
46.8,808.8010778397659
47.0,807.0022718484109
47.2,805.1787778369884
47.4,803.3334443483573
47.6,801.4696210167563
47.8,799.5911285569102
48.0,797.7021954147613
48.2,795.8073580800739
48.4,793.9113245698534
48.6,792.0188036621222
48.8,790.1343058370211
49.0,788.2619252230548
49.2,786.4051147549461
49.4,784.5664688289813
49.6,782.7475286519477
49.8,780.9486249946746
50.0,779.1687711132527
