0.0,495.06866460249825
0.2,500.89425403278966
0.4,506.65692088768697
0.6,512.3553645869863
0.8,517.988623493815
1.0,523.5560355570062
1.2,529.0571889042717
1.4,534.4918695587402
1.6,539.8600123461508
1.8,545.1616590315422
2.0,550.3969254874758
2.2,555.5659778287387
2.4,560.6690162485655
2.6,565.7062647763903
2.8,570.6779651820021
3.0,575.5843735495441
3.2,580.4257584406242
3.4,585.2023999329775
3.6,589.9145891037929
3.8,594.5626277177486
4.0,599.1468279959195
4.2,603.6675124062401
4.4,608.1250134492657
4.6,612.5196734287033
4.8,616.8518442031715
5.0,621.1218869185574
5.2,625.3301717215006
5.4,629.4770774549696
5.6,633.5629913370645
5.8,637.5883086242566
6.0,641.5534322603028
6.2,645.4587725120975
6.4,649.3047465937312
6.6,653.0917782800344
6.8,656.8202975108834
7.0,660.4907399875397
7.2,664.1035467622881
7.4,667.6591638226199
7.6,671.1580416711936
7.8,674.6006349027787
8.0,677.9874017793649
8.2,681.3188038045846
8.4,684.5953052985644
8.6,687.8173729742837
8.8,690.9854755164735
9.0,694.1000831640519
9.2,697.1616672970382
9.4,700.1707000288443
9.6,703.1276538047888
9.8,706.0330010076277
10.0,708.8872135708415
10.2,711.690762600361
10.4,714.4441180053637
10.6,717.1477481387096
10.8,719.8021194475332
11.0,722.4076961344499
11.2,724.9649398297778
11.4,727.4743092751219
11.6,729.9362600186109
11.8,732.3512441220232
12.0,734.7197098799853
12.2,737.0421015513755
12.4,739.3188591030138
12.6,741.5504179656737
12.8,743.737208802402
13.0,745.8796572890934
13.2,747.9781839072182
13.4,750.0332037485709
13.6,752.0451263318616
13.8,754.014355430944
14.0,755.9412889144395
14.2,757.8263185964889
14.4,759.6698300983334
14.6,761.4722027204093
14.8,763.2338093246126
15.0,764.9550162263754
15.2,766.6361830961799
15.4,768.2776628701209
15.6,769.8798016691176
15.8,771.4429387263691
16.0,772.9674063226383
16.2,774.4535297289488
16.4,775.9016271562755
16.6,777.3120097118124
16.8,778.6849813614014
17.0,780.0208388977109
17.2,781.31987191376
17.4,782.5823627813929
17.6,783.8085866343102
17.8,784.9988113552862
18.0,786.1532975671996
18.2,787.2722986275292
18.4,788.3560606259699
18.6,789.404822384846
18.8,790.4188154620099
19.0,791.3982641559281
19.2,792.3433855126773
19.4,793.2543893345845
19.6,794.1314781902613
19.8,794.9748474258035
20.0,795.7846851769352
20.2,796.5611723818995
20.4,797.3044827949094
20.6,798.0147829999885
20.8,798.6922324250454
21.0,799.3369833560406
21.2,799.9491809511172
21.4,800.5289632545807
21.6,801.0764612106235
21.8,801.5917986767042
22.0,802.0750924364993
22.2,802.5264522123573
22.4,802.9459806771931
22.6,803.3337734657694
22.8,803.6899191853186
23.0,804.0144994254695
23.2,804.3075887674441
23.4,804.5692547924968
23.6,804.799558089576
23.8,804.998552262188
24.0,805.1662839344523
24.2,805.302792756332
24.4,805.408111408034
24.6,805.4822656035708
24.8,805.5252740934801
25.0,805.5371486666966
25.2,805.5178941515737
25.4,805.4675084160567
25.6,805.3859823670017
25.8,805.2732999486444
26.0,805.1294381402181
26.2,804.9543669527221
26.4,804.7480494248473
26.6,804.5104416180569
26.8,804.2414926108361
27.0,803.9411444921122
27.2,803.6093323538624
27.4,803.245984282917
27.6,802.8510213519794
27.8,802.4243576098845
28.0,801.9659000711191
28.2,801.4755487046397
28.4,800.9531964220223
28.6,800.3987290649936
28.8,799.8120253923918
29.0,799.1929570666214
29.2,798.5413886396715
29.4,797.8571775387778
29.6,797.14017405182
29.8,796.3902213125577
30.0,795.6071552858187
30.2,794.7908047527683
30.4,793.9409912964019
30.6,793.057529287414
30.8,792.1402258706165
31.0,791.1888809520896
31.2,790.2032871872664
31.4,789.1832299701678
31.6,788.12848742402
31.8,787.0388303935031
32.0,785.9140224388933
32.2,784.7538198323822
32.4,783.5579715568665
32.6,782.3262193075198
32.8,781.058297496472
33.0,779.75393326094
33.2,778.4128464751562
33.4,777.034749766469
33.6,775.6193485359876
33.8,774.1663409841607
34.0,772.6754181416877
34.2,771.1462639061651
34.4,769.5785550848797
34.6,767.9719614441649
34.8,766.326145765738
35.0,764.6407639104337
35.2,762.9154648897555
35.4,761.1498909456556
35.6,759.3436776389512
35.8,757.4964539467763
36.0,755.6078423694582
36.2,753.6774590471932
36.4,751.7049138868815
36.6,749.6898106994615
36.8,747.631747348065
37.0,745.530315907287
37.2,743.385102833843
37.4,741.1956891488506
37.6,738.9616506319497
37.8,736.6825580274291
38.0,734.3579772625031
38.2,731.987469677834
38.4,729.570592270357
38.6,727.106897948421
38.8,724.5959357992128
39.0,722.0372513683824
39.2,719.4303869517375
39.4,716.774881898829
39.6,714.0702729281863
39.8,711.316094453918
40.0,708.5118789233302
40.2,705.6571571651637
40.4,702.7514587479923
40.6,699.7943123482692
40.8,696.7852461274504
41.0,693.7237881175693
41.2,690.6094666145784
41.4,687.4418105787227
41.6,684.2203500411498
41.8,680.9446165159168
42.0,677.614143416495
42.2,674.2284664758313
42.4,670.7871241689749
42.6,667.289658137237
42.8,663.7356136128063
43.0,660.1245398427092
43.2,656.4559905109653
43.4,652.7295241577632
43.6,648.9447045944485
43.8,645.1011013130966
44.0,641.1982898894252
44.2,637.2358523777835
44.4,633.2133776969501
44.6,629.130462005462
44.8,624.9867090652027
45.0,620.7817305919779
45.2,616.5151465918229
45.4,612.1865856818001
45.6,607.7956853940842
45.8,603.3420924622001
46.0,598.8254630884477
46.2,594.2454631919908
46.4,589.6017686382387
46.6,584.8940654530649
46.8,580.1220500323884
47.0,575.285429373374
47.2,570.383921386553
47.4,565.4172554126833
47.6,560.3851731842534
47.8,555.2874306624367
48.0,550.1238014629158
48.2,544.8940829511038
48.4,539.5981064830338
48.6,534.2357535667124
48.8,528.8069797235961
49.0,523.3118473149333
49.2,517.7505673980604
49.4,512.1235488110161
49.6,506.4314504474754
49.8,500.67523065594605
50.0,494.8561865920797
