0.0,852.1065089394311
0.2,852.8212045494269
0.4,853.5182249077694
0.6,854.1980634432718
0.8,854.8611916681821
1.0,855.5080592496208
1.2,856.1390943002289
1.4,856.7547038726204
1.6,857.3552746377696
1.8,857.9411737238331
2.0,858.5127496892524
2.2,859.0703336023475
2.4,859.6142401989955
2.6,860.1447690903532
2.8,860.6622059938412
3.0,861.1668239626106
3.2,861.6588845913446
3.4,862.1386391793062
3.6,862.6063298348768
3.8,863.0621905092785
4.0,863.5064479505614
4.2,863.9393225721667
4.4,864.3610292333227
4.6,864.7717779311225
4.8,865.1717744063285
5.0,865.5612206667114
5.2,865.9403154330884
5.4,866.3092545141598
5.6,866.6682311168349
5.8,867.0174360989903
6.0,867.3570581716002
6.2,867.6872840569606
6.4,868.0082986093445
6.6,868.3202849039325
6.8,868.6234242993056
7.0,868.9178964781909
7.2,869.203879470557
7.4,869.4815496625852
7.6,869.7510817945008
7.8,870.0126489497687
8.0,870.2664225377156
8.2,870.512572271267
8.4,870.7512661411607
8.6,870.9826703877278
8.8,871.2069494711021
9.0,871.4242660405386
9.2,871.6347809033686
9.4,871.8386529940022
9.6,872.0360393432987
9.8,872.227095048545
10.0,872.4119732442333
10.2,872.5908250737851
10.4,872.7637996623321
10.6,872.9310440906429
10.8,873.0927033702654
11.0,873.2489204199387
11.2,873.3998360433175
11.4,873.5455889080455
11.6,873.6863155262026
11.8,873.8221502361481
12.0,873.9532251857758
12.2,874.0796703171941
12.4,874.2016133528367
12.6,874.3191797830082
12.8,874.4324928548643
13.0,874.5416735628255
13.2,874.6468406404126
13.4,874.7481105534999
13.6,874.8455974949683
13.8,874.9394133807431
14.0,875.0296678471988
14.2,875.1164682499061
14.4,875.1999196636968
14.6,875.2801248840194
14.8,875.3571844295525
15.0,875.4311965460452
15.2,875.5022572113456
15.4,875.5704601415829
15.6,875.6358967984579
15.8,875.6986563976035
16.0,875.7588259179673
16.2,875.8164901121714
16.4,875.8717315178004
16.6,875.9246304695663
16.8,875.9752651123009
17.0,876.0237114147204
17.2,876.0700431839101
17.4,876.1143320804712
17.6,876.1566476342754
17.8,876.1970572607705
18.0,876.2356262777762
18.2,876.2724179227152
18.4,876.3074933702188
18.6,876.3409117500487
18.8,876.3727301652752
19.0,876.4030037106542
19.2,876.4317854911413
19.4,876.4591266404888
19.6,876.4850763398616
19.8,876.50968183642
20.0,876.5329884618084
20.2,876.555039650496
20.4,876.5758769579137
20.6,876.5955400783314
20.8,876.6140668624257
21.0,876.6314933344844
21.2,876.6478537091972
21.4,876.6631804079839
21.6,876.6775040748142
21.8,876.6908535914718
22.0,876.7032560922188
22.2,876.7147369778198
22.4,876.7253199288848
22.6,876.7350269184915
22.8,876.7438782240541
23.0,876.7518924384016
23.2,876.7590864800344
23.4,876.7654756025323
23.6,876.7710734030838
23.8,876.7758918301125
24.0,876.7799411899808
24.2,876.7832301527466
24.4,876.7857657569599
24.6,876.7875534134823
24.8,876.7885969083167
25.0,876.7888984044388
25.2,876.7884584426223
25.4,876.787275941253
25.6,876.785348195132
25.8,876.7826708732642
26.0,876.7792380156415
26.2,876.7750420290206
26.4,876.7700736817076
26.6,876.7643220973597
26.8,876.7577747478159
27.0,876.750417444976
27.2,876.7422343317436
27.4,876.7332078720553
27.6,876.7233188400212
27.8,876.7125463081991
28.0,876.7008676350353
28.2,876.688258451498
28.4,876.6746926469397
28.6,876.6601423542228
28.8,876.6445779341431
29.0,876.6279679591948
29.2,876.6102791967141
29.4,876.591476591447
29.6,876.5715232475849
29.8,876.5503804103163
30.0,876.5280074469401
30.2,876.5043618275929
30.4,876.4793991056405
30.6,876.4530728977857
30.8,876.4253348639476
31.0,876.396134686966
31.2,876.365420052187
31.4,876.3331366269875
31.6,876.2992280402954
31.8,876.2636358621646
32.0,876.2262995834616
32.2,876.1871565957256
32.4,876.1461421712593
32.6,876.1031894435105
32.8,876.0582293878049
33.0,876.011190802488
33.2,875.9620002905367
33.4,875.910582241697
33.6,875.8568588152089
33.8,875.8007499231722
34.0,875.7421732146138
34.2,875.6810440603076
34.4,875.617275538405
34.6,875.5507784209266
34.8,875.4814611611687
35.0,875.4092298820725
35.2,875.3339883656062
35.4,875.2556380432063
35.6,875.1740779873226
35.8,875.0892049041075
36.0,875.0009131272955
36.2,874.9090946133035
36.4,874.8136389375951
36.6,874.7144332923363
36.8,874.6113624853763
37.0,874.5043089405813
37.2,874.3931526995452
37.4,874.2777714247001
37.6,874.1580404038453
37.8,874.0338325561132
38.0,873.905018439382
38.2,873.7714662591487
38.4,873.6330418788658
38.6,873.4896088317481
38.8,873.3410283340475
39.0,873.1871592997918
39.2,873.0278583569832
39.4,872.862979865238
39.6,872.6923759348579
39.8,872.5158964473045
40.0,872.3333890770527
40.2,872.1446993147822
40.4,871.9496704918612
40.6,871.7481438060635
40.8,871.5399583484397
41.0,871.3249511312446
41.2,871.1029571167936
41.4,870.8738092470817
41.6,870.6373384739506
41.8,870.3933737895296
42.0,870.1417422565856
42.2,869.8822690383265
42.4,869.6147774270627
42.6,869.3390888709771
42.8,869.0550229980526
43.0,868.7623976359744
43.2,868.4610288265404
43.4,868.1507308327822
43.6,867.8313161366257
43.8,867.5025954244969
44.0,867.1643775578113
44.2,866.8164695247884
44.4,866.4586763695193
44.6,866.090801093699
44.8,865.7126445259503
45.0,865.3240051532342
45.2,864.9246789085203
45.4,864.5144589086871
45.6,864.0931351366277
45.8,863.660494061756
46.0,863.2163181936115
46.2,862.7603855640848
46.4,862.2924691349502
46.6,861.8123361289285
46.8,861.3197472844001
47.0,860.8144560361454
47.2,860.2962076270339
47.4,859.764738158391
47.6,859.2197735897079
47.8,858.6610287013513
48.0,858.0882060368164
48.2,857.5009948437287
48.4,856.8990700350728
48.6,856.2820911938709
48.8,855.6497016456271
49.0,855.0015276231645
49.2,854.3371775479566
49.4,853.6562414506352
49.6,852.958290551053
49.8,852.2428770151389
50.0,851.5095339019099
