0.0,808.3571681952264
0.2,810.3238702433475
0.4,812.2485076705262
0.6,814.1314572920589
0.8,815.9731034941807
1.0,817.7738385408024
1.2,819.5340628422226
1.4,821.2541851845215
1.6,822.9346229185622
1.8,824.5758021077418
2.0,826.1781576338545
2.2,827.7421332606579
2.4,829.2681816549488
2.6,830.7567643651897
2.8,832.2083517579352
3.0,833.6234229125332
3.2,835.0024654747828
3.4,836.3459754704338
3.6,837.6544570796152
3.8,838.9284223734587
4.0,840.1683910143696
4.2,841.3748899215572
4.4,842.5484529035932
4.6,843.6896202599099
4.8,844.7989383532732
5.0,845.8769591553835
5.2,846.9242397678543
5.4,847.9413419209033
5.6,848.9288314521605
5.8,849.8872777680501
6.0,850.8172532902431
6.2,851.7193328896998
6.4,852.594093310832
6.6,853.4421125883061
6.8,854.2639694589891
7.0,855.0602427715064
7.2,855.8315108958315
7.4,856.5783511352695
7.6,857.3013391431255
7.8,858.0010483462639
8.0,858.6780493776768
8.2,859.3329095200737
8.4,859.9661921624004
8.6,860.5784562710712
8.8,861.1702558775842
9.0,861.7421395840512
9.2,862.2946500880503
9.4,862.8283237280665
9.6,863.3436900506512
9.8,863.8412714002898
10.0,864.3215825328286
10.2,864.7851302531702
10.4,865.2324130778097
10.6,865.6639209226491
10.8,866.0801348163924
11.0,866.4815266396937
11.2,866.8685588901101
11.4,867.2416844727842
11.6,867.601346516672
11.8,867.9479782160207
12.0,868.2820026966975
12.2,868.6038329068778
12.4,868.9138715315079
12.6,869.2125109298815
12.8,869.5001330955887
13.0,869.7771096380336
13.2,870.0438017846571
13.4,870.3005604029476
13.6,870.5477260412789
13.8,870.7856289875793
14.0,871.0145893448031
14.2,871.234917122154
14.4,871.4469123409958
14.6,871.650865154371
14.8,871.8470559790505
15.0,872.0357556390352
15.2,872.2172255194386
15.4,872.3917177296962
15.6,872.5594752750591
15.8,872.7207322353551
16.0,872.8757139500261
16.2,873.0246372084779
16.4,873.1677104448128
16.6,873.3051339360494
16.8,873.4371000029731
17.0,873.5637932127971
17.2,873.6853905828588
17.4,873.8020617846151
17.6,873.913969347245
17.8,874.0212688602114
18.0,874.1241091741764
18.2,874.2226325997109
18.4,874.3169751032794
18.6,874.4072665000247
18.8,874.4936306429216
19.0,874.5761856079055
19.2,874.6550438746232
19.4,874.7303125024939
19.6,874.8020933017997
19.8,874.8704829995636
20.0,874.9355734000065
20.2,874.9974515394036
20.4,875.0561998351905
20.6,875.1118962291984
20.8,875.1646143249199
21.0,875.2144235187351
21.2,875.2613891250411
21.4,875.3055724952553
21.6,875.3470311306746
21.8,875.3858187891891
22.0,875.4219855858629
22.2,875.4555780874041
22.4,875.4866394005575
22.6,875.5152092544575
22.8,875.5413240769909
23.0,875.5650170652152
23.2,875.5863182498886
23.4,875.6052545541647
23.6,875.6218498465068
23.8,875.6361249878734
24.0,875.6480978732275
24.2,875.6577834674179
24.4,875.6651938354742
24.6,875.6703381673548
24.8,875.673222797183
25.0,875.6738512169957
25.2,875.6722240850271
25.4,875.6683392285406
25.6,875.6621916412171
25.8,875.6537734750966
26.0,875.643074027071
26.2,875.6300797199083
26.4,875.6147740777941
26.6,875.5971376963579
26.8,875.5771482071574
27.0,875.5547802365803
27.2,875.5300053591241
27.4,875.5027920450092
27.6,875.473105602078
27.8,875.4409081119323
28.0,875.406158360261
28.2,875.3688117613101
28.4,875.3288202764528
28.6,875.2861323268157
28.8,875.240692699932
29.0,875.1924424503876
29.2,875.1413187944487
29.4,875.0872549986583
29.6,875.0301802624099
29.8,874.9700195945178
30.0,874.9066936838196
30.2,874.8401187638681
30.4,874.770206471787
30.6,874.6968637013905
30.8,874.6199924506892
31.0,874.5394896639327
31.2,874.455247068368
31.4,874.3671510059237
31.6,874.275082260061
31.8,874.1789158780689
32.0,874.0785209891154
32.2,873.9737606184034
32.4,873.8644914978221
32.6,873.7505638735212
32.8,873.631821310876
33.0,873.5081004973596
33.2,873.3792310438703
33.4,873.2450352851183
33.6,873.105328079704
33.8,872.9599166105777
34.0,872.8086001866012
34.2,872.6511700459791
34.4,872.4874091623664
34.6,872.3170920544972
34.8,872.1399846002159
35.0,871.9558438558295
35.2,871.7644178817237
35.4,871.5654455752264
35.6,871.3586565117133
35.8,871.143770794984
36.0,870.9204989179451
36.2,870.6885416346549
36.4,870.4475898447874
36.6,870.1973244915778
36.8,869.9374164743091
37.0,869.6675265763841
37.2,869.3873054100169
37.4,869.0963933785524
37.6,868.7944206573907
37.8,868.4810071944621
38.0,868.1557627311477
38.2,867.8182868444925
38.4,867.4681690115025
38.6,867.1049886962434
38.8,866.7283154603916
39.0,866.3377090978066
39.2,865.9327197936016
39.4,865.5128883081004
39.6,865.0777461859635
39.8,864.6268159906604
40.0,864.1596115643512
40.2,863.6756383131225
40.4,863.174393517399
40.6,862.6553666672229
40.8,862.1180398219647
41.0,861.5618879938932
41.2,860.9863795548954
41.4,860.3909766655013
41.6,859.7751357252288
41.8,859.1383078431278
42.0,858.4799393272649
42.2,857.7994721917569
42.4,857.0963446798302
42.6,856.3699918012582
42.8,855.6198458824034
43.0,854.8453371269827
43.2,854.045894185558
43.4,853.220944731664
43.6,852.3699160423845
43.8,851.4922355811167
44.0,850.5873315801867
44.2,849.6546336209245
44.4,848.6935732087583
44.6,847.7035843408578
44.8,846.684104063834
45.0,845.6345730189968
45.2,844.5544359726853
45.4,843.4431423292016
45.6,842.3001466239255
45.8,841.1249089942363
46.0,839.9168956259357
46.2,838.6755791729533
46.4,837.4004391482132
46.6,836.0909622836481
46.8,834.7466428574822
47.0,833.3669829870373
47.2,831.9514928854713
47.4,830.4996910810228
47.6,829.0111045975117
47.8,827.4852690950296
48.0,825.9217289699473
48.2,824.3200374135719
48.4,822.6797564289928
48.6,821.0004568058681
48.8,819.2817180531235
49.0,817.523128289756
49.2,815.7242840941526
49.4,813.8847903125611
49.6,812.0042598275612
49.8,810.0823132876095
50.0,808.1185787989351
