0.0,715.236622226865
0.2,716.9122761797099
0.4,718.7044303370783
0.6,720.6029591355157
0.8,722.5941552434514
1.0,724.6623998811276
1.2,726.791873122863
1.4,728.9679273048794
1.6,731.1779209024066
1.8,733.4115037858696
2.0,735.6604839629553
2.2,737.9184602267283
2.4,740.1803867910886
2.6,742.4421796086366
2.8,744.7004136606761
3.0,746.9521163113747
3.2,749.1946388704447
3.4,751.4255822843905
3.6,753.6427559181024
3.8,755.8441545439854
4.0,758.0279444352507
4.2,760.1924536088509
4.4,762.3361637855764
4.6,764.4577029863934
4.8,766.5558383358209
5.0,768.6294689290419
5.2,770.677618733997
5.4,772.6994295412636
5.6,774.6941539874824
5.8,776.6611486806445
6.0,778.5998674545485
6.2,780.509854777551
6.4,782.390739338158
6.6,784.242227827315
6.8,786.0640989345208
7.0,787.8561975721888
7.2,789.6184293400213
7.4,791.3507552385977
7.6,793.05318663891
7.8,794.7257805122445
8.0,796.3686349226132
8.2,797.9818847819073
8.4,799.5656978660762
8.6,801.1202710889482
8.8,802.6458270287969
9.0,804.1426107014283
9.2,805.6108865724162
9.4,807.0509358001398
9.6,808.4630537004748
9.8,809.8475474233502
10.0,811.2047338308963
10.2,812.5349375665706
10.4,813.8384893044341
10.6,815.1157241676676
10.8,816.3669803054319
11.0,817.5925976172982
11.2,818.7929166146712
11.4,819.968277408904
11.6,821.1190188161346
11.8,822.245477569264
12.0,823.3479876279101
12.2,824.4268795776339
12.4,825.4824801102044
12.6,826.5151115771556
12.8,827.5250916093879
13.0,828.5127327960523
13.2,829.4783424164509
13.4,830.4222222191588
13.6,831.3446682430423
13.8,832.2459706752869
14.0,833.1264137419836
14.2,833.9862756272171
14.4,834.8258284169929
14.6,835.6453380646877
14.8,836.4450643750498
15.0,837.2252610040807
15.2,837.9861754724203
15.4,838.7280491901187
15.6,839.4511174909161
15.8,840.155609674379
16.0,840.8417490544317
16.2,841.5097530130076
16.4,842.1598330577037
16.6,842.7921948824684
16.8,843.4070384304817
17.0,844.0045579585034
17.2,844.5849421020642
17.4,845.1483739409715
17.6,845.6950310646728
17.8,846.2250856370987
18.0,846.738704460663
18.2,847.2360490391525
18.4,847.7172756392888
18.6,848.1825353507784
18.8,848.6319741447104
19.0,849.0657329301852
19.2,849.4839476090871
19.4,849.8867491289333
19.6,850.2742635337529
19.8,850.6466120129652
20.0,851.003910948239
20.2,851.3462719583272
20.4,851.6738019418801
20.6,851.9866031182491
20.8,852.284773066297
21.0,852.5684047612393
21.2,852.8375866095435
21.4,853.0924024819145
21.6,853.3329317444021
21.8,853.5592492876599
22.0,853.7714255543959
22.2,853.9695265650456
22.4,854.153613941706
22.6,854.3237449303647
22.8,854.4799724214585
23.0,854.6223449687938
23.2,854.7509068068624
23.4,854.8656978665808
23.6,854.9667537894824
23.8,855.0541059403891
24.0,855.127781418586
24.2,855.1878030675201
24.4,855.2341894830445
24.6,855.2669550202221
24.8,855.2861097987059
25.0,855.2916597067043
25.2,855.2836064035431
25.4,855.261947320827
25.6,855.2266756622062
25.8,855.1777804017474
26.0,855.1152462809058
26.2,855.0390538040939
26.4,854.9491792328388
26.6,854.845594578516
26.8,854.7282675936472
27.0,854.5971617617453
27.2,854.4522362856886
27.4,854.2934460746022
27.6,854.1207417292235
27.8,853.9340695257271
28.0,853.7333713979808
28.2,853.5185849182039
28.4,853.2896432759973
28.6,853.046475255713
28.8,852.7890052121315
29.0,852.5171530444132
29.2,852.2308341682879
29.4,851.9299594864545
29.6,851.6144353571536
29.8,851.2841635608843
30.0,850.9390412652366
30.2,850.5789609878127
30.4,850.2038105572162
30.6,849.8134730720909
30.8,849.4078268582001
31.0,848.9867454235421
31.2,848.5500974115077
31.4,848.0977465520987
31.6,847.6295516112348
31.8,847.1453663381985
32.0,846.6450394112803
32.2,846.1284143817122
32.4,845.5953296160009
32.6,845.0456182368041
32.8,844.4791080625255
33.0,843.8956215458453
33.2,843.2949757114501
33.4,842.6769820932764
33.6,842.0414466716467
33.8,841.3881698107431
34.0,840.7169461969451
34.2,840.0275647786448
34.4,839.3198087082588
34.6,838.593455287267
34.8,837.8482759152371
35.0,837.0840360439418
35.2,836.3004951378307
35.4,835.4974066423007
35.6,834.6745179614063
35.8,833.8315704468673
36.0,832.9682994004722
36.2,832.0844340922356
36.4,831.1796977969532
36.6,830.2538078521053
36.8,829.3064757403938
37.0,828.3374072005489
37.2,827.3463023704251
37.4,826.3328559668082
37.6,825.2967575067765
37.8,824.2376915759017
38.0,823.1553381490402
38.2,822.0493729699334
38.4,820.9194679963259
38.6,819.7652919177959
38.8,818.5865107539861
39.0,817.3827885414048
39.2,816.1537881174398
39.4,814.8991720106767
39.6,813.6186034470348
39.8,812.311747481612
40.0,810.9782722664654
40.2,809.6178504648211
40.4,808.2301608224077
40.6,806.8148899067223
40.8,805.3717340250578
41.0,803.9004013320281
41.2,802.4006141371235
41.4,800.8721114224811
41.6,799.3146515805761
41.8,797.7280153809004
42.0,796.1120091738953
42.2,794.466468339438
42.4,792.7912609860346
42.6,791.0862919055538
42.8,789.3515067868284
43.0,787.5868966897704
43.2,785.7925027797908
43.4,783.9684213202872
43.6,782.1148089187841
43.8,780.23188801998
44.0,778.3199526365115
44.2,776.3793743056791
44.4,774.4106082577458
44.6,772.4141997787236
44.8,770.3907907478529
45.0,768.3411263272909
45.2,766.2660617789758
45.4,764.1665693814487
45.6,762.0437454184236
45.8,759.8988172134401
46.0,757.7331501978459
46.2,755.5482550407659
46.4,753.345794983851
46.6,751.127593808475
46.8,748.895645512389
47.0,746.6521281195354
47.2,744.3994265596045
47.4,742.1401736877258
47.6,739.8773242731017
47.8,737.6142829182741
48.0,735.3551099009402
48.2,733.1048227275427
48.4,730.8697883218704
48.6,728.6581567323318
48.8,726.4802270529716
49.0,724.3485800699768
49.2,722.2777938735632
49.4,720.2836127954326
49.6,718.3815787319564
49.8,716.5853267680072
50.0,714.9049206355123
