0.0,727.0115750172764
0.2,729.98919409146
0.4,732.9097722050376
0.6,735.7744236876729
0.8,738.5842473468164
1.0,741.3403258676329
1.2,744.0437252576396
1.4,746.6954943369198
1.6,749.2966642745679
1.8,751.8482481718119
2.0,754.3512406920481
2.2,756.8066177378188
2.4,759.2153361745591
2.6,761.5783336007407
2.8,763.8965281638513
3.0,766.1708184214584
3.2,768.4020832464362
3.4,770.5911817752614
3.6,772.7389533981294
3.8,774.8462177894958
4.0,776.9137749775113
4.2,778.9424054506972
4.4,780.9328703000971
4.6,782.885911395044
4.8,784.8022515905951
5.0,786.6825949646187
5.2,788.5276270824581
5.4,790.338015287053
5.6,792.1144090123682
5.8,793.857440117962
6.0,795.5677232425184
6.2,797.245856174177
6.4,798.8924202355103
6.6,800.507980681029
6.8,802.0930871051356
7.0,803.6482738584955
7.2,805.1740604708546
7.4,806.6709520784003
7.6,808.1394398538367
7.8,809.5800014374255
8.0,810.9931013673344
8.2,812.3791915077247
8.4,813.7387114731076
8.6,815.0720890475992
8.8,816.3797405978053
9.0,817.6620714781722
9.2,818.9194764277481
9.4,820.1523399573966
9.6,821.3610367266187
9.8,822.545931909236
10.0,823.7073815472938
10.2,824.8457328926386
10.4,825.9613247357242
10.6,827.0544877212916
10.8,828.1255446506556
11.0,829.1748107704201
11.2,830.2025940475188
11.4,831.2091954305585
11.6,832.1949090975069
11.8,833.1600226898389
12.0,834.1048175333078
12.2,835.0295688455685
12.4,835.9345459309246
12.6,836.8200123625169
12.8,837.6862261523099
13.0,838.5334399092656
13.2,839.3619009861197
13.4,840.1718516152054
13.6,840.9635290337801
13.8,841.7371655993338
14.0,842.4929888953592
14.2,843.2312218280796
14.4,843.9520827146239
14.6,844.6557853631448
14.8,845.3425391453687
15.0,846.0125490620592
15.2,846.6660158018699
15.4,847.303135794048
15.6,847.924101255438
15.8,848.5291002322216
16.0,849.1183166368094
16.2,849.6919302802883
16.4,850.2501169008048
16.6,850.7930481882488
16.8,851.3208918055808
17.0,851.833811407128
17.2,852.331966654152
17.4,852.8155132279734
17.6,853.2846028409169
17.8,853.7393832453231
18.0,854.1799982408536
18.2,854.6065876802955
18.4,855.019287474059
18.6,855.4182295935386
18.8,855.8035420734975
19.0,856.175349013616
19.2,856.5337705793323
19.4,856.8789230020886
19.6,857.2109185790861
19.8,857.529865672635
20.0,857.8358687091825
20.2,858.1290281780821
20.4,858.4094406301692
20.6,858.6771986761895
20.8,858.9323909851254
21.0,859.1751022824576
21.2,859.4054133483922
21.4,859.623401016077
21.6,859.8291381698292
21.8,860.0226937433899
22.0,860.2041327182184
22.2,860.3735161218353
22.4,860.5309010262224
22.6,860.6763405462823
22.8,860.8098838383635
23.0,860.9315760988503
23.2,861.0414585628191
23.4,861.13956850276
23.6,861.2259392273645
23.8,861.3006000803761
24.0,861.3635764395032
24.2,861.4148897153947
24.4,861.4545573506737
24.6,861.4825928190315
24.8,861.499005624381
25.0,861.5038013000681
25.2,861.4969814081422
25.4,861.4785435386891
25.6,861.4484813092245
25.8,861.406784364153
26.0,861.353438374297
26.2,861.288425036493
26.4,861.2117220732688
26.6,861.1233032325972
26.8,861.0231382877377
27.0,860.9111930371689
27.2,860.7874293046187
27.4,860.651804939196
27.6,860.504273815633
27.8,860.34478583464
28.0,860.1732869233805
28.2,859.9897190360707
28.4,859.7940201547044
28.6,859.586124289908
28.8,859.3659614819248
29.0,859.1334578017265
29.2,858.888535352249
29.4,858.6311122697427
29.6,858.3611027252307
29.8,858.0784169260561
30.0,857.782961117501
30.2,857.4746375844525
30.4,857.153344653085
30.6,856.8189766925206
30.8,856.4714241164235
31.0,856.110573384475
31.2,855.7363070036669
31.4,855.3485035293403
31.6,854.9470375658881
31.8,854.5317797670241
32.0,854.1025968355137
32.2,853.6593515222423
32.4,853.2019026244872
32.6,852.7301049832411
32.8,852.2438094794214
33.0,851.7428630287787
33.2,851.2271085753042
33.4,850.6963850829136
33.6,850.1505275251702
33.8,849.589366872786
34.0,849.0127300786231
34.2,848.4204400598961
34.4,847.8123156772541
34.6,847.1881717104059
34.8,846.5478188299263
35.0,845.8910635648662
35.2,845.2177082657666
35.4,844.5275510626633
35.6,843.8203858176465
35.8,843.0960020715304
36.0,842.3541849841678
36.2,841.5947152679372
36.4,840.817369113919
36.6,840.0219181102676
36.8,839.2081291522862
37.0,838.3757643437052
37.2,837.5245808886683
37.4,836.6543309739391
37.6,835.7647616408423
37.8,834.855614646477
38.0,833.9266263137474
38.2,832.9775273697882
38.4,832.0080427723781
38.6,831.0178915239792
38.8,830.0067864730657
39.0,828.9744341024565
39.2,827.9205343044069
39.4,826.8447801422762
39.6,825.7468575986347
39.8,824.6264453097493
40.0,823.4832142864477
40.2,822.3168276214373
40.4,821.1269401832352
40.6,819.9131982969473
40.8,818.6752394122194
41.0,817.4126917587835
41.2,816.1251739901052
41.4,814.8122948157462
41.6,813.4736526231516
41.8,812.1088350896728
42.0,810.7174187857472
42.2,809.2989687702494
42.4,807.8530381791447
42.6,806.3791678086684
42.8,804.8768856943653
43.0,803.3457066874159
43.2,801.785132029777
43.4,800.194648929752
43.6,798.5737301397016
43.8,796.9218335376735
44.0,795.2384017148204
44.2,793.5228615705312
44.4,791.7746239172639
44.6,789.993083097122
44.8,788.1776166122519
45.0,786.3275847711705
45.2,784.4423303531566
45.4,782.5211782928399
45.6,780.5634353871224
45.8,778.5683900265506
46.0,776.5353119532243
46.2,774.4634520472899
46.4,772.352042144006
46.6,770.2002948833061
46.8,768.0074035936971
47.0,765.7725422122381
47.2,763.4948652422415
47.4,761.1735077502103
47.6,758.8075854034031
47.8,756.3961945492675
48.0,753.9384123378344
48.2,751.4332968879983
48.4,748.8798874984391
48.6,746.2772049037591
48.8,743.6242515762191
49.0,740.920012073265
49.2,738.16345343084
49.4,735.3535256022698
49.6,732.489161942305
49.8,729.5692797357029
50.0,726.5927807695161
