0.0,762.3523926066727
0.2,764.6703685728436
0.4,766.9431837901899
0.6,769.1728246679569
0.8,771.3610047068403
1.0,773.5091904621693
1.2,775.6186360374645
1.4,777.6904211858387
1.6,779.7254885771464
1.8,781.7246769588913
2.0,783.6887483838817
2.2,785.6184090158581
2.4,787.5143240102286
2.6,789.3771275200502
2.8,791.2074290485667
3.0,793.0058172791273
3.2,794.7728622908104
3.4,796.5091168150526
3.6,798.2151169654412
3.8,799.89138270381
4.0,801.5384181913665
4.2,803.1567121029542
4.4,804.7467379423224
4.6,806.3089543749536
4.8,807.8438055844172
5.0,809.3517216532827
5.2,810.833118967433
5.4,812.2884006417063
5.6,813.7179569644218
5.8,815.1221658582077
6.0,816.5013933545107
6.2,817.8559940791654
6.4,819.1863117464396
6.6,820.4926796590096
6.8,821.7754212113836
7.0,823.0348503943698
7.2,824.2712722982637
7.4,825.4849836125302
7.6,826.6762731198611
7.8,827.8454221826039
8.0,828.9927052196779
8.2,830.1183901722244
8.4,831.2227389563687
8.6,832.306007901612
8.8,833.36844817351
9.0,834.4103061794397
9.2,835.4318239563944
9.4,836.4332395398988
9.6,837.4147873132674
9.8,838.3766983365806
10.0,839.3192006548782
10.2,840.2425195852154
10.4,841.1468779823456
10.6,842.0324964829224
10.8,842.8995937282322
11.0,843.7483865655778
11.2,844.5790902285394
11.4,845.3919184964396
11.6,846.1870838334268
11.8,846.9647975076749
12.0,847.7252696912777
12.2,848.4687095414747
12.4,849.195325263915
12.6,849.9053241587108
12.8,850.5989126500796
13.0,851.2762963004121
13.2,851.9376798096299
13.4,852.5832670007196
13.6,853.2132607923511
13.8,853.8278631594894
14.0,854.427275082917
14.2,855.0116964885841
14.4,855.5813261776872
14.6,856.1363617483753
14.8,856.6769995099568
15.0,857.2034343904625
15.2,857.7158598383958
15.4,858.2144677194723
15.6,858.6994482091185
15.8,859.1709896814692
16.0,859.6292785955659
16.2,860.0744993794217
16.4,860.5068343125798
16.6,860.9264634077575
16.8,861.3335642921212
17.0,861.7283120887064
17.2,862.1108792984502
17.4,862.4814356832694
17.6,862.840148150576
17.8,863.1871806395865
18.0,863.522694009741
18.2,863.8468459315194
18.4,864.1597907798974
18.6,864.461679530665
18.8,864.7526596597864
19.0,865.032875045962
19.2,865.3024658765175
19.4,865.5615685567233
19.6,865.8103156226213
19.8,866.0488356574174
20.0,866.277253211471
20.2,866.4956887259035
20.4,866.7042584598216
20.6,866.9030744211426
20.8,867.0922443009948
21.0,867.2718714116507
21.2,867.4420546279458
21.4,867.6028883321235
21.6,867.7544623620425
21.8,867.8968619626766
22.0,868.0301677408295
22.2,868.1544556229912
22.4,868.2697968162553
22.6,868.3762577722148
22.8,868.4739001537632
23.0,868.562780804716
23.2,868.6429517221815
23.4,868.7144600316076
23.6,868.7773479644337
23.8,868.8316528382846
24.0,868.8774070396472
24.2,868.914638008975
24.4,868.943368228172
24.6,868.9636152104157
24.8,868.9753914922832
25.0,868.9787046281509
25.2,868.9735571868497
25.4,868.9599467505581
25.6,868.9378659159295
25.8,868.9073022974536
26.0,868.8682385330599
26.2,868.8206522919786
26.4,868.7645162848812
26.6,868.6997982763312
26.8,868.6264610995802
27.0,868.544462673751
27.2,868.4537560234577
27.4,868.3542893009151
27.6,868.2460058105964
27.8,868.1288440365036
28.0,868.0027376721147
28.2,867.8676156530811
28.4,867.7234021927433
28.6,867.570016820543
28.8,867.4073744234004
29.0,867.2353852901344
29.2,867.0539551589952
29.4,866.8629852683766
29.6,866.6623724107764
29.8,866.4520089900602
30.0,866.2317830820845
30.2,866.0015784987185
30.4,865.7612748553039
30.6,865.5107476415718
30.8,865.2498682960278
31.0,864.9785042837992
31.2,864.6965191779243
31.4,864.4037727440411
31.6,864.1001210284181
31.8,863.7854164492417
32.0,863.4595078910575
32.2,863.1222408022317
32.4,862.7734572952745
32.6,862.4129962498384
32.8,862.0406934181706
33.0,861.6563815327706
33.2,861.2598904159698
33.4,860.8510470911084
33.6,860.42967589496
33.8,859.9955985910082
34.0,859.5486344831423
34.2,859.0886005293088
34.4,858.6153114546033
34.6,858.128579863262
34.8,857.6282163489632
35.0,857.114029602816
35.2,856.5858265183758
35.4,856.0434122929887
35.6,855.4865905247331
35.8,854.915163304195
36.0,854.328931300283
36.2,853.7276938392611
36.4,853.111248976154
36.6,852.4793935576606
36.8,851.8319232756919
37.0,851.168632710641
37.2,850.4893153634838
37.4,849.7937636758085
37.6,849.0817690368759
37.8,848.3531217768237
38.0,847.6076111451418
38.2,846.8450252735735
38.4,846.0651511226229
38.6,845.2677744108929
38.8,844.4526795265162
39.0,843.6196494199988
39.2,842.7684654778581
39.4,841.8989073764993
39.6,841.010752915859
39.8,840.1037778324182
40.0,839.1777555912861
40.2,838.2324571571542
40.4,837.2676507440199
40.6,836.2831015436955
40.8,835.2785714332379
41.0,834.2538186615534
41.2,833.2085975155652
41.4,832.1426579664621
41.6,831.0557452966857
41.8,829.9475997084498
42.0,828.8179559147351
42.2,827.6665427138322
42.4,826.4930825486654
42.6,825.2972910522558
42.8,824.0788765808335
43.0,822.8375397362419
43.2,821.572972879407
43.4,820.2848596367791
43.6,818.9728744017672
43.8,817.6366818333076
44.0,816.2759363538079
44.2,814.8902816488044
44.4,813.4793501707575
44.6,812.0427626494785
44.8,810.5801276117446
45.0,809.0910409127016
45.2,807.5750852816828
45.4,806.0318298850772
45.6,804.4608299088377
45.8,802.8616261630915
46.0,801.2337447109602
46.2,799.5766965228281
46.4,797.8899771552339
46.6,796.1730664488948
46.8,794.4254282303987
47.0,792.6465099819891
47.2,790.8357424059445
47.4,788.992538743477
47.6,787.1162936002289
47.8,785.2063808711227
48.0,783.2621501469873
48.2,781.2829207468521
48.4,779.2679723100282
48.6,777.2165307966843
48.8,775.1277489067849
49.0,773.000680448201
49.2,770.8342491137344
49.4,768.6272133877251
49.6,766.3781306645201
49.8,764.08532476373
50.0,761.7468614800554
