0.0,778.0443202988957
0.2,780.418849804963
0.4,782.7438360498872
0.6,785.0202729750699
0.8,787.2491360249834
1.0,789.4313813770327
1.2,791.5679452869327
1.4,793.6597435513781
1.6,795.7076710884674
1.8,797.7126016350508
2.0,799.6753875589357
2.2,801.5968597827027
2.4,803.4778278148005
2.6,805.3190798825906
2.8,807.121383161139
3.0,808.8854840907902
3.2,810.6121087759317
3.4,812.3019634568637
3.6,813.9557350463288
3.8,815.5740917220305
4.0,817.1576835663809
4.2,818.7071432447389
4.4,820.2230867135604
4.6,821.7061139501277
4.8,823.1568096958797
5.0,824.5757442058011
5.2,825.9634739968293
5.4,827.3205425888034
5.6,828.6474812320848
5.8,829.9448096166125
6.0,831.21303655781
6.2,832.4526606554213
6.4,833.6641709219996
6.6,834.848047378416
6.8,836.0047616143594
7.0,837.1347773123825
7.2,838.238550734588
7.4,839.3165311715433
7.6,840.3691613534698
7.8,841.3968778241457
8.0,842.4001112783185
8.2,843.3792868637239
8.4,844.3348244490597
8.6,845.2671388594694
8.8,846.1766400812496
9.0,847.0637334376166
9.2,847.9288197374453
9.4,848.7722953989406
9.6,849.5945525502179
9.8,850.3959791087519
10.0,851.1769588416247
10.2,851.9378714084442
10.4,852.6790923887337
10.6,853.4009932955169
10.8,854.1039415767195
11.0,854.7883006059217
11.2,855.4544296638833
11.4,856.1026839121665
11.6,856.73341436007
11.8,857.3469678259909
12.0,857.943686894226
12.2,858.5239098681303
12.4,859.0879707204612
12.6,859.6361990416405
12.8,860.1689199865995
13.0,860.6864542207848
13.2,861.1891178658385
13.4,861.6772224454036
13.6,862.1510748314413
13.8,862.610977191402
14.0,863.0572269365348
14.2,863.4901166715847
14.4,863.9099341460837
14.6,864.3169622074078
14.8,864.7114787557402
15.0,865.0937567010575
15.2,865.4640639222222
15.4,865.822663228254
15.6,866.169812321822
15.8,866.5057637649924
16.0,866.8307649472415
16.2,867.1450580557376
16.4,867.4488800478799
16.6,867.7424626260712
16.8,868.0260322146931
17.0,868.2998099392428
17.2,868.5640116075823
17.4,868.8188476932478
17.6,869.0645233207532
17.8,869.3012382528269
18.0,869.5291868795051
18.2,869.7485582090096
18.4,869.9595358603291
18.6,870.1622980574234
18.8,870.3570176249623
19.0,870.5438619855142
19.2,870.7229931580946
19.4,870.8945677579827
19.6,871.0587369977151
19.8,871.2156466891627
20.0,871.3654372466003
20.2,871.5082436906715
20.4,871.6441956531606
20.6,871.7734173824748
20.8,871.8960277497501
21.0,872.0121402554865
21.2,872.1218630366258
21.4,872.225298873985
21.6,872.3225451999617
21.8,872.4136941064259
22.0,872.4988323527213
22.2,872.578041373699
22.4,872.6513972877076
22.6,872.7189709044709
22.8,872.7808277327858
23.0,872.8370279879772
23.2,872.8876265990485
23.4,872.9326732154761
23.6,872.9722122135927
23.8,873.0062827025155
24.0,873.0349185295755
24.2,873.0581482852114
24.4,873.0759953072932
24.6,873.0884776848509
24.8,873.0956082611814
25.0,873.0973946363181
25.2,873.0938391688493
25.4,873.0849389770772
25.6,873.0706859395148
25.8,873.0510666947222
26.0,873.0260626404915
26.2,872.9956499323906
26.4,872.9597994816833
26.6,872.91847695265
26.8,872.8716427593342
27.0,872.819252061748
27.2,872.7612547615729
27.4,872.6975954973977
27.6,872.628213639539
27.8,872.5530432844954
28.0,872.4720132490886
28.2,872.3850470643514
28.4,872.2920629692248
28.6,872.1929739041285
28.8,872.0876875044775
29.0,871.9761060942149
29.2,871.8581266794384
29.4,871.7336409421996
29.6,871.6025352345557
29.8,871.4646905729584
30.0,871.319982633066
30.2,871.1682817450653
30.4,871.0094528895929
30.6,870.8433556943459
30.8,870.6698444314719
31.0,870.4887680158333
31.2,870.299970004232
31.4,870.1032885956924
31.6,869.8985566328904
31.8,869.6856016048193
32.0,869.4642456507834
32.2,869.2343055658056
32.4,868.9955928075373
32.6,868.7479135047498
32.8,868.4910684674948
33.0,868.2248531990037
33.2,867.9490579094072
33.4,867.6634675313386
33.6,867.3678617374895
33.8,867.0620149601752
34.0,866.7456964129632
34.2,866.4186701144105
34.4,866.0806949139486
34.6,865.7315245199441
34.8,865.370907529955
35.0,864.9985874631903
35.2,864.6143027951678
35.4,864.217786994551
35.6,863.8087685621321
35.8,863.3869710719026
36.0,862.9521132141435
36.2,862.5039088404336
36.4,862.0420670104555
36.6,861.5662920404445
36.8,861.0762835530977
37.0,860.5717365287177
37.2,860.0523413573303
37.4,859.5177838914641
37.6,858.9677454992326
37.8,858.4019031173002
38.0,857.819929303254
38.2,857.2214922868303
38.4,856.6062560193777
38.6,855.9738802208499
38.8,855.324020423539
39.0,854.6563280116701
39.2,853.970450255871
39.4,853.2660303414375
39.6,852.5427073892013
39.8,851.8001164676984
40.0,851.0378885952258
40.2,850.255650730259
40.4,849.453025748598
40.6,848.629632405496
40.8,847.7850852809363
41.0,846.9189947061259
41.2,846.0309666692041
41.4,845.1206026981051
41.6,844.1874997184775
41.8,843.231249884549
42.0,842.2514403808437
42.2,841.2476531927107
42.4,840.2194648437079
42.6,839.166446098016
42.8,838.0881616262316
43.0,836.984169633111
43.2,835.8540214461109
43.4,834.6972610638976
43.6,833.513424664376
43.8,832.3020400722272
44.0,831.062626186427
44.2,829.7946923687565
44.4,828.4977377949006
44.6,827.1712507703521
44.8,825.8147080140067
45.0,824.4275739130089
45.2,823.0092997531261
45.4,821.5593229296258
45.6,820.0770661443456
45.8,818.5619365953237
46.0,817.0133251660126
46.2,815.4306056217073
46.4,813.8131338213576
46.6,812.1602469534072
46.8,810.4712628046755
47.0,808.7454790715719
47.2,806.9821727230928
47.4,805.1805994250773
47.6,803.3399930350992
47.8,801.4595651771225
48.0,799.5385049046614
48.2,797.5759784606428
48.4,795.5711291414942
48.6,793.5230772721538
48.8,791.4309202977471
49.0,789.2937329966013
49.2,787.1105678180866
49.4,784.8804553475015
49.6,782.6024048988752
49.8,780.2754052351643
50.0,777.8984254139012
