0.0,854.6194888673052
0.2,855.2831583735862
0.4,855.9317556391936
0.6,856.5654888444835
0.8,857.184566146244
1.0,857.7891956481084
1.2,858.3795853695094
1.4,858.9559432131648
1.6,859.5184769310877
1.8,860.0673940891267
2.0,860.6029020300424
2.2,861.1252078351355
2.4,861.6345182844493
2.6,862.1310398155728
2.8,862.6149784810791
3.0,863.0865399046405
3.2,863.5459292358631
3.4,863.9933511038955
3.6,864.4290095698672
3.8,864.8531080782205
4.0,865.2658494070018
4.2,865.667435617185
4.4,866.0580680011049
4.6,866.4379470300804
4.8,866.8072723013128
5.0,867.1662424841475
5.2,867.51505526579
5.4,867.8539072965733
5.6,868.1829941348703
5.8,868.502510191753
6.0,868.8126486754979
6.2,869.113601536043
6.4,869.4055594094954
6.6,869.6887115627976
6.8,869.9632458386561
7.0,870.2293486008364
7.2,870.4872046799275
7.4,870.7369973196829
7.6,870.9789081240358
7.8,871.2131170048931
8.0,871.4398021308044
8.2,871.6591398766053
8.4,871.8713047741269
8.6,872.076469464065
8.8,872.2748046490974
9.0,872.4664790483332
9.2,872.651659353177
9.4,872.8305101846868
9.6,873.0031940524959
9.8,873.1698713153723
10.0,873.3307001434788
10.2,873.4858364823931
10.4,873.6354340189471
10.6,873.779644148931
10.8,873.9186159467131
11.0,874.0524961368121
11.2,874.1814290674587
11.4,874.3055566861761
11.6,874.4250185174052
11.8,874.5399516421911
12.0,874.6504906799485
12.2,874.7567677723109
12.4,874.8589125690708
12.6,874.9570522162041
12.8,875.0513113459776
13.0,875.1418120691209
13.2,875.2286739690501
13.4,875.3120140981196
13.6,875.3919469758737
13.8,875.4685845892683
14.0,875.5420363948249
14.2,875.6124093226776
14.4,875.6798077824674
14.6,875.7443336710347
14.8,875.80608638186
15.0,875.8651628161922
15.2,875.9216573958087
15.4,875.9756620773428
15.6,876.0272663681133
15.8,876.0765573433849
16.0,876.123619664994
16.2,876.1685356012579
16.4,876.2113850481009
16.6,876.2522455513122
16.8,876.29119232986
17.0,876.3282983001807
17.2,876.3636341013595
17.4,876.3972681211218
17.6,876.4292665225494
17.8,876.4596932714379
18.0,876.4886101642113
18.2,876.5160768563062
18.4,876.5421508909441
18.6,876.5668877282042
18.8,876.5903407743134
19.0,876.6125614110704
19.2,876.6335990253195
19.4,876.6535010383923
19.6,876.6723129354378
19.8,876.6900782945594
20.0,876.7068388156805
20.2,876.7226343490651
20.4,876.7375029234122
20.6,876.7514807734583
20.8,876.7646023670098
21.0,876.7769004313417
21.2,876.7884059788905
21.4,876.7991483321828
21.6,876.809155147929
21.8,876.8184524402316
22.0,876.8270646028425
22.2,876.8350144304197
22.4,876.8423231387306
22.6,876.84901038375
22.8,876.8550942796102
23.0,876.8605914153576
23.2,876.8655168704752
23.4,876.8698842291354
23.6,876.8737055931454
23.8,876.8769915935577
24.0,876.8797514009142
24.2,876.8819927341013
24.4,876.8837218677912
24.6,876.8849436384544
24.8,876.8856614489248
25.0,876.8858772715064
25.2,876.8855916496121
25.4,876.8848036979301
25.6,876.8835111011133
25.8,876.8817101109945
26.0,876.8793955423301
26.2,876.8765607670805
26.4,876.8731977072359
26.6,876.869296826205
26.8,876.8648471187788
27.0,876.8598360996939
27.2,876.8542497908164
27.4,876.8480727069737
27.6,876.8412878404637
27.8,876.8338766442743
28.0,876.8258190140502
28.2,876.8170932688435
28.4,876.8076761306921
28.6,876.7975427030715
28.8,876.7866664482638
29.0,876.7750191636995
29.2,876.762570957322
29.4,876.749290222032
29.6,876.7351436092702
29.8,876.7200960018006
30.0,876.7041104857561
30.2,876.6871483220132
30.4,876.6691689169651
30.6,876.6501297927617
30.8,876.6299865570907
31.0,876.6086928725715
31.2,876.5862004258422
31.4,876.5624588964127
31.6,876.5374159253657
31.8,876.5110170839865
32.0,876.4832058424018
32.2,876.4539235383116
32.4,876.4231093458964
32.6,876.3907002449865
32.8,876.3566309905756
33.0,876.3208340827646
33.2,876.283239737224
33.4,876.2437758562542
33.6,876.2023680005337
33.8,876.1589393616396
34.0,876.1134107354197
34.2,876.0657004963049
34.4,876.0157245726394
34.6,875.9633964231128
34.8,875.9086270143688
35.0,875.8513247998721
35.2,875.7913957001068
35.4,875.7287430841772
35.6,875.663267752886
35.8,875.5948679233544
36.0,875.52343921525
36.2,875.4488746386851
36.4,875.3710645838433
36.6,875.2898968123905
36.8,875.2052564507208
37.0,875.1170259850853
37.2,875.0250852586483
37.4,874.929311470509
37.6,874.8295791767235
37.8,874.7257602933606
38.0,874.6177241016125
38.2,874.5053372549852
38.4,874.388463788584
38.6,874.2669651305027
38.8,874.1407001153268
39.0,874.0095249997477
39.2,873.8732934802863
39.4,873.7318567131149
39.6,873.5850633359631
39.8,873.4327594920877
40.0,873.2747888562814
40.2,873.1109926628893
40.4,872.941209735799
40.6,872.7652765203603
40.8,872.583027117193
41.0,872.3942933178294
41.2,872.1989046421363
41.4,871.9966883774582
41.6,871.787469619415
41.8,871.5710713142877
42.0,871.3473143029181
42.2,871.1160173660468
42.4,870.8769972710074
42.6,870.6300688196974
42.8,870.3750448977343
43.0,870.1117365247114
43.2,869.8399529054604
43.4,869.559501482225
43.6,869.2701879876515
43.8,868.9718164984993
44.0,868.6641894899698
44.2,868.3471078905576
44.4,868.020371137321
44.6,867.683777231473
44.8,867.3371227941917
45.0,866.9802031225532
45.2,866.6128122454836
45.4,866.2347429796374
45.6,865.8457869851037
45.8,865.4457348208475
46.0,865.0343759997949
46.2,864.6114990434725
46.4,864.176891536117
46.6,863.7303401781702
46.8,863.2716308390828
47.0,862.8005486093525
47.2,862.3168778517227
47.4,861.8204022514805
47.6,861.3109048657894
47.8,860.7881681720025
48.0,860.2519741149026
48.2,859.7021041528279
48.4,859.1383393026401
48.6,858.5604601835026
48.8,857.9682470594395
49.0,857.3614798806547
49.2,856.7399383235938
49.4,856.1034018297404
49.6,855.4516496431418
49.8,854.7844608466684
50.0,854.1016143970146
