0.0,855.4191455391896
0.2,856.0718859100482
0.4,856.7095516948921
0.6,857.3323525120016
0.8,857.9404980409506
1.0,858.5341979940188
1.2,859.1136620857682
1.4,859.6791000007726
1.6,860.2307213594916
1.8,860.7687356822975
2.0,861.2933523516601
2.2,861.8047805725147
2.4,862.3032293308353
2.6,862.7889073504507
2.8,863.2620230481446
3.0,863.7227844870896
3.2,864.1713993286728
3.4,864.6080747827751
3.6,865.0330175565769
3.8,865.4464338019649
4.0,865.8485290616261
4.2,866.2395082139141
4.4,866.6195754165853
4.6,866.9889340495023
4.8,867.347786656409
5.0,867.6963348858848
5.2,868.034779431592
5.4,868.3633199719284
5.6,868.6821551092057
5.8,868.9914823084744
6.0,869.2914978361156
6.2,869.5823966983272
6.4,869.8643725796267
6.6,870.1376177814992
6.8,870.4023231613145
7.0,870.6586780716411
7.2,870.9068703000804
7.4,871.1470860097467
7.6,871.3795096805136
7.8,871.6043240511494
8.0,871.8217100624564
8.2,872.0318468015321
8.4,872.2349114472609
8.6,872.4310792171475
8.8,872.6205233155958
9.0,872.80341488373
9.2,872.9799229508582
9.4,873.1502143876654
9.6,873.314453861224
9.8,873.4728037919007
10.0,873.6254243122333
10.2,873.77247322785
10.4,873.9141059804899
10.6,874.0504756131847
10.8,874.1817327376509
11.0,874.3080255039378
11.2,874.4294995723683
11.4,874.5462980878061
11.6,874.6585616562732
11.8,874.7664283239363
12.0,874.870033558477
12.2,874.9695102328487
12.4,875.0649886114236
12.6,875.1565963385199
12.8,875.2444584293006
13.0,875.3286972630219
13.2,875.4094325786102
13.4,875.4867814725351
13.6,875.5608583989448
13.8,875.6317751720234
14.0,875.6996409705218
14.2,875.764562344415
14.4,875.8266432236275
14.6,875.8859849287674
14.8,875.9426861838076
15.0,875.9968431306426
15.2,876.0485493454506
15.4,876.0978958567862
15.6,876.1449711653241
15.8,876.1898612651745
16.0,876.232649666682
16.2,876.2734174206279
16.4,876.3122431437407
16.6,876.349203045429
16.8,876.3843709556432
17.0,876.417818353773
17.2,876.4496143984854
17.4,876.4798259584095
17.6,876.5085176435715
17.8,876.5357518374838
18.0,876.5615887297919
18.2,876.5860863493843
18.4,876.6093005978672
18.6,876.6312852833115
18.8,876.6520921541763
19.0,876.6717709333165
19.2,876.6903693519797
19.4,876.7079331837066
19.6,876.7245062780394
19.8,876.7401305939554
20.0,876.754846232938
20.2,876.7686914715998
20.4,876.7817027937792
20.6,876.7939149220285
20.8,876.8053608484164
21.0,876.816071864572
21.2,876.8260775908954
21.4,876.8354060048675
21.6,876.8440834683917
21.8,876.8521347541014
22.0,876.8595830705763
22.2,876.8664500864048
22.4,876.8727559530413
22.6,876.8785193264022
22.8,876.8837573871559
23.0,876.8884858596575
23.2,876.8927190294875
23.4,876.8964697595544
23.6,876.8997495047248
23.8,876.9025683249484
24.0,876.904934896849
24.2,876.9068565237535
24.4,876.9083391441377
24.6,876.9093873384679
24.8,876.9100043344248
25.0,876.9101920104926
25.2,876.9099508979075
25.4,876.9092801809587
25.6,876.9081776956372
25.8,876.9066399266364
26.0,876.9046620027077
26.2,876.902237690375
26.4,876.8993593860259
26.6,876.8960181063878
26.8,876.8922034774093
27.0,876.8879037215685
27.2,876.8831056436309
27.4,876.8777946148865
27.6,876.8719545558959
27.8,876.8655679177797
28.0,876.8586156620911
28.2,876.8510772393098
28.4,876.8429305660028
28.6,876.8341520007
28.8,876.824716318534
29.0,876.8145966846986
29.2,876.8037646267819
29.4,876.7921900060348
29.6,876.7798409876364
29.8,876.766684010022
30.0,876.7526837533434
30.2,876.7378031071302
30.4,876.7220031372271
30.6,876.7052430520839
30.8,876.6874801684751
31.0,876.6686698767305
31.2,876.6487656055618
31.4,876.6277187865669
31.6,876.6054788185014
31.8,876.5819930314054
32.0,876.5572066506753
32.2,876.5310627611736
32.4,876.5035022714685
32.6,876.4744638782984
32.8,876.443884031356
33.0,876.4116968984874
33.2,876.377834331403
33.4,876.3422258319958
33.6,876.3047985193642
33.8,876.2654770976361
34.0,876.2241838246887
34.2,876.1808384818606
34.4,876.1353583447489
34.6,876.0876581551859
34.8,876.0376500944865
35.0,875.9852437580549
35.2,875.9303461314415
35.4,875.8728615679316
35.6,875.8126917677528
35.8,875.7497357589795
36.0,875.6838898802125
36.2,875.6150477651082
36.4,875.5431003288254
36.6,875.4679357564609
36.8,875.3894394935326
37.0,875.3074942385706
37.2,875.2219799378687
37.4,875.1327737824473
37.6,875.0397502072695
37.8,874.9427808927519
38.0,874.8417347686005
38.2,874.7364780200044
38.4,874.6268740962033
38.6,874.5127837214528
38.8,874.3940649083916
39.0,874.2705729738186
39.2,874.1421605568786
39.4,874.0086776396453
39.6,873.8699715700925
39.8,873.7258870874284
40.0,873.5762663497696
40.2,873.4209489641199
40.4,873.2597720186152
40.6,873.0925701169895
40.8,872.91917541521
41.0,872.7394176602235
41.2,872.5531242307517
41.4,872.3601201800652
41.6,872.1602282806627
41.8,871.9532690707741
42.0,871.7390609026047
42.2,871.5174199922283
42.4,871.2881604710369
42.6,871.0510944386465
42.8,870.8060320171585
43.0,870.5527814066688
43.2,870.2911489419166
43.4,870.0209391499586
43.6,869.7419548087562
43.8,869.4539970065573
44.0,869.1568652019536
44.2,868.8503572844945
44.4,868.5342696357372
44.6,868.2083971906087
44.8,867.8725334989635
45.0,867.5264707872117
45.2,867.1700000198991
45.4,866.8029109611231
45.6,866.4249922356638
45.8,866.0360313897194
46.0,865.6358149511319
46.2,865.2241284889966
46.4,864.8007566725481
46.6,864.3654833292246
46.8,863.9180915018114
47.0,863.4583635045733
47.2,862.986080978289
47.4,862.5010249441054
47.6,862.0029758561383
47.8,861.4917136527473
48.0,860.9670178064263
48.2,860.428667372248
48.4,859.8764410348188
48.6,859.3101171536965
48.8,858.7294738072411
49.0,858.1342888348659
49.2,857.5243398776737
49.4,856.8994044174633
49.6,856.2592598141013
49.8,855.6036833412645
50.0,854.9324522205608
