0.0,877.0
0.2,877.0
0.4,877.0
0.6,877.0
0.8,877.0
1.0,877.0
1.2,877.0
1.4,877.0
1.6,877.0
1.8,877.0
2.0,877.0
2.2,877.0
2.4,877.0
2.6,877.0
2.8,877.0
3.0,877.0
3.2,877.0
3.4,877.0
3.6,877.0
3.8,877.0
4.0,877.0
4.2,877.0
4.4,877.0
4.6,877.0
4.8,877.0
5.0,877.0
5.2,877.0
5.4,877.0
5.6,877.0
5.8,877.0
6.0,877.0
6.2,877.0
6.4,877.0
6.6,877.0
6.8,877.0
7.0,877.0
7.2,877.0
7.4,877.0
7.6,877.0
7.8,877.0
8.0,877.0
8.2,877.0
8.4,877.0
8.6,877.0
8.8,877.0
9.0,877.0
9.2,877.0
9.4,877.0
9.6,877.0
9.8,877.0
10.0,877.0
10.2,877.0
10.4,877.0
10.6,877.0
10.8,877.0
11.0,877.0
11.2,877.0
11.4,877.0
11.6,877.0
11.8,877.0
12.0,877.0
12.2,877.0
12.4,877.0
12.6,877.0
12.8,877.0
13.0,877.0
13.2,877.0
13.4,877.0
13.6,877.0
13.8,877.0
14.0,877.0
14.2,877.0
14.4,877.0
14.6,877.0
14.8,877.0
15.0,877.0
15.2,877.0
15.4,877.0
15.6,877.0
15.8,877.0
16.0,877.0
16.2,877.0
16.4,877.0
16.6,877.0
16.8,877.0
17.0,877.0
17.2,877.0
17.4,877.0
17.6,877.0
17.8,877.0
18.0,877.0
18.2,877.0
18.4,877.0
18.6,877.0
18.8,877.0
19.0,877.0
19.2,877.0
19.4,877.0
19.6,877.0
19.8,877.0
20.0,877.0
20.2,877.0
20.4,877.0
20.6,877.0
20.8,877.0
21.0,877.0
21.2,877.0
21.4,877.0
21.6,877.0
21.8,877.0
22.0,877.0
22.2,877.0
22.4,877.0
22.6,877.0
22.8,877.0
23.0,877.0
23.2,877.0
23.4,877.0
23.6,877.0
23.8,877.0
24.0,877.0
24.2,877.0
24.4,877.0
24.6,877.0
24.8,877.0
25.0,877.0
25.2,877.0
25.4,877.0
25.6,877.0
25.8,877.0
26.0,877.0
26.2,877.0
26.4,877.0
26.6,877.0
26.8,877.0
27.0,877.0
27.2,877.0
27.4,877.0
27.6,877.0
27.8,877.0
28.0,877.0
28.2,877.0
28.4,877.0
28.6,877.0
28.8,877.0
29.0,877.0
29.2,877.0
29.4,877.0
29.6,877.0
29.8,877.0
30.0,877.0
30.2,877.0
30.4,877.0
30.6,877.0
30.8,877.0
31.0,877.0
31.2,877.0
31.4,877.0
31.6,877.0
31.8,877.0
32.0,877.0
32.2,877.0
32.4,877.0
32.6,877.0
32.8,877.0
33.0,877.0
33.2,877.0
33.4,877.0
33.6,877.0
33.8,877.0
34.0,877.0
34.2,877.0
34.4,877.0
34.6,877.0
34.8,877.0
35.0,877.0
35.2,877.0
35.4,877.0
35.6,877.0
35.8,877.0
36.0,877.0
36.2,877.0
36.4,877.0
36.6,877.0
36.8,877.0
37.0,877.0
37.2,877.0
37.4,877.0
37.6,877.0
37.8,877.0
38.0,877.0
38.2,877.0
38.4,877.0
38.6,877.0
38.8,877.0
39.0,877.0
39.2,877.0
39.4,877.0
39.6,877.0
39.8,877.0
40.0,877.0
40.2,877.0
40.4,877.0
40.6,877.0
40.8,877.0
41.0,877.0
41.2,877.0
41.4,877.0
41.6,877.0
41.8,877.0
42.0,877.0
42.2,877.0
42.4,877.0
42.6,877.0
42.8,877.0
43.0,877.0
43.2,877.0
43.4,877.0
43.6,877.0
43.8,877.0
44.0,877.0
44.2,877.0
44.4,877.0
44.6,877.0
44.8,877.0
45.0,877.0
45.2,877.0
45.4,877.0
45.6,877.0
45.8,877.0
46.0,877.0
46.2,877.0
46.4,877.0
46.6,877.0
46.8,877.0
47.0,877.0
47.2,877.0
47.4,877.0
47.6,877.0
47.8,877.0
48.0,877.0
48.2,877.0
48.4,877.0
48.6,877.0
48.8,877.0
49.0,877.0
49.2,877.0
49.4,877.0
49.6,877.0
49.8,877.0
50.0,877.0
