0.0,821.9693527152548
0.2,823.8561493788663
0.4,825.6951271647634
0.6,827.4863925672373
0.8,829.2300969230499
1.0,830.926438027887
1.2,832.5756614053718
1.4,834.1780612218679
1.6,835.7339808438034
1.8,837.2438130377437
2.0,838.7079998168854
2.2,840.1270319409746
2.4,841.5014480798666
2.6,842.8318336539612
2.8,844.1188193675634
3.0,845.363079453792
3.2,846.5653296519541
3.4,847.7263249403212
3.6,848.8468570489317
3.8,849.9277517784334
4.0,850.9698661520165
4.2,851.9740854282146
4.4,852.9413200027237
4.6,853.8725022274612
4.8,854.768583174824
5.0,855.6305293745662
5.2,856.4593195498749
5.4,857.2559413781456
5.6,858.0213883006346
5.8,858.7566564036383
6.0,859.4627413921495
6.2,860.1406356750871
6.4,860.7913255792279
6.6,861.4157887069115
6.8,862.0149914504791
7.0,862.5898866742655
7.2,863.1414115728234
7.4,863.6704857119479
7.6,864.1780092570089
7.8,864.6648613911121
8.0,865.131898923719
8.2,865.5799550885733
8.4,866.0098385281367
8.6,866.4223324602121
8.8,866.8181940210748
9.0,867.1981537782195
9.2,867.5629154047776
9.4,867.91315550677
9.6,868.2495235936263
9.8,868.5726421818312
10.0,868.8831070211284
10.2,869.1814874324413
10.4,869.4683267465235
10.6,869.7441428323415
10.8,870.0094287042925
11.0,870.2646531975751
11.2,870.5102617013289
11.4,870.7466769395514
11.6,870.9742997902529
11.8,871.1935101338319
12.0,871.4046677222137
12.2,871.6081130608916
12.4,871.8041682966414
12.6,871.9931381043132
12.8,872.175310566754
13.0,872.3509580425575
13.2,872.5203380169711
13.4,872.6836939319061
13.6,872.8412559915976
13.8,872.9932419410234
14.0,873.1398578147324
14.2,873.2812986542357
14.4,873.4177491925823
14.6,873.5493845051705
14.8,873.6763706262375
15.0,873.7988651308232
15.2,873.917017682316
15.4,874.0309705459675
15.6,874.1408590690011
15.8,874.2468121281431
16.0,874.3489525455792
16.2,874.4473974744756
16.4,874.5422587553209
16.6,874.6336432444234
16.8,874.7216531159631
17.0,874.8063861390358
17.2,874.887935931146
17.4,874.9663921896056
17.6,875.0418409022851
17.8,875.1143645391383
18.0,875.1840422258829
18.2,875.2509499011794
18.4,875.3151604585923
18.6,875.3767438745651
18.8,875.4357673235772
19.0,875.4922952815875
19.2,875.5463896187997
19.4,875.5981096827236
19.6,875.6475123724365
19.8,875.6946522048819
20.0,875.7395813739854
20.2,875.7823498032974
20.4,875.8230051928188
20.6,875.8615930606074
20.8,875.8981567797091
21.0,875.9327376109055
21.2,875.9653747317271
21.4,875.9961052621303
21.6,876.0249642872006
21.8,876.0519848772062
22.0,876.0771981052866
22.2,876.1006330630354
22.4,876.1223168742024
22.6,876.1422747067154
22.8,876.1605297831999
23.0,876.1771033901484
23.2,876.1920148858766
23.4,876.2052817073834
23.6,876.2169193762156
23.8,876.2269415034247
24.0,876.2353597936901
24.2,876.2421840486736
24.4,876.2474221696533
24.6,876.2510801594842
24.8,876.2531621239176
25.0,876.2536702723048
25.2,876.2526049177054
25.4,876.249964476411
25.6,876.2457454668887
25.8,876.2399425081409
26.0,876.2325483174741
26.2,876.2235537076592
26.4,876.212947583459
26.6,876.2007169374907
26.8,876.186846845385
27.0,876.1713204601892
27.2,876.154119005957
27.4,876.13522177045
27.6,876.1146060968723
27.8,876.092247374534
28.0,876.0681190283352
28.2,876.042192506937
28.4,876.0144372694699
28.6,875.9848207706098
28.8,875.9533084438242
29.0,875.9198636825706
29.2,875.884447819195
29.4,875.8470201012522
29.6,875.8075376649305
29.8,875.7659555052325
30.0,875.722226442514
30.2,875.6763010849512
30.4,875.6281277864491
30.6,875.5776525994625
30.8,875.5248192221419
31.0,875.4695689391663
31.2,875.4118405555615
31.4,875.3515703227465
31.6,875.2886918559833
31.8,875.2231360423453
32.0,875.1548309382497
32.2,875.0837016555374
32.4,875.009670235018
32.6,874.9326555063327
32.8,874.8525729329284
33.0,874.7693344408808
33.2,874.6828482302493
33.4,874.5930185676079
33.6,874.4997455583547
33.8,874.4029248973808
34.0,874.3024475966675
34.2,874.1981996883803
34.4,874.0900619020479
34.6,873.9779093144541
34.8,873.8616109709268
35.0,873.7410294767959
35.2,873.6160205578968
35.4,873.4864325891368
35.6,873.3521060903117
35.8,873.2128731885572
36.0,873.0685570470588
36.2,872.9189712599161
36.4,872.7639192133618
36.6,872.6031934138892
36.8,872.4365747842241
37.0,872.263831928497
37.2,872.0847203684391
37.4,871.8989817529164
37.6,871.7063430436464
37.8,871.5065156805052
38.0,871.2991947304139
38.2,871.0840580244048
38.4,870.8607652880933
38.6,870.6289572714096
38.8,870.3882548840871
39.0,870.138258344028
39.2,869.8785463462873
39.4,869.6086752610012
39.6,869.3281783691446
39.8,869.0365651455061
40.0,868.7333205987245
40.2,868.417904678605
40.4,868.0897517612404
40.6,867.7482702226587
40.8,867.3928421118302
41.0,867.0228229338451
41.2,866.6375415539362
41.4,866.2363002327465
41.6,865.8183748028204
41.8,865.3830149957345
42.0,864.9294449285567
42.2,864.4568637574462
42.4,863.9644465051696
42.6,863.4513450681116
42.8,862.9166894070155
43.0,862.3595889241925
43.2,861.7791340283117
43.4,861.1743978861267
43.6,860.5444383586304
43.8,859.8883001171699
44.0,859.2050169330263
44.2,858.493614131875
44.4,857.7531112024417
44.6,856.9825245465512
44.8,856.1808703556891
45.0,855.3471675971697
45.2,854.48044109106
45.4,853.5797246571893
45.6,852.6440643098923
45.8,851.672521476632
46.0,850.6641762153495
46.2,849.6181304043132
46.4,848.5335108774314
46.6,847.4094724774423
46.8,846.2452009991554
47.0,845.0399159949764
47.2,843.7928734153312
47.4,842.5033680573099
47.6,841.1707357958869
47.8,839.7943555734363
48.0,838.3736511249353
48.2,836.908092418238
48.4,835.3971967910635
48.6,833.8405297688885
48.8,832.2377055507039
49.0,830.5883871525816
49.2,828.8922862021564
49.4,827.1491623804253
49.6,825.3588225106591
49.8,823.521119297666
50.0,821.6359497241117
