0.0,764.4302621164682
0.2,766.6948930056489
0.4,768.9194891986444
0.6,771.1048496687224
0.8,773.2517568769334
1.0,775.3609762425386
1.2,777.4332556746849
1.4,779.4693251663813
1.6,781.4698964514726
1.8,783.4356627249595
2.0,785.3672984266658
2.2,787.2654590879054
2.4,789.1307812404663
2.6,790.963882386905
2.8,792.7653610308228
3.0,794.5357967654973
3.2,796.2757504189583
3.4,797.9857642533253
3.6,799.6663622159799
3.8,801.318050239917
4.0,802.941316590416
4.2,804.5366322549883
4.4,806.1044513734051
4.6,807.6452117044736
4.8,809.159335126121
5.0,810.6472281652713
5.2,812.1092825539317
5.4,813.5458758078848
5.6,814.9573718243668
5.8,816.3441214951333
6.0,817.7064633313533
6.2,819.0447240968292
6.4,820.3592194461281
6.6,821.650254564307
6.8,822.9181248050353
7.0,824.1631163240535
7.2,825.3855067050584
7.4,826.5855655752672
7.6,827.7635552080874
7.8,828.9197311105077
8.0,830.054342593013
8.2,831.167633320028
8.4,832.2598418390943
8.6,833.3312020871938
8.8,834.3819438728359
9.0,835.4122933327308
9.2,836.422473362078
9.4,837.4127040176934
9.6,838.3832028933982
9.8,839.33418546728
10.0,840.2658654206158
10.2,841.1784549284233
10.4,842.0721649217683
10.6,842.9472053221103
10.8,843.8037852481156
11.0,844.6421131954933
11.2,845.4623971905381
11.4,846.2648449181688
11.6,847.049663825351
11.8,847.8170612008787
12.0,848.5672442325637
12.2,849.3004200429442
12.4,850.0167957046773
12.6,850.7165782368166
12.8,851.3999745832118
13.0,852.0671915742815
13.2,852.718435873424
13.4,853.3539139093314
13.6,853.9738317954623
13.8,854.5783952379206
14.0,855.167809432955
14.2,855.7422789552744
14.4,856.3020076383369
14.6,856.8471984477285
14.8,857.3780533487063
15.0,857.894773168932
15.2,858.3975574573734
15.4,858.8866043402919
15.6,859.3621103751872
15.8,859.8242704035076
16.0,860.2732774028805
16.2,860.7093223395563
16.4,861.132594021708
16.6,861.5432789541647
16.8,861.9415611951065
17.0,862.3276222151899
17.2,862.7016407595256
17.4,863.0637927128716
17.6,863.4142509683626
17.8,863.7531853000461
18.0,864.0807622394536
18.2,864.3971449563894
18.4,864.7024931440885
18.6,864.9969629088489
18.8,865.2807066642181
19.0,865.5538730297782
19.2,865.8166067345472
19.4,866.0690485249897
19.6,866.311335077604
19.8,866.5435989160371
20.0,866.765968332657
20.2,866.978567314498
20.4,867.1815154734827
20.6,867.3749279808096
20.8,867.5589155053916
21.0,867.7335841562181
21.2,867.8990354285111
21.4,868.055366153543
21.6,868.2026684519772
21.8,868.3410296905971
22.0,868.4705324422873
22.2,868.5912544491302
22.4,868.7032685884903
22.6,868.8066428419543
22.8,868.9014402670066
23.0,868.9877189713233
23.2,869.0655320895698
23.4,869.134927762601
23.6,869.1959491189646
23.8,869.2486342586184
24.0,869.2930162387813
24.2,869.3291230618428
24.4,869.3569776652697
24.6,869.376597913452
24.8,869.3879965914458
25.0,869.3911814005729
25.2,869.3861549558533
25.4,869.372914785252
25.6,869.351453330733
25.8,869.3217579511218
26.0,869.2838109267891
26.2,869.2375894661767
26.4,869.1830657141957
26.6,869.1202067625384
26.8,869.0489746619521
27.0,868.9693264365344
27.2,868.8812141001163
27.4,868.7845846748085
27.6,868.6793802117961
27.8,868.5655378144725
28.0,868.4429896640092
28.2,868.3116630474714
28.4,868.1714803885864
28.6,868.0223592812853
28.8,867.8642125261373
29.0,867.6969481698025
29.2,867.5204695476322
29.4,867.3346753295468
29.6,867.1394595693192
29.8,866.934711757397
30.0,866.7203168773887
30.2,866.4961554663375
30.4,866.2621036789045
30.6,866.0180333555678
30.8,865.7638120949445
31.0,865.4993033303244
31.2,865.2243664104953
31.4,864.9388566849219
31.6,864.6426255933239
31.8,864.3355207596793
32.0,864.0173860906542
32.2,863.6880618784376
32.4,863.3473849079296
32.6,862.995188568203
32.8,862.6313029681227
33.0,862.2555550559738
33.2,861.8677687429082
33.4,861.4677650299807
33.6,861.0553621385004
33.8,860.6303756433762
34.0,860.1926186090898
34.2,859.7419017278768
34.4,859.2780334596439
34.6,858.8008201730983
34.8,858.3100662875089
35.0,857.8055744144646
35.2,857.2871454989336
35.4,856.7545789588795
35.6,856.2076728226244
35.8,855.6462238631003
36.0,855.0700277280715
36.2,854.4788790653627
36.4,853.8725716420745
36.6,853.2508984567224
36.8,852.6136518431916
37.0,851.9606235653648
37.2,851.2916049012429
37.4,850.6063867153525
37.6,849.9047595182152
37.8,849.1865135116349
38.0,848.4514386185585
38.2,847.6993244962641
38.4,846.9299605316426
38.6,846.1431358173613
38.8,845.338639107728
39.0,844.5162587531119
39.2,843.6757826118376
39.4,842.8169979385275
39.6,841.9396912479406
39.8,841.0436481534489
40.0,840.1286531793878
40.2,839.1944895466252
40.4,838.2409389308216
40.6,837.2677811929809
40.8,836.274794082039
41.0,835.2617529093903
41.2,834.2284301954194
41.4,833.1745952882713
41.6,832.1000139552847
41.8,831.0044479476933
42.0,829.8876545394005
42.2,828.7493860408255
42.4,827.5893892890308
42.6,826.4074051155383
42.8,825.2031677934497
43.0,823.9764044656929
43.2,822.7268345564161
43.4,821.4541691677487
43.6,820.1581104643394
43.8,818.8383510482695
44.0,817.4945733271043
44.2,816.1264488780172
44.4,814.7336378110648
44.6,813.3157881348262
44.8,811.8725351277391
45.0,810.4035007185638
45.2,808.9082928794868
45.4,807.3865050354348
45.6,805.8377154932085
45.8,804.2614868940597
46.0,802.6573656933244
46.2,801.024881670696
46.4,799.3635474746553
46.6,797.6728582045015
46.8,795.9522910333076
47.0,794.201304874999
47.2,792.419340098588
47.4,790.6058182924193
47.6,788.7601420810698
47.8,786.8816949973221
48.0,784.9698414113777
48.2,783.0239265192079
48.4,781.0432763916539
48.6,779.0271980855829
48.8,776.9749798180903
49.0,774.8858912044099
49.2,772.7591835598527
49.4,770.5940902657525
49.6,768.3898271990432
49.8,766.1455932247426
50.0,763.8605707502629
