0.0,785.3163543225166
0.2,787.5220526870854
0.4,789.6849027730105
0.6,791.8060372788023
0.8,793.886415692692
1.0,795.9268474692198
1.2,797.9280214522358
1.4,799.8905363201242
1.6,801.8149279825449
1.8,803.7016916241155
2.0,805.5512977966689
2.2,807.3642031703611
2.4,809.1408571424524
2.6,810.8817055861531
2.8,812.5871928130238
3.0,814.257762515344
3.2,815.8938581719526
3.4,817.495923192152
3.6,819.0644009396474
3.8,820.599734703868
4.0,822.1023676481445
4.2,823.5727427467189
4.4,825.0113027151391
4.6,826.4184899356998
4.8,827.7947463785437
5.0,829.1405135186986
5.2,830.4562322492296
5.4,831.7423427906566
5.6,832.9992845968003
5.8,834.2274962572188
6.0,835.4274153964135
6.2,836.599478569987
6.4,837.7441211579493
6.6,838.8617772553713
6.8,839.9528795605962
7.0,841.017859261224
7.2,842.0571459180892
7.4,843.0711673474582
7.6,844.0603495016769
7.8,845.0251163485012
8.0,845.965889749346
8.2,846.8830893366915
8.4,847.7771323908826
8.6,848.6484337165631
8.8,849.4974055189803
9.0,850.3244572803954
9.2,851.1299956368374
9.4,851.9144242554263
9.6,852.6781437124982
9.8,853.4215513727509
10.0,854.1450412696299
10.2,854.8490039871674
10.4,855.5338265434771
10.6,856.1998922761078
10.8,856.8475807294435
11.0,857.4772675443353
11.2,858.0893243501389
11.4,858.6841186593246
11.6,859.2620137648157
11.8,859.8233686402033
12.0,860.368537842972
12.2,860.8978714208672
12.4,861.4117148215153
12.6,861.9104088054064
12.8,862.3942893623325
13.0,862.8636876313627
13.2,863.3189298244308
13.4,863.7603371535955
13.6,864.1882257620216
13.8,864.6029066587242
14.0,865.0046856571007
14.2,865.393863317269
14.4,865.7707348922188
14.6,866.1355902777692
14.8,866.4887139663196
15.0,866.8303850043677
15.2,867.1608769537598
15.4,867.4804578566283
15.6,867.7893902039614
15.8,868.0879309077451
16.0,868.3763312766006
16.2,868.6548369948414
16.4,868.9236881048599
16.6,869.1831189927492
16.8,869.4333583770552
17.0,869.6746293005552
17.2,869.9071491249415
17.4,870.1311295282936
17.6,870.3467765052127
17.8,870.5542903694851
18.0,870.7538657591432
18.2,870.9456916437828
18.4,871.1299513339966
18.6,871.306822492779
18.8,871.4764771487546
19.0,871.6390817110828
19.2,871.7947969858883
19.4,871.9437781940679
19.6,872.0861749903199
19.8,872.222131483249
20.0,872.3517862563932
20.2,872.4752723900261
20.4,872.5927174835849
20.6,872.7042436785788
20.8,872.8099676818351
21.0,872.9100007889423
21.2,873.0044489077495
21.4,873.0934125817922
21.6,873.1769870135106
21.8,873.2552620871356
22.0,873.3283223911216
22.2,873.3962472400052
22.4,873.4591106955834
22.6,873.5169815872999
22.8,873.5699235317417
23.0,873.6179949511486
23.2,873.6612490908498
23.4,873.6997340355405
23.6,873.7334927243272
23.8,873.762562964469
24.0,873.7869774437528
24.2,873.8067637414495
24.4,873.8219443377986
24.6,873.8325366219844
24.8,873.8385528985659
25.0,873.8400003923371
25.2,873.8368812515978
25.4,873.829192549823
25.6,873.8169262857267
25.8,873.800069381726
26.0,873.7786036808133
26.2,873.7525059418584
26.4,873.7217478333649
26.6,873.6862959257139
26.8,873.6461116819387
27.0,873.6011514470746
27.2,873.5513664361423
27.4,873.4967027208255
27.6,873.437101214911
27.8,873.3724976585686
28.0,873.3028226015518
28.2,873.2280013854082
28.4,873.1479541247925
28.6,873.0625956879845
28.8,872.9718356767173
29.0,872.8755784054243
29.2,872.7737228800266
29.4,872.6661627763749
29.6,872.5527864184769
29.8,872.4334767566365
30.0,872.3081113456393
30.2,872.1765623231188
30.4,872.0386963882466
30.6,871.8943747808855
30.8,871.7434532613506
31.0,871.585782090926
31.2,871.4212060132834
31.4,871.2495642369511
31.6,871.0706904189836
31.8,870.8844126499812
32.0,870.6905534406055
32.2,870.4889297097434
32.4,870.2793527744617
32.6,870.0616283419009
32.8,869.835556503248
33.0,869.6009317299295
33.2,869.3575428721614
33.4,869.1051731599872
33.6,868.8436002069344
33.8,868.5725960164128
34.0,868.2919269909726
34.2,868.001353944536
34.4,867.7006321177093
34.6,867.3895111962757
34.8,867.0677353329606
35.0,866.7350431725598
35.2,866.3911678805031
35.4,866.0358371749271
35.6,865.6687733623176
35.8,865.2896933767727
36.0,864.8983088229311
36.2,864.494326022599
36.4,864.0774460650987
36.6,863.6473648613515
36.8,863.2037732017001
37.0,862.7463568174616
37.2,862.2747964461929
37.4,861.7887679006407
37.6,861.2879421413343
37.8,860.7719853527714
38.0,860.2405590231356
38.2,859.6933200274696
38.4,859.129920714224
38.6,858.550008995084
38.8,857.9532284379679
39.0,857.3392183630846
39.2,856.7076139419183
39.4,856.0580462990081
39.6,855.3901426163732
39.8,854.7035262404275
40.0,853.9978167912196
40.2,853.2726302738222
40.4,852.52757919169
40.6,851.7622726617939
40.8,850.9763165313344
41.0,850.1693134958322
41.2,849.3408632183791
41.4,848.49056244984
41.6,847.6180051497795
41.8,846.7227826078888
42.0,845.8044835656855
42.2,844.8626943382509
42.4,843.8969989357745
42.6,842.9069791846649
42.8,841.8922148479969
43.0,840.8522837450521
43.2,839.786761869724
43.4,838.6952235075496
43.6,837.5772413511384
43.8,836.4323866137718
44.0,835.2602291409479
44.2,834.0603375196544
44.4,832.8322791851562
44.6,831.575620525092
44.8,830.28992698068
45.0,828.9747631448425
45.2,827.6296928570667
45.4,826.254279294827
45.6,824.8480850614084
45.8,823.4106722699717
46.0,821.9416026237092
46.2,820.4404374919126
46.4,818.9067379816686
46.6,817.3400650045277
46.8,815.7399793363655
47.0,814.1060416655355
47.2,812.4378126164012
47.4,810.7348527164626
47.6,808.9967222344422
47.8,807.2229807362004
48.0,805.4131860623115
48.2,803.5668922058023
48.4,801.6836452634308
48.6,799.7629763027146
48.8,797.8043897616877
49.0,795.8073460886425
49.2,793.7712379641395
49.4,791.6953607514455
49.6,789.5788796621591
49.8,787.4207980288791
50.0,785.2199323209604
