0.0,506.8547165515443
0.2,512.7346851438342
0.4,518.5434693024213
0.6,524.2810134412948
0.8,529.9472860358912
1.0,535.5422801495632
1.2,541.0660138760747
1.4,546.5185306973382
1.6,551.899899755991
1.8,557.2102160428008
2.0,562.4496004992658
2.2,567.6182000361638
2.4,572.716187469165
2.6,577.7437613729956
2.8,582.7011458559825
3.0,587.5885902571518
3.2,592.4063687683682
3.4,597.1547799843145
3.6,601.8341463833841
3.8,606.4448137428338
4.0,610.9871504917742
4.2,615.461547005801
4.4,619.868414847262
4.6,624.2081859553157
4.8,628.4813117900912
5.0,632.6882624353643
5.2,636.8295256642594
5.4,640.9056059725477
5.6,644.9170235841489
5.8,648.8643134334523
6.0,652.7480241290574
6.2,656.5687169034953
6.4,660.3269645534233
6.6,664.023350374701
6.8,667.6584670966424
7.0,671.2329158196101
7.2,674.7473049599622
7.4,678.2022492062023
7.6,681.5983684899877
7.8,684.936286975459
8.0,688.2166320701369
8.2,691.4400334604093
8.4,694.6071221743969
8.6,697.7185296747446
8.8,700.774886983638
9.0,703.7768238420908
9.2,706.7249679052954
9.4,709.6199439755758
9.6,712.4623732742214
9.8,715.2528727532364
10.0,717.9920544477837
10.2,720.6805248698644
10.4,723.3188844435367
10.6,725.9077269817523
10.8,728.4476392046636
11.0,730.9392002990567
11.2,733.3829815183586
11.4,735.7795458224879
11.6,738.1294475566439
11.8,740.4332321679707
12.0,742.6914359588859
12.2,744.9045858757353
12.4,747.0731993313155
12.6,749.197784059706
12.8,751.2788380017621
13.0,753.3168492195498
13.2,755.3122958379421
13.4,757.2656460115503
13.6,759.1773579151351
13.8,761.0478797556204
14.0,762.8776498038292
14.2,764.6670964440627
14.4,766.4166382396693
14.6,768.1266840127665
14.8,769.7976329363274
15.0,771.4298746368837
15.2,773.0237893061553
15.4,774.5797478199801
15.6,776.0981118629843
15.8,777.5792340575138
16.0,779.0234580954235
16.2,780.4311188714099
16.4,781.8025426166593
16.6,783.1380470316742
16.8,784.4379414172379
17.0,785.7025268025654
17.2,786.9320960697895
17.4,788.1269340740206
17.6,789.2873177583193
17.8,790.4135162630048
18.0,791.5057910288199
18.2,792.564395893559
18.4,793.5895771818492
18.6,794.5815737878604
18.8,795.5406172507937
19.0,796.4669318230768
19.2,797.360734531262
19.4,798.2222352296878
19.6,799.05163664703
19.8,799.8491344259172
20.0,800.6149171558455
20.2,801.3491663996654
20.4,802.05205671396
20.6,802.7237556636691
20.8,803.3644238313412
21.0,803.9742148214278
21.2,804.5532752600491
21.4,805.1017447906812
21.6,805.6197560662256
21.8,806.1074347379277
22.0,806.5648994416155
22.2,806.9922617817269
22.4,807.3896263135931
22.6,807.757090524428
22.8,808.0947448134734
23.0,808.4026724717198
23.2,808.6809496616164
23.4,808.929645397153
23.6,809.1488215246767
23.8,809.3385327047773
24.0,809.4988263955463
24.2,809.6297428374845
24.4,809.7313150402965
24.6,809.8035687717827
24.8,809.8465225489941
25.0,809.8601876317888
25.2,809.8445680188826
25.4,809.7996604464532
25.6,809.7254543893177
25.8,809.6219320646625
26.0,809.4890684382688
26.2,809.3268312331385
26.4,809.1351809403847
26.6,808.9140708322161
26.8,808.6634469768121
27.0,808.383248254844
27.2,808.0734063773706
27.4,807.7338459048021
27.6,807.3644842665993
27.8,806.9652317813442
28.0,806.535991676799
28.2,806.0766601095439
28.4,805.5871261837666
28.6,805.0672719687616
28.8,804.5169725146841
29.0,803.9360958660931
29.2,803.3245030728158
29.4,802.6820481976617
29.6,802.00857832052
29.8,801.3039335383769
30.0,800.5679469608096
30.2,799.8004447005209
30.4,799.0012458585036
30.6,798.170162503453
30.8,797.3069996450716
31.0,796.4115552009492
31.2,795.4836199567421
31.4,794.5229775194211
31.6,793.5294042634101
31.8,792.5026692694911
32.0,791.4425342564147
32.2,790.348753505219
32.4,789.2210737763326
32.6,788.0592342196062
32.8,786.8629662775031
33.0,785.6319935817546
33.2,784.3660318438739
33.4,783.0647887400124
33.6,781.7279637907288
33.8,780.3552482363368
34.0,778.94632490859
34.2,777.500868099558
34.4,776.0185434286411
34.6,774.4990077087683
34.8,772.9419088129121
35.0,771.346885542149
35.2,769.7135674965817
35.4,768.0415749505217
35.6,766.3305187334166
35.8,764.5800001180766
36.0,762.7896107178301
36.2,760.9589323942963
36.4,759.0875371775204
36.6,757.1749872002648
36.8,755.2208346482862
37.0,753.2246217284562
37.2,751.185880656602
37.4,749.1041336669474
37.6,746.9788930450309
37.8,744.8096611859547
38.0,742.5959306797932
38.2,740.3371844259362
38.4,738.0328957780905
38.6,735.6825287215842
38.8,733.285538084534
39.0,730.8413697843303
39.2,728.3494611107827
39.4,725.8092410471315
39.6,723.2201306299903
39.8,720.5815433491239
40.0,717.8928855877945
40.2,715.1535571042212
40.4,712.3629515545061
40.6,709.520457057167
40.8,706.6254567992004
41.0,703.6773296833728
41.2,700.6754510161988
41.4,697.619193235823
41.6,694.5079266787791
41.8,691.3410203843416
42.0,688.1178429349325
42.2,684.8377633307945
42.4,681.5001518968822
42.6,678.1043812196745
42.8,674.6498271113592
43.0,671.1358695986073
43.2,667.561893932909
43.4,663.9272916192314
43.6,660.2314614595343
43.8,656.4738106074878
44.0,652.6537556305469
44.2,648.7707235753704
44.4,644.824153032422
44.6,640.8134951954577
44.8,636.7382149114945
45.0,632.5977917167713
45.2,628.3917208541368
45.4,624.1195142672732
45.6,619.780701567135
45.8,615.3748309660009
46.0,610.9014701745682
46.2,606.3602072575851
46.4,601.7506514436004
46.6,597.0724338845321
46.8,592.3252083608921
47.0,587.5086519286775
47.2,582.6224655041278
47.4,577.6663743827684
47.6,572.6401286893978
47.8,567.5435037559441
48.0,562.3763004243951
48.2,557.1383452723131
48.4,551.8294907587664
48.6,546.4496152888421
48.8,540.9986231952616
49.0,535.476444635977
49.2,529.8830354069987
49.4,524.2183766700877
49.6,518.4824745953229
49.8,512.6753599189474
50.0,506.79708741727404
