0.0,799.8566407215336
0.2,801.904015529221
0.4,803.9102716443684
0.6,805.8758300289743
0.8,807.8011145852737
1.0,809.6865522688048
1.2,811.5325731872073
1.4,813.3396106842323
1.6,815.1081014085067
1.8,816.8384853666641
2.0,818.5312059605158
2.2,820.1867100080084
2.4,821.8054477477825
2.6,823.3878728272133
2.8,824.9344422738865
3.0,826.4456164505323
3.2,827.9218589935049
3.4,829.363636734968
3.6,830.7714196090084
3.8,832.1456805419654
4.0,833.486895327329
4.2,834.7955424856166
4.4,836.0721031096982
4.6,837.3170606960945
4.8,838.5309009628227
5.0,839.7141116544187
5.2,840.8671823348028
5.4,841.9906041687028
5.6,843.0848696923862
5.8,844.1504725744841
6.0,845.1879073677225
6.2,846.1976692524016
6.4,847.1802537724864
6.6,848.1361565651875
6.8,849.0658730849274
7.0,849.9698983225934
7.2,850.8487265209882
7.4,851.702850887384
7.6,852.5327633040898
7.8,853.3389540379281
8.0,854.1219114495123
8.2,854.8821217031964
8.4,855.6200684785576
8.6,856.3362326842413
8.8,857.0310921749843
9.0,857.7051214725973
9.2,858.3587914916601
9.4,858.9925692706507
9.6,859.6069177091941
9.8,860.2022953120787
10.0,860.7791559406509
10.2,861.3379485721562
10.4,861.8791170675551
10.6,862.4030999482968
10.8,862.9103301824921
11.0,863.4012349808796
11.2,863.8762356029386
11.4,864.3357471734504
11.6,864.7801785097721
11.8,865.2099319600339
12.0,865.6254032524351
12.2,866.0269813557619
12.4,866.4150483512122
12.6,866.7899793155703
12.8,867.1521422157291
13.0,867.5018978145238
13.2,867.8395995877996
13.4,868.1655936525981
13.6,868.4802187063156
13.8,868.7838059766501
14.0,869.0766791821264
14.2,869.3591545029542
14.4,869.6315405619503
14.6,869.8941384152322
14.8,870.1472415523612
15.0,870.3911359055979
15.2,870.6260998679115
15.4,870.8524043193647
15.6,871.0703126614877
15.8,871.2800808592343
16.0,871.4819574901077
16.2,871.676183800032
16.4,871.8629937655386
16.6,872.0426141618321
16.8,872.2152646362978
17.0,872.3811577870075
17.2,872.5404992457854
17.4,872.6934877653923
17.6,872.8403153103927
17.8,872.9811671512724
18.0,873.116221961379
18.2,873.2456519162646
18.4,873.3696227950198
18.6,873.4882940831933
18.8,873.6018190769036
19.0,873.7103449877582
19.2,873.8140130482092
19.4,873.9129586169805
19.6,874.0073112842213
19.8,874.097194976047
20.0,874.182728058144
20.2,874.2640234381291
20.4,874.3411886663662
20.6,874.4143260349554
20.8,874.4835326746266
21.0,874.5489006492804
21.2,874.6105170479327
21.4,874.6684640738354
21.6,874.7228191305556
21.8,874.7736549048119
22.0,874.8210394458754
22.2,874.8650362413609
22.4,874.9057042892414
22.6,874.9430981659334
22.8,874.977268090312
23.0,875.008259983527
23.2,875.0361155245004
23.4,875.0608722009987
23.6,875.0825633561833
23.8,875.1012182305521
24.0,875.1168619991962
24.2,875.1295158043055
24.4,875.1391967828658
24.6,875.1459180895002
24.8,875.1496889144158
25.0,875.1505144964281
25.2,875.1483961310406
25.4,875.1433311735707
25.6,875.1353130373163
25.8,875.1243311867719
26.0,875.1103711259077
26.2,875.0934143815359
26.4,875.0734384817966
26.6,875.0504169298048
26.8,875.0243191725095
27.0,874.995110564826
27.2,874.9627523291073
27.4,874.9272015100399
27.6,874.8884109250462
27.8,874.8463291102984
28.0,874.800900262451
28.2,874.7520641762123
28.4,874.6997561778884
28.6,874.6439070550393
28.8,874.5844429824051
29.0,874.521285444266
29.2,874.4543511534152
29.4,874.3835519669353
29.6,874.3087947989825
29.8,874.2299815307933
30.0,874.1470089181444
30.2,874.0597684965056
30.4,873.9681464841458
30.6,873.8720236834546
30.8,873.7712753807672
31.0,873.6657712449852
31.2,873.5553752253
31.4,873.4399454483446
31.6,873.3193341151012
31.8,873.1933873979177
32.0,873.0619453379838
32.2,872.9248417436412
32.4,872.7819040899052
32.6,872.6329534195871
32.8,872.4778042464189
33.0,872.3162644605848
33.2,872.1481352370765
33.4,871.9732109472936
33.6,871.7912790743135
33.8,871.6021201322636
34.0,871.4055075902281
34.2,871.2012078011228
34.4,870.9889799359731
34.6,870.7685759240269
34.8,870.5397403991306
35.0,870.3022106527911
35.2,870.0557165943412
35.4,869.799980718613
35.6,869.5347180815185
35.8,869.2596362839168
36.0,868.9744354641406
36.2,868.6788082995275
36.4,868.3724400172943
36.6,868.0550084150613
36.8,867.7261838913162
37.0,867.3856294860806
37.2,867.0330009320143
37.4,866.6679467161644
37.6,866.2901081525351
37.8,865.8991194656215
38.0,865.494607885013
38.2,865.0761937511431
38.4,864.643490632216
38.6,864.1961054523061
38.8,863.7336386305876
39.0,863.2556842316035
39.2,862.7618301264476
39.4,862.2516581646859
39.6,861.7247443567991
39.8,861.18065906689
40.0,860.6189672153429
40.2,860.0392284910915
40.4,859.4409975730958
40.6,858.8238243605925
40.8,858.1872542116345
41.0,857.530828189397
41.2,856.8540833156827
41.4,856.1565528310216
41.6,855.4377664607209
41.8,854.6972506861846
42.0,853.934529020788
42.2,853.1491222895596
42.4,852.3405489118944
42.6,851.5083251864952
42.8,850.6519655777129
43.0,849.7709830024407
43.2,848.8648891166936
43.4,847.9331946009942
43.6,846.9754094436771
43.8,845.9910432212114
44.0,844.9796053746452
44.2,843.9406054812723
44.4,842.8735535206285
44.6,841.7779601339342
44.8,840.6533368761129
45.0,839.4991964595347
45.2,838.3150529886516
45.4,837.1004221847232
45.6,835.8548215998565
45.8,834.5777708196181
46.0,833.2687916535186
46.2,831.9274083127058
46.4,830.5531475742496
46.6,829.1455389314542
46.8,827.7041147296774
47.0,826.2284102871971
47.2,824.7179640007216
47.4,823.1723174351974
47.6,821.5910153976338
47.8,819.9736059947238
48.0,818.3196406741121
48.2,816.6286742492199
48.4,814.9002649076115
48.6,813.1339742029504
48.8,811.3293670306684
49.0,809.486011587529
49.2,807.603479315346
49.4,805.6813448291791
49.6,803.7191858303961
49.8,801.7165830050559
50.0,799.6731199081308
