0.0,795.6754371384907
0.2,797.7656261187806
0.4,799.8149224856021
0.6,801.8237571621487
0.8,803.7925628844591
1.0,805.721774266648
1.2,807.6118278567143
1.4,809.4631621825854
1.6,811.2762177880886
1.8,813.0514372585818
2.0,814.7892652360177
2.2,816.4901484232553
2.4,818.1545355774743
2.6,819.7828774925932
2.8,821.3756269706286
3.0,822.9332387819815
3.2,824.456169614678
3.4,825.9448780126273
3.6,827.3998243030118
3.8,828.8214705129541
4.0,830.2102802756549
4.2,831.5667187262255
4.4,832.8912523874848
4.6,834.1843490460167
4.8,835.4464776188288
5.0,836.6781080109766
5.2,837.8797109645539
5.4,839.051757899476
5.6,840.1947207465114
5.8,841.3090717730383
6.0,842.3952834020312
6.2,843.4538280247939
6.4,844.485177807982
6.6,845.4898044954657
6.8,846.468179205602
7.0,847.4207722244922
7.2,848.3480527958104
7.4,849.2504889077924
7.6,850.1285470779793
7.8,850.9826921363107
8.0,851.8133870071556
8.2,852.6210924908743
8.4,853.4062670454886
8.6,854.1693665690352
8.8,854.9108441831638
9.0,855.6311500185305
9.2,856.3307310025202
9.4,857.0100306498164
9.6,857.6694888563201
9.8,858.3095416968971
10.0,858.9306212274141
10.2,859.5331552914996
10.4,860.1175673324441
10.6,860.6842762106257
10.8,861.2336960268274
11.0,861.7662359517784
11.2,862.2823000622312
11.4,862.7822871838536
11.6,863.2665907411897
11.8,863.7355986149142
12.0,864.1896930065759
12.2,864.6292503109964
12.4,865.0546409964647
12.6,865.4662294928365
12.8,865.8643740876213
13.0,866.2494268301109
13.2,866.6217334435783
13.4,866.9816332455467
13.6,867.3294590761061
13.8,867.665537234225
14.0,867.9901874219862
14.2,868.3037226966492
14.4,868.6064494304184
14.6,868.8986672777813
14.8,869.1806691502513
15.0,869.4527411983418
15.2,869.7151628005697
15.4,869.9682065592802
15.6,870.2121383030616
15.8,870.4472170955071
16.0,870.6736952500733
16.2,870.8918183507622
16.4,871.1018252783551
16.6,871.3039482419105
16.8,871.4984128152305
17.0,871.6854379779999
17.2,871.8652361612856
17.4,872.0380132970919
17.6,872.2039688716549
17.8,872.363295982161
18.0,872.5161813965727
18.2,872.6628056162449
18.4,872.8033429410146
18.6,872.9379615364513
18.8,873.0668235029543
19.0,873.1900849463889
19.2,873.3078960499583
19.4,873.4204011470101
19.6,873.5277387944832
19.8,873.6300418467091
20.0,873.7274375292851
20.2,873.8200475127444
20.4,873.9079879857586
20.6,873.9913697276141
20.8,874.0702981797115
21.0,874.1448735158484
21.2,874.2151907110532
21.4,874.2813396087483
21.6,874.3434049860291
21.8,874.4014666168569
22.0,874.4555993329726
22.2,874.5058730823486
22.4,874.5523529850067
22.6,874.5950993860404
22.8,874.6341679056886
23.0,874.6696094863217
23.2,874.7014704362088
23.4,874.7297924699448
23.6,874.7546127454306
23.8,874.7759638973052
24.0,874.7938740667435
24.2,874.8083669275387
24.4,874.819461708408
24.6,874.8271732114584
24.8,874.831511826771
25.0,874.8324835430667
25.2,874.8300899544275
25.4,874.8243282630602
25.6,874.8151912780971
25.8,874.8026674104393
26.0,874.7867406636619
26.2,874.7673906210051
26.4,874.7445924284904
26.6,874.7183167742089
26.8,874.6885298638423
27.0,874.6551933924814
27.2,874.6182645128251
27.4,874.5776957998484
27.6,874.5334352120382
27.8,874.4854260493098
28.0,874.4336069077237
28.2,874.3779116311339
28.4,874.3182692599106
28.6,874.2546039768888
28.8,874.1868350507049
29.0,874.1148767766942
29.2,874.0386384155333
29.4,873.9580241298165
29.6,873.8729329187726
29.8,873.7832585513308
30.0,873.688889497761
30.2,873.5897088601148
30.4,873.4855943017095
30.6,873.3764179759045
30.8,873.2620464544224
31.0,873.1423406554841
31.2,873.0171557720257
31.4,872.8863412002792
31.6,872.7497404690001
31.8,872.6071911696346
32.0,872.4585248877219
32.2,872.3035671358341
32.4,872.142137288357
32.6,871.9740485184217
32.8,871.7991077372973
33.0,871.6171155365563
33.2,871.4278661333268
33.4,871.231147318942
33.6,871.0267404113013
33.8,870.8144202112488
34.0,870.5939549632778
34.2,870.36510632086
34.4,870.1276293166964
34.6,869.8812723381786
34.8,869.6257771083424
35.0,869.3608786725829
35.2,869.0863053913956
35.4,868.801778939393
35.6,868.507014310832
35.8,868.2017198318784
36.0,867.8855971798148
36.2,867.5583414093833
36.4,867.2196409864401
36.6,866.8691778290738
36.8,866.5066273563258
37.0,866.1316585446257
37.2,865.7439339920362
37.4,865.343109990377
37.6,864.9288366052714
37.8,864.5007577641405
38.0,864.0585113521385
38.2,863.6017293159996
38.4,863.1300377757391
38.6,862.6430571441242
38.8,862.1404022538032
39.0,861.6216824919522
39.2,861.0865019422706
39.4,860.5344595341304
39.6,859.9651491986531
39.8,859.3781600314613
40.0,858.7730764618254
40.2,858.1494784278959
40.4,857.5069415576866
40.6,856.8450373554485
40.8,856.1633333930477
41.0,855.4613935059339
41.2,854.7387779932689
41.4,853.9950438217564
41.6,853.2297448326966
41.8,852.4424319517678
42.0,851.6326534010226
42.2,850.7999549125657
42.4,849.943879943371
42.6,849.0639698906783
42.8,848.1597643074035
43.0,847.2308011169849
43.2,846.2766168270854
43.4,845.2967467415609
43.6,844.2907251701114
43.8,843.2580856350237
44.0,842.1983610744234
44.2,841.1110840414583
44.4,839.9957868988407
44.6,838.8520020081892
44.8,837.6792619136223
45.0,836.4770995190727
45.2,835.245048258804
45.4,833.9826422606402
45.6,832.68941650143
45.8,831.3649069543021
46.0,830.0086507272872
46.2,828.6201861929146
46.4,827.1990531084209
46.6,825.7447927262413
46.8,824.2569478944852
47.0,822.7350631471385
47.2,821.1786847837669
47.4,819.587360938537
47.6,817.9606416384058
47.8,816.2980788503786
48.0,814.5992265177646
48.2,812.8636405854119
48.4,811.0908790139385
48.6,809.2805017830217
48.8,807.4320708838469
49.0,805.545150300864
49.2,803.6193059830364
49.4,801.6541058048094
49.6,799.6491195170676
49.8,797.6039186883867
50.0,795.5180766369253
