0.0,858.6308288178568
0.2,859.2391410830239
0.4,859.8323057432053
0.6,860.4105372004832
0.8,860.9740505385961
1.0,861.5230615007376
1.2,862.0577864628024
1.4,862.5784424020577
1.6,863.085246861239
1.8,863.5784179080866
2.0,864.0581740903609
2.2,864.524734386395
2.4,864.9783181512614
2.6,865.4191450586453
2.8,865.8474350385442
3.0,866.2634082109205
3.2,866.6672848154597
3.4,867.0592851375973
3.6,867.4396294309971
3.8,867.8085378366751
4.0,868.1662302989798
4.2,868.5129264786498
4.4,868.8488456631821
4.6,869.174206674758
4.8,869.4892277759758
5.0,869.7941265736563
5.2,870.0891199209879
5.4,870.3744238182858
5.6,870.6502533126463
5.8,870.9168223967758
6.0,871.1743439072831
6.2,871.4230294227168
6.4,871.6630891616362
6.6,871.8947318809974
6.8,872.1181647751359
7.0,872.3335933756249
7.2,872.5412214522783
7.4,872.7412509155677
7.6,872.9338817207106
7.8,873.119311773683
8.0,873.2977368393969
8.2,873.4693504522767
8.4,873.6343438294562
8.6,873.7929057868074
8.8,873.945222658
9.0,874.0914782167769
9.2,874.231853602621
9.4,874.3665272499719
9.6,874.4956748211397
9.8,874.6194691430452
10.0,874.7380801479065
10.2,874.8516748179743
10.4,874.9604171344015
10.6,875.0644680303234
10.8,875.1639853482056
11.0,875.2591238015023
11.2,875.3500349406556
11.4,875.4368671234529
11.6,875.5197654897377
11.8,875.5988719404667
12.0,875.6743251210847
12.2,875.7462604091801
12.4,875.8148099063661
12.6,875.8801024343297
12.8,875.9422635349692
13.0,876.0014154745385
13.2,876.0576772517
13.4,876.1111646093826
13.6,876.1619900503302
13.8,876.2102628562191
14.0,876.2560891102117
14.2,876.2995717228152
14.4,876.3408104608952
14.6,876.3799019797013
14.8,876.4169398577476
15.0,876.4520146343933
15.2,876.4852138499584
15.4,876.5166220882145
15.6,876.5463210210805
15.8,876.574389455358
16.0,876.6009033813344
16.2,876.6259360230889
16.4,876.6495578903248
16.6,876.6718368315665
16.8,876.6928380885483
17.0,876.7126243516326
17.2,876.7312558160887
17.4,876.7487902390767
17.6,876.7652829971713
17.8,876.7807871442755
18.0,876.7953534697668
18.2,876.8090305567331
18.4,876.8218648401468
18.6,876.833900664845
18.8,876.845180343174
19.0,876.8557442121689
19.2,876.8656306901432
19.4,876.8748763325651
19.6,876.8835158871047
19.8,876.8915823477405
20.0,876.8991070078181
20.2,876.90611951196
20.4,876.9126479067295
20.6,876.9187186899564
20.8,876.9243568586401
21.0,876.929585955344
21.2,876.9344281130082
21.4,876.938904098105
21.6,876.9430333520703
21.8,876.9468340309479
22.0,876.9503230431854
22.2,876.9535160855288
22.4,876.9564276769626
22.6,876.9590711906495
22.8,876.961458883827
23.0,876.9636019256186
23.2,876.965510422724
23.4,876.9671934429589
23.6,876.9686590366077
23.8,876.9699142555703
24.0,876.9709651702722
24.2,876.9718168843231
24.4,876.9724735469015
24.6,876.9729383628543
24.8,876.9732136004944
25.0,876.973300597091
25.2,876.9731997620412
25.4,876.9729105777214
25.6,876.972431598014
25.8,876.9717604445101
26.0,876.9708938003919
26.2,876.9698274019984
26.4,876.9685560280839
26.6,876.9670734867782
26.8,876.9653726002621
27.0,876.9634451871744
27.2,876.9612820427686
27.4,876.9588729168402
27.6,876.9562064894504
27.8,876.9532703444735
28.0,876.9500509409967
28.2,876.9465335826103
28.4,876.9427023846231
28.6,876.9385402392452
28.8,876.9340287787837
29.0,876.9291483369005
29.2,876.9238779079831
29.4,876.9181951046895
29.6,876.9120761137248
29.8,876.9054956499185
30.0,876.898426908671
30.2,876.890841516846
30.4,876.8827094821875
30.6,876.8739991413471
30.8,876.8646771066119
31.0,876.8547082114256
31.2,876.8440554548055
31.4,876.8326799447577
31.6,876.8205408408023
31.8,876.8075952957224
32.0,876.7937983966566
32.2,876.7791031056619
32.4,876.7634601998731
32.6,876.7468182113973
32.8,876.7291233670784
33.0,876.7103195282772
33.2,876.6903481308137
33.4,876.669148125224
33.6,876.6466559174837
33.8,876.62280531036
34.0,876.5975274455495
34.2,876.5707507467697
34.4,876.5424008639658
34.6,876.5124006188046
34.8,876.4806699516208
35.0,876.4471258699882
35.2,876.4116823990851
35.4,876.3742505340217
35.6,876.3347381943034
35.8,876.2930501805913
36.0,876.249088133931
36.2,876.2027504976083
36.4,876.1539324817956
36.6,876.1025260311395
36.8,876.0484197954461
37.0,875.9914991036047
37.2,875.9316459408939
37.4,875.8687389297999
37.6,875.8026533144733
37.8,875.7332609489447
38.0,875.6604302892044
38.2,875.584026389248
38.4,875.5039109011784
38.6,875.4199420794405
38.8,875.3319747892608
39.0,875.2398605193454
39.2,875.1434473988814
39.4,875.0425802188755
39.6,874.9371004578448
39.8,874.8268463118699
40.0,874.7116527289967
40.2,874.5913514479693
40.4,874.4657710412542
40.6,874.3347369623058
40.8,874.1980715970067
41.0,874.0555943192048
41.2,873.9071215502499
41.4,873.7524668224216
41.6,873.5914408461263
41.8,873.4238515807227
42.0,873.2495043088285
42.2,873.0682017139396
42.4,872.8797439611881
42.6,872.6839287810448
42.8,872.4805515557675
43.0,872.2694054083817
43.2,872.0502812939673
43.4,871.822968093021
43.6,871.5872527066506
43.8,871.3429201533498
44.0,871.0897536670989
44.2,870.8275347965244
44.4,870.5560435048521
44.6,870.2750582703787
44.8,869.9843561871869
45.0,869.6837130658287
45.2,869.3729035336966
45.4,869.0517011348073
45.6,868.7198784287218
45.8,868.377207088331
46.0,868.0234579962371
46.2,867.6584013394692
46.4,867.2818067022789
46.6,866.8934431567652
46.8,866.493079351092
47.0,866.0804835950682
47.2,865.6554239428741
47.4,865.2176682727271
47.6,864.7669843632963
47.8,864.3031399666875
48.0,863.8259028778353
48.2,863.3350410001569
48.4,862.8303224073348
48.6,862.3115154011181
48.8,861.7783885650452
49.0,861.2307108140136
49.2,860.6682514396346
49.4,860.0907801513389
49.6,859.4980671132105
49.8,858.8898829765499
50.0,858.2659989081866
