0.0,866.1514237051196
0.2,866.6595820340054
0.4,867.1509711434315
0.6,867.625798956061
0.8,868.0842832821297
1.0,868.5266518323641
1.2,868.9531421694851
1.4,869.3640015987812
1.6,869.7594869986925
1.8,870.1398645928004
2.0,870.5054096650476
2.2,870.8564062204289
2.4,871.1931465937795
2.6,871.5159310096504
2.8,871.8250670965867
3.0,872.1208693594242
3.2,872.4036586134772
3.4,872.6737613847113
3.6,872.9315092801794
3.8,873.1772383331362
4.0,873.4112883273515
4.2,873.6340021051975
4.4,873.8457248641059
4.6,874.0468034459664
4.8,874.2375856239817
5.0,874.4184193913915
5.2,874.5896522563489
5.4,874.7516305470671
5.6,874.9046987311555
5.8,875.0491987528487
6.0,875.1854693915764
6.2,875.3138456450623
6.4,875.4346581398516
6.6,875.5482325718666
6.8,875.6548891792842
7.0,875.7549422497065
7.2,875.8486996632818
7.4,875.9364624731049
7.6,876.0185245239119
7.8,876.0951721097676
8.0,876.1666836711444
8.2,876.233329531488
8.4,876.2953716730943
8.6,876.3530635518487
8.8,876.4066499501332
9.0,876.4563668669766
9.2,876.5024414443103
9.4,876.5450919280039
9.6,876.5845276621855
9.8,876.6209491152041
10.0,876.654547935468
10.2,876.6855070352863
10.4,876.7140007007619
10.6,876.7401947257227
10.8,876.7642465676362
11.0,876.7863055234271
11.2,876.8065129231261
11.4,876.8250023392734
11.6,876.8418998100492
11.8,876.8573240741305
12.0,876.8713868153434
12.2,876.884192915238
12.4,876.8958407117985
12.6,876.9064222625847
12.8,876.9160236106951
13.0,876.9247250520448
13.2,876.9326014025481
13.4,876.9397222639141
13.6,876.94615228686
13.8,876.9519514306687
14.0,876.9571752181149
14.2,876.9618749849017
14.4,876.966098122848
14.6,876.9698883161761
14.8,876.97328577034
15.0,876.9763274329367
15.2,876.9790472063293
15.4,876.9814761516939
15.6,876.9836426842862
15.8,876.9855727597911
16.0,876.9872900516917
16.2,876.988816119652
16.4,876.990170568968
16.6,876.9913712011853
16.8,876.9924341560331
17.0,876.9933740448588
17.2,876.9942040757815
17.4,876.9949361708137
17.6,876.9955810752224
17.8,876.9961484594184
18.0,876.9966470136823
18.2,876.9970845360422
18.4,876.9974680136271
18.6,876.9978036978282
18.8,876.9980971735929
19.0,876.9983534231847
19.2,876.998576884732
19.4,876.9987715058872
19.6,876.9989407929065
19.8,876.9990878554546
20.0,876.9992154474288
20.2,876.9993260040848
20.4,876.9994216757315
20.6,876.9995043582594
20.8,876.9995757207408
21.0,876.9996372303391
21.2,876.9996901747437
21.4,876.9997356823371
21.6,876.9997747402863
21.8,876.9998082107379
22.0,876.9998368452848
22.2,876.999861297858
22.4,876.9998821361866
22.6,876.9998998519557
22.8,876.9999148697854
23.0,876.9999275551357
23.2,876.9999382212391
23.4,876.9999471351475
23.6,876.9999545229781
23.8,876.9999605744209
24.0,876.9999654465781
24.2,876.9999692671834
24.4,876.99997213725
24.6,876.9999741331864
24.8,876.9999753084078
25.0,876.9999756944698
25.2,876.9999753017411
25.4,876.999974119624
25.6,876.9999721163272
25.8,876.9999692381858
26.0,876.999965408522
26.2,876.9999605260231
26.4,876.9999544626199
26.6,876.9999470608287
26.8,876.999938130521
27.0,876.9999274450738
27.2,876.9999147368468
27.4,876.9998996919239
27.6,876.9998819440482
27.8,876.999861067669
28.0,876.9998365700158
28.2,876.9998078820928
28.4,876.9997743484921
28.6,876.9997352158999
28.8,876.9996896201659
29.0,876.9996365717928
29.2,876.9995749396916
29.4,876.999503433031
29.6,876.9994205810075
29.8,876.9993247103341
30.0,876.9992139202487
30.2,876.9990860548158
30.4,876.9989386722925
30.6,876.9987690113086
30.8,876.9985739536037
31.0,876.998349983047
31.2,876.9980931406566
31.4,876.9977989753208
31.6,876.9974624899187
31.8,876.9970780825209
32.0,876.9966394823524
32.2,876.9961396801847
32.4,876.9955708528286
32.6,876.9949242813923
32.8,876.9941902629723
33.0,876.9933580154477
33.2,876.9924155750587
33.4,876.9913496864565
33.6,876.9901456849302
33.8,876.9887873705323
34.0,876.9872568738508
34.2,876.9855345132006
34.4,876.9835986430446
34.6,876.9814254934888
34.8,876.9789890007427
35.0,876.9762606284853
35.2,876.9732091801335
35.4,876.9698006020686
35.6,876.9659977779472
35.8,876.9617603142935
36.0,876.9570443176509
36.2,876.9518021636518
36.4,876.9459822584597
36.6,876.9395287931263
36.8,876.9323814915074
37.0,876.9244753524852
37.2,876.9157403873478
37.4,876.906101353286
37.6,876.8954774840755
37.8,876.883782219125
38.0,876.8709229321757
38.2,876.8568006610492
38.4,876.8413098399432
38.6,876.8243380358747
38.8,876.8057656909659
39.0,876.7854658723538
39.2,876.7633040315865
39.4,876.7391377754346
39.6,876.7128166501079
39.8,876.6841819409078
40.0,876.6530664893812
40.2,876.6192945300525
40.4,876.5826815488105
40.6,876.5430341650069
40.8,876.5001500392824
41.0,876.4538178090776
41.2,876.4038170537087
41.4,876.3499182907793
41.6,876.2918830055853
41.8,876.2294637150192
42.0,876.1624040673142
42.2,876.0904389787828
42.4,876.013294808494
42.6,875.9306895716071
42.8,875.8423331918304
43.0,875.747927793215
43.2,875.6471680312061
43.4,875.5397414625945
43.6,875.4253289536967
43.8,875.3036051257872
44.0,875.1742388364886
44.2,875.036893695506
44.4,874.8912286127713
44.6,874.7368983767489
44.8,874.5735542603484
45.0,874.4008446515887
45.2,874.2184157058746
45.4,874.0259120164831
45.6,873.8229772996065
45.8,873.6092550900831
46.0,873.3843894437429
46.2,873.1480256421388
46.4,872.899810895296
46.6,872.6393950380138
46.8,872.3664312151966
47.0,872.080576551661
47.2,871.7814928018904
47.4,871.4688469752602
47.6,871.1423119323556
47.8,870.801566948143
48.0,870.4462982379378
48.2,870.0761994423264
48.4,869.6909720674553
48.6,869.2903258774005
48.8,868.873979235645
49.0,868.4416593930601
49.2,867.9931027201613
49.4,867.5280548818259
49.6,867.0462709530839
49.8,866.5475154750388
50.0,866.0315624504385
