0.0,872.9866125107268
0.2,873.4502330779922
0.4,873.8776684921071
0.6,874.2692674220481
0.8,874.6257133822376
1.0,874.9480059546207
1.2,875.2374332342242
1.4,875.4955368638663
1.6,875.724071314518
1.8,875.9249592538347
2.0,876.1002449197103
2.2,876.2520473800051
2.4,876.3825154233896
2.6,876.49378560572
2.8,876.5879446924255
3.0,876.6669974137633
3.2,876.7328401106837
3.4,876.7872405172864
3.6,876.8318236211355
3.8,876.8680632804899
4.0,876.8972790682317
4.2,876.9206376612866
4.4,876.9391580021063
4.6,876.9537194216997
4.8,876.9650719248953
5.0,876.9738478889735
5.2,876.9805745064491
5.4,876.9856864013643
5.6,876.9895379564471
5.8,876.9924149976089
6.0,876.9945455858634
6.2,876.9961097599984
6.4,876.997248153111
6.6,876.9980694709617
6.8,876.998656869819
7.0,876.999073306946
7.2,876.9993659596986
7.4,876.9995698213472
7.6,876.9997105853736
7.8,876.9998069272434
8.0,876.9998722854623
8.2,876.9999162337606
8.4,876.9999455248854
8.6,876.9999648747524
8.8,876.9999775443864
9.0,876.9999857666402
9.2,876.999991055418
9.4,876.9999944271624
9.6,876.9999965576861
9.8,876.9999978919703
10.0,876.9999987201769
10.2,876.9999992296903
10.4,876.9999995403593
10.6,876.9999997281025
10.8,876.999999840551
11.0,876.9999999073032
11.2,876.9999999465766
11.4,876.9999999694776
11.6,876.9999999827128
11.8,876.9999999902939
12.0,876.9999999945976
12.2,876.9999999970191
12.4,876.9999999983695
12.6,876.9999999991159
12.8,876.9999999995247
13.0,876.9999999997467
13.2,876.9999999998662
13.4,876.9999999999299
13.6,876.9999999999635
13.8,876.9999999999811
14.0,876.9999999999902
14.2,876.999999999995
14.4,876.9999999999975
14.6,876.9999999999986
14.8,876.9999999999994
15.0,876.9999999999999
15.2,877.0
15.4,877.0
15.6,877.0
15.8,877.0
16.0,877.0
16.2,877.0
16.4,877.0
16.6,877.0
16.8,877.0
17.0,877.0
17.2,877.0
17.4,877.0
17.6,877.0
17.8,877.0
18.0,877.0
18.2,877.0
18.4,877.0
18.6,877.0
18.8,877.0
19.0,877.0
19.2,877.0
19.4,877.0
19.6,877.0
19.8,877.0
20.0,877.0
20.2,877.0
20.4,877.0
20.6,877.0
20.8,877.0
21.0,877.0
21.2,877.0
21.4,877.0
21.6,877.0
21.8,877.0
22.0,877.0
22.2,877.0
22.4,877.0
22.6,877.0
22.8,877.0
23.0,877.0
23.2,877.0
23.4,877.0
23.6,877.0
23.8,877.0
24.0,877.0
24.2,877.0
24.4,877.0
24.6,877.0
24.8,877.0
25.0,877.0
25.2,877.0
25.4,877.0
25.6,877.0
25.8,877.0
26.0,877.0
26.2,877.0
26.4,877.0
26.6,877.0
26.8,877.0
27.0,877.0
27.2,877.0
27.4,877.0
27.6,877.0
27.8,877.0
28.0,877.0
28.2,877.0
28.4,877.0
28.6,877.0
28.8,877.0
29.0,877.0
29.2,877.0
29.4,877.0
29.6,877.0
29.8,877.0
30.0,877.0
30.2,877.0
30.4,877.0
30.6,877.0
30.8,877.0
31.0,877.0
31.2,877.0
31.4,877.0
31.6,877.0
31.8,877.0
32.0,877.0
32.2,877.0
32.4,877.0
32.6,877.0
32.8,877.0
33.0,877.0
33.2,877.0
33.4,877.0
33.6,877.0
33.8,877.0
34.0,877.0
34.2,877.0
34.4,877.0
34.6,877.0
34.8,877.0
35.0,876.9999999999999
35.2,876.9999999999994
35.4,876.9999999999986
35.6,876.9999999999975
35.8,876.999999999995
36.0,876.9999999999902
36.2,876.9999999999811
36.4,876.9999999999635
36.6,876.9999999999299
36.8,876.9999999998662
37.0,876.9999999997467
37.2,876.9999999995247
37.4,876.9999999991157
37.6,876.9999999983693
37.8,876.9999999970188
38.0,876.9999999945969
38.2,876.9999999902925
38.4,876.9999999827104
38.6,876.9999999694732
38.8,876.9999999465684
39.0,876.9999999072885
39.2,876.9999998405249
39.4,876.9999997280567
39.6,876.9999995402794
39.8,876.9999992295524
40.0,876.9999987199402
40.2,876.9999978915675
40.4,876.9999965570063
40.6,876.9999944260244
40.8,876.9999910535286
41.0,876.9999857635286
41.2,876.9999775393039
41.4,876.9999648665179
41.6,876.9999455116513
41.8,876.9999162126618
42.0,876.9998722520936
42.2,876.9998068748895
42.4,876.9997105038835
42.6,876.9995696955067
42.8,876.9993657668967
43.0,876.9990730138612
43.2,876.9986564277575
43.4,876.9980688093593
43.6,876.9972471705615
43.8,876.996108311982
44.0,876.9945434681171
44.2,876.9924119238034
44.4,876.9895335285039
44.6,876.9856800703512
44.8,876.9805655215541
45.0,876.9738352315436
45.2,876.9650542239764
45.4,876.9536948469066
45.6,876.9391241290236
45.8,876.9205913039559
46.0,876.8972160726538
46.2,876.8679782724874
46.4,876.8317097014162
46.6,876.7870888961688
46.8,876.7326396747309
47.0,876.6667342165573
47.2,876.5876013619591
47.4,876.4933406614037
47.6,876.3819424965126
47.8,876.2513143326512
48.0,876.0993128586359
48.2,875.9237814376256
48.4,875.7225919544528
48.6,875.4936898212454
48.8,875.2351406194383
49.0,874.9451766358192
49.2,874.6222414140432
49.4,874.2650304072356
49.6,873.8725258914146
49.8,873.4440244851723
50.0,872.9791559114793
