0.0,806.2089150958793
0.2,808.1948473722499
0.4,810.1390412671543
0.6,812.0418890353212
0.8,813.9037888765201
1.0,815.7251451751441
1.2,817.5063687107124
1.4,819.2478768382772
1.6,820.9500936378763
1.8,822.6134500323279
2.0,824.2383838728232
2.2,825.825339991936
2.4,827.3747702238277
2.6,828.8871333915913
2.8,830.3628952618361
3.0,831.8025284667751
3.2,833.2065123942306
3.4,834.5753330461267
3.6,835.9094828661845
3.8,837.209460537672
4.0,838.4757707522015
4.2,839.7089239506877
4.4,840.909436037705
4.6,842.0778280705878
4.8,843.2146259247222
5.0,844.3203599365693
5.2,845.3955645260418
5.4,846.4407777999285
5.6,847.4565411381215
5.8,848.4433987644559
6.0,849.4018973040057
6.2,850.3325853287178
6.4,851.2360128932761
6.6,852.1127310631065
6.8,852.9632914364213
7.0,853.7882456621984
7.2,854.5881449559665
7.4,855.3635396152346
7.6,856.1149785363676
7.8,856.8430087346616
8.0,857.5481748693127
8.2,858.2310187749164
8.4,858.8920790010582
8.6,859.5318903614826
8.8,860.150983494248
9.0,860.7498844341811
9.2,861.3291141988649
9.4,861.8891883892869
9.6,862.4306168061886
9.8,862.953903083049
10.0,863.4595443365391
10.2,863.9480308351802
10.4,864.4198456868374
10.6,864.8754645455775
10.8,865.315355338319
11.0,865.7399780116049
11.2,866.1497842987272
11.4,866.5452175073417
11.6,866.9267123276167
11.8,867.2946946608718
12.0,867.6495814685771
12.2,867.9917806415037
12.4,868.3216908887387
12.6,868.6397016462054
12.8,868.9461930042663
13.0,869.2415356539169
13.2,869.5260908510303
13.4,869.8002103980535
13.6,870.0642366425138
13.8,870.3185024916513
14.0,870.5633314424574
14.2,870.7990376263697
14.4,871.0259258678448
14.6,871.2442917560135
14.8,871.4544217286057
15.0,871.6565931673201
15.2,871.8510745038087
15.4,872.0381253354425
15.6,872.2179965500278
15.8,872.390930458647
16.0,872.5571609358066
16.2,872.7169135660897
16.4,872.8704057965234
16.6,873.0178470938894
16.8,873.1594391062303
17.0,873.2953758278245
17.2,873.4258437669259
17.4,873.5510221155961
17.6,873.6710829209793
17.8,873.7861912574048
18.0,873.8965053987268
18.2,874.0021769903468
18.4,874.1033512203913
18.6,874.200166989551
18.8,874.2927570791203
19.0,874.3812483168017
19.2,874.4657617398807
19.4,874.5464127553952
19.6,874.623311296962
19.8,874.6965619779497
20.0,874.7662642407117
20.2,874.832512501626
20.4,874.8953962917086
20.6,874.9550003925963
20.8,875.0114049677134
21.0,875.0646856884647
21.2,875.1149138553112
21.4,875.1621565136093
21.6,875.2064765641081
21.8,875.2479328680196
22.0,875.2865803465863
22.2,875.3224700750897
22.4,875.3556493712501
22.6,875.3861618779837
22.8,875.4140476404857
23.0,875.4393431776253
23.2,875.462081547636
23.4,875.4822924080955
23.6,875.5000020701954
23.8,875.5152335472984
24.0,875.5280065977914
24.2,875.5383377622363
24.4,875.5462403948302
24.6,875.5517246891787
24.8,875.5547976983945
25.0,875.5554633495224
25.2,875.5537224523039
25.4,875.549572702281
25.6,875.5430086782459
25.8,875.5340218340376
26.0,875.5226004846878
26.2,875.508729786915
26.4,875.4923917139648
26.6,875.4735650247989
26.8,875.4522252276239
27.0,875.4283445377671
27.2,875.4018918298898
27.4,875.372832584548
27.6,875.3411288290979
27.8,875.3067390729574
28.0,875.2696182372331
28.2,875.2297175787318
28.4,875.1869846083796
28.6,875.1413630040804
28.8,875.0927925180546
29.0,875.0412088787086
29.2,874.9865436870992
29.4,874.9287243080679
29.6,874.8676737561341
29.8,874.8033105762564
30.0,874.7355487195831
30.2,874.6642974143334
30.4,874.5894610319739
30.6,874.5109389488729
30.8,874.428625403637
31.0,874.3424093503646
31.2,874.2521743080665
31.4,874.1577982065417
31.6,874.0591532290125
31.8,873.9561056518598
32.0,873.8485156818253
32.2,873.7362372910754
32.4,873.619118050556
32.6,873.4969989620954
32.8,873.3697142897415
33.0,873.2370913908576
33.2,873.098950547521
33.4,872.9551047988089
33.6,872.8053597745791
33.8,872.6495135313837
34.0,872.487356391183
34.2,872.3186707835486
34.4,872.1432310920745
34.6,871.9608035057336
34.8,871.7711458759361
35.0,871.5740075800715
35.2,871.3691293923199
35.4,871.1562433625402
35.6,870.9350727040442
35.8,870.7053316910788
36.0,870.4667255668289
36.2,870.2189504627634
36.4,869.961693330129
36.6,869.6946318843942
36.8,869.4174345634215
37.0,869.1297605001345
37.2,868.8312595104119
37.4,868.521572096917
37.6,868.200329469531
37.8,867.867153583019
38.0,867.5216571925142
38.2,867.1634439273491
38.4,866.7921083837097
38.6,866.4072362365287
38.8,866.0084043709633
39.0,865.5951810337347
39.2,865.1671260045302
39.4,864.7237907875915
39.6,864.2647188235208
39.8,863.7894457212609
40.0,863.2974995101046
40.2,862.7884009114977
40.4,862.2616636303085
40.6,861.716794665131
40.8,861.1532946370944
41.0,860.5706581365505
41.2,859.9683740869078
41.4,859.3459261247837
41.6,858.7027929955416
41.8,858.0384489631894
42.0,857.352364233511
42.2,856.6440053892167
42.4,855.9128358358039
42.6,855.1583162567387
42.8,854.3799050764836
43.0,853.5770589298255
43.2,852.7492331358859
43.4,851.8958821751368
43.6,851.0164601676868
43.8,850.1104213510578
44.0,849.1772205556323
44.2,848.2163136759216
44.4,847.2271581357858
44.6,846.2092133457224
44.8,845.1619411503436
45.0,844.0848062641659
45.2,842.9772766938593
45.4,841.8388241451322
45.6,840.6689244124664
45.8,839.4670577499693
46.0,838.232709221672
46.2,836.9653690296726
46.4,835.6645328186045
46.6,834.3297019550038
46.8,832.9603837802481
47.0,831.5560918358493
47.2,830.1163460600002
47.4,828.6406729544012
47.6,827.1286057205275
47.8,825.5796843646324
48.0,823.9934557709306
48.2,822.3694737425549
48.4,820.7072990100316
48.6,819.0064992071774
48.8,817.2666488144804
49.0,815.4873290701868
49.2,813.6681278494762
49.4,811.8086395122665
49.6,809.9084647203488
49.8,807.967210224706
50.0,805.9844886240244
