0.0,778.0445150803929
0.2,779.7844051490143
0.4,781.5427388718108
0.6,783.3204974710825
0.8,785.1173562107743
1.0,786.9317909573715
1.2,788.7612346695937
1.4,790.602271064847
1.6,792.4508507696669
1.8,794.3025147872362
2.0,796.1526110382853
2.2,797.9964918238287
2.4,799.829682976702
2.6,801.6480188145543
2.8,803.4477403828781
3.0,805.2255575391883
3.2,806.9786779244138
3.4,808.7048076479399
3.6,810.4021295385708
3.8,812.0692651367538
4.0,813.7052263424479
4.2,815.3093619447253
4.4,816.8813033104899
4.6,818.4209124550362
4.8,819.928234683024
5.0,821.4034570654484
5.2,822.8468732601715
5.4,824.2588546116003
5.6,825.6398270746139
5.8,826.990253277059
6.0,828.3106189328781
6.2,829.6014228103226
6.4,830.8631695148314
6.6,832.0963644370122
6.8,833.3015103219084
7.0,834.4791050217353
7.2,835.6296400914055
7.4,836.7535999696805
7.6,837.8514615571393
7.8,838.9236940558294
8.0,839.9707589761813
8.2,840.9931102466701
8.4,841.9911943830866
8.6,842.965450689154
8.8,843.9163114703478
9.0,844.8442022495141
9.2,845.7495419772748
9.4,846.6327432330344
9.6,847.4942124141919
9.8,848.3343499122843
10.0,849.1535502754873
10.2,849.9522023573447
10.4,850.7306894518719
10.6,851.4893894153637
10.8,852.2286747753546
11.0,852.9489128272596
11.2,853.650465719282
11.4,854.3336905262129
11.6,854.9989393127694
11.8,855.646559187139
12.0,856.2768923454022
12.2,856.8902761075053
12.4,857.4870429454538
12.6,858.0675205043797
12.8,858.6320316171284
13.0,859.180894312987
13.2,859.7144218211547
13.4,860.2329225695335
13.6,860.7367001793871
13.8,861.2260534563923
14.0,861.7012763785724
14.2,862.1626580815762
14.4,862.6104828417331
14.6,863.0450300572847
14.8,863.4665742281643
15.0,863.8753849346613
15.2,864.2717268152852
15.4,864.655859544108
15.6,865.0280378078406
15.8,865.3885112828726
16.0,865.7375246124768
16.2,866.0753173843589
16.4,866.4021241087083
16.6,866.7181741968851
16.8,867.02369194086
17.0,867.3188964935011
17.2,867.6040018497914
17.4,867.8792168290357
17.6,868.1447450581101
17.8,868.4007849557868
18.0,868.6475297181586
18.2,868.8851673051748
18.4,869.1138804282904
18.6,869.3338465392202
18.8,869.5452378197845
19.0,869.7482211728229
19.2,869.9429582141455
19.4,870.1296052654892
19.6,870.308313348439
19.8,870.4792281792696
20.0,870.6424901646616
20.2,870.7982343982407
20.4,870.9465906578905
20.6,871.0876834037816
20.8,871.2216317770626
21.0,871.348549599159
21.2,871.4685453716204
21.4,871.5817222764618
21.6,871.6881781769418
21.8,871.7880056187214
22.0,871.8812918313515
22.2,871.968118730035
22.4,872.0485629176103
22.6,872.1226956867097
22.8,872.190583022043
23.0,872.2522856027632
23.2,872.3078588048702
23.4,872.3573527036126
23.6,872.4008120758538
23.8,872.4382764023625
24.0,872.4697798700042
24.2,872.4953513737998
24.4,872.5150145188317
24.6,872.5287876219735
24.8,872.5366837134305
25.0,872.5387105380727
25.2,872.5348705565533
25.4,872.5251609462078
25.6,872.509573601728
25.8,872.4880951356151
26.0,872.4607068784162
26.2,872.4273848787523
26.4,872.3880999031509
26.6,872.3428174357002
26.8,872.2914976775425
27.0,872.2340955462307
27.2,872.1705606749762
27.4,872.100837411814
27.6,872.0248648187229
27.8,871.942576670731
28.0,871.8539014550511
28.2,871.7587623702822
28.4,871.6570773257243
28.6,871.5487589408524
28.8,871.4337145449958
29.0,871.311846177276
29.2,871.1830505868522
29.4,871.0472192335287
29.6,870.9042382887777
29.8,870.7539886372332
30.0,870.5963458787089
30.2,870.4311803307972
30.4,870.2583570321012
30.6,870.0777357461554
30.8,869.889170966086
31.0,869.6925119200607
31.2,869.4876025775752
31.4,869.2742816566222
31.6,869.0523826317827
31.8,868.8217337432754
32.0,868.5821580069967
32.2,868.3334732255752
32.4,868.0754920004606
32.6,867.8080217450565
32.8,867.5308646988993
33.0,867.2438179428772
33.2,866.9466734154693
33.4,866.6392179299762
33.6,866.3212331926983
33.8,865.9924958220046
34.0,865.6527773682195
34.2,865.3018443342377
34.4,864.9394581967588
34.6,864.5653754280145
34.8,864.1793475178399
35.0,863.781120995916
35.2,863.3704374539905
35.4,862.947033567854
35.6,862.5106411188258
35.8,862.0609870144735
36.0,861.5977933082619
36.2,861.1207772177955
36.4,860.6296511412914
36.6,860.1241226718824
36.8,859.6038946093202
37.0,859.068664968618
37.2,858.5181269851377
37.4,857.95196911559
37.6,857.3698750343973
37.8,856.7715236248218
38.0,856.1565889642518
38.2,855.5247403029963
38.4,854.8756420359281
38.6,854.2089536662876
38.8,853.5243297609479
39.0,852.8214198964308
39.2,852.0998685949568
39.4,851.3593152498136
39.6,850.5993940393391
39.8,849.8197338288275
40.0,849.0199580596995
40.2,848.1996846253174
40.4,847.358525732884
40.6,846.4960877509515
40.8,845.6119710421937
41.0,844.705769781273
41.2,843.7770717579278
41.4,842.825458165848
41.6,841.8505033786142
41.8,840.8517747151074
42.0,839.8288321985813
42.2,838.781228316423
42.4,837.7085077920067
42.6,836.6102073867752
42.8,835.4858557607721
43.0,834.3349734346751
43.2,833.1570729176831
43.4,831.9516590954096
43.6,830.7182300124853
43.8,829.4562782380488
44.0,828.1652930703789
44.2,826.84476392011
44.4,825.4941853082071
44.6,824.1130640204437
44.8,822.7009290654311
45.0,821.2573451737115
45.2,819.7819306303115
45.4,818.27438022553
45.6,816.734494006866
45.8,815.1622122850968
46.0,813.5576569585771
46.2,811.9211786501425
46.4,810.2534083960259
46.6,808.555311706947
46.8,806.8282417915933
47.0,805.073987682371
47.2,803.2948120585296
47.4,801.4934728763656
47.6,799.6732226564521
47.8,797.8377795997693
48.0,795.9912657264563
48.2,794.1381090042502
48.4,792.2829089186816
48.6,790.4302679873549
48.8,788.5845950829962
49.0,786.7498897621363
49.2,784.92951970299
49.4,783.1260054397055
49.6,781.3408274995379
49.8,779.5742705771224
50.0,777.8253174469667
