0.0,791.5229506043997
0.2,793.6566931172121
0.4,795.7496794999121
0.6,797.8023462968354
0.8,799.8151311094227
1.0,801.7884726297011
1.2,803.722810667316
1.4,805.6185861698777
1.6,807.476241236413
1.8,809.2962191237361
2.0,811.0789642455813
2.2,812.8249221643601
2.4,814.5345395754404
2.6,816.2082642838633
2.8,817.8465451734495
3.0,819.4498321682651
3.2,821.0185761864515
3.4,822.5532290864469
3.6,824.0542436056554
3.8,825.5220732916448
4.0,826.9571724259821
4.2,828.3599959408394
4.4,829.7309993285293
4.6,831.0706385441499
4.8,832.3793699015472
5.0,833.6576499628201
5.2,834.9059354216179
5.4,836.124682980497
5.6,837.314349222627
5.8,838.475390478147
6.0,839.6082626854968
6.2,840.7134212480576
6.4,841.7913208864488
6.6,842.8424154868485
6.8,843.8671579457027
7.0,844.8660000112095
7.2,845.8393921219631
7.4,846.7877832431552
7.6,847.7116207007297
7.8,848.6113500138949
8.0,849.4874147263962
8.2,850.3402562369507
8.4,851.1703136292484
8.6,851.9780235019156
8.8,852.7638197988373
9.0,853.5281336402265
9.2,854.2713931548212
9.4,854.9940233135824
9.6,855.6964457652579
9.8,856.3790786741641
10.0,857.0423365605265
10.2,857.6866301437076
10.4,858.3123661886374
10.6,858.9199473557459
10.8,859.5097720546815
11.0,860.0822343020858
11.2,860.6377235836736
11.4,861.1766247208546
11.6,861.6993177421137
11.8,862.2061777593434
12.0,862.6975748493153
12.2,863.1738739404445
12.4,863.6354347049928
12.6,864.0826114568316
12.8,864.5157530548693
13.0,864.9352028122258
13.2,865.341298411222
13.4,865.7343718242275
13.6,866.114749240399
13.8,866.4827509983165
14.0,866.8386915245098
14.2,867.1828792778509
14.4,867.5156166997699
14.6,867.837200170236
14.8,868.1479199694284
15.0,868.4480602450082
15.2,868.7378989848876
15.4,869.0177079953785
15.6,869.2877528845872
15.8,869.5482930509144
16.0,869.7995816765041
16.2,870.0418657254744
16.4,870.2753859467559
16.6,870.5003768813493
16.8,870.7170668738116
17.0,870.9256780877655
17.2,871.1264265252263
17.4,871.3195220495294
17.6,871.5051684116398
17.8,871.6835632796182
18.0,871.8548982710153
18.2,872.0193589879636
18.4,872.1771250547342
18.6,872.3283701575209
18.8,872.4732620862195
19.0,872.6119627779634
19.2,872.7446283621836
19.4,872.8714092069567
19.6,872.9924499664111
19.8,873.1078896289604
20.0,873.2178615661396
20.2,873.3224935818201
20.4,873.4219079615852
20.6,873.5162215220539
20.8,873.6055456599415
21.0,873.6899864006575
21.2,873.7696444462404
21.4,873.8446152224413
21.6,873.914988924771
21.8,873.9808505633333
22.0,874.0422800062769
22.2,874.0993520217027
22.4,874.1521363178734
22.6,874.2006975815785
22.8,874.2450955145212
23.0,874.2853848675928
23.2,874.3216154729226
23.4,874.3538322735856
23.6,874.3820753508712
23.8,874.4063799490199
24.0,874.4267764973431
24.2,874.4432906296569
24.4,874.4559432009629
24.6,874.4647503013243
24.8,874.4697232668922
25.0,874.4708686880488
25.2,874.4681884146424
25.4,874.4616795583008
25.6,874.451334491817
25.8,874.4371408456142
26.0,874.4190815013042
26.2,874.3971345823651
26.4,874.3712734419721
26.6,874.3414666480277
26.8,874.3076779654434
27.0,874.2698663357406
27.2,874.22798585404
27.4,874.1819857435252
27.6,874.131810327474
27.8,874.0773989989552
28.0,874.018686188306
28.2,873.9556013285061
28.4,873.8880688185795
28.6,873.8160079851598
28.8,873.7393330423638
29.0,873.6579530501283
29.2,873.5717718711701
29.4,873.4806881267382
29.6,873.3845951513343
29.8,873.283380946586
30.0,873.1769281344594
30.2,873.0651139100102
30.4,872.9478099938727
30.6,872.824882584695
30.8,872.696192311732
31.0,872.5615941878133
31.2,872.4209375629065
31.4,872.2740660784997
31.6,872.1208176230303
31.8,871.9610242885914
32.0,871.794512329143
32.2,871.6211021204658
32.4,871.4406081220855
32.6,871.252838841404
32.8,871.0575968002677
33.0,870.8546785042032
33.2,870.6438744145497
33.4,870.4249689237126
33.6,870.1977403337587
33.8,869.961960838571
34.0,869.7173965097751
34.2,869.4638072866401
34.4,869.2009469701546
34.6,868.9285632214684
34.8,868.6463975648795
35.0,868.3541853955442
35.2,868.0516559920665
35.4,867.7385325341253
35.6,867.4145321252757
35.8,867.079365821052
36.0,866.7327386624909
36.2,866.3743497151712
36.4,866.0038921138608
36.6,865.62105311284
36.8,865.2255141419564
37.0,864.8169508684538
37.2,864.3950332645948
37.4,863.959425681084
37.6,863.5097869262809
37.8,863.0457703511685
38.0,862.5670239400345
38.2,862.073190406792
38.4,861.5639072968607
38.6,861.0388070944971
38.8,860.4975173354551
39.0,859.939660724833
39.2,859.364855259944
39.4,858.7727143580342
39.6,858.1628469886465
39.8,857.5348578104149
40.0,856.8883473120577
40.2,856.2229119573163
40.4,855.5381443335729
40.6,854.8336333038641
40.8,854.1089641619924
41.0,853.3637187904208
41.2,852.5974758206264
41.4,851.8098107955732
41.6,851.0002963339521
41.8,850.16850229583
42.0,849.3139959493345
42.2,848.4363421379985
42.4,847.5351034483766
42.6,846.6098403775459
42.8,845.6601115000906
43.0,844.6854736341787
43.2,843.6854820063267
43.4,842.659690414454
43.6,841.6076513888306
43.8,840.5289163505217
44.0,839.4230357669395
44.2,838.2895593041171
44.4,837.12803597533
44.6,835.9380142856952
44.8,834.7190423723918
45.0,833.4706681401583
45.2,832.1924393917351
45.4,830.8839039529336
45.6,829.5446097920342
45.8,828.1741051332285
46.0,826.7719385638408
46.2,825.3376591350846
46.4,823.8708164561324
46.6,822.3709607812941
46.8,820.8376430901287
47.0,819.2704151603315
47.2,817.668829633269
47.4,816.0324400720563
47.6,814.3608010120952
47.8,812.6534680040246
48.0,810.9099976490531
48.2,809.1299476266764
48.4,807.3128767148069
48.6,805.4583448023694
48.8,803.5659128944461
49.0,801.6351431100774
49.2,799.6655986728541
49.4,797.656843894462
49.6,795.6084441513635
49.8,793.5199658548295
50.0,791.3909764145528
