0.0,776.8551042003348
0.2,778.7687880464766
0.4,780.6586851554607
0.6,782.5260359133306
0.8,784.3719343171089
1.0,786.1973271006818
1.2,788.0030146455811
1.4,789.7896536200411
1.6,791.5577612576187
1.8,793.3077211573675
2.0,795.0397904617575
2.2,796.754108246818
2.4,798.4507049417958
2.6,800.1295125832805
2.8,801.790375701366
3.0,803.4330626330011
3.2,805.0572770600556
3.4,806.6626695764928
3.6,808.248849099985
3.8,809.8153939577987
4.0,811.3618624942392
4.2,812.8878030667053
4.4,814.3927633188173
4.6,815.8762986414482
4.8,817.3379797551585
5.0,818.777399369898
5.2,820.194177899326
5.4,821.5879682272316
5.6,822.9584595419072
5.8,824.3053802706089
6.0,825.6285001602298
6.2,826.927631561838
6.4,828.2026299857857
6.6,829.4533940006665
6.8,830.679864553606
7.0,831.8820237913652
7.2,833.0598934617148
7.4,834.2135329727436
7.6,835.3430371844629
7.8,836.4485340025218
8.0,837.5301818383375
8.2,838.5881669937453
8.4,839.6227010216186
8.6,840.6340181070525
8.8,841.6223725068264
9.0,842.5880360781669
9.2,843.5312959214368
9.4,844.4524521554212
9.6,845.3518158384317
9.8,846.2297070435794
10.0,847.0864530922959
10.2,847.9223869465236
10.4,848.7378457569475
10.6,849.5331695621633
10.8,850.3087001317463
11.0,851.0647799447497
11.2,851.8017512941673
11.4,852.5199555072898
11.6,853.2197322716132
11.8,853.9014190559615
12.0,854.5653506167107
12.2,855.2118585794135
12.4,855.8412710866492
12.6,856.4539125035587
12.8,857.0501031732061
13.0,857.6301592146236
13.2,858.1943923571188
13.4,858.7431098051281
13.6,859.2766141285822
13.8,859.795203174388
14.0,860.2991699952307
14.2,860.7888027924423
14.4,861.2643848701765
14.6,861.726194598571
14.8,862.1745053839693
15.0,862.6095856446091
15.2,863.0316987904881
15.4,863.4411032063617
15.6,863.8380522370477
15.8,864.2227941743903
16.0,864.5955722453871
16.2,864.9566246011058
16.4,865.3061843061162
16.6,865.6444793282479
16.8,865.9717325285424
17.0,866.2881616513233
17.2,866.5939793143433
17.4,866.8893929989973
17.6,867.1746050406101
17.8,867.4498126188216
18.0,867.7152077481039
18.2,867.9709772684454
18.4,868.217302836244
18.6,868.4543609154489
18.8,868.6823227689879
19.0,868.9013544505153
19.2,869.1116167965131
19.4,869.3132654187663
19.6,869.5064506972406
19.8,869.6913177733741
20.0,869.8680065437953
20.2,870.0366516544764
20.4,870.1973824953222
20.6,870.3503231951942
20.8,870.4955926173637
21.0,870.6333043553882
21.2,870.763566729394
21.4,870.8864827827572
21.6,871.0021502791622
21.8,871.1106617000215
22.0,871.2121042422378
22.2,871.3065598162865
22.4,871.3941050445983
22.6,871.4748112602215
22.8,871.548744505739
23.0,871.6159655324233
23.2,871.676529799604
23.4,871.7304874742317
23.6,871.7778834306158
23.8,871.8187572503206
24.0,871.8531432222019
24.2,871.8810703425696
24.4,871.9025623154611
24.6,871.9176375530167
24.8,871.9263091759443
25.0,871.9285850140678
25.2,871.9244676069516
25.4,871.9139542045976
25.6,871.8970367682155
25.8,871.873701971062
26.0,871.8439311993567
26.2,871.8077005532755
26.4,871.7649808480293
26.6,871.7157376150368
26.8,871.6599311032013
27.0,871.5975162803039
27.2,871.5284428345257
27.4,871.4526551761161
27.6,871.3700924392213
27.8,871.2806884838923
28.0,871.1843718982894
28.2,871.0810660011042
28.4,870.970688844215
28.6,870.8531532155989
28.8,870.7283666425172
29.0,870.5962313949946
29.2,870.4566444896077
29.4,870.309497693604
29.6,870.1546775293604
29.8,869.9920652791991
30.0,869.8215369905706
30.2,869.6429634816095
30.4,869.4562103470705
30.6,869.261137964644
30.8,869.0576015016486
31.0,868.845450922093
31.2,868.6245309940957
31.4,868.3946812976435
31.6,868.1557362326673
31.8,867.9075250274082
32.0,867.6498717470369
32.2,867.3825953024932
32.4,867.1055094594981
32.6,866.8184228476936
32.8,866.5211389698616
33.0,866.2134562111698
33.2,865.8951678483977
33.4,865.5660620590974
33.6,865.225921930653
33.8,864.8745254692188
34.0,864.5116456085295
34.2,864.1370502186119
34.4,863.7505021144584
34.6,863.3517590647737
34.8,862.9405738009693
35.0,862.5166940266607
35.2,862.0798624280192
35.4,861.6298166854551
35.6,861.1662894872564
35.8,860.689008545985
36.0,860.1976966186483
36.2,859.6920715319133
36.4,859.1718462139237
36.6,858.63672873462
36.8,858.0864223568495
37.0,857.520625600995
37.2,856.9390323263362
37.4,856.3413318329087
37.6,855.7272089882119
37.8,855.0963443837636
38.0,854.4484145271696
38.2,853.783092076088
38.4,853.100046121182
38.6,852.398942525873
38.8,851.6794443313847
39.0,850.9412122361991
39.2,850.1839051595804
39.4,849.4071808992246
39.6,848.6106968933245
39.8,847.7941110973479
40.0,846.9570829855527
40.2,846.0992746866698
40.4,845.220352262194
40.6,844.3199871342975
40.8,843.3978576684609
41.0,842.4536509134534
41.2,841.487064498263
41.4,840.4978086819334
41.6,839.4856085480222
41.8,838.4502063305383
42.0,837.3913638528054
42.2,836.3088650547618
42.4,835.2025185778518
42.6,834.0721603699927
42.8,832.9176562662655
43.0,831.7389044941477
43.2,830.5358380454928
43.4,829.3084268512822
43.6,828.0566796897053
43.8,826.7806457535937
44.0,825.4804157999578
44.2,824.1561228025928
44.4,822.8079420287098
44.6,821.4360904625362
44.8,820.0408255030341
45.0,818.6224428694348
45.2,817.1812736573087
45.4,815.7176804993854
45.6,814.2320527992721
45.8,812.7248010224445
46.0,811.1963500471871
46.2,809.6471315982095
46.4,808.0775758070764
46.6,806.488101965858
46.8,804.8791085629931
47.0,803.250962712629
47.2,801.6039891100288
47.4,799.9384586653157
47.6,798.2545769852057
47.8,796.5524728868116
48.0,794.832187138486
48.2,793.0936616295028
48.4,791.3367291727205
48.6,789.5611041419533
48.8,787.7663741384056
49.0,785.9519928682104
49.2,784.1172743959796
49.4,782.261388917624
49.6,780.3833601699811
49.8,778.4820645655816
50.0,776.5562321089084
