0.0,857.0216990714962
0.2,857.6523541692618
0.4,858.2679139548507
0.6,858.8685906715143
0.8,859.4545968645065
1.0,860.026145355127
1.2,860.5834492118825
1.4,861.126721718743
1.6,861.656176340493
1.8,862.1720266851806
2.0,862.6744864636906
2.2,863.1637694464652
2.4,863.6400894174249
2.6,864.1036601251412
2.8,864.5546952313293
3.0,864.9934082567405
3.2,865.4200125245446
3.4,865.8347211013028
3.6,866.23774673564
3.8,866.6293017947396
4.0,867.0095981987871
4.2,867.3788473535018
4.4,867.7372600809018
4.6,868.0850465484555
4.8,868.4224161967771
5.0,868.7495776660346
5.2,869.066738721237
5.4,869.374106176579
5.6,869.6718858190198
5.8,869.9602823312794
6.0,870.2394992144347
6.2,870.5097387103028
6.4,870.7712017237978
6.6,871.0240877454468
6.8,871.268594774252
7.0,871.5049192410839
7.2,871.7332559327875
7.4,871.9537979171824
7.6,872.1667364691331
7.8,872.372260997862
8.0,872.5705589756745
8.2,872.7618158682577
8.4,872.9462150667108
8.6,873.1239378214582
8.8,873.2951631781901
9.0,873.4600679159668
9.2,873.6188264876171
9.4,873.7716109625537
9.6,873.9185909721157
9.8,874.059933657547
10.0,874.1958036207044
10.2,874.3263628775828
10.4,874.4517708147366
10.6,874.5721841486637
10.8,874.6877568882134
11.0,874.7986403000667
11.2,874.9049828773298
11.4,875.0069303112705
11.6,875.1046254662195
11.8,875.1982083576497
12.0,875.2878161334329
12.2,875.3735830582722
12.4,875.4556405012911
12.6,875.5341169267579
12.8,875.6091378879123
13.0,875.6808260238546
13.2,875.7493010594482
13.4,875.8146798081823
13.6,875.8770761779299
13.8,875.9366011795327
14.0,875.9933629381362
14.2,876.0474667071943
14.4,876.0990148850544
14.6,876.1481070340316
14.8,876.194839901872
15.0,876.2393074455049
15.2,876.2816008569765
15.4,876.3218085914557
15.6,876.3600163971977
15.8,876.3963073473514
16.0,876.43076187349
16.2,876.4634578007456
16.4,876.4944703844252
16.6,876.523872347985
16.8,876.5517339222392
17.0,876.5781228856771
17.2,876.6031046057647
17.4,876.6267420811064
17.6,876.6490959843414
17.8,876.6702247056515
18.0,876.6901843967579
18.2,876.7090290152865
18.4,876.7268103693812
18.6,876.7435781624478
18.8,876.7593800379128
19.0,876.7742616238834
19.2,876.788266577598
19.4,876.8014366295599
19.6,876.8138116272453
19.8,876.8254295782866
20.0,876.8363266930296
20.2,876.8465374263677
20.4,876.856094518761
20.6,876.8650290363495
20.8,876.8733704100747
21.0,876.8811464737253
21.2,876.8883835008284
21.4,876.895106240311
21.6,876.9013379508569
21.8,876.9071004338932
22.0,876.9124140651381
22.2,876.9172978246515
22.4,876.9217693253278
22.6,876.9258448397778
22.8,876.9295393255491
23.0,876.9328664486363
23.2,876.9358386052392
23.4,876.9384669417273
23.6,876.9407613727742
23.8,876.9427305976297
24.0,876.9443821144985
24.2,876.9457222329999
24.4,876.9467560846856
24.6,876.9474876315967
24.8,876.9479196728412
25.0,876.948053849183
25.2,876.9478906456307
25.4,876.9474293920198
25.6,876.9466682615874
25.8,876.9456042675389
26.0,876.9442332576102
26.2,876.9425499066339
26.4,876.9405477071192
26.6,876.9382189578614
26.8,876.9355547505949
27.0,876.9325449547148
27.2,876.9291782000877
27.4,876.9254418579826
27.6,876.92132202015
27.8,876.9168034760867
28.0,876.9118696885228
28.2,876.9065027671727
28.4,876.9006834407973
28.6,876.8943910276228
28.8,876.887603404173
29.0,876.8802969725672
29.2,876.8724466263466
29.4,876.8640257148903
29.6,876.8550060064899
29.8,876.8453576501516
30.0,876.8350491362024
30.2,876.8240472557751
30.4,876.8123170592572
30.6,876.7998218137861
30.8,876.78652295988
31.0,876.7723800672962
31.2,876.7573507902129
31.4,876.74139082183
31.6,876.7244538484957
31.8,876.7064915034572
32.0,876.6874533203475
32.2,876.667286686517
32.4,876.6459367963214
32.6,876.6233466044831
32.8,876.5994567796406
33.0,876.5742056582079
33.2,876.5475291986625
33.4,876.5193609363852
33.6,876.4896319391751
33.8,876.4582707635641
34.0,876.425203412056
34.2,876.390353291415
34.4,876.3536411721294
34.6,876.3149851491756
34.8,876.2743006042058
35.0,876.2315001692829
35.2,876.1864936922842
35.4,876.1391882040941
35.6,876.0894878877026
35.8,876.0372940493249
36.0,875.9825050916537
36.2,875.9250164893534
36.4,875.8647207668997
36.6,875.8015074788655
36.8,875.7352631927488
37.0,875.6658714744332
37.2,875.5932128763651
37.4,875.517164928529
37.6,875.4376021322907
37.8,875.3543959571782
38.0,875.2674148406571
38.2,875.1765241909548
38.4,875.0815863929755
38.6,874.9824608173452
38.8,874.8790038326138
39.0,874.7710688206336
39.2,874.6585061951283
39.4,874.5411634234515
39.6,874.4188850515313
39.8,874.2915127319828
40.0,874.1588852553664
40.2,874.0208385845544
40.4,873.8772058921655
40.6,873.7278176010129
40.8,873.5725014275032
41.0,873.4110824279159
41.2,873.2433830474827
41.4,873.0692231721772
41.6,872.888420183117
41.8,872.7007890134705
42.0,872.5061422077559
42.2,872.3042899834082
42.4,872.0950402944827
42.6,871.8781988973619
42.8,871.6535694183161
43.0,871.4209534227732
43.2,871.1801504861365
43.4,870.9309582659937
43.6,870.6731725755475
43.8,870.4065874581007
44.0,870.1309952624215
44.2,869.8461867188125
44.4,869.5519510157052
44.6,869.2480758766005
44.8,868.9343476371761
45.0,868.6105513223764
45.2,868.2764707233104
45.4,867.9318884737735
45.6,867.5765861262219
45.8,867.2103442270212
46.0,866.8329423908039
46.2,866.4441593737649
46.4,866.04377314574
46.6,865.6315609609056
46.8,865.207299426955
47.0,864.7707645726099
47.2,864.321731913327
47.4,863.85997651508
47.6,863.385273056095
47.8,862.8973958864311
48.0,862.3961190853096
48.2,861.8812165161005
48.4,861.3524618788898
48.6,860.8096287605589
48.8,860.252490682322
49.0,859.6808211446746
49.2,859.094393669722
49.4,858.4929818408664
49.6,857.8763593398423
49.8,857.2442999811061
50.0,856.5965777435911
