0.0,657.0396158846311
0.2,662.1067110628306
0.4,667.0312741169723
0.6,671.8174380676953
0.8,676.469268218716
1.0,680.9907594217666
1.2,685.3858335551696
1.4,689.6583372208688
1.6,693.8120396632426
1.8,697.8506309115289
2.0,701.7777201462146
2.2,705.5968342883141
2.4,709.3114168090881
2.6,712.924826756465
2.8,716.4403379932216
3.0,719.8611386408894
3.2,723.1903307223662
3.4,726.4309299953642
3.6,729.5858659680857
3.8,732.6579820879292
4.0,735.6500360935595
4.2,738.5647005203389
4.4,741.4045633489102
4.6,744.1721287866309
4.8,746.8698181715802
5.0,749.4999709889902
5.2,752.0648459901669
5.4,754.5666224042669
5.6,757.0074012336675
5.8,759.389206624086
6.0,761.7139873010776
6.2,763.9836180650389
6.4,766.1999013373593
6.6,768.3645687508957
6.8,770.479282778464
7.0,772.5456383935557
7.2,774.5651647579818
7.4,776.5393269316081
7.6,778.4695275997802
7.8,780.3571088144325
8.0,782.2033537452285
8.2,784.0094884373946
8.4,785.7766835731818
8.6,787.5060562341138
8.8,789.1986716613748
9.0,790.8555450118384
9.2,792.4776431073548
9.4,794.0658861750018
9.6,795.6211495760642
9.8,797.1442655215433
10.0,798.6360247720193
10.2,800.0971783197003
10.4,801.5284390504919
10.6,802.9304833839163
10.8,804.3039528887188
11.0,805.6494558719924
11.2,806.967568939676
11.4,808.2588385262966
11.6,809.52378239187
11.8,810.7628910839236
12.0,811.9766293626785
12.2,813.1654375875102
12.4,814.329733062913
12.6,815.4699113423167
12.8,816.5863474882347
13.0,817.6793972873801
13.2,818.7493984195479
13.4,819.7966715792381
13.6,820.8215215491821
13.8,821.8242382251251
14.0,822.8050975914192
14.2,823.7643626471772
14.4,824.7022842829444
14.6,825.6191021080396
14.8,826.5150452289149
15.0,827.390332979072
15.2,828.2451756012509
15.4,829.0797748827833
15.6,829.8943247451584
15.8,830.6890117889985
16.0,831.4640157957746
16.2,832.2195101877155
16.4,832.9556624474643
16.6,833.6726344991305
16.8,834.3705830524576
17.0,835.04965991189
17.2,835.7100122523626
17.4,836.3517828636739
17.6,836.9751103653123
17.8,837.5801293936188
18.0,838.1669707631495
18.2,838.7357616040931
18.4,839.2866254775591
18.6,839.8196824705188
18.8,840.3350492721297
19.0,840.8328392331215
19.2,841.3131624098595
19.4,841.7761255946334
19.6,842.2218323336512
19.8,842.6503829341436
20.0,843.0618744619063
20.2,843.456400730533
20.4,843.8340522835124
20.6,844.194916370283
20.8,844.5390769172668
21.0,844.8666144948214
21.2,845.1776062809822
21.4,845.4721260227884
21.6,845.7502439959245
21.8,846.0120269633378
22.0,846.2575381334316
22.2,846.4868371183761
22.4,846.6999798930217
22.6,846.8970187548471
22.8,847.0780022853286
23.0,847.2429753130705
23.2,847.3919788789941
23.4,847.5250502038484
23.6,847.6422226582688
23.8,847.7435257355768
24.0,847.8289850274905
24.2,847.8986222028839
24.4,847.9524549897113
24.6,847.990497160194
24.8,848.0127585193418
25.0,848.0192448968673
25.2,848.0099581425334
25.4,847.9848961249527
25.6,847.9440527338523
25.8,847.8874178857893
26.0,847.8149775332952
26.2,847.726713677409
26.4,847.622604383537
26.6,847.5026238005676
26.8,847.3667421831398
27.0,847.2149259169516
27.2,847.0471375469632
27.4,846.863335808329
27.6,846.6634756598622
27.8,846.4475083198045
28.0,846.2153813036374
28.2,845.9670384636382
28.4,845.7024200298368
28.6,845.4214626519919
28.8,845.124099442149
29.0,844.8102600173004
29.2,844.4798705416023
29.4,844.1328537675533
29.6,843.7691290754731
29.8,843.388612510551
30.0,842.9912168166767
30.2,842.5768514661795
30.4,842.1454226845411
30.6,841.6968334690681
30.8,841.2309836004279
31.0,840.7477696458861
31.2,840.2470849529943
31.4,839.7288196324071
31.6,839.192860528431
31.8,838.6390911758318
32.0,838.067391741362
32.2,837.477638948398
32.4,836.869705983021
32.6,836.2434623798212
32.8,835.5987738856519
33.0,834.9355022995296
33.2,834.2535052868392
33.4,833.5526361659897
33.6,832.8327436656541
33.8,832.0936716507326
34.0,831.335258815196
34.2,830.5573383399968
34.4,829.7597375142807
34.6,828.9422773181886
34.8,828.104771965619
35.0,827.2470284054042
35.2,826.3688457794636
35.4,825.4700148366126
35.6,824.5503173008399
35.8,823.6095251930134
36.0,822.6474001051286
36.2,821.6636924263884
36.4,820.6581405205757
36.6,819.63046985437
36.8,818.5803920764481
37.0,817.5076040474063
37.2,816.411786820736
37.4,815.2926045752833
37.6,814.1497034998133
37.8,812.9827106304896
38.0,811.7912326422583
38.2,810.5748545952948
38.4,809.3331386378319
38.6,808.065622666832
38.8,806.771818948093
39.0,805.4512126974954
39.2,804.1032606251905
39.4,802.7273894446116
39.6,801.3229943482523
39.8,799.889437452201
40.0,798.4260462114528
40.2,796.9321118080405
40.4,795.4068875140329
40.6,793.8495870314473
40.8,792.2593828111258
41.0,790.6354043526145
41.2,788.976736487093
41.4,787.2824176454034
41.6,785.5514381132605
41.8,783.7827382757596
42.0,781.9752068533714
42.2,780.1276791317016
42.4,778.2389351874224
42.6,776.3076981129514
42.8,774.3326322426462
43.0,772.3123413835401
43.2,770.2453670539257
43.4,768.1301867334314
43.6,765.9652121286111
43.8,763.7487874584899
44.0,761.4791877649591
44.2,759.1546172534175
44.4,756.7732076695625
44.6,754.3330167187822
44.8,751.8320265351535
45.0,749.268142207598
45.2,746.6391903712994
45.4,743.9429178730101
45.6,741.1769905193652
45.8,738.3389919177707
46.0,735.42642241982
46.2,732.4366981775105
46.4,729.367150322762
46.6,726.215024280879
46.8,722.9774792286227
47.0,719.6515877074777
47.2,716.2343354024811
47.4,712.7226210966446
47.6,709.1132568105177
47.8,705.4029681358328
48.0,701.5883947714167
48.2,697.6660912686739
48.4,693.6325279929382
48.6,689.4840923058548
48.8,685.2170899727212
49.0,680.8277467973794
49.2,676.3122104858403
49.4,671.6665527383414
49.6,666.8867715680183
49.8,661.9687938428289
50.0,656.9084780458151
