0.0,853.8205978582162
0.2,854.4951142537786
0.4,855.1545568582478
0.6,855.7991323498989
0.8,856.4290473162811
1.0,857.0445082238008
1.2,857.6457213861506
1.4,858.2328929315784
1.6,858.8062287689912
1.8,859.3659345528962
2.0,859.9122156471831
2.2,860.4452770877649
2.4,860.9653235440888
2.6,861.4725592795445
2.8,861.9671881107929
3.0,862.4494133660537
3.2,862.9194378423828
3.4,863.3774637619864
3.6,863.8236927276175
3.8,864.2583256771038
4.0,864.6815628370643
4.2,865.0936036758744
4.4,865.4946468559393
4.6,865.884890185347
4.8,866.264530568965
5.0,866.6337639590596
5.2,866.9927853055071
5.4,867.3417885056806
5.6,867.6809663540882
5.8,868.0105104918482
6.0,868.3306113560811
6.2,868.6414581293087
6.4,868.9432386889396
6.6,869.2361395569345
6.8,869.5203458497342
7.0,869.7960412285386
7.2,870.0634078500242
7.4,870.3226263175861
7.6,870.5738756331912
7.8,870.8173331499247
8.0,871.0531745253177
8.2,871.2815736755324
8.4,871.5027027304892
8.6,871.71673199001
8.8,871.9238298810552
9.0,872.1241629161265
9.2,872.3178956529038
9.4,872.5051906551848
9.6,872.6862084551908
9.8,872.8611075172969
10.0,873.0300442032441
10.2,873.1931727388867
10.4,873.3506451825227
10.6,873.5026113948517
10.8,873.6492190106014
11.0,873.7906134118597
11.2,873.9269377031414
11.4,874.0583326882214
11.6,874.1849368487534
11.8,874.3068863246957
12.0,874.4243148965567
12.2,874.5373539694685
12.4,874.6461325590983
12.6,874.7507772793915
12.8,874.8514123321494
13.0,874.9481594984276
13.2,875.0411381317467
13.4,875.1304651530962
13.6,875.2162550477116
13.8,875.2986198635983
14.0,875.3776692117766
14.2,875.4535102682096
14.4,875.5262477773831
14.6,875.5959840574938
14.8,875.6628190072021
15.0,875.726850113906
15.2,875.7881724634824
15.4,875.846878751444
15.6,875.9030592954582
15.8,875.956802049166
16.0,876.008192617243
16.2,876.05731427164
16.4,876.104247968934
16.6,876.149072368728
16.8,876.1918638530273
17.0,876.2326965465236
17.2,876.2716423377163
17.4,876.3087709007963
17.6,876.3441497182206
17.8,876.3778441039037
18.0,876.4099172269501
18.2,876.4404301358525
18.4,876.469441783082
18.6,876.4970090499937
18.8,876.5231867719735
19.0,876.5480277637497
19.2,876.5715828447964
19.4,876.593900864756
19.6,876.6150287288051
19.8,876.6350114228931
20.0,876.6538920387851
20.2,876.6717117988353
20.4,876.6885100804255
20.6,876.704324440002
20.8,876.7191906366437
21.0,876.7331426551015
21.2,876.7462127282434
21.4,876.7584313588503
21.6,876.7698273407007
21.8,876.7804277788923
22.0,876.790258109347
22.2,876.7993421174468
22.4,876.8077019557546
22.6,876.8153581607729
22.8,876.8223296686986
23.0,876.8286338301309
23.2,876.8342864236987
23.4,876.8393016685669
23.6,876.8436922357961
23.8,876.8474692585193
24.0,876.8506423409144
24.2,876.8532195659478
24.4,876.8552075018662
24.6,876.8566112074215
24.8,876.8574342358139
25.0,876.857678637341
25.2,876.8573449607437
25.4,876.8564322532467
25.6,876.8549380592865
25.8,876.8528584179318
26.0,876.8501878589981
26.2,876.846919397864
26.4,876.8430445289982
26.6,876.8385532182114
26.8,876.8334338936487
27.0,876.8276734355412
27.2,876.821257164739
27.4,876.8141688300502
27.6,876.8063905944157
27.8,876.797903019947
28.0,876.7886850518636
28.2,876.7787140013656
28.4,876.7679655274803
28.6,876.7564136179238
28.8,876.7440305690245
29.0,876.7307869647525
29.2,876.7166516549065
29.4,876.7015917325095
29.6,876.6855725104663
29.8,876.6685574975414
30.0,876.6505083737138
30.2,876.6313849649699
30.4,876.6111452175983
30.6,876.5897451720482
30.8,876.5671389364202
31.0,876.543278659655
31.2,876.5181145044908
31.4,876.4915946202576
31.6,876.4636651155828
31.8,876.4342700310782
32.0,876.4033513120834
32.2,876.3708487815392
32.4,876.3367001130664
32.6,876.3008408043249
32.8,876.2632041507287
33.0,876.2237212195926
33.2,876.1823208247857
33.4,876.1389295019683
33.6,876.0934714844841
33.8,876.0458686799867
34.0,875.9960406478689
34.2,875.9439045775699
34.4,875.889375267832
34.6,875.832365106974
34.8,875.7727840542535
35.0,875.7105396223811
35.2,875.6455368612534
35.4,875.5776783429658
35.6,875.5068641481669
35.8,875.4329918538112
36.0,875.355956522365
36.2,875.275650692519
36.4,875.191964371455
36.6,875.1047850287151
36.8,875.0139975917145
37.0,874.9194844429377
37.2,874.8211254188548
37.4,874.7187978105885
37.6,874.6123763663611
37.8,874.5017332957456
38.0,874.3867382757406
38.2,874.2672584586865
38.4,874.1431584820324
38.6,874.0143004799644
38.8,873.8805440968956
39.0,873.7417465028188
39.2,873.5977624105155
39.4,873.448444094611
39.6,873.2936414124613
39.8,873.133201826854
40.0,872.9669704304982
40.2,872.7947899722777
40.4,872.6165008852346
40.6,872.431941316247
40.8,872.2409471573632
41.0,872.0433520787435
41.2,871.838987563168
41.4,871.6276829420517
41.6,871.4092654329177
41.8,871.1835601782657
42.0,870.9503902857755
42.2,870.7095768697803
42.4,870.4609390939412
42.6,870.204294215052
42.8,869.9394576279029
43.0,869.6662429111263
43.2,869.3844618739472
43.4,869.0939246037609
43.6,868.794439514456
43.8,868.4858133954024
44.0,868.1678514610209
44.2,867.8403574008527
44.4,867.5031334300439
44.6,867.155980340163
44.8,866.7986975502672
45.0,866.431083158137
45.2,866.0529339915947
45.4,865.664045659829
45.6,865.2642126046442
45.8,864.8532281515594
46.0,864.43088456068
46.2,863.9969730772704
46.4,863.5512839819545
46.6,863.0936066404821
46.8,862.6237295529892
47.0,862.1414404026968
47.2,861.6465261039884
47.4,861.1387728498115
47.6,860.6179661583535
47.8,860.0838909189483
48.0,859.5363314371679
48.2,858.9750714790654
48.4,858.3998943145357
48.6,857.810582759766
48.8,857.2069192187529
49.0,856.5886857238696
49.2,855.9556639754682
49.4,855.307635380511
49.6,854.6443810902265
49.8,853.9656820367936
50.0,853.2713189690603
