0.0,756.9950207207422
0.2,759.5189591392879
0.4,761.9864923742687
0.6,764.3994878005695
0.8,766.7597489526066
1.0,769.0690139186981
1.2,771.3289541775952
1.4,773.5411738719648
1.6,775.7072095078108
1.8,777.8285300634124
2.0,779.906537486448
2.2,781.9425675536525
2.4,783.9378910636995
2.6,785.8937153310673
2.8,787.8111859464548
3.0,789.6913887678788
3.2,791.5353521059019
3.4,793.3440490664555
3.6,795.1184000154151
3.8,796.8592751303678
4.0,798.5674970068256
4.2,800.2438432883878
4.4,801.8890492929615
4.6,803.5038106100185
4.8,805.0887856468967
5.0,806.6445981052905
5.2,808.1718393721947
5.4,809.6710708126391
5.6,811.1428259544873
5.8,812.5876125583301
6.0,814.0059145680437
6.2,815.3981939398653
6.4,816.7648923498564
6.6,818.1064327813543
6.8,819.4232209954661
7.0,820.715646888828
7.2,821.9840857437706
7.4,823.2288993766945
7.6,824.450437190904
7.8,825.6490371403979
8.0,826.82502661119
8.2,827.9787232266657
8.4,829.110435583295
8.6,830.220463922746
8.8,831.3091007460936
9.0,832.3766313754267
9.2,833.4233344677322
9.4,834.4494824854949
9.6,835.45534212802
9.8,836.4411747270584
10.0,837.4072366099103
10.2,838.3537794328035
10.4,839.281050486998
10.6,840.1892929797482
10.8,841.0787462919805
11.0,841.9496462142913
11.2,842.802225162662
11.4,843.6367123751022
11.6,844.4533340902834
11.8,845.2523137090953
12.0,846.033871939957
12.2,846.7982269286305
12.4,847.545594373225
12.6,848.276187625026
12.8,848.9902177757518
13.0,849.6878937318108
13.2,850.369422276121
13.4,851.0350081180343
13.6,851.6848539319119
13.8,852.3191603848845
14.0,852.9381261543385
14.2,853.5419479356663
14.4,854.1308204408185
14.6,854.704936388203
14.8,855.2644864844661
15.0,855.8096593987012
15.2,856.3406417296186
15.4,856.8576179662122
15.6,857.3607704424502
15.8,857.8502792865105
16.0,858.3263223650736
16.2,858.7890752231735
16.4,859.2387110200949
16.6,859.6754004617933
16.8,860.0993117302985
17.0,860.5106104105457
17.2,860.9094594150607
17.4,861.2960189069095
17.6,861.6704462213019
17.8,862.0328957862232
18.0,862.3835190424404
18.2,862.7224643632196
18.4,863.0498769740644
18.6,863.3658988727642
18.8,863.6706687500281
19.0,863.9643219109537
19.2,864.2469901975619
19.4,864.5188019126147
19.6,864.7798817449075
19.8,865.0303506962144
20.0,865.2703260100471
20.2,865.4999211023697
20.4,865.7192454943983
20.6,865.928404747598
20.8,866.1275004009784
21.0,866.31662991077
21.2,866.49588659256
21.4,866.6653595659484
21.6,866.825133701776
21.8,866.9752895719696
22.0,867.1159034020371
22.2,867.2470470262422
22.4,867.3687878454755
22.6,867.4811887878394
22.8,867.5843082719555
23.0,867.6782001729962
23.2,867.7629137914471
23.4,867.8384938245944
23.6,867.9049803407344
23.8,867.9624087560998
24.0,868.0108098144951
24.2,868.0502095696348
24.4,868.0806293701739
24.6,868.1020858474263
24.8,868.1145909057612
25.0,868.118151715671
25.2,868.1127707095085
25.4,868.0984455798822
25.6,868.0751692807138
25.8,868.0429300309504
26.0,868.0017113209317
26.2,867.9514919214134
26.4,867.8922458952472
26.6,867.8239426117186
26.8,867.7465467635443
27.0,867.6600183865343
27.2,867.5643128819167
27.4,867.459381041331
27.6,867.3451690744861
27.8,867.2216186394858
28.0,867.0886668758147
28.2,866.9462464399807
28.4,866.7942855438021
28.6,866.6327079953259
28.8,866.4614332423596
29.0,866.2803764185871
29.2,866.0894483922419
29.4,865.8885558172944
29.6,865.6776011871078
29.8,865.4564828905051
30.0,865.2250952701803
30.2,864.9833286833746
30.4,864.7310695647294
30.6,864.4682004912128
30.8,864.1946002490013
31.0,863.910143902188
31.2,863.61470286317
31.4,863.3081449645518
31.6,862.9903345323861
31.8,862.6611324605556
32.0,862.3203962860804
32.2,861.9679802651164
32.4,861.6037354493943
32.6,861.2275097628267
32.8,860.8391480779895
33.0,860.4384922921713
33.2,860.0253814026555
33.4,859.5996515808871
33.6,859.1611362451551
33.8,858.7096661314005
34.0,858.2450693617446
34.2,857.7671715103168
34.4,857.2757956659332
34.6,856.7707624911799
34.8,856.2518902774246
35.0,855.7189949952757
35.2,855.1718903399918
35.4,854.6103877713417
35.6,854.0342965473968
35.8,853.4434237517411
36.0,852.8375743135703
36.2,852.2165510201577
36.4,851.5801545211536
36.6,850.9281833241936
36.8,850.2604337812854
37.0,849.5767000654522
37.2,848.8767741371067
37.4,848.160445699639
37.6,847.4275021436973
37.8,846.6777284796433
38.0,845.9109072576595
38.2,845.126818474978
38.4,844.3252394696877
38.6,843.5059448005532
38.8,842.6687061122502
39.0,841.8132919853799
39.2,840.9394677705644
39.4,840.0469954058557
39.6,839.1356332165952
39.8,838.205135696746
40.0,837.255253270579
40.2,836.2857320334303
40.4,835.2963134700425
40.6,834.2867341487837
40.8,833.2567253897707
41.0,832.2060129046315
41.2,831.1343164053201
41.4,830.0413491790422
41.6,828.9268176259719
41.8,827.7904207560417
42.0,826.6318496406828
42.2,825.4507868149808
42.4,824.2469056253161
42.6,823.0198695171871
42.8,821.7693312575906
43.0,820.4949320860712
43.2,819.1963007883793
43.4,817.8730526866094
43.6,816.524788539769
43.8,815.151093348952
44.0,813.7515350617135
44.2,812.3256631708668
44.4,810.8730072037794
44.6,809.3930750993462
44.8,807.8853514711855
45.0,806.3492957572223
45.2,804.7843402577291
45.4,803.1898880660294
45.6,801.5653108984637
45.8,799.9099468328062
46.0,798.2230979670845
46.2,796.5040280136343
46.4,794.751959846169
46.6,792.9660730205802
46.8,791.1455012930395
47.0,789.2893301616716
47.2,787.3965944605173
47.4,785.4662760366155
47.6,783.4973015427457
47.8,781.4885403795748
48.0,779.438802821595
48.2,777.3468383612668
48.4,775.2113343051202
48.6,773.0309146542271
48.8,770.8041392993852
49.0,768.5295035585948
49.2,766.2054380809627
49.4,763.8303091371026
49.6,761.4024193114726
49.8,758.920008607002
50.0,756.3812559668883
