0.0,861.0664925343715
0.2,861.6409908518668
0.4,862.2001599286144
0.6,862.7442159975316
0.8,863.2733770137783
1.0,863.7878626412806
1.2,864.2878942298469
1.4,864.7736947828524
1.6,865.2454889155156
1.8,865.7035028038288
2.0,866.1479641242577
2.2,866.5791019843638
2.4,866.9971468445449
2.6,867.4023304311374
2.8,867.7948856411565
3.0,868.1750464389941
3.2,868.5430477454266
3.4,868.8991253193245
3.6,869.2435156324798
3.8,869.576455738004
4.0,869.8981831327752
4.2,870.2089356144304
4.4,870.5089511334315
4.6,870.7984676407431
4.8,871.0777229316781
5.0,871.3469544864847
5.2,871.6063993082496
5.4,871.856293758705
5.6,872.0968733925293
5.8,872.3283727907298
6.0,872.5510253936949
6.2,872.7650633344994
6.4,872.9707172730346
6.6,873.1682162315286
6.8,873.3577874320054
7.0,873.5396561362163
7.2,873.7140454885629
7.4,873.8811763625023
7.6,874.0412672109125
7.8,874.1945339208653
8.0,874.3411896732304
8.2,874.4814448075063
8.4,874.6155066922478
8.6,874.7435796014267
8.8,874.8658645970337
9.0,874.9825594181964
9.2,875.0938583770612
9.4,875.1999522616476
9.6,875.3010282458573
9.8,875.3972698067855
10.0,875.4888566494488
10.2,875.5759646390154
10.4,875.6587657405885
10.6,875.7374279665657
10.8,875.8121153315686
11.0,875.8829878149021
11.2,875.9502013304831
11.4,876.0139077041473
11.6,876.0742546582164
11.8,876.1313858031879
12.0,876.1854406363844
12.2,876.2365545473803
12.4,876.2848588300017
12.6,876.330480700682
12.8,876.3735433229342
13.0,876.4141658376917
13.2,876.4524633992512
13.4,876.4885472165465
13.6,876.522524599467
13.8,876.5544990099289
14.0,876.5845701174018
14.2,876.6128338585874
14.4,876.6393825009451
14.6,876.6643047097551
14.8,876.6876856184128
15.0,876.7096069016462
15.2,876.7301468513515
15.4,876.7493804547487
15.6,876.7673794745546
15.8,876.7842125308885
16.0,876.7999451846217
16.2,876.8146400218967
16.4,876.8283567395448
16.6,876.8411522311441
16.8,876.8530806734668
17.0,876.8641936130753
17.2,876.8745400528368
17.4,876.8841665381386
17.6,876.8931172425949
17.8,876.9014340530482
18.0,876.9091566536806
18.2,876.9163226090608
18.4,876.9229674459644
18.6,876.9291247338166
18.8,876.9348261636156
19.0,876.9401016252111
19.2,876.9449792828161
19.4,876.9494856486476
19.6,876.9536456545956
19.8,876.9574827218347
20.0,876.9610188283003
20.2,876.9642745739568
20.4,876.9672692437999
20.6,876.9700208685397
20.8,876.9725462829158
21.0,876.9748611816105
21.2,876.9769801727235
21.4,876.9789168287851
21.6,876.9806837352852
21.8,876.9822925367024
22.0,876.9837539800217
22.2,876.985077955734
22.4,876.9862735363108
22.6,876.9873490121545
22.8,876.988311925024
23.0,876.9891690989391
23.2,876.9899266685675
23.4,876.9905901051
23.6,876.9911642396205
23.8,876.9916532839767
24.0,876.9920608491593
24.2,876.992389961195
24.4,876.9926430745602
24.6,876.9928220831207
24.8,876.9929283286016
25.0,876.9929626065914
25.2,876.9929251700819
25.4,876.9928157305459
25.6,876.9926334565516
25.8,876.9923769699125
26.0,876.9920443393701
26.2,876.9916330718053
26.4,876.9911401009728
26.6,876.9905617737522
26.8,876.9898938339096
27.0,876.9891314033597
27.2,876.9882689609218
27.4,876.9873003185614
27.6,876.986218595106
27.8,876.9850161874301
28.0,876.9836847391001
28.2,876.9822151064731
28.4,876.9805973222454
28.6,876.9788205564461
28.8,876.9768730748767
29.0,876.9747421949986
29.2,876.9724142392735
29.4,876.969874485966
29.6,876.9671071174231
29.8,876.9640951658473
30.0,876.9608204565891
30.2,876.9572635489862
30.4,876.9534036747888
30.6,876.9492186742096
30.8,876.9446849296539
31.0,876.9397772971831
31.2,876.9344690357831
31.4,876.9287317345103
31.6,876.9225352376009
31.8,876.9158475676394
32.0,876.9086348468895
32.2,876.9008612169041
32.4,876.89248875654
32.6,876.883477398515
32.8,876.8737848446552
33.0,876.863366479993
33.2,876.8521752858867
33.4,876.8401617523443
33.6,876.8272737897469
33.8,876.8134566401758
34.0,876.7986527885619
34.2,876.782801873883
34.4,876.7658406006502
34.6,876.7477026509287
34.8,876.7283185971538
35.0,876.707615816008
35.2,876.6855184036351
35.4,876.6619470924746
35.6,876.6368191700063
35.8,876.610048399702
36.0,876.581544944483
36.2,876.5512152929905
36.4,876.5189621889742
36.6,876.484684564107
36.8,876.4482774745375
37.0,876.4096320414828
37.2,876.3686353961706
37.4,876.3251706294258
37.6,876.2791167462003
37.8,876.2303486253288
38.0,876.1787369847909
38.2,876.1241483527447
38.4,876.0664450445871
38.6,876.0054851462819
38.8,875.9411225041794
39.0,875.8732067215354
39.2,875.8015831619201
39.4,875.7260929596813
39.6,875.6465730376125
39.8,875.5628561319463
40.0,875.4747708247716
40.2,875.3821415839468
40.4,875.2847888105553
40.6,875.1825288939161
40.8,875.0751742741419
41.0,874.9625335121973
41.2,874.8444113673863
41.4,874.7206088821625
41.6,874.5909234741275
41.8,874.4551490350457
42.0,874.3130760366785
42.2,874.1644916432028
42.4,874.0091798299524
42.6,873.8469215081842
42.8,873.6774946555487
43.0,873.500674451905
43.2,873.3162334201012
43.4,873.1239415713097
43.6,872.923566554479
43.8,872.7148738094456
44.0,872.4976267232224
44.2,872.2715867889615
44.4,872.0365137670703
44.6,871.7921658479476
44.8,871.5382998157845
45.0,871.2746712128754
45.2,871.0010345038663
45.4,870.7171432393665
45.6,870.4227502183476
45.8,870.1176076487515
46.0,869.8014673057344
46.2,869.4740806869786
46.4,869.1351991645125
46.6,868.7845741324944
46.8,868.421957150426
47.0,868.0471000812838
47.2,867.6597552240743
47.4,867.2596754403452
47.6,866.8466142742077
47.8,866.4203260654577
48.0,865.9805660554115
48.2,865.5270904851066
48.4,865.0596566855555
48.6,864.5780231597732
48.8,864.0819496563432
49.0,863.5711972343249
49.2,863.0455283193476
49.4,862.5047067507796
49.6,861.9484978199048
49.8,861.3766682990831
50.0,860.7889864619161
