0.0,712.3276000981568
0.2,715.5656576659162
0.4,718.7439330175657
0.6,721.8634127347887
0.8,724.9250745556516
1.0,727.9298869725418
1.2,730.8788088470673
1.4,733.7727890424572
1.6,736.6127660739422
1.8,739.3996677775331
2.0,742.134410997558
2.2,744.8179012932576
2.4,747.4510326646779
2.6,750.0346872980394
2.8,752.5697353307044
3.0,755.0570346358011
3.2,757.4974306265117
3.4,759.8917560799679
3.6,762.2408309806474
3.8,764.5454623831085
4.0,766.8064442938494
4.2,769.024557572027
4.4,771.2005698487243
4.6,773.3352354644078
4.8,775.4292954241749
5.0,777.4834773703496
5.2,779.4984955719456
5.4,781.4750509304835
5.6,783.4138310016148
5.8,785.3155100319736
6.0,787.1807490106552
6.2,789.0101957346901
6.4,790.8044848878709
6.6,792.5642381322604
6.8,794.2900642117031
7.0,795.9825590666483
7.2,797.6423059595794
7.4,799.2698756103465
7.6,800.8658263406865
7.8,802.4307042272227
8.0,803.9650432622325
8.2,805.4693655214757
8.4,806.9441813383906
8.6,808.389989483962
8.8,809.8072773515879
9.0,811.1965211462781
9.2,812.5581860775361
9.4,813.8927265552916
9.6,815.2005863882699
9.8,816.482198984205
10.0,817.7379875513241
10.2,818.9683653005537
10.4,820.1737356479216
10.6,821.3544924166537
10.8,822.5110200384885
11.0,823.6436937537605
11.2,824.7528798098275
11.4,825.8389356574426
11.6,826.9022101447052
11.8,827.9430437082423
12.0,828.9617685613044
12.2,829.9587088784878
12.4,830.9341809768157
12.6,831.8884934929429
12.8,832.821947556269
13.0,833.7348369577744
13.2,834.6274483144125
13.4,835.5000612289219
13.6,836.3529484449361
13.8,837.1863759973002
14.0,838.0006033575146
14.2,838.7958835742572
14.4,839.5724634089408
14.6,840.330583466295
14.8,841.0704783199675
15.0,841.7923766331614
15.2,842.4965012743401
15.4,843.1830694280395
15.6,843.8522927008501
15.8,844.504377222631
16.0,845.1395237430412
16.2,845.7579277234721
16.4,846.359779424481
16.6,846.9452639888304
16.8,847.5145615202463
17.0,848.0678471580087
17.2,848.605291147505
17.4,849.1270589068649
17.6,849.6333110898127
17.8,850.124203644868
18.0,850.5998878710285
18.2,851.0605104700737
18.4,851.506213595622
18.6,851.9371348990812
18.8,852.3534075726272
19.0,852.7551603893436
19.2,853.1425177406575
19.4,853.5155996712036
19.6,853.8745219112417
19.8,854.2193959067567
20.0,854.5503288473642
20.2,854.8674236921382
20.4,855.1707791934818
20.6,855.4604899191495
20.8,855.73664627253
21.0,855.9993345112965
21.2,856.2486367645208
21.4,856.4846310483516
21.6,856.7073912803426
21.8,856.9169872925233
22.0,857.1134848432915
22.2,857.2969456282051
22.4,857.46742728975
22.6,857.624983426149
22.8,857.7696635992788
23.0,857.9015133417548
23.2,858.0205741632366
23.4,858.1268835560098
23.6,858.2204749998866
23.8,858.3013779664682
24.0,858.3696179228103
24.2,858.4252163345209
24.4,858.4681906683224
24.6,858.4985543941028
24.8,858.5163169864766
25.0,858.5214839258724
25.2,858.5140566991607
25.4,858.4940327998294
25.6,858.4614057277115
25.8,858.4161649882667
26.0,858.3582960914117
26.2,858.2877805498919
26.4,858.204595877182
26.6,858.1087155849003
26.8,858.000109179715
27.0,857.8787421597185
27.2,857.7445760102408
27.4,857.597568199069
27.6,857.4376721710332
27.8,857.2648373419212
28.0,857.0790090916703
28.2,856.880128756789
28.4,856.6681336219522
28.6,856.4429569107087
28.8,856.2045277752387
29.0,855.9527712850893
29.2,855.6876084148173
29.4,855.4089560304585
29.6,855.1167268747416
29.8,854.8108295509588
30.0,854.4911685054024
30.2,854.1576440082678
30.4,853.8101521329261
30.6,853.448584733458
30.8,853.0728294203409
31.0,852.6827695341773
31.2,852.2782841173446
31.4,851.8592478834505
31.6,851.4255311844653
31.8,850.9769999754076
32.0,850.513515776455
32.2,850.0349356323451
32.4,849.5411120689348
32.6,849.0318930467865
32.8,848.5071219116398
33.0,847.9666373416372
33.2,847.4102732911656
33.4,846.8378589311802
33.6,846.2492185858775
33.8,845.6441716655831
34.0,845.0225325957297
34.2,844.3841107417992
34.4,843.7287103301082
34.6,843.056130364324
34.8,842.3661645375987
35.0,841.6586011402273
35.2,840.9332229627286
35.4,840.1898071942711
35.6,839.4281253163693
35.8,838.6479429917837
36.0,837.8490199485799
36.2,837.0311098593075
36.4,836.1939602152739
36.6,835.33731219591
36.8,834.4609005332342
37.0,833.5644533714408
37.2,832.6476921216605
37.4,831.7103313119541
37.6,830.7520784326273
37.8,829.7726337769698
38.0,828.7716902775488
38.2,827.7489333382076
38.4,826.704040661943
38.6,825.6366820748619
38.8,824.5465193464399
39.0,823.4332060063311
39.2,822.296387158007
39.4,821.1356992895196
39.6,819.9507700817246
39.8,818.7412182143106
40.0,817.5066531700204
40.2,816.2466750374678
40.4,814.960874312984
40.6,813.6488317019512
40.8,812.310117920106
41.0,810.9442934953212
41.2,809.5509085703956
41.4,808.1295027074053
41.6,806.6796046941927
41.8,805.2007323535852
42.0,803.6923923559602
42.2,802.1540800357844
42.4,800.5852792127747
42.6,798.9854620183395
42.8,797.3540887279732
43.0,795.6906076002814
43.2,793.9944547233284
43.4,792.2650538689961
43.6,790.5018163560533
43.8,788.7041409226265
44.0,786.8714136087689
44.2,785.0030076498116
44.4,783.0982833811768
44.6,781.1565881553212
44.8,779.1772562714634
45.0,777.1596089187315
45.2,775.1029541333496
45.4,773.0065867704567
45.6,770.8697884911285
45.8,768.6918277651408
46.0,766.4719598899868
46.2,764.2094270266202
46.4,761.9034582523661
46.6,759.5532696313974
46.8,757.158064303134
47.0,754.71703258888
47.2,752.2293521169637
47.4,749.694187966601
47.6,747.1106928306482
47.8,744.478007197362
48.0,741.7952595512276
48.2,739.0615665928635
48.4,736.2760334779523
48.6,733.437754075091
48.8,730.5458112424005
49.0,727.5992771226656
49.2,724.5972134567303
49.4,721.5386719148058
49.6,718.4226944452938
49.8,715.2483136406701
50.0,712.0145531199155
