0.0,830.1761544292366
0.2,832.0974496305456
0.4,833.9563219840428
0.6,835.7522791636629
0.8,837.4850355611217
1.0,839.1545167107182
1.2,840.7608608599246
1.4,842.3044177221867
1.6,843.7857445019074
1.8,845.205599331804
2.0,846.5649323085017
2.2,847.8648743522903
2.4,849.1067241505638
2.6,850.2919334709426
2.8,851.4220911490431
3.0,852.498906067115
3.2,853.5241894433987
3.4,854.4998367483255
3.6,855.4278095530733
3.8,856.3101175991677
4.0,857.1488013555744
4.2,857.9459153029646
4.4,858.703512154555
4.6,859.4236281901175
4.8,860.1082698454703
5.0,860.7594016649685
5.2,861.3789356901366
5.4,861.9687223244878
5.6,862.5305426834587
5.8,863.0661024098877
6.0,863.5770269100581
6.2,864.0648579433554
6.4,864.5310514802758
6.6,864.9769767289594
6.8,865.4039162195771
7.0,865.8130668286517
7.2,866.2055416215205
7.4,866.5823723903617
7.6,866.9445127671671
7.8,867.2928417953694
8.0,867.6281678501277
8.2,867.9512328051251
8.4,868.2627163527511
8.6,868.5632403943416
8.8,868.8533734273909
9.0,869.1336348670073
9.2,869.4044992490998
9.4,869.6664002726133
9.6,869.9197346474003
9.8,870.1648657228794
10.0,870.4021268803857
10.2,870.6318246790102
10.4,870.8542417507133
10.6,871.0696394455908
10.8,871.2782602323971
11.0,871.4803298628273
11.2,871.6760593106903
11.4,871.8656464990457
11.6,872.0492778296914
11.8,872.2271295301774
12.0,872.3993688338397
12.2,872.5661550082948
12.4,872.7276402474745
12.6,872.8839704416802
12.8,873.0352858393553
13.0,873.1817216133766
13.2,873.3234083436807
13.4,873.4604724270291
13.6,873.593036423684
13.8,873.7212193497685
14.0,873.8451369231093
14.2,873.9649017694519
14.4,874.0806235950824
14.6,874.1924093311084
14.8,874.3003632539373
15.0,874.4045870858557
15.2,874.5051800790352
15.4,874.6022390857956
15.6,874.6958586175111
15.8,874.7861308941622
16.0,874.8731458862127
16.2,874.9569913502016
16.4,875.0377528592059
16.6,875.1155138291223
16.8,875.1903555415523
17.0,875.2623571639257
17.2,875.3315957673831
17.4,875.398146342841
17.6,875.4620818155772
17.8,875.5234730586159
18.0,875.5823889051283
18.2,875.6388961600284
18.4,875.6930596109027
18.6,875.7449420383856
18.8,875.7946042260678
19.0,875.842104970005
19.2,875.8875010878796
19.4,875.9308474278569
19.6,875.9721968771623
19.8,876.0116003704044
20.0,876.0491068976544
20.2,876.0847635122947
20.4,876.118615338638
20.6,876.1507055793202
20.8,876.1810755224622
21.0,876.2097645485994
21.2,876.236810137369
21.4,876.2622478739495
21.6,876.2861114552417
21.8,876.3084326957814
22.0,876.329241533375
22.2,876.348566034442
22.4,876.3664323990582
22.6,876.3828649656855
22.8,876.3978862155757
23.0,876.4115167768405
23.2,876.4237754281737
23.4,876.4346791022165
23.6,876.4442428885568
23.8,876.4524800363517
24.0,876.4594019565662
24.2,876.4650182238204
24.4,876.4693365778368
24.6,876.4723629244845
24.8,876.4741013364134
25.0,876.4745540532762
25.2,876.4737214815333
25.4,876.4716021938415
25.6,876.4681929280237
25.8,876.4634885856215
26.0,876.457482230031
26.2,876.4501650842257
26.4,876.441526528069
26.6,876.4315540952219
26.8,876.4202334696517
27.0,876.407548481747
27.2,876.3934811040483
27.4,876.3780114466017
27.6,876.3611177519459
27.8,876.3427763897417
28.0,876.3229618510547
28.2,876.3016467423031
28.4,876.2788017788828
28.6,876.2543957784803
28.8,876.2283956540876
29.0,876.2007664067297
29.2,876.1714711179192
29.4,876.1404709418489
29.6,876.107725097334
29.8,876.0731908595156
30.0,876.0368235513354
30.2,875.9985765347897
30.4,875.9584012019724
30.6,875.9162469659074
30.8,875.8720612511787
31.0,875.8257894843528
31.2,875.7773750841897
31.4,875.7267594516348
31.6,875.673881959572
31.8,875.6186799423156
32.0,875.5610886848076
32.2,875.5010414114738
32.4,875.438469274678
32.6,875.373301342695
32.8,875.3054645871008
33.0,875.2348838694486
33.2,875.1614819270665
33.4,875.0851793577658
33.6,875.0058946032026
33.8,874.9235439305608
34.0,874.8380414121569
34.2,874.7492989024602
34.4,874.6572260119138
34.6,874.5617300767983
34.8,874.4627161242117
35.0,874.3600868310442
35.2,874.253742475584
35.4,874.1435808801185
35.6,874.0294973425679
35.8,873.9113845548118
36.0,873.7891325049343
36.2,873.6626283601222
36.4,873.5317563263814
36.6,873.3963974806115
36.8,873.2564295698729
37.0,873.1117267719084
37.2,872.9621594101427
37.4,872.8075936154759
37.6,872.6478909262352
37.8,872.482907816657
38.0,872.312495143253
38.2,872.1364974974177
38.4,871.9547524516576
38.6,871.7670896859354
38.8,871.573329979855
39.0,871.373284055811
39.2,871.1667512578767
39.4,870.9535180511381
39.6,870.7333563265051
39.8,870.5060214967947
40.0,870.2712503711793
40.2,870.0287587970058
40.4,869.7782390605721
40.6,869.5193570418099
40.8,869.2517491219714
41.0,868.9750188484489
41.2,868.6887333667523
41.4,868.3924196364685
41.6,868.085560455666
41.8,867.7675903266565
42.0,867.437891205159
42.2,867.0957881846125
42.4,866.740545177448
42.6,866.3713606653527
42.8,865.987363600652
43.0,865.5876095506029
43.2,865.1710771852859
43.4,864.7366652175241
43.6,864.2831899094689
43.8,863.8093832647544
44.0,863.3138920270609
44.2,862.7952776051516
44.4,862.2520170406272
44.6,861.6825051274993
44.8,861.0850577819816
45.0,860.4579167465458
45.2,859.7992556942203
45.4,859.1071877774501
45.6,858.3797746407753
45.8,857.6150368884781
46.0,856.8109659676728
46.2,855.9655373946571
46.4,855.0767252184583
46.6,854.1425175811916
46.8,853.1609332010382
47.0,852.1300385713043
47.2,851.0479656391639
47.4,849.9129297012992
47.6,848.7232472317254
47.8,847.4773533404953
48.0,846.1738185515359
48.2,844.811364584193
48.4,843.3888788266557
48.6,841.9054272005424
48.8,840.3602651346476
49.0,838.7528463919717
49.2,837.0828295272981
49.4,835.3500817921067
49.6,833.5546803486586
49.8,831.6969107046277
50.0,829.7772623324652
