0.0,867.0643272243356
0.2,867.562219876261
0.4,868.0427251186948
0.6,868.5060462513983
0.8,868.9524005133284
1.0,869.3820190890074
1.2,869.7951470203874
1.4,870.192043025308
1.6,870.5729792244568
1.8,870.93824077952
2.0,871.2881254459469
2.2,871.6229430444631
2.4,871.9430148561034
2.6,872.2486729461344
2.8,872.5402594227625
3.0,872.8181256369802
3.2,873.0826313302966
3.4,873.3341437374005
3.6,873.5730366510512
3.8,873.7996894566377
4.0,874.0144861439352
4.2,874.2178143035846
4.4,874.4100641157502
4.6,874.5916273382664
4.8,874.7628963013763
5.0,874.9242629158801
5.2,875.0761177011924
5.4,875.218848839408
5.6,875.3528412610539
5.8,875.4784757677304
6.0,875.5961281963413
6.2,875.7061686290826
6.4,875.8089606528151
6.6,875.9048606708823
6.8,875.9942172698724
7.0,876.0773706432635
7.2,876.1546520733308
7.4,876.2263834721559
7.6,876.292876982061
7.8,876.3544346352801
8.0,876.4113480722264
8.2,876.4638983172599
8.4,876.5123556104675
8.6,876.5569792935962
8.8,876.5980177479559
9.0,876.6357083818187
9.2,876.6702776645998
9.4,876.7019412048985
9.6,876.7309038693163
9.8,876.7573599388425
10.0,876.7814932995169
10.2,876.8034776640297
10.4,876.8234768209018
10.6,876.8416449079142
10.8,876.8581267064994
11.0,876.873057953885
11.2,876.8865656698805
11.4,876.89876849532
11.6,876.9097770393126
11.8,876.9196942326065
12.0,876.9286156845427
12.2,876.93663004125
12.4,876.9438193429141
12.6,876.9502593781468
12.8,876.9560200336675
13.0,876.9611656376994
13.2,876.9657552956714
13.4,876.969843216997
13.6,876.9734790318846
13.8,876.9767080972956
14.0,876.9795717913374
14.2,876.9821077955257
14.4,876.9843503644967
14.6,876.9863305828809
14.8,876.9880766091748
15.0,876.9896139065539
15.2,876.9909654606755
15.4,876.9921519846052
15.6,876.9931921110827
15.8,876.9941025724078
16.0,876.9948983682888
16.2,876.9955929220433
16.4,876.9961982255812
16.6,876.9967249736308
16.8,876.9971826876969
17.0,876.9975798302515
17.2,876.9979239096726
17.4,876.9982215764477
17.6,876.9984787111645
17.8,876.9987005047994
18.0,876.9988915318104
18.2,876.9990558165282
18.4,876.9991968933258
18.6,876.9993178610248
18.8,876.9994214319871
19.0,876.9995099763105
19.2,876.9995855615325
19.4,876.9996499882228
19.6,876.9997048218219
19.8,876.9997514210608
20.0,876.9997909632785
20.2,876.9998244669259
20.4,876.9998528115302
20.6,876.9998767553681
20.8,876.9998969510783
21.0,876.9999139594282
21.2,876.9999282614237
21.4,876.9999402689434
21.6,876.9999503340553
21.8,876.9999587571621
22.0,876.9999657941081
22.2,876.9999716623653
22.4,876.9999765464039
22.6,876.9999806023459
22.8,876.9999839619836
23.0,876.9999867362405
23.2,876.9999890181401
23.4,876.999990885342
23.6,876.9999924022967
23.8,876.9999936220643
24.0,876.9999945878337
24.2,876.9999953341784
24.4,876.9999958880727
24.6,876.999996269695
24.8,876.9999964930323
25.0,876.9999965663033
25.2,876.9999964922075
25.4,876.999996268008
25.6,876.9999958854465
25.8,876.9999953304938
26.0,876.9999945829248
26.2,876.9999936157118
26.4,876.9999923942194
26.6,876.9999908751854
26.8,876.999989005464
27.0,876.9999867205017
27.2,876.9999839425159
27.4,876.9999805783355
27.6,876.9999765168606
27.8,876.9999716260866
28.0,876.9999657496375
28.2,876.9999587027384
28.4,876.9999502675537
28.6,876.9999401878035
28.8,876.9999281625655
29.0,876.9999138391529
29.2,876.99989680495
29.4,876.9998765780753
29.6,876.9998525967223
29.8,876.999824207021
30.0,876.9997906492378
30.2,876.9997510421247
30.4,876.9997043652004
30.6,876.9996494387345
30.8,876.9995849011837
31.0,876.9995091838048
31.2,876.9994204821556
31.4,876.9993167241646
31.6,876.9991955344333
31.8,876.9990541944131
32.0,876.9988895980705
32.2,876.9986982026402
32.4,876.9984759740386
32.6,876.9982183264917
32.8,876.9979200559125
33.0,876.997575266546
33.2,876.9971772903848
33.4,876.9967185988432
33.6,876.9961907061768
33.8,876.9955840641179
34.0,876.9948879472075
34.2,876.9940903283026
34.4,876.993177743748
34.6,876.9921351477245
34.8,876.9909457552991
35.0,876.9895908737433
35.2,876.98804972172
35.4,876.9862992359903
35.6,876.9843138653458
35.8,876.9820653515479
36.0,876.9795224971216
36.2,876.9766509199527
36.4,876.9734127947274
36.6,876.9697665813705
36.8,876.9656667407538
37.0,876.9610634380873
37.2,876.9559022345369
37.4,876.9501237677782
37.6,876.9436634223462
37.8,876.936450990819
38.0,876.9284103270462
38.2,876.9194589928176
38.4,876.9095078995551
38.6,876.8984609467996
38.8,876.8862146594543
39.0,876.8726578259376
39.2,876.8576711395772
39.4,876.8411268457597
39.6,876.8228883975158
39.8,876.8028101223774
40.0,876.7807369034832
40.2,876.7565038780348
40.4,876.7299361563022
40.6,876.7008485644601
40.8,876.6690454145839
41.0,876.6343203051571
41.2,876.5964559554288
41.4,876.5552240769179
41.6,876.510385285272
41.8,876.4616890555764
42.0,876.4088737240387
42.2,876.3516665387829
42.4,876.2897837622357
42.6,876.2229308273135
42.8,876.1508025492842
43.0,876.0730833948277
43.2,875.9894478094069
43.4,875.8995606036375
43.6,875.8030773988663
43.8,875.6996451316852
44.0,875.5889026165787
44.2,875.4704811653735
44.4,875.3440052615999
44.6,875.2090932873206
44.8,875.0653582994175
45.0,874.9124088517733
45.2,874.749849859234
45.4,874.5772834987191
45.6,874.3943101423371
45.8,874.2005293168983
46.0,873.995540683786
46.2,873.7789450327622
46.4,873.5503452829498
46.6,873.3093474839604
46.8,873.0555618099228
47.0,872.7886035390217
47.2,872.5080940110854
47.4,872.213661555757
47.6,871.9049423838638
47.8,871.5815814347536
48.0,871.2432331725936
48.2,870.8895623249426
48.4,870.5202445572857
48.6,870.1349670776735
48.8,869.7334291661383
49.0,869.3153426241364
49.2,868.8804321399151
49.4,868.4284355663925
49.6,867.9591041088771
49.8,867.4722024207266
50.0,866.9675086058398
