0.0,871.386781519429
0.2,871.8527314222451
0.4,872.2927780235173
0.6,872.7071116561339
0.8,873.0960319633956
1.0,873.4599455767694
1.2,873.7993621331485
1.4,874.114888742716
1.6,874.4072230533429
1.8,874.6771450873008
2.0,874.9255080500736
2.2,875.153228328628
2.4,875.3612749072579
2.6,875.55065843301
2.8,875.7224201598609
3.0,875.8776209916977
3.2,876.0173308293607
3.4,876.1426184073438
3.6,876.2545417821605
3.8,876.3541396078705
4.0,876.4424233059049
4.2,876.5203702071498
4.4,876.5889177152764
4.6,876.6489585124185
4.8,876.7013368023249
5.0,876.7468455626769
5.2,876.7862247578836
5.4,876.8201604466825
5.6,876.8492847054634
5.8,876.8741762784422
6.0,876.895361859541
6.2,876.9133179078636
6.4,876.928472898694
6.6,876.9412099146139
6.8,876.9518694862086
7.0,876.9607525984761
7.2,876.9681237870093
7.4,876.9742142568709
7.6,876.979224966416
7.8,876.9833296277801
8.0,876.9866775850276
8.2,876.989396539803
8.4,876.9915951025304
8.6,876.9933651546297
8.8,876.9947840137675
9.0,876.9959163997778
9.2,876.9968162035835
9.4,876.9975280652275
9.6,876.9980887700555
9.8,876.9985284742414
10.0,876.998871772289
10.2,876.9991386199963
10.4,876.9993451266993
10.6,876.9995042305275
10.8,876.9996262699943
11.0,876.9997194645824
11.2,876.9997903161474
11.4,876.999843942014
11.6,876.9998843496263
11.8,876.9999146615863
12.0,876.9999372989
12.2,876.9999541292818
12.4,876.9999665864553
12.6,876.9999757655509
12.8,876.9999824989368
13.0,876.9999874161485
13.2,876.9999909909725
13.4,876.9999935782289
13.6,876.9999954423411
13.8,876.999996779402
14.0,876.9999977341214
14.2,876.9999984127697
14.4,876.9999988930083
14.6,876.999999231316
14.8,876.999999468567
15.0,876.9999996341994
15.2,876.9999997493119
15.4,876.9999998289532
15.6,876.9999998838053
15.8,876.9999999214137
16.0,876.9999999470831
16.2,876.9999999645246
16.4,876.9999999763219
16.6,876.9999999842656
16.8,876.9999999895903
17.0,876.9999999931433
17.2,876.9999999955033
17.4,876.9999999970642
17.6,876.9999999980915
17.8,876.9999999987648
18.0,876.9999999992039
18.2,876.999999999489
18.4,876.9999999996733
18.6,876.9999999997918
18.8,876.9999999998678
19.0,876.9999999999163
19.2,876.999999999947
19.4,876.9999999999666
19.6,876.9999999999787
19.8,876.9999999999866
20.0,876.9999999999914
20.2,876.9999999999945
20.4,876.9999999999966
20.6,876.999999999998
20.8,876.999999999999
21.0,876.9999999999995
21.2,876.9999999999999
21.4,877.0
21.6,877.0
21.8,877.0
22.0,877.0
22.2,877.0
22.4,877.0
22.6,877.0
22.8,877.0
23.0,877.0
23.2,877.0
23.4,877.0
23.6,877.0
23.8,877.0
24.0,877.0
24.2,877.0
24.4,877.0
24.6,877.0
24.8,877.0
25.0,877.0
25.2,877.0
25.4,877.0
25.6,877.0
25.8,877.0
26.0,877.0
26.2,877.0
26.4,877.0
26.6,877.0
26.8,877.0
27.0,877.0
27.2,877.0
27.4,877.0
27.6,877.0
27.8,877.0
28.0,877.0
28.2,877.0
28.4,877.0
28.6,877.0
28.8,876.9999999999999
29.0,876.9999999999995
29.2,876.999999999999
29.4,876.999999999998
29.6,876.9999999999966
29.8,876.9999999999945
30.0,876.9999999999914
30.2,876.9999999999866
30.4,876.9999999999787
30.6,876.9999999999666
30.8,876.999999999947
31.0,876.9999999999163
31.2,876.9999999998678
31.4,876.9999999997918
31.6,876.9999999996733
31.8,876.9999999994889
32.0,876.9999999992035
32.2,876.9999999987643
32.4,876.9999999980909
32.6,876.9999999970631
32.8,876.9999999955021
33.0,876.9999999931413
33.2,876.9999999895872
33.4,876.9999999842609
33.6,876.9999999763148
33.8,876.9999999645138
34.0,876.9999999470668
34.2,876.9999999213893
34.4,876.9999998837683
34.6,876.9999998288976
34.8,876.9999997492287
35.0,876.9999996340757
35.2,876.9999994683835
35.4,876.9999992310446
35.6,876.9999988926088
35.8,876.9999984121838
36.0,876.9999977332659
36.2,876.9999967781578
36.4,876.9999954405392
36.6,876.9999935756302
36.8,876.9999909872402
37.0,876.9999874108096
37.2,876.9999824913311
37.4,876.9999757547604
37.6,876.9999665712091
37.8,876.9999541078275
38.0,876.9999372688329
38.2,876.9999146196196
38.4,876.9998842912873
38.6,876.9998438612427
38.8,876.999790204768
39.0,876.9997193116121
39.2,876.9996260607423
39.4,876.9995039454275
39.6,876.9993447398015
39.8,876.9991380970317
40.0,876.9988710681941
40.2,876.9985275300088
40.4,876.9980875087444
40.6,876.9975263869364
40.8,876.9968139791432
41.0,876.9959134628743
41.2,876.9947801511564
41.4,876.9933600940305
41.6,876.9915884977255
41.8,876.9893879523813
42.0,876.986666462123
42.2,876.9833152750566
42.4,876.9792065154376
42.6,876.9741906258777
42.8,876.9680936339918
43.0,876.9607142653018
43.2,876.9518209324126
43.4,876.9411486393154
43.6,876.9283958489484
43.8,876.9132213716097
44.0,876.8952413411531
44.2,876.8740263547538
44.4,876.8490988599989
44.6,876.8199308797184
44.8,876.7859421698647
45.0,876.7464989084438
45.2,876.7009130135706
45.4,876.64844218579
45.6,876.5882907635774
45.8,876.5196114711839
46.0,876.4415081246349
46.2,876.3530393447616
46.4,876.2532233058148
46.6,876.1410435248439
46.8,876.0154556710917
47.0,875.8753953468421
47.2,875.719786762223
47.4,875.5475521973489
47.6,875.3576221168661
47.8,875.1489457754891
48.0,874.9205021295504
48.2,874.6713108499429
48.4,874.4004432170402
48.6,874.1070326690544
48.8,873.7902847724312
49.0,873.4494863867408
49.2,873.0840138072313
49.4,872.6933396857231
49.6,872.2770385544605
49.8,871.8347908073039
50.0,871.3663850273863
