0.0,772.1244706582467
0.2,774.2111303057021
0.4,776.2627558488053
0.6,778.2803135638025
0.8,780.2647282530895
1.0,782.2168822771134
1.2,784.1376148410324
1.4,786.0277215369783
1.6,787.8879541404042
1.8,789.7190206566887
2.0,791.52158561194
2.2,793.2962705798172
2.4,795.0436549341914
2.6,796.7642768156313
2.8,798.4586342980299
3.0,800.1271867402126
3.2,801.7703563060982
3.4,803.3885296359274
3.6,804.9820596502396
3.8,806.5512674676759
4.0,808.0964444173028
4.2,809.617854126001
4.4,811.1157346615252
4.6,812.5903007121128
4.8,814.041745783997
5.0,815.4702443988298
5.2,816.8759542738487
5.4,818.2590184685957
5.6,819.6195674831041
5.8,820.9577212936845
6.0,822.2735913137547
6.2,823.567282268534
6.4,824.8388939738487
6.6,826.0885230107527
6.8,827.3162642891302
7.0,828.5222124948975
7.2,829.70646341685
7.4,830.8691151505714
7.6,832.0102691781512
7.8,833.1300313236975
8.0,834.2285125857986
8.2,835.3058298491615
8.4,836.3621064786211
8.6,837.3974727995926
8.8,838.4120664697863
9.0,839.4060327476632
9.2,840.3795246636475
9.4,841.3327031005409
9.6,842.265736789913
9.8,843.1788022314682
10.0,844.0720835425182
10.2,844.9457722447319
10.4,845.8000669952914
10.6,846.6351732694712
10.8,847.4513030014718
11.0,848.2486741901001
11.2,849.0275104756007
11.4,849.7880406936081
11.6,850.5304984118243
11.8,851.2551214546369
12.0,851.9621514204835
12.2,852.6518331963434
12.4,853.3244144733194
12.6,853.9801452668382
12.8,854.6192774445889
13.0,855.242064264903
13.2,855.8487599278905
13.4,856.4396191412724
13.6,857.0148967024904
13.8,857.5748470983489
14.0,858.1197241231325
14.2,858.6497805158659
14.4,859.1652676171195
14.6,859.6664350455438
14.8,860.1535303941051
15.0,860.6267989458196
15.2,861.0864834086299
15.4,861.5328236689347
15.6,861.9660565631772
15.8,862.3864156668055
16.0,862.7941310998564
16.2,863.1894293483518
16.4,863.5725331006734
16.6,863.9436610980474
16.8,864.3030279982729
17.0,864.6508442518187
17.2,864.9873159894323
17.4,865.3126449204169
17.6,865.6270282407654
17.8,865.930658550359
18.0,866.2237237784859
18.2,866.5064071169627
18.4,866.7788869601856
18.6,867.0413368514802
18.8,867.2939254351566
19.0,867.5368164137226
19.2,867.7701685097459
19.4,867.9941354318964
19.6,868.2088658447417
19.8,868.414503341901
20.0,868.6111864222031
20.2,868.7990484685253
20.4,868.9782177290185
20.6,869.1488173004602
20.8,869.3109651134985
21.0,869.4647739195744
21.2,869.61035127934
21.4,869.7477995524013
21.6,869.8772158882422
21.8,869.9986922181977
22.0,870.1123152483625
22.2,870.218166453335
22.4,870.3163220707081
22.6,870.4068530962303
22.8,870.4898252795714
23.0,870.5652991206329
23.2,870.6333298663542
23.4,870.6939675079722
23.6,870.7472567786937
23.8,870.7932371517538
24.0,870.8319428388287
24.2,870.8634027887819
24.4,870.8876406867253
24.6,870.904674953379
24.8,870.9145187447156
25.0,870.9171799518816
25.2,870.9126612013868
25.4,870.9009598555556
25.6,870.8820680132425
25.8,870.8559725108038
26.0,870.8226549233359
26.2,870.7820915661777
26.4,870.7342534966875
26.6,870.6791065163042
26.8,870.6166111729037
27.0,870.5467227634671
27.2,870.4693913370809
27.4,870.3845616982924
27.6,870.2921734108472
27.8,870.1921608018453
28.0,870.0844529663499
28.2,869.9689737725026
28.4,869.8456418671906
28.6,869.7143706823337
28.8,869.5750684418606
29.0,869.4276381694589
29.2,869.2719776971902
29.4,869.107979675086
29.6,868.9355315818397
29.8,868.7545157367437
30.0,868.5648093130261
30.2,868.3662843527703
30.4,868.1588077836178
30.6,867.9422414374851
30.8,867.7164420715469
31.0,867.481261391768
31.2,867.236546079302
31.4,866.9821378200992
31.6,866.71787333811
31.8,866.4435844325008
32.0,866.1590980193382
32.2,865.8642361782443
32.4,865.5588162045535
32.6,865.2426506675558
32.8,864.9155474754442
33.0,864.5773099476261
33.2,864.227736895103
33.4,863.8666227096523
33.6,863.4937574625843
33.8,863.1089270138764
34.0,862.7119131325129
34.2,862.3024936288726
34.4,861.8804425000238
34.6,861.4455300887818
34.8,860.997523257378
35.0,860.5361855765684
35.2,860.0612775309705
35.4,859.572556741371
35.6,859.0697782046742
35.8,858.5526945520767
36.0,858.0210563259445
36.2,857.4746122757414
36.4,856.9131096732015
36.6,856.3362946467649
36.8,855.7439125350942
37.0,855.1357082592573
37.2,854.5114267129153
37.4,853.8708131695671
37.6,853.2136137056048
37.8,852.5395756376015
38.0,851.8484479718996
38.2,851.1399818642028
38.4,850.4139310864746
38.6,849.6700524980517
38.8,848.9081065174598
39.0,848.1278575909985
39.2,847.3290746537415
39.4,846.5115315781836
39.6,845.675007605353
39.8,844.8192877528295
40.0,843.9441631937423
40.2,843.0494316004929
40.4,842.134897446666
40.6,841.2003722603505
40.8,840.2456748219184
41.0,839.2706312991936
41.2,838.2750753129052
41.4,837.2588479253685
41.6,836.2217975454618
41.8,835.1637797432007
42.0,834.084656967539
42.2,832.9842981614547
42.4,831.8625782689238
42.6,830.7193776290331
42.8,829.5545812532412
43.0,828.3680779826641
43.2,827.1597595232332
43.4,825.9295193576428
43.6,824.6772515341654
43.8,823.4028493336571
44.0,822.1062038173925
44.2,820.7872022597425
44.4,819.4457264711259
44.6,818.0816510181163
44.8,816.6948413490393
45.0,815.2851518348454
45.2,813.852423736469
45.4,812.3964831112473
45.6,810.9171386722838
45.8,809.4141796158476
46.0,807.8873734330022
46.2,806.3364637226254
46.4,804.7611680238007
46.6,803.1611756862119
46.8,801.5361457976353
47.0,799.8857051878972
47.2,798.2094465287195
47.4,796.5069265487201
47.6,794.7776643824499
47.8,793.021140071738
48.0,791.2367932367873
48.2,789.4240219333949
48.4,787.5821817114094
48.6,785.7105848880532
48.8,783.8085000480753
49.0,781.8751517808579
49.2,779.9097206626077
49.4,777.9113434896409
49.6,775.8791137665353
49.8,773.8120824506254
50.0,771.7092589519492
