0.0,824.4944434880671
0.2,826.3814319464827
0.4,828.2178760091517
0.6,830.0037602813236
0.8,831.7391373387019
1.0,833.4241299925166
1.2,835.0589329468427
1.4,836.6438138400451
1.6,838.1791136694349
1.8,839.6652466053215
2.0,841.1026992075422
2.2,842.4920290641323
2.4,843.8338628779783
2.6,845.1288940329921
2.8,846.3778796764695
3.0,847.5816373587965
3.2,848.741041275495
3.4,849.8570181597045
3.6,850.930542875565
3.8,851.9626337645889
4.0,852.9543477979716
4.2,853.9067755879367
4.4,854.8210363106334
4.6,855.6982725918707
4.8,856.539645405112
5.0,857.346329028728
5.2,858.1195061065846
5.4,858.8603628526799
5.6,859.5700844368263
5.8,860.2498505843722
6.0,860.900831418741
6.2,861.5241835712137
6.4,862.1210465779801
6.6,862.6925395800677
6.8,863.2397583374398
7.0,863.7637725643524
7.2,864.2656235890502
7.4,864.7463223371099
7.6,865.206847634234
7.8,865.6481448211082
8.0,866.0711246700664
8.2,866.4766625907981
8.4,866.8655981101709
8.6,867.2387346094556
8.8,867.5968393008
9.0,867.9406434237219
9.2,868.2708426416452
9.4,868.5880976180738
9.6,868.8930347518796
9.8,869.1862470513154
10.0,869.4682951267606
10.2,869.7397082828131
10.4,870.0009856911314
10.6,870.252597626388
10.8,870.4949867487695
11.0,870.7285694176403
11.2,870.9537370222354
11.4,871.1708573165473
11.6,871.3802757468878
11.8,871.582316761928
12.0,871.7772850963211
12.2,871.965467020282
12.4,872.1471315487115
12.6,872.3225316046131
12.8,872.4919051326347
13.0,872.6554761595785
13.2,872.8134557996447
13.4,872.9660432030158
13.6,873.1134264471438
13.8,873.2557833707592
14.0,873.393282351213
14.2,873.5260830262495
14.4,873.6543369617315
14.6,873.7781882671851
14.8,873.897774161301
15.0,874.0132254897466
15.2,874.1246671977952
15.4,874.2322187603771
15.6,874.3359945722201
15.8,874.4361043007558
16.0,874.5326532044547
16.2,874.6257424192023
16.4,874.7154692152566
16.6,874.8019272272365
16.8,874.8852066594847
17.0,874.9653944690239
17.2,875.0425745282103
17.4,875.1168277690426
17.6,875.188232310963
17.8,875.2568635738439
18.0,875.3227943777264
18.2,875.3860950307454
18.4,875.4468334065515
18.6,875.5050750124196
18.8,875.5608830491248
19.0,875.614318463551
19.2,875.6654399949106
19.4,875.7143042153477
19.6,875.7609655656214
19.8,875.8054763864836
20.0,875.8478869462941
20.2,875.8882454653506
20.4,875.9265981373538
20.6,875.9629891483745
20.8,875.997460693639
21.0,876.0300529924141
21.2,876.0608043012252
21.4,876.0897509256195
21.6,876.1169272306456
21.8,876.1423656502044
22.0,876.1660966953986
22.2,876.188148961989
22.4,876.2085491370519
22.6,876.2273220049137
22.8,876.2444904524278
23.0,876.2600754736487
23.2,876.2740961739482
23.4,876.2865697736107
23.6,876.297511610938
23.8,876.3069351448901
24.0,876.3148519572793
24.2,876.3212717545387
24.4,876.326202369072
24.6,876.3296497602014
24.8,876.3316180147169
25.0,876.3321093470342
25.2,876.3311240989665
25.4,876.3286607391121
25.6,876.3247158618576
25.8,876.3192841859995
26.0,876.3123585529796
26.2,876.3039299247322
26.4,876.2939873811395
26.6,876.2825181170858
26.8,876.2695074391033
27.0,876.2549387615975
27.2,876.2387936026363
27.4,876.2210515792857
27.6,876.201690402467
27.8,876.1806858713084
28.0,876.1580118669543
28.2,876.1336403457917
28.4,876.1075413320398
28.6,876.0796829096429
28.8,876.0500312133912
29.0,876.018550419181
29.2,875.9852027333093
29.4,875.9499483806798
29.6,875.9127455917726
29.8,875.8735505882083
30.0,875.832317566706
30.2,875.7889986812031
30.4,875.7435440228686
30.6,875.6959015976978
30.8,875.646017301335
31.0,875.5938348907116
31.2,875.5392959520361
31.4,875.4823398646032
31.6,875.4229037598243
31.8,875.3609224747976
32.0,875.2963284996605
32.2,875.2290519178672
32.4,875.1590203384426
32.6,875.0861588191578
32.8,875.0103897794579
33.0,874.9316329018566
33.2,874.8498050203924
33.4,874.7648199946094
33.6,874.6765885673968
33.8,874.5850182048894
34.0,874.4900129164985
34.2,874.3914730530138
34.4,874.2892950805909
34.6,874.1833713283215
34.8,874.0735897069812
35.0,873.9598333964541
35.2,873.841980499266
35.4,873.7199036576095
35.6,873.5934696312236
35.8,873.462538833508
36.0,873.3269648233075
36.2,873.1865937498974
36.4,873.0412637488581
36.6,872.8908042867315
36.8,872.7350354526209
37.0,872.5737671952412
37.2,872.4067985043304
37.4,872.2339165358287
37.6,872.0548956807997
37.8,871.869496578724
38.0,871.6774650765379
38.2,871.4785311356131
38.4,871.2724076897892
38.6,871.05878945856
38.8,870.8373517205893
39.0,870.6077490538654
39.2,870.3696140500092
39.4,870.1225560114942
39.6,869.8661596418232
39.8,869.5999837400036
40.0,869.3235599119673
40.2,869.0363913128534
40.4,868.7379514353079
40.6,868.4276829601147
40.8,868.1049966865326
41.0,867.7692705606539
41.2,867.4198488208793
41.4,867.0560412802032
41.6,866.6771227653844
41.8,866.2823327332237
42.0,865.8708750840372
42.2,865.4419181920005
42.4,864.994595171298
42.6,864.5280043959493
42.8,864.0412102897685
43.0,863.5332444011408
43.2,863.0031067751831
43.4,862.4497676333659
43.6,861.8721693678552
43.8,861.2692288546845
44.0,860.639840086408
44.2,859.9828771211714
44.4,859.2971973411795
44.6,858.5816450094043
44.8,857.8350551091079
45.0,857.056257446416
45.2,856.2440809918288
45.4,855.3973584322691
45.6,854.5149309011122
45.8,853.5956528496993
46.0,852.6383970201647
46.2,851.6420594761047
46.4,850.6055646447255
46.6,849.5278703217274
46.8,848.4079725883453
47.0,847.2449105887507
47.2,846.0377711154613
47.4,844.7856929505368
47.6,843.4878709112095
47.8,842.1435595501842
48.0,840.7520764631946
48.2,839.3128051594581
48.4,837.8251974544548
48.6,836.2887753488925
48.8,834.7031323627785
49.0,833.067934299138
49.2,831.3829194180117
49.4,829.6478980078626
49.6,827.8627513483176
49.8,826.0274300651799
50.0,824.1419518857488
