0.0,819.5581340580035
0.2,821.45085399412
0.4,823.2975945077391
0.6,825.0985468688139
0.8,826.853933518154
1.0,828.564009247278
1.2,830.229062162931
1.4,831.8494144311461
1.6,833.4254227976236
1.8,834.957478883118
2.0,836.4460092544148
2.2,837.8914752733415
2.4,839.2943727280707
2.6,840.6552312527068
2.8,841.9746135428004
3.0,843.2531143759717
3.2,844.4913594482532
3.4,845.6900040380425
3.6,846.8497315107082
3.8,847.9712516778801
4.0,849.055299026286
4.2,850.1026308316667
4.4,851.1140251738012
4.6,852.0902788690037
4.8,853.0322053366258
5.0,853.9406324160997
5.2,854.8164001509044
5.4,855.66035855554
5.6,856.473365381147
5.8,857.2562838948406
6.0,858.0099806871306
6.2,858.7353235210021
6.4,859.4331792353375
6.6,860.1044117143824
6.8,860.7498799339206
7.0,861.3704360937295
7.2,861.9669238447539
7.4,862.5401766182807
7.6,863.0910160632367
7.8,863.6202505965567
8.0,864.1286740704348
8.2,864.6170645591341
8.4,865.0861832669558
8.6,865.536773557923
8.8,865.9695601067497
9.0,866.3852481697438
9.2,866.7845229734352
9.4,867.1680492179388
9.6,867.536470691356
9.8,867.8904099908891
10.0,868.2304683457987
10.2,868.5572255368656
10.4,868.8712399066362
10.6,869.1730484544211
10.8,869.4631670097866
11.0,869.7420904781249
11.2,870.0102931517937
11.4,870.268229080307
11.6,870.5163324930825
11.8,870.7550182683567
12.0,870.9846824420197
12.2,871.2057027503096
12.4,871.4184392005351
12.6,871.6232346642614
12.8,871.8204154876782
13.0,872.010292114185
13.2,872.193159714559
13.4,872.3692988204139
13.6,872.5389759570058
13.8,872.7024442718009
14.0,872.8599441555688
14.2,873.0117038531204
14.4,873.157940061147
14.6,873.2988585109513
14.8,873.4346545341843
15.0,873.5655136100017
15.2,873.6916118923468
15.4,873.8131167163386
15.6,873.9301870829951
15.8,874.0429741217545
16.0,874.1516215304772
16.2,874.2562659927994
16.4,874.3570375728868
16.6,874.4540600877947
16.8,874.5474514577742
17.0,874.6373240349853
17.2,874.7237849111799
17.4,874.8069362049999
17.6,874.8868753296108
17.8,874.9636952414429
18.0,875.0374846708546
18.2,875.1083283355678
18.4,875.1763071377392
18.6,875.2414983455445
18.8,875.3039757601533
19.0,875.363809868965
19.2,875.4210679859643
19.4,875.4758143800352
19.6,875.5281103920483
19.8,875.5780145415104
20.0,875.6255826235312
20.2,875.6708677968361
20.4,875.7139206635071
20.6,875.7547893411115
20.8,875.7935195278288
21.0,875.8301545611583
21.2,875.8647354707464
21.4,875.8973010258393
21.6,875.9278877778307
21.8,875.9565300983372
22.0,875.9832602132017
22.2,876.0081082327926
22.4,876.0311021789362
22.6,876.0522680087856
22.8,876.0716296359093
23.0,876.089208948845
23.2,876.105025827351
23.4,876.1190981565532
23.6,876.1314418391695
23.8,876.1420708059705
24.0,876.1509970246135
24.2,876.1582305069718
24.4,876.1637793150599
24.6,876.1676495656407
24.8,876.1698454335832
25.0,876.1703691540215
25.2,876.1692210233592
25.4,876.1663993991353
25.6,876.1619006987671
25.8,876.15571939716
26.0,876.1478480231677
26.2,876.138277154865
26.4,876.1269954135872
26.6,876.1139894566684
26.8,876.0992439687986
27.0,876.0827416519032
27.2,876.0644632134258
27.4,876.0443873528856
27.6,876.02249074655
27.8,875.9987480300534
28.0,875.9731317787603
28.2,875.9456124856563
28.4,875.9161585365199
28.6,875.8847361821055
28.8,875.8513095070363
29.0,875.8158403950802
29.2,875.7782884904495
29.4,875.7386111547338
29.6,875.6967634190397
29.8,875.6526979308815
30.0,875.6063648953271
30.2,875.5577120098703
30.4,875.506684392461
30.6,875.4532245020919
30.8,875.3972720513032
31.0,875.3387639099269
31.2,875.2776339993643
31.4,875.213813176653
31.6,875.1472291075521
31.8,875.0778061278453
32.0,875.0054650920398
32.2,874.9301232086195
32.4,874.8516938609989
32.6,874.7700864133166
32.8,874.6852060002102
33.0,874.5969532997218
33.2,874.5052242885042
33.4,874.4099099785284
33.6,874.3108961345338
33.8,874.2080629715173
34.0,874.1012848316283
34.2,873.9904298399182
34.4,873.8753595384944
34.6,873.7559284987472
34.8,873.6319839114481
35.0,873.5033651546787
35.2,873.3699033397141
35.4,873.2314208351813
35.6,873.087730770022
35.8,872.9386365160184
36.0,872.7839311508939
36.2,872.6233969032629
36.4,872.4568045809909
36.6,872.2839129848284
36.8,872.1044683094935
37.0,871.918203534709
37.2,871.7248378090337
37.4,871.5240758296744
37.6,871.3156072218123
37.8,871.0991059213258
38.0,870.8742295651364
38.2,870.6406188937443
38.4,870.397897170841
38.6,870.1456696251963
38.8,869.8835229203046
39.0,869.6110246575275
39.2,869.3277229186987
39.4,869.0331458543423
39.6,868.7268013237956
39.8,868.4081765936236
40.0,868.0767381007431
40.2,867.7319312866622
40.4,867.3731805091422
40.6,866.9998890374452
40.8,866.6114391370941
41.0,866.207192249773
41.2,865.7864892736148
41.4,865.3486509486617
41.6,864.8929783517449
41.8,864.418753504414
42.0,863.9252400968433
42.2,863.4116843298776
42.4,862.8773158765304
42.6,862.321348963339
42.8,861.7429835710104
43.0,861.1414067527652
43.2,860.5157940677143
43.4,859.865311125502
43.6,859.1891152373078
43.8,858.4863571671618
44.0,857.7561829763717
44.2,856.9977359527235
44.4,856.2101586150042
44.6,855.3925947823151
44.8,854.5441916966198
45.0,853.6641021860103
45.2,852.7514868552947
45.4,851.8055162897201
45.6,850.8253732569652
45.8,849.8102548919695
46.0,848.7593748487341
46.2,847.6719654029303
46.4,846.5472794890056
46.6,845.384592655481
46.8,844.1832049223011
47.0,842.9424425244277
47.2,841.661659526362
47.4,840.3402392929393
47.6,838.9775958025647
47.8,837.5731747900331
48.0,836.1264547072117
48.2,834.6369474911305
48.4,833.1041991304353
48.6,831.5277900226755
48.8,829.907335116528
49.0,828.2424838347722
49.2,826.5329197756183
49.4,824.7783601918275
49.6,822.9785552489337
49.8,821.1332870657644
50.0,819.2423685423217
