0.0,751.1594014493807
0.2,753.4264066853866
0.4,755.6868200094095
0.6,757.9415895317095
0.8,760.1905231654101
1.0,762.4324136287344
1.2,764.6652105553118
1.4,766.8862238352793
1.6,769.0923407551815
1.8,771.2802399407798
2.0,773.4465872931153
2.2,775.5882025834121
2.4,777.7021895516863
2.6,779.7860266347107
2.8,781.8376193062429
3.0,783.8553180660097
3.2,785.8379081604947
3.4,787.7845781281276
3.6,789.6948743462419
3.8,791.5686481238833
4.0,793.4060007822548
4.2,795.2072308385079
4.4,796.9727860662356
4.6,798.7032219984334
4.8,800.3991674557515
5.0,802.0612969592779
5.2,803.6903094151229
5.4,805.2869122023118
5.6,806.8518097070694
5.8,808.3856953743003
6.0,809.8892464449835
6.2,811.363120679636
6.4,812.807954506698
6.6,814.2243621640372
6.8,815.6129355130178
7.0,816.9742442946362
7.2,818.3088366666643
7.4,819.6172399121124
7.6,820.8999612459953
7.8,822.1574886727358
8.0,823.390291863574
8.2,824.5988230345175
8.4,825.7835178125339
8.6,826.9447960822141
8.8,828.083062807966
9.0,829.1987088285687
9.2,830.292111622045
9.4,831.363636039541
9.6,832.4136350074041
9.8,833.4424501970108
10.0,834.4504126621777
10.2,835.4378434442042
10.4,836.4050541447881
10.6,837.3523474672076
10.8,838.2800177262998
11.0,839.1883513278842
11.2,840.0776272183704
11.4,840.9481173053802
11.6,841.8000868502775
11.8,842.6337948335504
12.0,843.44949429404
12.2,844.2474326430324
12.4,845.0278519542563
12.6,845.7909892308386
12.8,846.5370766502695
13.0,847.2663417884335
13.2,847.9790078237414
13.4,848.675293722394
13.6,849.3554144057799
13.8,850.0195809009905
14.0,850.6680004754097
14.2,851.3008767563051
14.4,851.9184098363155
14.6,852.5207963657053
14.8,853.108229632214
15.0,853.6808996293045
15.2,854.2389931135771
15.4,854.7826936520837
15.6,855.3121816602473
15.8,855.8276344310568
16.0,856.3292261561793
16.2,856.8171279396015
16.4,857.2915078043811
16.6,857.7525306930665
16.8,858.2003584623092
17.0,858.6351498721733
17.2,859.0570605706222
17.4,859.4662430736316
17.6,859.8628467413669
17.8,860.2470177508308
18.0,860.6188990653732
18.2,860.9786304014332
18.4,861.3263481928639
18.6,861.6621855531732
18.8,861.9862722359975
19.0,862.2987345941068
19.2,862.5996955372239
19.4,862.8892744889281
19.6,863.167587342895
19.8,863.4347464187122
20.0,863.6908604174974
20.2,863.9360343775322
20.4,864.1703696301109
20.6,864.393963755794
20.8,864.6069105412416
21.0,864.8092999367955
21.2,865.0012180149613
21.4,865.1827469299386
21.6,865.3539648783321
21.8,865.5149460611713
22.0,865.6657606473515
22.2,865.8064747386093
22.4,865.9371503361255
22.6,866.0578453088526
22.8,866.1686133636459
23.0,866.269504017277
23.2,866.3605625703977
23.4,866.441830083517
23.6,866.5133433550461
23.8,866.5751349014623
24.0,866.6272329396322
24.2,866.6696613713361
24.4,866.7024397700205
24.6,866.7255833698081
24.8,866.739103056786
25.0,866.7430053625849
25.2,866.7372924602643
25.4,866.7219621625043
25.6,866.6970079221073
25.8,866.6624188348051
26.0,866.6181796443578
26.2,866.5642707499353
26.4,866.5006682157563
26.6,866.4273437829623
26.8,866.3442648836965
27.0,866.2513946573474
27.2,866.1486919689227
27.4,866.0361114294985
27.6,865.9136034186962
27.8,865.781114109123
28.0,865.6385854927152
28.2,865.4859554089053
28.4,865.3231575745393
28.6,865.150121615453
28.8,864.9667730996159
29.0,864.7730335717381
29.2,864.5688205892311
29.4,864.354047759405
29.6,864.1286247777704
29.8,863.8924574673123
30.0,863.645447818588
30.2,863.387494030491
30.4,863.118490551518
30.6,862.8383281213571
30.8,862.5468938126126
31.0,862.2440710724634
31.2,861.9297397640461
31.4,861.6037762073342
31.6,861.2660532192804
31.8,860.9164401529675
32.0,860.5548029355064
32.2,860.1810041043991
32.4,859.7949028420746
32.6,859.396355008287
32.8,858.9852131700493
33.0,858.5613266287609
33.2,858.1245414441661
33.4,857.6747004547669
33.6,857.2116432942884
33.8,856.7352064037801
34.0,856.245223038915
34.2,855.7415232720207
34.4,855.2239339883621
34.6,854.6922788761664
34.8,854.1463784098574
35.0,853.5860498259419
35.2,853.0111070909625
35.4,852.4213608609055
35.6,851.8166184314231
35.8,851.1966836782011
36.0,850.561356986775
36.2,849.9104351710643
36.4,849.2437113798685
36.6,848.5609749905377
36.8,847.8620114889991
37.0,847.1466023352953
37.2,846.4145248137606
37.4,845.665551866938
37.6,844.899451912313
37.8,844.1159886409228
38.0,843.3149207968792
38.2,842.496001936836
38.4,841.6589801684133
38.6,840.8035978666016
38.8,839.929591367163
39.0,839.0366906360626
39.2,838.1246189139864
39.4,837.1930923350249
39.6,836.2418195186509
39.8,835.2705011341665
40.0,834.2788294368604
40.2,833.2664877751992
40.4,832.2331500684616
40.6,831.178480254346
40.8,830.1021317062007
41.0,829.0037466196786
41.2,827.8829553687992
41.4,826.7393758316055
41.6,825.5726126858747
41.8,824.3822566756899
42.0,823.1678838501608
42.2,821.9290547763061
42.4,820.6653137292051
42.6,819.376187864277
42.8,818.0611863793405
43.0,816.7197996785877
43.2,815.3514985577053
43.4,813.9557334404518
43.6,812.531933713902
43.8,811.0795072347307
44.0,809.5978401153119
44.2,808.0862969494246
44.4,806.5442217063036
44.6,804.9709396112182
44.8,803.3657604412442
45.0,801.7279837933689
45.2,800.0569070198374
45.4,798.3518366562112
45.6,796.6121042649067
45.8,794.8370876445578
46.0,793.0262382677988
46.2,791.1791155561306
46.4,789.2954281318545
46.6,787.3750814685131
46.8,785.418230385094
47.0,783.4253336299499
47.2,781.3972064671847
47.4,779.3350658611375
47.6,777.2405617596775
47.8,775.1157873477684
48.0,772.9632612266098
48.2,770.7858754758458
48.4,768.5868055884014
48.6,766.3693812997041
48.8,764.1369211634675
49.0,761.8925379773812
49.2,759.6389263125822
49.4,757.3781468523293
49.6,755.11142441692
49.8,752.8389769856243
50.0,750.5598914831891
