0.0,793.5961588608342
0.2,795.7080598989821
0.4,797.7791456544088
0.6,799.8098502965016
0.8,801.80060939375
1.0,803.7518599615281
1.2,805.6640405021146
1.4,807.537591036666
1.6,809.3729531288883
1.8,811.1705699001872
2.0,812.9308860361039
2.2,814.6543477838808
2.4,816.3414029410329
2.6,817.9925008348328
2.8,819.6080922926523
3.0,821.1886296031398
3.2,822.7345664682413
3.4,824.2463579461112
3.6,825.7244603849898
3.8,827.1693313481566
4.0,828.581429530103
4.2,829.9612146640973
4.4,831.3091474213438
4.6,832.6256893019721
4.8,833.9113025181136
5.0,835.1664498693568
5.2,836.3915946108905
5.4,837.5872003146753
5.6,838.7537307240008
5.8,839.8916496018094
6.0,841.0014205731859
6.2,842.0835069624287
6.4,843.1383716251365
6.6,844.1664767757526
6.8,845.1682838110289
7.0,846.1442531298725
7.2,847.0948439500512
7.4,848.0205141222409
7.6,848.9217199418958
7.8,849.7989159594338
8.0,850.6525547892181
8.2,851.4830869178281
8.4,852.290960512094
8.6,853.0766212273783
8.8,853.8405120165717
9.0,854.5830729402654
9.2,855.3047409785493
9.4,856.0059498448795
9.6,856.6871298024389
9.8,857.3487074834021
10.0,857.9911057115036
10.2,858.614743328287
10.4,859.2200350233961
10.6,859.8073911692517
10.8,860.3772176604346
11.0,860.9299157580786
11.2,861.465881939553
11.4,861.9855077536926
11.6,862.4891796818122
11.8,862.97727900472
12.0,863.4501816759177
12.2,863.9082582011571
12.4,864.351873524495
12.6,864.7813869209697
12.8,865.1971518959941
13.0,865.599516091542
13.2,865.9888211991773
13.4,866.3654028799583
13.6,866.7295906912236
13.8,867.0817080202459
14.0,867.422072024719
14.2,867.7509935800256
14.4,868.0687772332085
14.6,868.3757211635565
14.8,868.6721171496914
15.0,868.9582505430294
15.2,869.2344002474741
15.4,869.5008387051805
15.6,869.7578318882178
15.8,870.005639295944
16.0,870.2445139578915
16.2,870.4747024419564
16.4,870.6964448676656
16.6,870.9099749242961
16.8,871.1155198936036
17.0,871.3133006769161
17.2,871.5035318263376
17.4,871.6864215798058
17.6,871.8621718997375
17.8,872.0309785149968
18.0,872.1930309659164
18.2,872.3485126520997
18.4,872.4976008827304
18.6,872.6404669291193
18.8,872.7772760792128
19.0,872.9081876937944
19.2,873.03335526411
19.4,873.1529264706498
19.6,873.2670432428251
19.8,873.3758418192815
20.0,873.4794528085934
20.2,873.5780012500915
20.4,873.671606674581
20.6,873.7603831647118
20.8,873.8444394147715
21.0,873.9238787896779
21.2,873.9987993829545
21.4,874.0692940734806
21.6,874.1354505808181
21.8,874.1973515189203
22.0,874.2550744480415
22.2,874.3086919246736
22.4,874.3582715493436
22.6,874.4038760121175
22.8,874.4455631356624
23.0,874.4833859157321
23.2,874.5173925589507
23.4,874.5476265177708
23.6,874.5741265225088
23.8,874.5969266103515
24.0,874.6160561512526
24.2,874.6315398706404
24.4,874.6433978688707
24.6,874.6516456373679
24.8,874.6562940714099
25.0,874.6573494795199
25.2,874.6548135894406
25.4,874.6486835506755
25.6,874.6389519335943
25.8,874.625606725104
26.0,874.6086313209089
26.2,874.5880045143784
26.4,874.5637004820647
26.6,874.5356887659158
26.8,874.5039342522406
27.0,874.4683971474944
27.2,874.4290329509618
27.4,874.3857924244263
27.6,874.3386215589222
27.8,874.2874615386784
28.0,874.2322487023705
28.2,874.1729145018102
28.4,874.1093854582057
28.6,874.0415831161437
28.8,873.9694239954457
29.0,873.8928195410649
29.2,873.8116760711964
29.4,873.7258947237851
29.6,873.6353714016207
29.8,873.5399967162191
30.0,873.4396559306995
30.2,873.3342289018686
30.4,873.2235900217374
30.6,873.1076081586965
30.8,872.9861465985878
31.0,872.8590629859118
31.2,872.7262092654186
31.4,872.5874316243343
31.6,872.4425704354786
31.8,872.2914602015347
32.0,872.1339295007328
32.2,871.9698009342162
32.4,871.7988910753554
32.6,871.6210104212812
32.8,871.4359633469039
33.0,871.2435480616914
33.2,871.0435565694695
33.4,870.8357746315154
33.6,870.6199817332039
33.8,870.3959510544667
34.0,870.1634494443201
34.2,869.922237399711
34.4,869.6720690489193
34.6,869.4126921397586
34.8,869.1438480327959
35.0,868.8652716998085
35.2,868.5766917276893
35.4,868.2778303279874
35.6,867.9684033522747
35.8,867.6481203135033
36.0,867.3166844135102
36.2,866.9737925768097
36.4,866.6191354907967
36.6,866.2523976524673
36.8,865.8732574217489
37.0,865.4813870815061
37.2,865.0764529042764
37.4,864.6581152257679
37.6,864.2260285251274
37.8,863.7798415119698
38.0,863.3191972201378
38.2,862.8437331081358
38.4,862.3530811661641
38.6,861.8468680296519
38.8,861.3247150991681
39.0,860.7862386665655
39.2,860.2310500471906
39.4,859.6587557179655
39.6,859.0689574611324
39.8,858.4612525134213
40.0,857.8352337203848
40.2,857.1904896956197
40.4,856.5266049845736
40.6,855.8431602326178
40.8,855.1397323570435
41.0,854.4158947226236
41.2,853.6712173203625
41.4,852.9052669490393
41.6,852.1176073991373
41.8,851.307799638735
42.0,850.4754020009218
42.2,849.619970372292
42.4,848.7410583820597
42.6,847.8382175913266
42.8,846.9109976820316
43.0,845.9589466451038
43.2,844.9816109673382
43.4,843.9785358165118
43.6,842.9492652242552
43.8,841.8933422662041
44.0,840.8103092389514
44.2,839.699707833332
44.4,838.561079303577
44.6,837.393964631886
44.8,836.197904687977
45.0,834.9724403831875
45.2,833.717112818715
45.4,832.4314634276027
45.6,831.1150341100963
45.8,829.7673673620161
46.0,828.3880063958136
46.2,826.9764952540024
46.4,825.5323789146836
46.6,824.0552033889047
46.8,822.5445158096273
47.0,820.9998645121028
47.2,819.4207991054857
47.4,817.8068705355471
47.6,816.1576311383812
47.8,814.4726346850312
48.0,812.7514364169907
48.2,810.9935930725765
48.4,809.1986629041938
48.6,807.3662056865574
48.8,805.4957827159548
49.0,803.586956800685
49.2,801.6392922428253
49.4,799.6523548115193
49.6,797.625711708011
49.8,795.5589315226747
50.0,793.4515841843283
