0.0,775.5040987945325
0.2,777.9279537810633
0.4,780.3014995648246
0.6,782.6256908277625
0.8,784.9014681003625
1.0,787.1297571254286
1.2,789.3114682914741
1.4,791.4474961373982
1.6,793.5387189294776
1.8,795.5859983110759
2.0,797.5901790248444
2.2,799.5520887065892
2.4,801.4725377493918
2.6,803.3523192360306
2.8,805.1922089372365
3.0,806.9929653728551
3.2,808.7553299325633
3.4,810.4800270524318
3.6,812.1677644433033
3.8,813.8192333667082
4.0,815.4351089538353
4.2,817.016050562937
4.4,818.5627021704582
4.6,820.0756927911484
4.8,821.5556369224379
5.0,823.0031350084231
5.2,824.4187739189234
5.4,825.8031274392267
5.6,827.1567567663313
5.8,828.4802110077158
6.0,829.7740276789203
6.2,831.0387331964957
6.4,832.2748433631649
6.6,833.4828638423464
6.8,834.663290619499
7.0,835.8166104480582
7.2,836.9433012780498
7.4,838.0438326657727
7.6,839.1186661632389
7.8,840.1682556863532
8.0,841.19304786108
8.2,842.1934823471108
8.4,843.1699921387788
8.6,844.1230038431906
8.8,845.0529379357463
9.0,845.9602089933928
9.2,846.8452259061227
9.4,847.7083920673593
9.6,848.5501055439919
9.8,849.3707592269194
10.0,850.1707409630425
10.2,850.9504336697007
10.4,851.7102154325979
10.6,852.4504595882904
10.8,853.1715347923201
11.0,853.8738050740872
11.2,854.5576298795394
11.4,855.2233641027414
11.6,855.8713581073612
11.8,856.5019577390748
12.0,857.1155043298525
12.2,857.7123346950461
12.4,858.2927811241495
12.6,858.8571713660539
12.8,859.405828609569
13.0,859.9390714599286
13.2,860.4572139119477
13.4,860.9605653204434
13.6,861.4494303684854
13.8,861.9241090339899
14.0,862.384896555122
14.2,862.8320833949304
14.4,863.2659552055867
14.6,863.6867927925724
14.8,864.0948720791052
15.0,864.4904640710687
15.2,864.8738348226726
15.4,865.2452454030396
15.6,865.6049518638866
15.8,865.95320520844
16.0,866.2902513617016
16.2,866.6163311421602
16.4,866.9316802350197
16.6,867.2365291670018
16.8,867.5311032827592
17.0,867.8156227229232
17.2,868.0903024037968
17.4,868.3553519986881
17.6,868.6109759208717
17.8,868.8573733081571
18.0,869.0947380090275
18.2,869.3232585703142
18.4,869.5431182263587
18.6,869.7544948896101
18.8,869.9575611426021
19.0,870.1524842312472
19.2,870.3394260593852
19.4,870.5185431845151
19.6,870.6899868146427
19.8,870.8539028061704
20.0,871.0104316627547
20.2,871.1597085350589
20.4,871.3018632213223
20.6,871.4370201686727
20.8,871.5652984751063
21.0,871.6868118920585
21.2,871.8016688274946
21.4,871.9099723494435
21.6,872.0118201899071
21.8,872.1073047490714
22.0,872.1965130997563
22.2,872.2795269920337
22.4,872.3564228579547
22.6,872.427271816324
22.8,872.4921396774636
23.0,872.5510869479128
23.2,872.6041688350127
23.4,872.651435251327
23.6,872.6929308188568
23.8,872.7286948730068
24.0,872.7587614662694
24.2,872.7831593715907
24.4,872.8019120853934
24.6,872.8150378302295
24.8,872.8225495570455
25.0,872.8244549470419
25.2,872.8207564131174
25.4,872.8114511008895
25.6,872.7965308892911
25.8,872.7759823907406
26.0,872.7497869508969
26.2,872.7179206480062
26.4,872.6803542918565
26.6,872.6370534223593
26.8,872.5879783077813
27.0,872.5330839426545
27.2,872.4723200453952
27.4,872.4056310556682
27.6,872.3329561315348
27.8,872.2542291464291
28.0,872.1693786860079
28.2,872.0783280449242
28.4,871.9809952235793
28.6,871.8772929249086
28.8,871.7671285512594
29.0,871.6504042014253
29.2,871.5270166679003
29.4,871.396857434417
29.6,871.2598126738422
29.8,871.1157632464963
30.0,870.9645846989689
30.2,870.8061472635053
30.4,870.6403158580363
30.6,870.4669500869229
30.8,870.2859042424967
31.0,870.0970273074619
31.2,869.900162958239
31.4,869.6951495693188
31.6,869.4818202186965
31.8,869.260002694459
32.0,869.029519502586
32.2,868.7901878760312
32.4,868.5418197851412
32.6,868.284221949467
32.8,868.0171958510159
33.0,867.7405377489893
33.2,867.4540386960397
33.4,867.1574845560777
33.6,866.8506560236453
33.8,866.5333286448665
34.0,866.2052728399718
34.2,865.8662539273819
34.4,865.5160321493191
34.6,865.1543626989042
34.8,864.7809957486714
35.0,864.3956764804225
35.2,863.9981451163131
35.4,863.5881369510454
35.6,863.1653823850108
35.8,862.7296069582044
36.0,862.2805313846936
36.2,861.8178715874001
36.4,861.3413387329088
36.6,860.8506392659864
36.8,860.345474943447
37.0,859.8255428669584
37.2,859.290535514339
37.4,858.7401407688453
37.6,858.1740419458973
37.8,857.5919178166394
38.0,856.9934426276786
38.2,856.3782861162882
38.4,855.7461135203056
38.6,855.0965855819018
38.8,854.4293585443452
39.0,853.7440841408242
39.2,853.0404095743487
39.4,852.3179774877021
39.6,851.5764259223722
39.8,850.815388265356
40.0,850.0344931827061
40.2,849.233364538665
40.4,848.4116212992262
40.6,847.568877418967
40.8,846.7047417100111
41.0,845.8188176920142
41.2,844.9107034221114
41.4,843.9799913038353
41.6,843.0262678740969
41.8,842.0491135674276
42.0,841.0481024568081
42.2,840.0228019705598
42.4,838.9727725849469
42.6,837.8975674923267
42.8,836.7967322449102
43.0,835.6698043744269
43.2,834.5163129882487
43.4,833.3357783428086
43.6,832.127711395441
43.8,830.891613336088
44.0,829.6269751006301
44.2,828.3332768679411
44.4,827.0099875430957
44.6,825.6565642295034
44.8,824.272451693071
45.0,822.8570818218259
45.2,821.409873084743
45.4,819.9302299938151
45.6,818.4175425736707
45.8,816.8711858432915
46.0,815.2905193145813
46.2,813.6748865127068
46.4,812.0236145232542
46.6,810.3360135713118
46.8,808.6113766376169
47.0,806.8489791168619
47.2,805.0480785231618
47.4,803.2079142475322
47.6,801.327707372004
47.8,799.4066605447292
48.0,797.4439579200864
48.2,795.4387651674041
48.4,793.3902295514596
48.6,791.2974800874105
48.8,789.1596277722612
49.0,786.9757658943763
49.2,784.7449704219201
49.4,782.4663004704477
49.6,780.138798849197
49.8,777.7614926849461
50.0,775.3333941216039
