0.0,874.9477558083464
0.2,875.5355095058463
0.4,876.1003902420607
0.6,876.6425255730594
0.8,877.1620856921212
1.0,877.6592833039945
1.2,878.1343731512121
1.4,878.5876512008543
1.6,879.0194535041082
1.8,879.4301547447191
2.0,879.820166495879
2.2,880.1899352082193
2.4,880.539939954316
2.6,880.8706899574421
2.8,881.1827219341817
3.0,881.4765972819381
3.2,881.7528991433178
3.4,882.0122293798327
3.6,882.2552054873703
3.8,882.4824574854282
4.0,882.6946248112276
4.2,882.8923532485435
4.4,883.0762919194439
4.6,883.2470903651722
4.8,883.4053957401669
5.0,883.5518501407465
5.2,883.6870880873506
5.4,883.8117341764587
5.6,883.9264009154685
5.8,884.0316867509512
6.0,884.1281742978512
6.2,884.2164287744267
6.4,884.2969966450496
6.6,884.3704044704497
6.8,884.4371579626365
7.0,884.4977412395632
7.2,884.5526162726568
7.4,884.6022225186332
7.6,884.6469767255433
7.8,884.6872729017823
8.0,884.7234824358252
8.2,884.7559543537193
8.4,884.78501570088
8.6,884.8109720344593
8.8,884.8341080125016
9.0,884.8546880662271
9.2,884.8729571420861
9.4,884.8891415006774
9.6,884.90344956021
9.8,884.9160727728715
10.0,884.9271865232512
10.2,884.9369510388024
10.4,884.9455123032249
10.6,884.9530029645631
10.8,884.959543230743
11.0,884.965241746201
11.2,884.9701964441593
11.4,884.9744953699783
11.6,884.9782174718539
11.8,884.9814333559167
12.0,884.9842060035186
12.2,884.9865914491697
12.4,884.9886394181988
12.6,884.9903939237563
12.8,884.9918938232676
13.0,884.9931733348577
13.2,884.9942625146327
13.4,884.9951876959999
13.6,884.9959718924569
13.8,884.9966351654692
14.0,884.9971949592037
14.2,884.9976664039887
14.4,884.998062590432
14.6,884.9983948161663
14.8,884.9986728071808
15.0,884.9989049156853
15.2,884.9990982964019
15.4,884.9992590631152
15.6,884.9993924272419
15.8,884.9995028200906
16.0,884.9995940003877
16.2,884.9996691485496
16.4,884.9997309490793
16.6,884.9997816623605
16.8,884.9998231870246
17.0,884.9998571139648
17.2,884.999884772978
17.4,884.9999072729195
17.6,884.9999255361721
17.8,884.9999403281491
18.0,884.9999522824738
18.2,884.9999619224056
18.4,884.9999696790227
18.6,884.9999759066073
18.8,884.9999808956276
19.0,884.9999848836596
19.2,884.999988064554
19.4,884.9999905961041
19.6,884.9999926064465
19.8,884.9999941993858
20.0,884.9999954588144
20.2,884.9999964523712
20.4,884.9999972344598
20.6,884.9999978487349
20.8,884.9999983301427
21.0,884.9999987065913
21.2,884.9999990003158
21.4,884.999999228989
21.6,884.9999994066243
21.8,884.9999995443067
22.0,884.9999996507847
22.2,884.9999997329454
22.4,884.9999997961977
22.6,884.9999998447794
22.8,884.9999998820019
23.0,884.999999910446
23.2,884.9999999321176
23.4,884.9999999485701
23.6,884.9999999610019
23.8,884.9999999703326
24.0,884.999999977263
24.2,884.9999999823202
24.4,884.9999999858942
24.6,884.9999999882631
24.8,884.9999999896131
25.0,884.999999990051
25.2,884.9999999896114
25.4,884.9999999882594
25.6,884.9999999858883
25.8,884.9999999823117
26.0,884.9999999772509
26.2,884.999999970316
26.4,884.9999999609793
26.6,884.9999999485395
26.8,884.9999999320764
27.0,884.9999999103908
27.2,884.9999998819277
27.4,884.9999998446804
27.6,884.9999997960658
27.8,884.99999973277
28.0,884.999999650552
28.2,884.9999995439986
28.4,884.999999406217
28.6,884.9999992284518
28.8,884.9999989996086
29.0,884.999998705662
29.2,884.999998328924
29.4,884.9999978471402
29.6,884.9999972323774
29.8,884.9999964496574
30.0,884.9999954552849
30.2,884.9999941948047
30.4,884.9999926005128
30.6,884.9999905884339
30.8,884.9999880546591
31.0,884.9999848709207
31.2,884.9999808792601
31.4,884.9999758856201
31.6,884.9999696521653
31.8,884.9999618881053
32.0,884.9999522387557
32.2,884.9999402725384
32.4,884.9999254655747
32.6,884.9999071834752
32.8,884.9998846598802
33.0,884.9998569712418
33.2,884.9998230072724
33.4,884.9997814364193
33.6,884.9997306656395
33.8,884.9996687936778
34.0,884.9995935569534
34.2,884.9995022670773
34.4,884.999391738918
34.6,884.999258208043
34.8,884.9990972362518
35.0,884.998903603822
35.2,884.9986711869813
35.4,884.9983928190236
35.6,884.9980601333904
35.8,884.99766338695
36.0,884.997191261634
36.2,884.996630642525
36.4,884.9959663704406
36.6,884.9951809670383
36.8,884.9942543304627
37.0,884.9931633995838
37.2,884.9918817849411
37.4,884.9903793646104
37.6,884.9886218433451
37.8,884.98657027355
38.0,884.9841805368725
38.2,884.981402785509
38.4,884.9781808426676
38.6,884.9744515620594
38.8,884.9701441467602
39.0,884.9651794283417
39.2,884.9594691077704
39.4,884.9529149602517
39.6,884.9454080069265
39.8,884.9368276571098
40.0,884.9270408256019
40.2,884.915901030473
40.4,884.9032474776288
40.6,884.8889041393898
40.8,884.8726788352452
41.0,884.8543623238623
41.2,884.8337274163224
41.4,884.8105281213994
41.6,884.7844988344813
41.8,884.7553535824197
42.0,884.722785337188
42.2,884.6864654116781
42.4,884.6460429512744
42.6,884.6011445349801
42.8,884.5513738998152
43.0,884.4963118019423
43.2,884.4355160274969
43.4,884.3685215653762
43.6,884.2948409532819
43.8,884.2139648071055
44.0,884.1253625422858
44.2,884.0284832940732
44.4,883.9227570417041
44.6,883.8075959393346
44.8,883.6823958542426
45.0,883.5465381102789
45.2,883.3993914318945
45.4,883.2403140812974
45.6,883.068656178462
45.8,882.8837621908572
46.0,882.6849735769265
46.2,882.471631564598
46.4,882.243080043466
46.6,881.9986685468275
46.8,881.7377552975272
47.0,881.4597102895978
47.2,881.1639183760514
47.4,880.849782331889
47.6,880.5167258605186
47.8,880.1641965113143
48.0,879.7916684760446
48.2,879.3986452323574
48.4,878.9846620034477
48.6,878.5492880044368
48.8,878.0921284478616
49.0,877.6128262829858
49.2,877.1110636463645
49.4,876.5865630042035
49.6,876.0390879704835
49.8,875.4684437885452
50.0,874.8744774677684
