0.0,876.275322706949
0.2,876.8594251334703
0.4,877.4176622327894
0.6,877.9501505487069
0.8,878.4570774121573
1.0,878.938700337482
1.2,879.3953456912805
1.4,879.8274066611095
1.6,880.2353405618793
1.8,880.619665527495
2.0,880.9809566439351
2.2,881.3198415873488
2.4,881.6369958368052
2.6,881.9331375359011
2.8,882.2090220805162
3.0,882.4654365115475
3.2,882.7031937914908
3.4,882.9231270423362
3.6,883.1260838194602
3.8,883.3129204921909
4.0,883.4844967966033
4.2,883.6416706200483
4.4,883.7852930701077
4.6,883.9162038732734
4.8,884.0352271408784
5.0,884.1431675318278
5.2,884.2408068336842
5.4,884.3289009758213
5.6,884.4081774808074
5.8,884.4793333530939
6.0,884.5430333975212
6.2,884.5999089542652
6.4,884.6505570316675
6.6,884.6955398139754
6.8,884.7353845174035
7.0,884.7705835651052
7.2,884.8015950496077
7.4,884.8288434499752
7.6,884.8527205703906
7.8,884.8735866669133
8.0,884.8917717298212
8.2,884.9075768901027
8.4,884.9212759202476
8.6,884.9331168014245
8.8,884.9433233313334
9.0,884.9520967494248
9.2,884.959617358694
9.4,884.9660461258449
9.6,884.9715262441867
9.8,884.976184646152
10.0,884.9801334547486
10.2,884.9834713655443
10.4,884.986284952913
10.6,884.9886498962107
10.8,884.9906321232999
11.0,884.9922888703848
11.2,884.9936696584525
11.4,884.9948171877573
11.6,884.9957681527223
11.8,884.9965539803934
12.0,884.997201496165
12.2,884.9977335209323
12.4,884.9981694041142
12.6,884.9985254971624
12.8,884.9988155722398
13.0,884.9990511907208
13.2,884.9992420260727
13.4,884.9993961455167
13.6,884.9995202546652
13.8,884.9996199090928
14.0,884.9996996965402
14.2,884.999763393175
14.4,884.9998140970521
14.6,884.9998543416385
14.8,884.9998861919945
15.0,884.9999113259347
15.2,884.9999311022465
15.4,884.9999466178072
15.6,884.9999587552207
15.8,884.9999682223961
16.0,884.999975585304
16.2,884.9999812949894
16.4,884.9999857097586
16.6,884.9999891133392
16.8,884.9999917296876
17.0,884.9999937350174
17.2,884.999995267537
17.4,884.9999964353024
17.6,884.9999973225276
17.8,884.9999979946373
18.0,884.9999985022984
18.2,884.9999988846248
18.4,884.9999991717169
18.6,884.9999993866652
18.8,884.9999995471268
19.0,884.9999996665623
19.2,884.9999997552004
19.4,884.9999998207893
19.6,884.9999998691802
19.8,884.9999999047777
20.0,884.9999999308873
20.2,884.9999999499813
20.4,884.999999963904
20.6,884.999999974026
20.8,884.9999999813631
21.0,884.9999999866661
21.2,884.9999999904875
21.4,884.999999993233
21.6,884.9999999951999
21.8,884.9999999966049
22.0,884.9999999976055
22.2,884.999999998316
22.4,884.999999998819
22.6,884.9999999991741
22.8,884.9999999994238
23.0,884.9999999995991
23.2,884.9999999997217
23.4,884.9999999998071
23.6,884.9999999998663
23.8,884.9999999999072
24.0,884.9999999999353
24.2,884.9999999999543
24.4,884.9999999999669
24.6,884.9999999999746
24.8,884.999999999979
25.0,884.9999999999804
25.2,884.999999999979
25.4,884.9999999999746
25.6,884.9999999999669
25.8,884.9999999999543
26.0,884.9999999999353
26.2,884.9999999999072
26.4,884.9999999998662
26.6,884.999999999807
26.8,884.9999999997215
27.0,884.9999999995989
27.2,884.9999999994236
27.4,884.9999999991736
27.6,884.9999999988186
27.8,884.9999999983154
28.0,884.9999999976046
28.2,884.9999999966037
28.4,884.9999999951982
28.6,884.9999999932305
28.8,884.9999999904837
29.0,884.9999999866606
29.2,884.9999999813554
29.4,884.9999999740148
29.6,884.9999999638883
29.8,884.9999999499591
30.0,884.9999999308559
30.2,884.9999999047336
30.4,884.9999998691181
30.6,884.9999998207027
30.8,884.9999997550799
31.0,884.9999996663952
31.2,884.9999995468957
31.4,884.9999993863464
31.6,884.9999991712788
31.8,884.9999988840242
32.0,884.9999985014771
32.2,884.9999979935175
32.4,884.9999973210048
32.6,884.9999964332375
32.8,884.9999952647443
33.0,884.9999937312508
33.2,884.9999917246215
33.4,884.9999891065435
33.6,884.999985700667
33.8,884.9999812828592
34.0,884.9999755691625
34.2,884.9999682009741
34.4,884.9999587268667
34.6,884.9999465803771
34.8,884.9999310529663
35.0,884.9999112612246
35.2,884.9998861072474
35.4,884.9998542309423
35.6,884.9998139528415
35.8,884.9997632057955
36.0,884.9996994537057
36.2,884.9996195952123
36.4,884.9995198500086
36.6,884.999395625185
36.8,884.9992413587311
37.0,884.9990503370441
37.2,884.9988144830108
37.4,884.9985241109541
37.6,884.9981676444709
37.8,884.9977312929544
38.0,884.9971986823821
38.2,884.9965504357936
38.4,884.9957636987834
38.6,884.9948116053014
38.8,884.993662679118
39.0,884.9922801664798
39.2,884.9906212957673
39.4,884.9886364603962
39.6,884.9862683217881
39.8,884.983450829989
40.0,884.9801081604502
40.2,884.9761535666233
40.4,884.9714881493472
40.6,884.9659995455502
40.8,884.9595605405304
41.0,884.95202761002
41.2,884.9432394003582
41.4,884.9330151573914
41.6,884.9211531171306
41.8,884.9074288737261
42.0,884.8915937428884
42.2,884.8733731414678
42.4,884.8524650064247
42.6,884.8285382788296
42.8,884.801231480738
43.0,884.7701514147277
43.2,884.7348720174774
43.4,884.6949333999353
43.6,884.649841107283
43.8,884.5990656319873
44.0,884.5420422126641
44.2,884.4781709502137
44.4,884.4068172706656
44.6,884.3273127613724
44.8,884.2389564035904
45.0,884.1410162200978
45.2,884.0327313513453
45.4,883.9133145677579
45.6,883.7819552192827
45.8,883.6378226162029
46.0,883.4800698277188
46.2,883.3078378769742
46.4,883.120260303233
46.6,882.9164680539585
46.8,882.6955946617874
47.0,882.4567816540156
47.2,882.199184135414
47.4,881.921976479145
47.6,881.6243580554426
47.8,881.3055589237028
48.0,880.9648454108586
48.2,880.6015254974905
48.4,880.2149539331587
48.6,879.8045370039658
48.8,879.3697368784184
49.0,878.9100754622091
49.2,878.4251376985575
49.4,877.9145742581157
49.6,877.3781035710379
49.8,876.8155131634878
50.0,876.2266602713911
