0.0,781.1228708683501
0.2,783.5568374929973
0.4,785.939961674934
0.6,788.2733447777639
0.8,790.5580651278734
1.0,792.7951770590624
1.2,794.9857101022848
1.4,797.1306683228156
1.6,799.2310298055169
1.8,801.2877462872656
2.0,803.3017429340503
2.2,805.2739182587775
2.4,807.2051441744559
2.6,809.0962661761813
2.8,810.9481036442367
3.0,812.7614502596656
3.2,814.5370745228753
3.4,816.2757203651989
3.6,817.978107842877
3.8,819.6449339026259
4.0,821.2768732078234
4.2,822.8745790143668
4.4,824.4386840854228
4.6,825.9698016345953
4.8,827.468526287458
5.0,828.9354350519243
5.2,830.3710882885532
5.4,831.7760306725712
5.6,833.1507921401433
5.8,834.4958888122087
6.0,835.811823890013
6.2,837.0990885172768
6.4,838.3581626047635
6.6,839.5895156137989
6.8,840.7936072960608
7.0,841.9708883876858
7.2,843.1218012564204
7.4,844.2467805011703
7.6,845.3462535038738
7.8,846.4206409341364
8.0,847.4703572075099
8.2,848.4958108986891
8.4,849.4974051112242
8.6,850.4755378056121
8.8,851.430602087846
9.0,852.362986460655
9.2,853.2730750397812
9.4,854.161247737704
9.6,855.0278804172508
9.8,855.873345017526
10.0,856.6980096545541
10.2,857.5022386989656
10.4,858.2863928329832
10.6,859.0508290888555
10.8,859.795900870783
11.0,860.5219579622589
11.2,861.2293465206199
11.4,861.9184090604804
11.6,862.5894844275872
11.8,863.2429077645104
12.0,863.8790104694606
12.2,864.498120149402
12.4,865.1005605685192
12.6,865.6866515929861
12.8,866.2567091328838
13.0,866.8110450820234
13.2,867.34996725634
13.4,867.8737793314447
13.6,868.3827807798489
13.8,868.8772668083113
14.0,869.357528295693
14.2,869.823851731656
14.4,870.2765191564932
14.6,870.7158081023294
14.8,871.1419915358993
15.0,871.5553378030712
15.2,871.9561105752585
15.4,872.3445687978253
15.6,872.7209666405806
15.8,873.0855534504244
16.0,873.4385737061949
16.2,873.7802669757485
16.4,874.1108678752888
16.6,874.4306060309488
16.8,874.7397060426189
17.0,875.0383874500011
17.2,875.326864700863
17.4,875.6053471214562
17.6,875.8740388890559
17.8,876.1331390065715
18.0,876.3828412791763
18.2,876.623334292892
18.4,876.8548013950666
18.6,877.0774206766763
18.8,877.2913649563791
19.0,877.496801766245
19.2,877.6938933390871
19.4,877.8827965973119
19.6,878.0636631432087
19.8,878.2366392505971
20.0,878.4018658577464
20.2,878.5594785614846
20.4,878.7096076124144
20.6,878.8523779111487
20.8,878.9879090054856
21.0,879.1163150884374
21.2,879.237704997035
21.4,879.3521822118238
21.6,879.4598448569749
21.8,879.5607857009365
22.0,879.6550921575459
22.2,879.7428462875353
22.4,879.8241248003599
22.6,879.8989990562823
22.8,879.9675350686495
23.0,880.0297935063046
23.2,880.0858296960741
23.4,880.1356936252821
23.6,880.1794299442392
23.8,880.2170779686651
24.0,880.2486716820019
24.2,880.2742397375844
24.4,880.2938054606345
24.6,880.3073868500555
24.8,880.3149965800001
25.0,880.3166420011989
25.2,880.3123251420353
25.4,880.3020427093566
25.6,880.2857860890231
25.8,880.2635413461935
26.0,880.2352892253548
26.2,880.2010051501072
26.4,880.1606592227223
26.6,880.1142162234939
26.8,880.0616356099079
27.0,880.0028715156604
27.2,879.9378727495624
27.4,879.8665827943644
27.6,879.7889398055493
27.8,879.7048766101392
28.0,879.6143207055659
28.2,879.5171942586635
28.4,879.4134141048387
28.6,879.3028917474817
28.8,879.1855333576844
29.0,879.0612397743324
29.2,878.9299065046407
29.4,878.7914237252097
29.6,878.6456762836739
29.8,878.4925437010219
30.0,878.3319001746671
30.2,878.1636145823495
30.4,877.9875504869485
30.6,877.8035661422921
30.8,877.6115145000425
31.0,877.4112432177433
31.2,877.2025946681075
31.4,876.9854059496342
31.6,876.7595088986291
31.8,876.5247301027122
32.0,876.2808909158914
32.2,876.0278074752761
32.4,875.7652907195062
32.6,875.4931464089668
32.8,875.2111751478554
33.0,874.9191724081667
33.2,874.6169285556516
33.4,874.3042288778079
33.6,873.9808536139458
33.8,873.6465779873752
34.0,873.3011722397454
34.2,872.9444016675667
34.4,872.5760266609268
34.6,872.1958027444133
34.8,871.8034806202339
35.0,871.3988062135186
35.2,870.9815207197681
35.4,870.551360654402
35.6,870.108057904335
35.8,869.6513397814928
36.0,869.1809290781516
36.2,868.6965441239619
36.4,868.1978988444797
36.6,867.684702821002
36.8,867.1566613514561
37.0,866.6134755120534
37.2,866.0548422193683
37.4,865.4804542924459
37.6,864.8900005144834
37.8,864.2831656935625
38.0,863.6596307218344
38.2,863.0190726324796
38.4,862.3611646536762
38.6,861.6855762587109
38.8,860.9919732112719
39.0,860.2800176048437
39.2,859.549367895015
39.4,858.7996789233868
39.6,858.0306019316382
39.8,857.2417845641857
40.0,856.4328708577323
40.2,855.6035012158775
40.4,854.7533123668309
40.6,853.8819373021493
40.8,852.9890051943039
41.0,852.0741412907882
41.2,851.1369667823874
41.4,850.1770986431726
41.6,849.1941494397441
41.8,848.187727107241
42.0,847.1574346896612
42.2,846.1028700421072
42.4,845.0236254926845
42.6,843.9192874619389
42.8,842.7894360379412
43.0,841.633644505395
43.2,840.4514788274806
43.4,839.2424970795425
43.6,838.0062488341849
43.8,836.7422744978652
44.0,835.4501045996559
44.2,834.129259033489
44.4,832.7792462558893
44.6,831.3995624419515
44.8,829.9896906030913
45.0,828.5490996709195
45.2,827.0772435524146
45.4,825.5735601624054
45.6,824.0374704402051
45.8,822.4683773580382
46.0,820.8656649296689
46.2,819.2286972283371
46.4,817.556817423749
46.6,815.8493468484007
46.8,814.1055841039502
47.0,812.3248042186547
47.2,810.5062578670713
47.4,808.6491706632297
47.6,806.7527425383544
47.8,804.8161472139082
48.0,802.838531780252
48.2,800.8190163905701
48.4,798.7566940788932
48.6,796.6506307100722
48.8,794.4998650684195
49.0,792.3034090904644
49.2,790.0602482458626
49.4,787.7693420690019
49.6,785.4296248422518
49.8,783.0400064301624
50.0,780.5993732622384
