0.0,783.7085763012541
0.2,786.0842688200973
0.4,788.4104384494243
0.6,790.6882500906696
0.8,792.9188356135978
1.0,795.1032926782532
1.2,797.2426838401965
1.4,799.3380359391739
1.6,801.3903397670327
1.8,803.4005500065905
2.0,805.3695854293591
2.2,807.2983293366224
2.4,809.1876302254041
2.6,811.0383026584118
2.8,812.8511283151246
3.0,814.6268571998239
3.2,816.3662089815567
3.4,818.069874440734
3.6,819.7385169973022
3.8,821.3727742961167
4.0,822.973259826251
4.2,824.5405645524403
4.4,826.0752585386165
4.6,827.5778925454628
4.8,829.0489995860638
5.0,830.4890964259502
5.2,831.8986850161081
5.4,833.2782538497621
5.6,834.6282792359075
5.8,835.9492264846243
6.0,837.2415510011099
6.2,838.5056992870983
6.4,839.7421098498739
6.6,840.9512140204198
6.8,842.1334366833745
7.0,843.2891969223901
7.2,844.4189085852144
7.4,845.522980773361
7.6,846.6018182616042
7.8,847.6558218527514
8.0,848.6853886732359
8.2,849.6909124150372
8.4,850.6727835293165
8.6,851.6313893769517
8.8,852.5671143408978
9.0,853.4803399049906
9.2,854.3714447034884
9.4,855.2408045452919
9.6,856.0887924164363
9.8,856.9157784640951
10.0,857.7221299650021
10.2,858.5082112808743
10.4,859.2743838031134
10.6,860.021005888789
10.8,860.7484327896464
11.0,861.4570165756528
11.2,862.1471060543851
11.4,862.8190466873818
11.6,863.4731805044175
11.8,864.1098460165152
12.0,864.7293781283902
12.2,865.3321080509138
12.4,865.9183632140911
12.6,866.4884671809707
12.8,867.042739562839
13.0,867.5814959359927
13.2,868.1050477603378
13.4,868.6137023000185
13.6,869.107762546253
13.8,869.5875271425136
14.0,870.0532903121708
14.2,870.505341788696
14.4,870.9439667484997
14.6,871.369445746465
14.8,871.7820546542214
15.0,872.1820646011912
15.2,872.5697419184293
15.4,872.9453480852661
15.6,873.3091396787527
15.8,873.6613683258995
16.0,874.0022806586903
16.2,874.3321182718468
16.4,874.651117683309
16.6,874.9595102973923
16.8,875.2575223705744
17.0,875.5453749798583
17.2,875.8232839936536
17.4,876.0914600451106
17.6,876.3501085078391
17.8,876.5994294739374
18.0,876.8396177342519
18.2,877.0708627607877
18.4,877.2933486911814
18.6,877.5072543151487
18.8,877.7127530628137
19.0,877.9100129948273
19.2,878.0991967941746
19.4,878.2804617595775
19.6,878.4539598003898
19.8,878.6198374328845
20.0,878.7782357778333
20.2,878.9292905592765
20.4,879.0731321043817
20.6,879.2098853442895
20.8,879.3396698158504
21.0,879.4625996641477
21.2,879.5787836457155
21.4,879.6883251323521
21.6,879.7913221154384
21.8,879.887867210668
22.0,879.9780476631032
22.2,880.0619453524716
22.4,880.1396367986202
22.6,880.2111931670512
22.8,880.2766802744627
23.0,880.3361585942276
23.2,880.3896832617414
23.4,880.4373040795789
23.6,880.4790655224044
23.8,880.5150067415816
24.0,880.5451615694359
24.2,880.5695585231304
24.4,880.5882208081151
24.6,880.6011663211218
24.8,880.6084076526757
25.0,880.6099520891067
25.2,880.605801614043
25.4,880.5959529093795
25.6,880.5803973557188
25.8,880.559121032284
26.0,880.5321047163148
26.2,880.499323881958
26.4,880.4607486986735
26.6,880.416344029178
26.8,880.3660694269613
27.0,880.3098791334045
27.2,880.2477220745462
27.4,880.1795418575405
27.6,880.1052767668565
27.8,880.024859760278
28.0,879.9382184647606
28.2,879.8452751722139
28.4,879.7459468352755
28.6,879.6401450631514
28.8,879.5277761175989
29.0,879.4087409091329
29.2,879.2829349935396
29.4,879.1502485687835
29.6,879.0105664723978
29.8,878.8637681794512
30.0,878.7097278011827
30.2,878.5483140844032
30.4,878.3793904117597
30.6,878.2028148029607
30.8,878.0184399170638
31.0,877.826113055923
31.2,877.6256761688988
31.4,877.4169658589287
31.6,877.1998133900578
31.8,876.9740446965287
32.0,876.7394803935271
32.2,876.4959357896785
32.4,876.2432209013889
32.6,875.981140469121
32.8,875.7094939756929
33.0,875.4280756666849
33.2,875.1366745730355
33.4,874.8350745359039
33.6,874.52305423387
33.8,874.2003872125442
34.0,873.8668419166469
34.2,873.5221817246158
34.4,873.1661649857965
34.6,872.7985450602571
34.8,872.4190703612715
35.0,872.0274844004988
35.2,871.6235258358894
35.4,871.2069285223299
35.6,870.7774215650392
35.8,870.3347293757125
36.0,869.8785717314067
36.2,869.4086638361431
36.4,868.9247163851949
36.6,868.4264356320175
36.8,867.9135234577558
37.0,867.3856774432561
37.2,866.8425909434834
37.4,866.2839531642284
37.6,865.709449240959
37.8,865.1187603196443
38.0,864.511563639342
38.2,863.8875326162998
38.4,863.246336929274
38.6,862.5876426057066
38.8,861.9111121083428
39.0,861.2164044217801
39.2,860.5031751383607
39.4,859.7710765426972
39.6,859.0197576940061
39.8,858.2488645052745
40.0,857.4580398181192
40.2,856.6469234720126
40.4,855.8151523663342
40.6,854.9623605134734
40.8,854.0881790809458
41.0,853.1922364202009
41.2,852.2741580794899
41.4,851.3335667978353
41.6,850.3700824767951
41.8,849.3833221263637
42.0,848.3728997809881
42.2,847.3384263813251
42.4,846.2795096170292
42.6,845.1957537255471
42.8,844.0867592416347
43.0,842.9521226921041
43.2,841.7914362301829
43.4,840.604287203836
43.6,839.3902576524922
43.8,838.1489237268368
44.0,836.8798550267139
44.2,835.5826138527393
44.4,834.2567543679619
44.6,832.9018216668615
44.8,831.5173507501219
45.0,830.1028654049829
45.2,828.6578769925493
45.4,827.1818831451988
45.6,825.674366379185
45.8,824.134792629625
46.0,822.5626097172768
46.2,820.9572457588065
46.4,819.318107534552
46.6,817.6445788300745
46.8,815.9360187699691
47.0,814.191760164435
47.2,812.4111078908875
47.4,810.5933373343979
47.6,808.7376929118717
47.8,806.843386705583
48.0,804.9095972319202
48.2,802.9354683709026
48.4,800.9201084812036
48.6,798.8625897240096
48.8,796.7619476170893
49.0,794.6171808379332
49.2,792.4272512918078
49.4,790.1910844570743
49.6,787.9075700162475
49.8,785.5755627770588
50.0,783.1938838833671
