0.0,756.0195319158405
0.2,758.7088005687838
0.4,761.3396836386632
0.6,763.9138254805375
0.8,766.4328285476493
1.0,768.8982521243187
1.2,771.3116112677322
1.4,773.6743759595222
1.6,775.9879704660513
1.8,778.2537729044034
2.0,780.4731150092584
2.2,782.6472820941262
2.4,784.7775131988574
2.6,786.8650014139424
2.8,788.9108943708886
3.0,790.9162948869268
3.2,792.8822617514539
3.4,794.809810640977
3.6,796.6999151488766
3.8,798.5535079160563
4.0,800.3714818484851
4.2,802.1546914077485
4.4,803.9039539610059
4.6,805.6200511771783
4.8,807.3037304567499
5.0,808.9557063832364
5.2,810.5766621851482
5.4,812.1672511981114
5.6,813.7280983177134
5.8,815.2598014345749
6.0,816.7629328441051
6.2,818.2380406243531
6.4,819.6856499763203
6.6,821.1062645220098
6.8,822.5003675563765
7.0,823.8684232501705
7.2,825.2108778014494
7.4,826.5281605342465
7.6,827.8206849435329
7.8,829.0888496861953
8.0,830.3330395182587
8.2,831.5536261790282
8.4,832.7509692231997
8.6,833.9254168022983
8.8,835.077306397052
9.0,836.2069655025057
9.2,837.3147122678178
9.4,838.4008560927772
9.6,839.4656981831373
9.8,840.5095320668752
10.0,841.5326440734798
10.2,842.5353137783297
10.4,843.5178144141692
10.6,844.4804132516142
10.8,845.4233719505389
11.0,846.3469468840977
11.2,847.2513894370418
11.4,848.1369462798893
11.6,849.0038596204085
11.8,849.8523674337756
12.0,850.6827036726771
12.2,851.495098458535
12.4,852.2897782549536
12.6,853.0669660244038
12.8,853.8268813690993
13.0,854.5697406569452
13.2,855.2957571333886
13.4,856.0051410199492
13.6,856.6980996001563
13.8,857.3748372935887
14.0,858.0355557186681
14.2,858.6804537448342
14.4,859.3097275346978
14.6,859.9235705767488
14.8,860.5221737091706
15.0,861.105725135298
15.2,861.6744104312401
15.4,862.2284125461691
15.6,862.7679117957703
15.8,863.2930858493295
16.0,863.8041097109254
16.2,864.3011556951808
16.4,864.7843933980153
16.6,865.2539896628316
16.8,865.7101085425538
17.0,866.1529112579245
17.2,866.5825561524558
17.4,866.9991986444156
17.6,867.4029911762183
17.8,867.7940831615746
18.0,868.1726209307437
18.2,868.5387476742127
18.4,868.8926033851183
18.6,869.23432480071
18.8,869.5640453431395
19.0,869.8818950598425
19.2,870.1880005637754
19.4,870.4824849737394
19.6,870.7654678550259
19.8,871.0370651605905
20.0,871.2973891729562
20.2,871.5465484470312
20.4,871.7846477540122
20.6,872.0117880265317
20.8,872.2280663051973
21.0,872.4335756866567
21.2,872.6284052733121
21.4,872.8126401247964
21.6,872.9863612113139
21.8,873.1496453689366
22.0,873.3025652569426
22.2,873.4451893172668
22.4,873.5775817361362
22.6,873.6998024079444
22.8,873.8119069014205
23.0,873.9139464281377
23.2,874.0059678134025
23.4,874.0880134695595
23.6,874.1601213717406
23.8,874.2223250360862
24.0,874.2746535004599
24.2,874.3171313076732
24.4,874.3497784912365
24.6,874.372610563648
24.8,874.3856385072281
25.0,874.3888687675084
25.2,874.3823032491764
25.4,874.3659393145782
25.6,874.3397697847818
25.8,874.3037829431928
26.0,874.2579625417235
26.2,874.202287809503
26.4,874.1367334641229
26.6,874.0612697254047
26.8,873.9758623316729
27.0,873.8804725585195
27.2,873.7750572400354
27.4,873.6595687924865
27.6,873.5339552404047
27.8,873.398160245062
28.0,873.252123135289
28.2,873.0957789405969
28.4,872.929058426552
28.6,872.7518881323505
28.8,872.5641904105305
29.0,872.3658834687548
29.2,872.1568814135852
29.4,871.9370942961655
29.6,871.706428159719
29.8,871.4647850887578
30.0,871.2120632598891
30.2,870.9481569940964
30.4,870.6729568103601
30.6,870.3863494804702
30.8,870.0882180848731
31.0,869.7784420693815
31.2,869.4568973025622
31.4,869.1234561336067
31.6,868.7779874504704
31.8,868.4203567380587
32.0,868.050426136219
32.2,867.6680544972869
32.4,867.273097442918
32.6,866.865407419926
32.8,866.4448337548279
33.0,866.0112227067902
33.2,865.5644175186485
33.4,865.1042584656657
33.6,864.6305829016757
33.8,864.1432253022481
34.0,863.6420173044976
34.2,863.1267877431461
34.4,862.5973626824347
34.6,862.0535654434714
34.8,861.495216626586
35.0,860.9221341282521
35.2,860.3341331521266
35.4,859.7310262137383
35.6,859.1126231383506
35.8,858.478731051506
36.0,857.8291543617437
36.2,857.1636947349699
36.4,856.4821510599353
36.6,855.7843194042607
36.8,855.0699929604215
37.0,854.3389619810795
37.2,853.5910137031186
37.4,852.8259322597031
37.6,852.0434985796419
37.8,851.2434902732904
38.0,850.4256815041748
38.2,849.5898428454633
38.4,848.7357411203401
38.6,847.8631392252718
38.8,846.9717959350701
39.0,846.0614656885705
39.2,845.1318983536518
39.4,844.1828389702224
39.6,843.2140274696924
39.8,842.2251983693396
40.0,841.2160804398719
40.2,840.1863963443683
40.4,839.1358622466759
40.6,838.0641873872354
40.8,836.9710736242122
41.0,835.8562149377235
41.2,834.7192968948942
41.4,833.5599960734229
41.6,832.3779794413313
41.8,831.1729036905821
42.0,829.944414522311
42.2,828.6921458815183
42.4,827.4157191392171
42.6,826.1147422202474
42.8,824.788808675229
43.0,823.4374966954713
43.2,822.0603680700584
43.4,820.6569670848137
43.6,819.2268193634008
43.8,817.7694306514529
44.0,816.2842855453299
44.2,814.770846167879
44.4,813.2285507944248
44.6,811.6568124331227
44.8,810.0550173647661
45.0,808.4225236481435
45.2,806.7586595980694
45.4,805.062722244255
45.6,803.3339757802318
45.8,801.5716500125504
46.0,799.7749388214701
46.2,797.9429986452585
46.4,796.0749470010696
46.6,794.169861056093
46.8,792.2267762632822
47.0,790.2446850764323
47.2,788.2225357596835
47.4,786.1592313066479
47.6,784.0536284842935
47.8,781.9045370164428
48.0,779.7107189212608
48.2,777.4708880164076
48.4,775.1837096046102
48.6,772.8478003512819
48.8,770.4617283644853
49.0,768.0240134860044
49.2,765.533127800599
49.4,762.9874963686572
49.6,760.3854981854818
49.8,757.72546736836
50.0,755.0056945704115
