0.0,858.9795518586426
0.2,859.7177032685877
0.4,860.440243635294
0.6,861.1473545082665
0.8,861.8392182137911
1.0,862.51601784157
1.2,863.1779372286627
1.4,863.8251609407107
1.6,864.4578742504292
1.8,865.0762631133613
2.0,865.680514140894
2.2,866.270814570552
2.4,866.8473522335862
2.6,867.4103155198887
2.8,867.9598933402708
3.0,868.4962750861517
3.2,869.0196505867116
3.4,869.5302100635737
3.6,870.0281440830836
3.8,870.5136435062662
4.0,870.9868994365453
4.2,871.4481031653168
4.4,871.8974461154771
4.6,872.3351197830091
4.8,872.7613156767379
5.0,873.1762252563742
5.2,873.5800398689627
5.4,873.9729506838656
5.6,874.3551486264089
5.8,874.726824310324
6.0,875.0881679691252
6.2,875.4393693865577
6.4,875.7806178262618
6.6,876.1121019607939
6.8,876.4340098001503
7.0,876.7465286199395
7.2,877.0498448893471
7.4,877.3441441990412
7.6,877.6296111891606
7.8,877.9064294775318
8.0,878.1747815882557
8.2,878.434848880805
8.4,878.6868114797707
8.6,878.9308482053901
8.8,879.1671365049931
9.0,879.3958523854889
9.2,879.6171703470234
9.4,879.8312633179233
9.6,880.038302591044
9.8,880.2384577616314
10.0,880.4318966668035
10.2,880.6187853267505
10.4,880.7992878877493
10.6,880.9735665670788
10.8,881.1417815999198
11.0,881.3040911883145
11.2,881.4606514522554
11.4,881.6116163829669
11.6,881.7571377984347
11.8,881.897365301235
12.0,882.0324462387046
12.2,882.162525665488
12.4,882.287746308493
12.6,882.4082485342739
12.8,882.5241703188624
13.0,882.6356472200517
13.2,882.7428123521394
13.4,882.8457963631229
13.6,882.9447274143394
13.8,883.0397311625328
14.0,883.1309307443252
14.2,883.2184467630638
14.4,883.3023972780117
14.6,883.38289779584
14.8,883.4600612643769
15.0,883.5339980685657
15.2,883.6048160285727
15.4,883.6726203999903
15.6,883.7375138760658
15.8,883.7995965918932
16.0,883.8589661304907
16.2,883.9157175306918
16.4,883.9699432967692
16.6,884.0217334097098
16.8,884.0711753400556
17.0,884.1183540622226
17.2,884.1633520702092
17.4,884.2062493946001
17.6,884.2471236207753
17.8,884.2860499082245
18.0,884.3231010108773
18.2,884.3583472983457
18.4,884.3918567779864
18.6,884.4236951176802
18.8,884.4539256692361
19.0,884.4826094923162
19.2,884.5098053787875
19.4,884.5355698774024
19.6,884.5599573187125
19.8,884.5830198401188
20.0,884.6048074109665
20.2,884.6253678575906
20.4,884.6447468882224
20.6,884.6629881176672
20.8,884.6801330916674
21.0,884.6962213108656
21.2,884.7112902542859
21.4,884.7253754022545
21.6,884.7385102586803
21.8,884.7507263726238
22.0,884.762053359083
22.2,884.7725189189252
22.4,884.7821488579057
22.6,884.7909671047044
22.8,884.7989957279298
23.0,884.8062549520301
23.2,884.8127631720632
23.4,884.8185369672782
23.6,884.823591113464
23.8,884.8279385940259
24.0,884.8315906097554
24.2,884.8345565872588
24.4,884.8368441860201
24.6,884.838459304072
24.8,884.8394060822553
25.0,884.8396869070544
25.2,884.8393024119923
25.4,884.8382514775825
25.6,884.8365312298306
25.8,884.8341370372908
26.0,884.8310625066788
26.2,884.827299477052
26.4,884.8228380125709
26.6,884.8176663938575
26.8,884.811771107975
27.0,884.8051368370514
27.2,884.7977464455789
27.4,884.7895809664227
27.6,884.7806195855745
27.8,884.7708396256966
28.0,884.7602165284964
28.2,884.7487238359855
28.4,884.7363331706724
28.6,884.7230142147465
28.8,884.7087346883135
29.0,884.6934603267451
29.2,884.677154857209
29.4,884.6597799744476
29.6,884.6412953158824
29.8,884.6216584361142
30.0,884.6008247809002
30.2,884.5787476606897
30.4,884.5553782237993
30.6,884.5306654293155
30.8,884.5045560198122
31.0,884.4769944939708
31.2,884.4479230791978
31.4,884.4172817043313
31.6,884.3850079725299
31.8,884.3510371344418
32.0,884.3153020617502
32.2,884.2777332211919
32.4,884.2382586491462
32.6,884.1968039268958
32.8,884.1532921566519
33.0,884.1076439384485
33.2,884.0597773479972
33.4,884.0096079156032
33.6,883.9570486062358
33.8,883.9020098008507
34.0,883.8443992790523
34.2,883.7841222031923
34.4,883.72108110399
34.6,883.6551758677621
34.8,883.5863037253459
35.0,883.514359242797
35.2,883.4392343139388
35.4,883.3608181548387
35.6,883.2789973002822
35.8,883.1936556023093
36.0,883.1046742308795
36.2,883.0119316767186
36.4,882.9153037564057
36.6,882.8146636197437
36.8,882.7098817594606
37.0,882.6008260232768
37.2,882.4873616283719
37.4,882.3693511782761
37.6,882.2466546822097
37.8,882.1191295768805
38.0,881.9866307507523
38.2,881.849010570783
38.4,881.7061189116296
38.6,881.5578031873079
38.8,881.4039083852904
39.0,881.2442771030182
39.2,881.0787495867946
39.4,880.9071637730245
39.6,880.7293553317554
39.8,880.5451577124682
40.0,880.3544021920616
40.2,880.1569179249663
40.4,879.9525319953185
40.6,879.7410694711178
40.8,879.5223534602858
41.0,879.2962051685378
41.2,879.0624439589759
41.4,878.8208874133019
41.6,878.5713513945461
41.8,878.3136501112057
42.0,878.0475961826738
42.2,877.7730007058477
42.4,877.4896733227882
42.6,877.1974222893093
42.8,876.8960545443648
43.0,876.5853757801051
43.2,876.2651905124663
43.4,875.9353021521564
43.6,875.5955130759012
43.8,875.2456246978111
44.0,874.8854375407282
44.2,874.5147513074128
44.4,874.1333649514329
44.6,873.7410767476126
44.8,873.3376843619046
45.0,872.9229849205493
45.2,872.496775078385
45.4,872.0588510861784
45.6,871.6090088568449
45.8,871.1470440304345
46.0,870.6727520377593
46.2,870.185928162547
46.4,869.6863676020068
46.6,869.1738655256991
46.8,868.6482171326076
47.0,868.1092177063184
47.2,867.5566626682134
47.4,866.9903476285972
47.6,866.4100684356792
47.8,865.8156212223433
48.0,865.2068024506416
48.2,864.583408953959
48.4,863.9452379768028
48.6,863.2920872121794
48.8,862.6237548365273
49.0,861.9400395421878
49.2,861.240740567398
49.4,860.5256577238034
49.6,859.794591421497
49.8,859.047342691594
50.0,858.283713206369
