0.0,493.7155613347317
0.2,499.5581729309027
0.4,505.33837214089044
0.6,511.05507408562187
0.8,516.7074689868489
1.0,522.2949907123779
1.2,527.8172772099755
1.4,533.2741285980596
1.6,538.6654677949751
1.8,543.9913069387659
2.0,549.2517210508263
2.2,554.4468288948572
2.4,559.5767800167786
2.6,564.641746536206
2.8,569.641918263279
3.0,574.5774999542185
3.2,579.4487098369866
3.4,584.2557788335127
3.6,588.998950132199
3.8,593.6784789179208
4.0,598.2946321601268
4.2,602.8476884115322
4.4,607.3379375965027
4.6,611.7656807808866
4.8,616.1312299206895
5.0,620.4349075893402
5.2,624.6770466842356
5.4,628.857990113624
5.6,632.9780904650245
5.8,637.0377096564533
6.0,641.0372185717584
6.2,644.9769966813848
6.4,648.857431649911
6.6,652.6789189317008
6.8,656.4418613560205
7.0,660.1466687029648
7.2,663.7937572715334
7.4,667.3835494411782
7.6,670.9164732281349
7.8,674.39296183782
8.0,677.8134532145547
8.2,681.1783895898426
8.4,684.4882170303981
8.6,687.7433849870781
8.8,690.944345845832
9.0,694.0915544817415
9.2,697.1854678171687
9.4,700.2265443849872
9.6,703.2152438978123
9.8,706.1520268240996
10.0,709.037353971916
10.2,711.8716860811406
10.4,714.6554834247847
10.6,717.3892054200686
10.8,720.0733102498284
11.0,722.708254494772
11.2,725.294492777038
11.4,727.8324774154578
11.6,730.3226580928588
11.8,732.7654815356931
12.0,735.1613912062179
12.2,737.5108270073989
12.4,739.8142250006568
12.6,742.0720171365244
12.8,744.2846309982328
13.0,746.4524895581992
13.2,748.5760109473418
13.4,750.6556082371088
13.6,752.6916892340626
13.8,754.6846562868295
14.0,756.6349061051868
14.2,758.5428295910272
14.4,760.4088116809123
14.6,762.233231199903
14.8,764.0164607263233
15.0,765.758866467104
15.2,767.4608081433241
15.4,769.1226388855606
15.6,770.7447051386378
15.8,772.3273465753633
16.0,773.8708960188256
16.2,775.3756793728227
16.4,776.8420155599925
16.6,778.2702164672107
16.8,779.6605868978228
17.0,781.0134245302844
17.2,782.3290198827849
17.4,783.6076562834356
17.6,784.849609845617
17.8,786.0551494480828
18.0,787.2245367194346
18.2,788.3580260265888
18.4,789.4558644668753
18.6,790.5182918634147
18.8,791.5455407634429
19.0,792.5378364392607
19.2,793.4953968915061
19.4,794.4184328544595
19.6,795.3071478031113
19.8,796.1617379617347
20.0,796.9823923137254
20.2,797.7692926124834
20.4,798.5226133931295
20.6,799.2425219848651
20.8,799.9291785237971
21.0,800.5827359660655
21.2,801.2033401011269
21.4,801.791129565057
21.6,802.3462358537519
21.8,802.8687833359176
22.0,803.3588892657501
22.2,803.8166637952191
22.4,804.2422099858776
22.6,804.6356238201284
22.8,804.9969942118922
23.0,805.3264030166197
23.2,805.6239250406087
23.4,805.8896280495859
23.6,806.1235727765204
23.8,806.3258129286439
24.0,806.4963951936528
24.2,806.6353592450758
24.4,806.7427377467897
24.6,806.8185563566731
24.8,806.862833729388
25.0,806.8755815182807
25.2,806.8568043764022
25.4,806.806499956638
25.6,806.7246589109523
25.8,806.6112648887446
26.0,806.4662945343223
26.2,806.2897174834933
26.4,806.0814963592857
26.6,805.8415867668043
26.8,805.5699372872347
27.0,805.2664894710106
27.2,804.9311778301635
27.4,804.5639298298747
27.6,804.1646658792603
27.8,803.7332993214171
28.0,803.2697364227711
28.2,802.7738763617702
28.4,802.2456112169735
28.6,801.684825954596
28.8,801.0913984155776
29.0,800.4651993022511
29.2,799.8060921646995
29.4,799.1139333868979
29.6,798.3885721727506
29.8,797.6298505321454
30.0,796.8376032671592
30.2,796.0116579585634
30.4,795.1518349527911
30.6,794.2579473495439
30.8,793.3298009902298
31.0,792.3671944474393
31.2,791.3699190156849
31.4,790.3377587036422
31.6,789.2704902281484
31.8,788.1678830102319
32.0,787.0296991734576
32.2,785.8556935448969
32.4,784.6456136590366
32.6,783.3991997649669
32.8,782.1161848371936
33.0,780.79629459044
33.2,779.4392474988144
33.4,778.0447548197317
33.6,776.6125206229876
33.8,775.1422418253957
34.0,773.6336082314026
34.2,772.0863025801061
34.4,770.500000599106
34.6,768.8743710656162
34.8,767.2090758752757
35.0,765.5037701190865
35.2,763.7581021689095
35.4,761.9717137719425
35.6,760.1442401545959
35.8,758.2753101361712
36.0,756.3645462527371
36.2,754.4115648915785
36.4,752.4159764365793
36.6,750.3773854248781
36.8,748.2953907151107
37.0,746.1695856675285
37.2,743.9995583362529
37.4,741.7848916738916
37.6,739.5251637487128
37.8,737.2199479745298
38.0,734.8688133534152
38.2,732.4713247313158
38.4,730.0270430665979
38.6,727.5355257115054
38.8,724.9963267064635
39.0,722.4089970871074
39.2,719.7730852038688
39.4,717.0881370538907
39.6,714.3536966249887
39.8,711.5693062513233
40.0,708.7345069803824
40.2,705.8488389508207
40.4,702.9118417806379
40.6,699.9230549651265
40.8,696.8820182839495
41.0,693.7882722166598
41.2,690.641358365909
41.4,687.4408198875369
41.6,684.1862019266802
41.8,680.8770520589802
42.0,677.5129207359209
42.2,674.0933617332765
42.4,670.6179326016
42.6,667.0861951176412
42.8,663.4977157355398
43.0,659.8520660366006
43.2,656.1488231764243
43.4,652.3875703281361
43.6,648.5678971204292
43.8,644.6894000691144
44.0,640.7516830008562
44.2,636.754357467755
44.4,632.6970431514334
44.6,628.5793682552796
44.8,624.4009698835032
45.0,620.1614944056668
45.2,615.8605978053714
45.4,611.4979460117943
45.6,607.0732152128141
45.8,602.5860921485212
46.0,598.0362743840604
46.2,593.4234705611185
46.4,588.7474006283048
46.6,584.0077960530404
46.8,579.2044000231953
47.0,574.3369676593857
47.2,569.4052662854499
47.4,564.409075856525
47.6,559.348189737557
47.8,554.2224161786226
48.0,549.0315810607415
48.2,543.7755327810341
48.4,538.4541504641467
48.6,533.0673569265289
48.8,527.6151378233305
49.0,522.0975679925381
49.2,516.5148450449622
49.4,510.8673287463445
49.6,505.15558293886977
49.8,499.3804151190505
50.0,493.54290790240356
