0.0,774.6444947746633
0.2,776.8140731580266
0.4,778.9467693215872
0.6,781.0436145384053
0.8,783.1055975828181
1.0,785.1336636931434
1.2,787.1287137909206
1.4,789.0916039577827
1.6,791.0231451687011
1.8,792.9241032780432
2.0,794.7951992526484
2.2,796.6371096440057
2.4,798.4504672896131
2.6,800.2358622317577
2.8,801.9938428402673
3.0,803.7249171243059
3.2,805.4295542169841
3.4,807.1081860154914
3.6,808.7612089585892
3.8,810.3889859226824
4.0,811.991848217268
4.2,813.5700976603849
4.4,815.1240087147155
4.6,816.6538306652309
4.8,818.1597898197112
5.0,819.6420917140963
5.2,821.1009233054097
5.4,822.5364551359474
5.6,823.9488434534921
5.8,825.3382322735073
6.0,826.7047553705436
6.2,828.0485381874475
6.4,829.369699652359
6.6,830.6683538949297
6.8,831.944611854632
7.0,833.1985827754719
7.2,834.4303755828323
7.4,835.640100139543
7.6,836.8278683795941
7.8,837.9937953191521
8.0,839.1379999457089
8.2,840.2606059872693
8.4,841.3617425644653
8.6,842.4415447293634
8.8,843.5001538955016
9.0,844.5377181643647
9.2,845.5543925540547
9.4,846.5503391363687
9.6,847.5257270888421
9.8,848.4807326685598
10.0,849.4155391146894
10.2,850.3303364867537
10.4,851.2253214456384
10.6,852.1006969842364
10.8,852.9566721144688
11.0,853.7934615172026
11.2,854.6112851613099
11.4,855.4103678978029
11.6,856.1909390346295
11.8,856.953231897335
12.0,857.697483380402
12.2,858.423933493675
12.4,859.1328249078546
12.6,859.8244025026363
12.8,860.4989129206584
13.0,861.1566041300202
13.2,861.7977249977436
13.4,862.422524876186
13.6,863.0312532040543
13.8,863.6241591233475
14.0,864.2014911132428
14.2,864.7634966416686
14.4,865.3104218350404
14.6,865.8425111664186
14.8,866.3600071621306
15.0,866.8631501267294
15.2,867.3521778859975
15.4,867.8273255475804
15.6,868.2888252787125
15.8,868.7369061004198
16.0,869.1717936975011
16.2,869.5937102435443
16.4,870.0028742401875
16.6,870.3995003698185
16.8,870.7837993608871
17.0,871.1559778650071
17.2,871.5162383450352
17.4,871.8647789733234
17.6,872.2017935393735
17.8,872.5274713661436
18.0,872.8419972342919
18.2,873.1455513136802
18.4,873.4383091014937
18.6,873.7204413663782
18.8,873.9921140980329
19.0,874.2534884617359
19.2,874.5047207573247
19.4,874.7459623821882
19.6,874.9773597978653
19.8,875.1990544998854
20.0,875.4111829905115
20.2,875.6138767540937
20.4,875.8072622347529
20.6,875.9914608161621
20.8,876.1665888032023
21.0,876.3327574053061
21.2,876.4900727213189
21.4,876.6386357257284
21.6,876.7785422561303
21.8,876.9098830018213
22.0,877.0327434934121
22.2,877.1472040933829
22.4,877.2533399875002
22.6,877.3512211770344
22.8,877.4409124717241
23.0,877.5224734834367
23.2,877.5959586204899
23.4,877.6614170825977
23.6,877.7188928564127
23.8,877.7684247116426
24.0,877.8100461977194
24.2,877.8437856410058
24.4,877.8696661425251
24.6,877.8877055762048
24.8,877.8979165876214
25.0,877.9003065932466
25.2,877.8948777801829
25.4,877.8816271063905
25.6,877.8605463014007
25.8,877.8316218675175
26.0,877.7948350815077
26.2,877.7501619967837
26.4,877.6975734460823
26.6,877.6370350446467
26.8,877.568507193922
27.0,877.4919450857733
27.2,877.4072987072425
27.4,877.3145128458598
27.6,877.2135270955337
27.8,877.1042758630425
28.0,876.9866883751614
28.2,876.8606886864598
28.4,876.7261956878134
28.6,876.5831231156848
28.8,876.43137956223
29.0,876.2708684863052
29.2,876.1014882254531
29.4,875.9231320089661
29.6,875.7356879721368
29.8,875.5390391718195
30.0,875.3330636034486
30.2,875.1176342196787
30.4,874.8926189508288
30.6,874.6578807273444
30.8,874.4132775045092
31.0,874.1586622896731
31.2,873.8938831722875
31.4,873.6187833570748
31.6,873.3332012006915
31.8,873.0369702522797
32.0,872.7299192983398
32.2,872.411872412395
32.4,872.082649009958
32.6,871.7420639093499
32.8,871.3899273989616
33.0,871.0260453115845
33.2,870.6502191064809
33.4,870.2622459598899
33.6,869.8619188647102
33.8,869.4490267401148
34.0,869.0233545518885
34.2,868.5846834442842
34.4,868.1327908842129
34.6,867.6674508185696
34.8,867.1884338454992
35.0,866.6955074003689
35.2,866.1884359571875
35.4,865.6669812461483
35.6,865.1309024879133
35.8,864.5799566451535
36.0,864.0138986917648
36.2,863.4324819000386
36.4,862.8354581459168
36.6,862.2225782322839
36.8,861.5935922300445
37.0,860.9482498365131
37.2,860.2863007503855
37.4,859.6074950622863
37.6,858.9115836595897
37.8,858.1983186438805
38.0,857.4674537590782
38.2,856.7187448278868
38.4,855.951950193841
38.6,855.1668311658352
38.8,854.3631524616081
39.0,853.5406826462512
39.2,852.6991945614014
39.4,851.8384657403708
39.6,850.958278804081
39.8,850.0584218322963
40.0,849.1386887043074
40.2,848.1988794029074
40.4,847.2388002752323
40.6,846.2582642438242
40.8,845.2570909611152
41.0,844.2351069004341
41.2,843.1921453766247
41.4,842.1280464894211
41.6,841.042656982879
41.8,839.9358300144052
42.0,838.8074248272684
42.2,837.6573063209214
42.4,836.4853445140145
42.6,835.2914138956394
42.8,834.0753926611023
43.0,832.8371618294003
43.2,831.5766042405359
43.4,830.2936034318786
43.6,828.9880423939285
43.8,827.659802207073
44.0,826.3087605622262
44.2,824.9347901695991
44.4,823.5377570612396
44.6,822.1175187944093
44.8,820.6739225642877
45.0,819.2068032359131
45.2,817.7159813066596
45.4,816.2012608118815
45.6,814.6624271876232
45.8,813.0992451054674
46.0,811.5114562956564
46.2,809.8987773755476
46.4,808.260897701252
46.6,806.5974772609106
46.8,804.9081446285047
47.0,803.1924949973231
47.2,801.4500883122483
47.4,799.6804475198319
47.6,797.8830569547334
47.8,796.0573608804608
48.0,794.2027622015137
48.2,792.3186213629544
48.4,790.4042554521656
48.6,788.4589375160723
48.8,786.4818961054532
49.0,784.472315056129
49.2,782.4293335148484
49.4,780.352046215583
49.6,778.2395040097388
49.8,776.0907146515151
50.0,773.9046438373106
