0.0,872.6362858894876
0.2,873.2360412107638
0.4,873.8160913179122
0.6,874.376585766453
0.8,874.9176940042234
1.0,875.4396054181248
1.2,875.9425292614636
1.4,876.4266944631819
1.6,876.8923493212313
1.8,877.339761083281
2.0,877.769215418835
2.2,878.1810157876787
2.4,878.5754827103524
2.6,878.9529529470672
2.8,879.3137785921213
3.0,879.6583260914359
3.2,879.9869751913122
3.4,880.3001178269016
3.6,880.5981569591856
3.8,880.881505369475
4.0,881.1505844205547
4.2,881.4058227936383
4.4,881.6476552102373
4.6,881.8765211479032
4.8,882.0928635585904
5.0,882.2971275980794
5.2,882.4897593745392
5.4,882.6712047238722
5.6,882.841908019003
5.8,883.0023110197285
6.0,883.1528517691753
6.2,883.2939635422935
6.4,883.4260738511817
6.6,883.5496035113822
6.8,883.6649657726186
7.0,883.772565516786
7.2,883.8727985253357
7.4,883.9660508175551
7.6,884.052698060603
7.8,884.1331050515618
8.0,884.2076252711872
8.2,884.2766005084917
8.4,884.3403605547957
8.6,884.3992229654154
8.8,884.4534928867374
9.0,884.5034629460528
9.2,884.5494132012017
9.4,884.5916111467945
9.6,884.6303117735473
9.8,884.6657576770817
10.0,884.6981792124024
10.2,884.7277946901652
10.4,884.754810610802
10.6,884.7794219325486
10.8,884.8018123694504
11.0,884.822154715472
11.2,884.8406111909321
11.4,884.8573338075938
11.6,884.8724647488852
11.8,884.8861367618837
12.0,884.8984735578754
12.2,884.9095902184969
12.4,884.9195936046639
12.6,884.9285827657087
12.8,884.936649346363
13.0,884.9438779894379
13.2,884.9503467322788
13.4,884.9561273952821
13.6,884.9612859609766
13.8,884.9658829423776
14.0,884.9699737395196
14.2,884.9736089832605
14.4,884.976834865632
14.6,884.9796934561765
14.8,884.9822230038671
15.0,884.9844582243536
15.2,884.9864305724037
15.4,884.9881684995347
15.6,884.9896976969319
15.8,884.9910413238492
16.0,884.9922202217665
16.2,884.9932531146536
16.4,884.9941567957482
16.6,884.994946301307
16.8,884.9956350718322
17.0,884.9962351013021
17.2,884.9967570749629
17.4,884.9972104962549
17.6,884.9976038034512
17.8,884.9979444765944
18.0,884.9982391353151
18.2,884.9984936281027
18.4,884.998713113599
18.6,884.9989021344592
18.8,884.9990646843149
19.0,884.9992042683531
19.2,884.9993239580002
19.4,884.9994264401823
19.6,884.9995140616055
19.8,884.9995888684754
20.0,884.9996526420547
20.2,884.9997069304274
20.4,884.9997530768161
20.6,884.9997922447766
20.8,884.9998254405671
21.0,884.9998535329694
21.2,884.9998772708166
21.4,884.9998972984592
21.6,884.999914169387
21.8,884.9999283581974
22.0,884.9999402710908
22.2,884.9999502550535
22.4,884.99995860587
22.6,884.9999655751002
22.8,884.9999713761343
23.0,884.9999761894329
23.2,884.9999801670439
23.4,884.999983436478
23.6,884.9999861040179
23.8,884.9999882575203
24.0,884.9999899687684
24.2,884.9999912954221
24.4,884.9999922826021
24.6,884.9999929641439
24.8,884.9999933635459
25.0,884.9999934946325
25.2,884.9999933619459
25.4,884.9999929608749
25.6,884.9999922775231
25.8,884.9999912883151
26.0,884.9999899593298
26.2,884.9999882453506
26.4,884.9999860886062
26.6,884.9999834171837
26.8,884.9999801430736
27.0,884.9999761598125
27.2,884.9999713396744
27.4,884.9999655303552
27.6,884.9999585510886
27.8,884.9999501881198
28.0,884.9999401894543
28.2,884.9999282587892
28.4,884.9999140485222
28.6,884.9998971517196
28.8,884.9998770929129
29.0,884.9998533175806
29.2,884.9998251801488
29.4,884.9997919303381
29.6,884.9997526976583
29.8,884.9997064738365
30.0,884.9996520929437
30.2,884.9995882089672
30.4,884.9995132705465
30.6,884.9994254925764
30.8,884.9993228243525
31.0,884.9992029139095
31.2,884.9990630681805
31.4,884.9989002085806
31.6,884.9987108215904
31.8,884.9984909038919
32.0,884.9982359015878
32.2,884.9979406430061
32.4,884.997599264577
32.6,884.9972051292434
32.8,884.996750736852
33.0,884.9962276259569
33.2,884.9956262664539
33.4,884.9949359424609
33.6,884.9941446248512
33.8,884.9932388328547
34.0,884.9922034841477
34.2,884.9910217328692
34.4,884.9896747950208
34.6,884.9881417607472
34.8,884.9863993930225
35.0,884.9844219123282
35.2,884.9821807669647
35.4,884.9796443887037
35.6,884.9767779335828
35.8,884.9735430077257
36.0,884.9698973781873
36.2,884.9657946689343
36.4,884.9611840422067
36.6,884.9560098656495
36.8,884.9502113657576
37.0,884.9437222683415
37.2,884.9364704269095
37.4,884.9283774400363
37.6,884.9193582589987
37.8,884.9093207871551
38.0,884.8981654727639
38.2,884.885784897147
38.4,884.8720633603269
38.6,884.8568764664834
38.8,884.8400907117924
39.0,884.821563077424
39.2,884.801140630675
39.4,884.7786601374129
39.6,884.7539476891791
39.8,884.7268183484667
40.0,884.6970758158285
40.2,884.6645121225844
40.4,884.628907352994
40.6,884.5900293998125
40.8,884.5476337571787
41.0,884.5014633547689
41.2,884.4512484371027
41.4,884.396706491792
41.6,884.33754223039
41.8,884.2734476253116
42.0,884.2041020060732
42.2,884.1291722178177
42.4,884.0483128447732
42.6,883.9611665009194
42.8,883.86736418972
43.0,883.7665257343243
43.2,883.6582602791339
43.4,883.5421668630946
43.6,883.4178350645043
43.8,883.2848457165157
44.0,883.1427716918945
44.2,882.991178754943
44.4,882.8296264778438
44.6,882.6576692180128
44.8,882.4748571523913
45.0,882.2807373639548
45.2,882.0748549750788
45.4,881.8567543217972
45.6,881.6259801624086
45.8,881.3820789133521
46.0,881.1245999047885
46.2,880.8530966478916
46.4,880.5671281054871
46.6,880.2662599573792
46.8,879.9500658514826
47.0,879.6181286317343
47.2,879.2700415337018
47.4,878.9054093388332
47.6,878.5238494784118
47.8,878.1249930784891
48.0,877.708485937366
48.2,877.273989427582
48.4,876.8211813148455
48.6,876.3497564868997
48.8,875.8594275859494
49.0,875.3499255389878
49.2,874.8209999811338
49.4,874.2724195679285
49.6,873.7039721734145
49.8,873.1154649717547
50.0,872.5067244010924
