0.0,877.8223555217077
0.2,878.4055186919705
0.4,878.9573711096605
0.6,879.4780367880094
0.8,879.967779513004
1.0,880.4270000740314
1.2,880.8562314905301
1.4,881.256132364227
1.6,881.6274785271482
1.8,881.9711531905696
2.0,882.2881358284747
2.2,882.5794900501744
2.4,882.8463507301303
2.6,883.0899106685409
2.8,883.311407054099
3.0,883.5121079909042
3.2,883.693299335498
3.4,883.856272068253
3.6,884.0023103969013
3.8,884.1326807599623
4.0,884.2486218654152
4.2,884.351335866322
4.4,884.4419807413893
4.6,884.521663915722
4.8,884.5914371261673
5.0,884.652292507505
5.2,884.7051598508714
5.4,884.7509049647024
5.6,884.7903290513757
5.8,884.8241689997545
6.0,884.8530984849101
6.2,884.877729761252
6.4,884.8986160338184
6.6,884.9162542941934
6.8,884.9310885119572
7.0,884.9435130792745
7.2,884.9538764146668
7.4,884.9624846417123
7.6,884.9696052689061
7.8,884.9754708077577
8.0,884.9802822770408
8.2,884.9842125516047
8.4,884.9874095240598
8.6,884.9899990567582
8.8,884.9920877096745
9.0,884.993765236946
9.2,884.9951068509446
9.4,884.9961752578085
9.6,884.9970224724183
9.8,884.9976914239002
10.0,884.9982173649987
10.2,884.9986291001387
10.4,884.9989500478335
10.6,884.9991991533733
10.8,884.9993916675554
11.0,884.9995398066978
11.2,884.9996533083884
11.4,884.999739896446
11.6,884.9998056674833
11.8,884.9998554102993
12.0,884.9998928681698
12.2,884.9999209529471
12.4,884.9999419187886
12.6,884.9999575023006
12.8,884.9999690349343
13.0,884.9999775326119
13.2,884.999983766789
13.4,884.9999883204821
13.6,884.9999916321958
13.8,884.9999940301727
14.0,884.9999957589506
14.2,884.9999969998431
14.4,884.9999978866498
14.6,884.9999985176397
14.8,884.9999989646461
15.0,884.9999992799299
15.2,884.9999995013342
15.4,884.999999656132
15.6,884.9999997638872
15.8,884.9999998385674
16.0,884.999999890098
16.2,884.9999999254992
16.4,884.999999949713
16.6,884.9999999662022
16.8,884.9999999773817
17.0,884.9999999849281
17.2,884.9999999899997
17.4,884.9999999933931
17.6,884.9999999956536
17.8,884.9999999971529
18.0,884.9999999981429
18.2,884.9999999987939
18.4,884.9999999992199
18.6,884.9999999994975
18.8,884.9999999996776
19.0,884.9999999997939
19.2,884.9999999998688
19.4,884.9999999999166
19.6,884.9999999999471
19.8,884.9999999999666
20.0,884.9999999999789
20.2,884.9999999999866
20.4,884.9999999999915
20.6,884.9999999999948
20.8,884.9999999999967
21.0,884.9999999999981
21.2,884.999999999999
21.4,884.9999999999995
21.6,884.9999999999999
21.8,885.0
22.0,885.0
22.2,885.0
22.4,885.0
22.6,885.0
22.8,885.0
23.0,885.0
23.2,885.0
23.4,885.0
23.6,885.0
23.8,885.0
24.0,885.0
24.2,885.0
24.4,885.0
24.6,885.0
24.8,885.0
25.0,885.0
25.2,885.0
25.4,885.0
25.6,885.0
25.8,885.0
26.0,885.0
26.2,885.0
26.4,885.0
26.6,885.0
26.8,885.0
27.0,885.0
27.2,885.0
27.4,885.0
27.6,885.0
27.8,885.0
28.0,885.0
28.2,885.0
28.4,884.9999999999999
28.6,884.9999999999995
28.8,884.999999999999
29.0,884.9999999999981
29.2,884.9999999999967
29.4,884.9999999999948
29.6,884.9999999999915
29.8,884.9999999999866
30.0,884.9999999999789
30.2,884.9999999999666
30.4,884.9999999999471
30.6,884.9999999999166
30.8,884.9999999998688
31.0,884.9999999997939
31.2,884.9999999996776
31.4,884.9999999994974
31.6,884.9999999992198
31.8,884.9999999987937
32.0,884.9999999981425
32.2,884.9999999971523
32.4,884.9999999956524
32.6,884.9999999933912
32.8,884.9999999899968
33.0,884.9999999849236
33.2,884.9999999773751
33.4,884.999999966192
33.6,884.9999999496978
33.8,884.9999999254763
34.0,884.9999998900635
34.2,884.9999998385154
34.4,884.9999997638092
34.6,884.9999996560157
34.8,884.9999995011617
35.0,884.9999992796755
35.2,884.9999989642719
35.4,884.9999985170921
35.6,884.9999978858515
35.8,884.999996998684
36.0,884.9999957572745
36.2,884.9999940277587
36.4,884.9999916287329
36.6,884.9999883155344
36.8,884.9999837597486
37.0,884.9999775226335
37.2,884.9999690208477
37.4,884.9999574824936
37.6,884.9999418910489
37.8,884.999920914251
38.0,884.9998928144024
38.2,884.9998553358841
38.4,884.999805564895
38.6,884.9997397555715
38.8,884.9996531156925
39.0,884.9995395441418
39.2,884.9993913111971
39.4,884.999198671567
39.6,884.9989493989239
39.8,884.9986282295199
40.0,884.9982162013831
40.2,884.9976898746023
40.4,884.9970204174252
40.6,884.9961725423557
40.8,884.9951032762639
41.0,884.9937605487902
41.2,884.992081584146
41.4,884.9899910828923
41.6,884.9873991825144
41.8,884.984199188708
42.0,884.9802650733294
42.2,884.9754487400137
42.4,884.9695770645566
42.6,884.96244872431
42.8,884.953830839008
43.0,884.9434554545392
43.2,884.9310159110821
43.4,884.9161631475068
43.6,884.8985020047817
43.8,884.8775876019704
44.0,884.8529218688997
44.2,884.8239503292858
44.4,884.7900592365639
44.6,884.7505731713807
44.8,884.7047532141844
45.0,884.6517958080847
45.2,884.5908324257224
45.4,884.5209301488834
45.6,884.4410932607201
45.8,884.3502659375158
46.0,884.2473361098912
46.2,884.1311405423019
46.4,884.0004711548929
46.6,883.8540825836798
46.8,883.6907009442572
47.0,883.5090337315553
47.2,883.3077807545109
47.4,883.0856459709421
47.6,882.8413500555395
47.8,882.573643503909
48.0,882.2813200491827
48.2,881.963230145988
48.4,881.6182942605599
48.6,881.2455156963412
48.8,880.8439926822343
49.0,880.4129294561532
49.2,879.9516460898436
49.4,879.4595868219681
49.6,878.9363266947572
49.8,878.3815763244257
50.0,877.7951846760437
