0.0,870.5727486241929
0.2,871.1880184785321
0.4,871.7851884696469
0.6,872.3644226456249
0.8,872.9258960902123
1.0,873.4697949723567
1.2,873.9963165413584
1.4,874.5056690678576
1.6,874.9980717312322
1.8,875.4737544543163
2.0,875.9329576866805
2.2,876.3759321380265
2.4,876.8029384635508
2.6,877.2142469034171
2.8,877.6101368787399
3.0,877.9908965467241
3.2,878.356822317829
3.4,878.7082183380155
3.6,879.0453959393121
3.8,879.3686730620725
4.0,879.6783736524164
4.2,879.9748270384374
4.4,880.258367288813
4.6,880.5293325574953
4.8,880.7880644181586
5.0,881.0349071920615
5.2,881.270207272934
5.4,881.4943124524268
5.6,881.7075712495637
5.8,881.9103322475218
6.0,882.102943440922
6.2,882.2857515966598
6.4,882.4591016311255
6.6,882.6233360064792
6.8,882.7787941484446
7.0,882.9258118878623
7.2,883.0647209280387
7.4,883.1958483396829
7.6,883.3195160850012
7.8,883.4360405722807
8.0,883.5457322420599
8.2,883.6488951857499
8.4,883.7458267973408
8.6,883.8368174586051
8.8,883.9221502579891
9.0,884.0021007431768
9.2,884.0769367071108
9.4,884.1469180070653
9.6,884.2122964161891
9.8,884.2733155067747
10.0,884.3302105643554
10.2,884.3832085315994
10.4,884.4325279808414
10.6,884.4783791139935
10.8,884.5209637884727
11.0,884.560475567714
11.2,884.5970997947658
11.4,884.6310136874187
11.6,884.6623864532804
11.8,884.691379423187
12.0,884.7181462013264
12.2,884.7428328304586
12.4,884.7655779706193
12.6,884.7865130897238
12.8,884.8057626645169
13.0,884.8234443903541
13.2,884.8396693983486
13.4,884.8545424784757
13.6,884.8681623072808
13.8,884.8806216789111
14.0,884.8920077382529
14.2,884.9024022150376
14.4,884.9118816578471
14.6,884.9205176670342
14.8,884.9283771256446
15.0,884.9355224275118
15.2,884.9420117017709
15.4,884.947899033114
15.6,884.9532346771879
15.8,884.9580652706064
16.0,884.962434035121
16.2,884.9663809755634
16.4,884.9699430712375
16.6,884.9731544604998
16.8,884.9760466183294
17.0,884.9786485267365
17.2,884.9809868379189
17.4,884.9830860301137
17.6,884.984968556143
17.8,884.9866549846839
18.0,884.9881641343359
18.2,884.9895132005859
18.4,884.9907178758029
18.6,884.9917924624139
18.8,884.9927499794397
19.0,884.9936022625853
19.2,884.9943600580899
19.4,884.9950331105642
19.6,884.9956302450405
19.8,884.9961594434753
20.0,884.9966279159476
20.2,884.9970421667957
20.4,884.9974080559407
20.6,884.9977308556373
20.8,884.9980153028968
21.0,884.9982656478172
21.2,884.9984856980533
21.4,884.9986788596519
21.6,884.9988481744699
21.8,884.9989963543849
22.0,884.9991258124984
22.2,884.9992386915254
22.4,884.9993368895472
22.6,884.9994220833021
22.8,884.9994957491733
23.0,884.999559182022
23.2,884.9996135120061
23.4,884.9996597195096
23.6,884.9996986483022
23.8,884.9997310170302
24.0,884.999757429135
24.2,884.9997783812806
24.4,884.9997942703623
24.6,884.9998053991563
24.8,884.9998119806594
25.0,884.999814141157
25.2,884.9998119220472
25.4,884.9998052804366
25.6,884.9997940885121
25.8,884.9997781316849
26.0,884.9997571054895
26.2,884.999730611208
26.4,884.9996981501836
26.6,884.9996591167715
26.8,884.9996127898684
27.0,884.9995583229455
27.2,884.9994947325059
27.4,884.9994208848663
27.6,884.9993354811635
27.8,884.9992370404644
28.0,884.9991238808514
28.2,884.9989940983463
28.4,884.9988455435199
28.6,884.9986757956265
28.8,884.9984821340911
29.0,884.9982615071658
29.2,884.9980104975648
29.4,884.9977252848724
29.6,884.9974016045152
29.8,884.9970347030774
30.0,884.996619289731
30.2,884.996149483549
30.4,884.995618756458
30.6,884.995019871591
30.8,884.994344816787
31.0,884.9935847329964
31.2,884.9927298373348
31.4,884.9917693405486
31.6,884.9906913586423
31.8,884.9894828184391
32.0,884.9881293568441
32.2,884.9866152135986
32.4,884.9849231173265
32.6,884.9830341646889
32.8,884.9809276924894
33.0,884.9785811425915
33.2,884.9759699195413
33.4,884.973067240819
33.6,884.9698439796765
33.8,884.9662685005613
34.0,884.9623064871649
34.2,884.9579207631851
34.4,884.9530711059417
34.6,884.9477140530353
34.8,884.9418027023049
35.0,884.9352865053942
35.2,884.9281110553059
35.4,884.9202178683922
35.6,884.9115441612969
35.8,884.9020226234411
36.0,884.8915811857205
36.2,884.8801427861551
36.4,884.8676251333175
36.6,884.853940468434
36.8,884.8389953271449
37.0,884.8226903019731
37.2,884.8049198066377
37.4,884.7855718434154
37.6,884.764527774828
37.8,884.7416621009963
38.0,884.7168422440647
38.2,884.6899283411544
38.4,884.6607730473561
38.6,884.6292213503065
38.8,884.5951103979357
39.0,884.5582693409868
39.2,884.5185191919279
39.4,884.4756727018755
39.6,884.429534257143
39.8,884.3798997969992
40.0,884.326556754193
40.2,884.2692840197482
40.4,884.2078519334701
40.6,884.1420223015285
40.8,884.0715484423915
41.0,883.9961752622763
41.2,883.9156393611627
41.4,883.8296691702823
41.6,883.7379851218444
41.8,883.6402998516011
42.0,883.5363184346733
42.2,883.425738654881
42.4,883.3082513076163
42.6,883.1835405360922
42.8,883.051284200589
43.0,882.9111542800914
43.2,882.7628173054864
43.4,882.6059348232563
43.6,882.4401638883747
43.8,882.2651575848716
44.0,882.0805655723124
44.2,881.8860346561988
44.4,881.6812093800918
44.6,881.4657326370303
44.8,881.2392462976321
45.0,881.0013918520652
45.2,880.7518110629085
45.4,880.4901466257627
45.6,880.2160428343316
45.8,879.9291462465814
46.0,879.6291063484808
46.2,879.3155762117603
46.4,878.9882131420753
46.6,878.6466793139369
46.8,878.2906423887798
47.0,877.9197761125643
47.2,877.5337608893738
47.4,877.1322843275491
47.6,876.7150417550223
47.8,876.2817367006471
48.0,875.8320813384943
48.2,875.3657968922755
48.4,874.8826139972695
48.6,874.382273017372
48.8,873.8645243151475
49.0,873.3291284730426
49.2,872.7758564642184
49.4,872.2044897717682
49.6,871.6148204554182
49.8,871.0066511651315
50.0,870.3797951013861
