0.0,885.0
0.2,885.0
0.4,885.0
0.6,885.0
0.8,885.0
1.0,885.0
1.2,885.0
1.4,885.0
1.6,885.0
1.8,885.0
2.0,885.0
2.2,885.0
2.4,885.0
2.6,885.0
2.8,885.0
3.0,885.0
3.2,885.0
3.4,885.0
3.6,885.0
3.8,885.0
4.0,885.0
4.2,885.0
4.4,885.0
4.6,885.0
4.8,885.0
5.0,885.0
5.2,885.0
5.4,885.0
5.6,885.0
5.8,885.0
6.0,885.0
6.2,885.0
6.4,885.0
6.6,885.0
6.8,885.0
7.0,885.0
7.2,885.0
7.4,885.0
7.6,885.0
7.8,885.0
8.0,885.0
8.2,885.0
8.4,885.0
8.6,885.0
8.8,885.0
9.0,885.0
9.2,885.0
9.4,885.0
9.6,885.0
9.8,885.0
10.0,885.0
10.2,885.0
10.4,885.0
10.6,885.0
10.8,885.0
11.0,885.0
11.2,885.0
11.4,885.0
11.6,885.0
11.8,885.0
12.0,885.0
12.2,885.0
12.4,885.0
12.6,885.0
12.8,885.0
13.0,885.0
13.2,885.0
13.4,885.0
13.6,885.0
13.8,885.0
14.0,885.0
14.2,885.0
14.4,885.0
14.6,885.0
14.8,885.0
15.0,885.0
15.2,885.0
15.4,885.0
15.6,885.0
15.8,885.0
16.0,885.0
16.2,885.0
16.4,885.0
16.6,885.0
16.8,885.0
17.0,885.0
17.2,885.0
17.4,885.0
17.6,885.0
17.8,885.0
18.0,885.0
18.2,885.0
18.4,885.0
18.6,885.0
18.8,885.0
19.0,885.0
19.2,885.0
19.4,885.0
19.6,885.0
19.8,885.0
20.0,885.0
20.2,885.0
20.4,885.0
20.6,885.0
20.8,885.0
21.0,885.0
21.2,885.0
21.4,885.0
21.6,885.0
21.8,885.0
22.0,885.0
22.2,885.0
22.4,885.0
22.6,885.0
22.8,885.0
23.0,885.0
23.2,885.0
23.4,885.0
23.6,885.0
23.8,885.0
24.0,885.0
24.2,885.0
24.4,885.0
24.6,885.0
24.8,885.0
25.0,885.0
25.2,885.0
25.4,885.0
25.6,885.0
25.8,885.0
26.0,885.0
26.2,885.0
26.4,885.0
26.6,885.0
26.8,885.0
27.0,885.0
27.2,885.0
27.4,885.0
27.6,885.0
27.8,885.0
28.0,885.0
28.2,885.0
28.4,885.0
28.6,885.0
28.8,885.0
29.0,885.0
29.2,885.0
29.4,885.0
29.6,885.0
29.8,885.0
30.0,885.0
30.2,885.0
30.4,885.0
30.6,885.0
30.8,885.0
31.0,885.0
31.2,885.0
31.4,885.0
31.6,885.0
31.8,885.0
32.0,885.0
32.2,885.0
32.4,885.0
32.6,885.0
32.8,885.0
33.0,885.0
33.2,885.0
33.4,885.0
33.6,885.0
33.8,885.0
34.0,885.0
34.2,885.0
34.4,885.0
34.6,885.0
34.8,885.0
35.0,885.0
35.2,885.0
35.4,885.0
35.6,885.0
35.8,885.0
36.0,885.0
36.2,885.0
36.4,885.0
36.6,885.0
36.8,885.0
37.0,885.0
37.2,885.0
37.4,885.0
37.6,885.0
37.8,885.0
38.0,885.0
38.2,885.0
38.4,885.0
38.6,885.0
38.8,885.0
39.0,885.0
39.2,885.0
39.4,885.0
39.6,885.0
39.8,885.0
40.0,885.0
40.2,885.0
40.4,885.0
40.6,885.0
40.8,885.0
41.0,885.0
41.2,885.0
41.4,885.0
41.6,885.0
41.8,885.0
42.0,885.0
42.2,885.0
42.4,885.0
42.6,885.0
42.8,885.0
43.0,885.0
43.2,885.0
43.4,885.0
43.6,885.0
43.8,885.0
44.0,885.0
44.2,885.0
44.4,885.0
44.6,885.0
44.8,885.0
45.0,885.0
45.2,885.0
45.4,885.0
45.6,885.0
45.8,885.0
46.0,885.0
46.2,885.0
46.4,885.0
46.6,885.0
46.8,885.0
47.0,885.0
47.2,885.0
47.4,885.0
47.6,885.0
47.8,885.0
48.0,885.0
48.2,885.0
48.4,885.0
48.6,885.0
48.8,885.0
49.0,885.0
49.2,885.0
49.4,885.0
49.6,885.0
49.8,885.0
50.0,885.0
