0.0,729.9321914544074
0.2,732.928412917888
0.4,735.868979881113
0.6,738.754965583749
0.8,741.5874272978336
1.0,744.3674057908074
1.2,747.0959248322104
1.4,749.773990744842
1.6,752.4025920009711
1.8,754.9826988639803
2.0,757.5152630756143
2.2,760.001217588805
2.4,762.4414763458408
2.6,764.8369341014505
2.8,767.1884662901897
3.0,769.4969289373269
3.2,771.7631586122588
3.4,773.9879724233173
3.6,776.1721680526759
3.8,778.3165238299231
4.0,780.4217988427314
4.2,782.4887330829418
4.4,784.5180476262657
4.6,786.5104448437176
4.8,788.4666086428143
5.0,790.3872047364997
5.2,792.272880937711
5.4,794.1242674774528
5.6,795.9419773442268
5.8,797.7266066426416
6.0,799.4787349690339
6.2,801.1989258019365
6.4,802.8877269052564
6.6,804.545670742056
6.8,806.1732748968747
7.0,807.7710425045867
7.2,809.3394626838468
7.4,810.879010973252
7.6,812.390149768425
7.8,813.8733287583098
8.0,815.3289853590599
8.2,816.7575451439993
8.4,818.1594222682318
8.6,819.5350198865797
8.8,820.8847305636408
9.0,822.2089366748539
9.2,823.5080107975756
9.4,824.7823160912778
9.6,826.0322066660798
9.8,827.2580279389368
10.0,828.4601169769107
10.2,829.6388028270437
10.4,830.7944068324621
10.6,831.9272429344226
10.8,833.037617960106
11.0,834.1258318960521
11.2,835.1921781472015
11.4,836.236943781593
11.6,837.2604097608303
11.8,838.2628511564968
12.0,839.2445373527588
12.2,840.2057322354469
12.4,841.1466943679549
12.6,842.0676771543373
12.8,842.9689289900255
13.0,843.8506934006075
13.2,844.7132091691516
13.4,845.5567104525661
13.6,846.381426887513
13.8,847.1875836863952
14.0,847.9754017239543
14.2,848.7450976150133
14.4,849.4968837839001
14.6,850.2309685260867
14.8,850.947556062567
15.0,851.6468465874927
15.2,852.3290363095709
15.4,852.9943174877143
15.6,853.6428784614176
15.8,854.2749036763194
16.0,854.8905737053846
16.2,855.4900652661265
16.4,856.0735512342653
16.6,856.6412006541957
16.8,857.1931787466204
17.0,857.7296469136766
17.2,858.2507627418645
17.4,858.7566800030664
17.6,859.2475486539178
17.8,859.7235148337753
18.0,860.1847208615051
18.2,860.6313052312911
18.4,861.063402607649
18.6,861.4811438198102
18.8,861.8846558556223
19.0,862.2740618550976
19.2,862.6494811037235
19.4,863.011029025637
19.6,863.3588171767502
19.8,863.6929532378986
20.0,864.0135410080775
20.2,864.3206803978194
20.4,864.6144674227522
20.6,864.8949941973734
20.8,865.1623489290679
21.0,865.4166159123859
21.2,865.6578755235959
21.4,865.8862042155192
21.6,866.1016745126499
21.8,866.3043550065574
22.0,866.4943103515711
22.2,866.6716012607351
22.4,866.8362845020266
22.6,866.9884128948279
22.8,867.1280353066353
23.0,867.2551966499973
23.2,867.3699378796621
23.4,867.4722959899266
23.6,867.562304012168
23.8,867.6399910125463
24.0,867.7053820898642
24.2,867.7584983735738
24.4,867.7993570219146
24.6,867.8279712201766
24.8,867.8443501790755
25.0,867.8484991332348
25.2,867.8404193397663
25.4,867.8201080769435
25.6,867.7875586429637
25.8,867.7427603547976
26.0,867.6856985471227
26.2,867.6163545713416
26.4,867.5347057946866
26.6,867.4407255994128
26.8,867.3343833820821
27.0,867.2156445529456
27.2,867.0844705354261
27.4,866.9408187657106
27.6,866.7846426924566
27.8,866.6158917766207
28.0,866.4345114914178
28.2,866.2404433224149
28.4,866.0336247677692
28.6,865.8139893386146
28.8,865.581466559601
29.0,865.3359819695893
29.2,865.0774571225043
29.4,864.8058095883417
29.6,864.5209529543245
29.8,864.2227968262007
30.0,863.9112468296682
30.2,863.5862046119098
30.4,863.2475678432113
30.6,862.8952302186353
30.8,862.5290814597096
31.0,862.1490073160845
31.2,861.7548895671032
31.4,861.3466060232198
31.6,860.9240305271867
31.8,860.4870329549232
32.0,860.0354792159633
32.2,859.5692312533671
32.4,859.0881470429645
32.6,858.5920805917852
32.8,858.0808819355116
33.0,857.554397134774
33.2,857.0124682700903
33.4,856.4549334352291
33.6,855.8816267287634
33.8,855.2923782435525
34.0,854.687014053876
34.2,854.0653561999221
34.4,853.4272226693063
34.6,852.7724273752834
34.8,852.100780131289
35.0,851.4120866214282
35.2,850.7061483665124
35.4,849.9827626852214
35.6,849.2417226499549
35.8,848.4828170369187
36.0,847.7058302699768
36.2,846.9105423577906
36.4,846.0967288237513
36.6,845.264160628207
36.8,844.412604082483
37.0,843.5418207541848
37.2,842.6515673632824
37.4,841.7415956684761
37.6,840.8116523433517
37.8,839.8614788418504
38.0,838.890811252592
38.2,837.8993801416157
38.4,836.8869103831291
38.6,835.8531209778884
38.8,834.797724858869
39.0,833.7204286839328
39.2,832.6209326152426
39.4,831.4989300852294
39.6,830.3541075489787
39.8,829.1861442229662
40.0,827.9947118101416
40.2,826.7794742114376
40.4,825.5400872238569
40.6,824.2761982253801
40.8,822.9874458470221
41.0,821.6734596324579
41.2,820.3338596857402
41.4,818.9682563077233
41.6,817.5762496219174
41.8,816.1574291905956
42.0,814.7113736220848
42.2,813.2376501702779
42.4,811.7358143275081
42.6,810.2054094120339
42.8,808.6459661514837
43.0,807.0570022637157
43.2,805.4380220366387
43.4,803.7885159086393
43.6,802.1079600513467
43.8,800.3958159565483
44.0,798.6515300291481
44.2,796.8745331881247
44.4,795.0642404775075
44.6,793.2200506894427
44.8,791.3413460014555
45.0,789.4274916300511
45.2,787.4778355028159
45.4,785.4917079511823
45.6,783.4684214260222
45.8,781.4072702382139
46.0,779.3075303262939
46.2,777.1684590532692
46.4,774.989295034598
46.6,772.7692579992857
46.8,770.5075486859535
47.0,768.20334877564
47.2,765.8558208629928
47.4,763.4641084673711
47.6,761.0273360852608
47.8,758.5446092852453
48.0,756.0150148466256
48.2,753.4376209426115
48.4,750.8114773688314
48.6,748.1356158177244
48.8,745.4090501991828
49.0,742.6307770076199
49.2,739.7997757354309
49.4,736.9150093326125
49.6,733.9754247120914
49.8,730.9799533001095
50.0,727.9275116307958
