0.0,833.2323015855256
0.2,835.2680976726507
0.4,837.2405855362147
0.6,839.1490999984761
0.8,840.9931938611345
1.0,842.7726427490602
1.2,844.4874470222638
1.4,846.1378307902696
1.6,847.7242381169317
1.8,849.2473265543656
2.0,850.7079581908571
2.2,852.1071884382919
2.4,853.4462528189861
2.6,854.7265520391043
2.8,855.9496356557443
3.0,857.1171846570107
3.2,858.2309932790653
3.4,859.2929503814388
3.6,860.3050206923084
3.8,861.2692262195578
4.0,862.1876281020596
4.2,863.0623091495806
4.4,863.8953572900043
4.6,864.6888501101594
4.8,865.4448406424517
5.0,866.1653445147041
5.2,866.8523285460254
5.4,867.5077008380118
5.6,868.1333023788725
5.8,868.7309001488006
6.0,869.3021816885815
6.2,869.8487510704272
6.4,870.372126190598
6.6,870.8737372876271
6.8,871.3549265779404
7.0,871.8169488922285
7.2,872.2609731909315
7.4,872.6880848353422
7.6,873.0992884918365
7.8,873.495511550205
8.0,873.8776079426352
8.2,874.2463622571491
8.4,874.6024940478724
8.6,874.946662254001
8.8,875.2794696493883
9.0,875.6014672549902
9.2,875.9131586566741
9.4,876.2150041808942
9.6,876.5074248902514
9.8,876.790806369833
10.0,877.0655022833517
10.2,877.3318376853997
10.4,877.5901120825467
10.6,877.840602241544
10.8,878.0835647475509
11.0,878.3192383191133
11.2,878.5478458896536
11.4,878.7695964675319
11.6,878.9846867883903
11.8,879.1933027745656
12.0,879.3956208169411
12.2,879.591808894762
12.4,879.7820275487618
12.6,879.9664307224873
12.8,880.1451664860393
13.0,880.3183776556269
13.2,880.486202321401
13.4,880.6487742950474
13.6,880.8062234875994
13.8,880.9586762269219
14.0,881.1062555233243
14.2,881.2490812908198
14.4,881.3872705306574
14.6,881.5209374829243
14.8,881.6501937512655
15.0,881.7751484050721
15.2,881.8959080628816
15.4,882.0125769601798
15.6,882.1252570043141
15.8,882.2340478188058
16.0,882.3390467789769
16.2,882.4403490405011
16.4,882.538047562208
16.6,882.6322331242469
16.8,882.7229943425193
17.0,882.8104176801253
17.2,882.8945874564358
17.4,882.9755858542849
17.6,883.0534929256853
17.8,883.128386596392
18.0,883.2003426695755
18.2,883.269434828811
18.4,883.3357346405544
18.6,883.3993115562337
18.8,883.46023291406
19.0,883.5185639406411
19.2,883.5743677524575
19.4,883.6277053572511
19.6,883.6786356553607
19.8,883.7272154410298
20.0,883.7734994037063
20.2,883.8175401293435
20.4,883.8593881017101
20.6,883.8990917037111
20.8,883.9366972187172
21.0,883.9722488319006
21.2,884.0057886315693
21.4,884.0373566104919
21.6,884.066990667205
21.8,884.0947266072928
22.0,884.1205981446253
22.2,884.1446369025463
22.4,884.1668724149996
22.6,884.1873321275784
22.8,884.2060413984896
23.0,884.2230234994197
23.2,884.2382996162903
23.4,884.2518888498944
23.6,884.2638082164019
23.8,884.274072647725
24.0,884.2826949917347
24.2,884.2896860123219
24.4,884.2950543892927
24.6,884.2988067180964
24.8,884.300947509377
25.0,884.3014791883469
25.2,884.3004020939779
25.4,884.2977144780108
25.6,884.2934125037779
25.8,884.2874902448442
26.0,884.2799396834652
26.2,884.2707507088646
26.4,884.2599111153382
26.6,884.2474066001845
26.8,884.2332207614712
27.0,884.2173350956442
27.2,884.1997289949844
27.4,884.1803797449246
27.6,884.1592625212336
27.8,884.1363503870773
28.0,884.1116142899715
28.2,884.0850230586324
28.4,884.0565433997425
28.6,884.0261398946393
28.8,883.9937749959433
29.0,883.9594090241349
29.2,883.9230001640939
29.4,883.8845044616152
29.6,883.8438758199089
29.8,883.8010659960986
30.0,883.7560245977256
30.2,883.7086990792686
30.4,883.6590347386843
30.6,883.6069747139716
30.8,883.5524599797624
31.0,883.495429343934
31.2,883.4358194442359
31.4,883.3735647449151
31.6,883.3085975333213
31.8,883.2408479164582
32.0,883.1702438174405
32.2,883.0967109717983
32.4,883.0201729235557
32.6,882.9405510209856
32.8,882.8577644119176
33.0,882.7717300384425
33.2,882.6823626308125
33.4,882.5895747002897
33.6,882.4932765306303
33.8,882.3933761678168
34.0,882.2897794075601
34.2,882.182389779981
34.4,882.0711085307453
34.6,881.9558345977719
34.8,881.836464582437
35.0,881.7128927139763
35.2,881.5850108055204
35.4,881.4527081998883
35.6,881.3158717029078
35.8,881.1743855016099
36.0,881.0281310641815
36.2,880.8769870180083
36.4,880.7208290015507
36.6,880.5595294851067
36.8,880.3929575547847
37.0,880.2209786531887
37.2,880.0434542694504
37.4,879.8602415703127
37.6,879.6711929629989
37.8,879.4761555796066
38.0,879.2749706717669
38.2,879.0674729033394
38.4,878.853489527998
38.6,878.6328394377588
38.8,878.4053320678391
39.0,878.1707661427916
39.2,877.9289282486698
39.4,877.6795912161467
39.6,877.4225123000716
39.8,877.1574311420038
40.0,876.8840675038871
40.2,876.6021187632831
40.4,876.3112571635554
40.6,876.0111268161374
40.8,875.7013404565886
41.0,875.3814759615693
41.2,875.0510726401649
41.4,874.7096273201466
41.6,874.3565902577317
41.8,873.9913609081207
42.0,873.6132836034294
42.2,873.2216431944403
42.4,872.8156607226836
42.6,872.3944891994762
42.8,871.9572095784177
43.0,871.5028270171599
43.2,871.0302675326681
43.4,870.5383751613231
43.6,870.0259097406689
43.8,869.4915454330177
44.0,868.9338701120952
44.2,868.351385732091
44.4,867.7425097935558
44.6,867.1055780123113
44.8,866.43884828572
45.0,865.7405060352021
45.2,865.0086709848075
45.4,864.2414054130618
45.6,863.4367238894533
45.8,862.5926044781907
46.0,861.7070013607224
46.2,860.7778587956076
46.4,859.8031263003775
46.6,858.7807749058713
46.8,857.7088143000684
47.0,856.5853106466362
47.2,855.4084048342562
47.4,854.1763308872452
47.6,852.8874342470125
47.8,851.5401896183208
48.0,850.1332180649276
48.2,848.6653030365545
48.4,847.1354050137319
48.6,845.5426744691156
48.8,843.8864628634135
49.0,842.1663314209029
49.2,840.3820574632407
49.4,838.5336381202327
49.6,836.6212912815878
49.8,834.6454537034099
50.0,832.606776236078
