0.0,766.5144907744301
0.2,768.8747575961683
0.4,771.1929658725119
0.6,773.4699682822435
0.8,775.7066003395867
1.0,777.9036798258395
1.2,780.0620062833125
1.4,782.1823605727002
1.6,784.2655044946727
1.8,786.3121804761114
2.0,788.3231113210675
2.2,790.2990000261733
2.4,792.2405296598948
2.6,794.1483633046845
2.8,796.0231440607732
3.0,797.8654951100349
3.2,799.6760198380657
3.4,801.4553020123499
3.6,803.2039060141283
3.8,804.9223771213555
4.0,806.6112418399199
4.2,808.2710082801144
4.4,809.90216657518
4.6,811.5051893386084
4.8,813.0805321567757
5.0,814.628634113388
5.2,816.149918342159
5.4,817.6447926040997
5.6,819.1136498857865
5.8,820.5568690149843
6.0,821.974815290032
6.2,823.367841119456
6.4,824.7362866683474
6.6,826.0804805081414
6.8,827.4007402665426
7.0,828.6973732744772
7.2,829.9706772070928
7.4,831.2209407159892
7.6,832.4484440500318
7.8,833.6534596622803
8.0,834.8362528007543
8.2,835.9970820809529
8.4,837.1362000382434
8.6,838.2538536584408
8.8,839.3502848851006
9.0,840.4257311022534
9.2,841.4804255915141
9.4,842.5145979626917
9.6,843.528474557231
9.8,844.5222788239943
10.0,845.4962316670858
10.2,846.4505517655864
10.4,847.3854558652387
10.6,848.3011590422753
10.8,849.1978749397308
11.0,850.0758159767142
11.2,850.935193531242
11.4,851.7762180973461
11.6,852.5990994172724
11.8,853.4040465896755
12.0,854.1912681547946
12.2,854.9609721576628
12.4,855.7133661904563
12.6,856.4486574151368
12.8,857.1670525675748
13.0,857.8687579443649
13.2,858.5539793735604
13.4,859.2229221705576
13.6,859.8757910803606
13.8,860.5127902074465
14.0,861.1341229344285
14.2,861.7399918306971
14.4,862.3305985521821
14.6,862.9061437333484
14.8,863.4668268724951
15.0,864.0128462113826
15.2,864.5443986101684
15.4,865.061679418578
15.6,865.56488234419
15.8,866.0541993186525
16.0,866.5298203626061
16.2,866.9919334500178
16.4,867.4407243725891
16.6,867.876376604836
16.8,868.2990711703909
17.0,868.7089865100206
17.2,869.1062983518037
17.4,869.4911795838581
17.6,869.863800129967
17.8,870.2243268283996
18.0,870.572923314182
18.2,870.9097499050336
18.4,871.2349634911421
18.6,871.548717428917
18.8,871.8511614388264
19.0,872.1424415073908
19.2,872.4226997933807
19.4,872.6920745382367
19.6,872.950699980709
19.8,873.1987062756915
20.0,873.4362194172097
20.2,873.6633611655002
20.4,873.8802489781124
20.6,874.0869959449453
20.8,874.2837107271267
21.0,874.47049749963
21.2,874.6474558975233
21.4,874.8146809657342
21.6,874.9722631122163
21.8,875.1202880643987
22.0,875.2588368287999
22.2,875.3879856536892
22.4,875.5078059946794
22.6,875.6183644831395
22.8,875.7197228973164
23.0,875.8119381360626
23.2,875.8950621950705
23.4,875.9691421455187
23.6,876.0342201150457
23.8,876.0903332709678
24.0,876.1375138056701
24.2,876.1757889241061
24.4,876.2051808333447
24.6,876.2257067341201
24.8,876.2373788143399
25.0,876.2402042445203
25.2,876.234185175125
25.4,876.2193187357918
25.6,876.1955970364398
25.8,876.1630071702626
26.0,876.121531218614
26.2,876.0711462578109
26.4,876.0118243678772
26.6,875.9435326432691
26.8,875.8662332056251
27.0,875.7798832185949
27.2,875.6844349048074
27.4,875.5798355650483
27.6,875.4660275997207
27.8,875.3429485326744
28.0,875.2105310374898
28.2,875.068702966315
28.4,874.917387381353
28.6,874.756502589105
28.8,874.5859621774783
29.0,874.4056750558702
29.2,874.2155454983393
29.4,874.0154731899803
29.6,873.8053532766156
29.8,873.585076417914
30.0,873.3545288440478
30.2,873.1135924159914
30.4,872.8621446895617
30.6,872.6000589832878
30.8,872.3272044501956
31.0,872.0434461535722
31.2,871.748645146769
31.4,871.4426585570825
31.6,871.1253396737334
31.8,870.7965380399469
32.0,870.4560995491121
32.2,870.1038665449723
32.4,869.7396779257723
32.6,869.3633692522577
32.8,868.9747728593853
33.0,868.5737179715728
33.2,868.1600308212732
33.4,867.7335347706221
33.6,867.2940504358619
33.8,866.8413958141996
34.0,866.3753864127117
34.2,865.895835378858
34.4,865.4025536321132
34.6,864.895349996179
34.8,864.37403133118
35.0,863.838402665195
35.2,863.2882673244228
35.4,862.7234270612241
35.6,862.1436821792282
35.8,861.5488316546431
36.0,860.9386732528511
36.2,860.3130036393281
36.4,859.6716184838751
36.6,859.0143125571072
36.8,858.3408798181082
37.0,857.6511134921221
37.2,856.9448061371237
37.4,856.2217496980865
37.6,855.4817355477497
37.8,854.7245545126758
38.0,853.9499968833862
38.2,853.1578524073714
38.4,852.347910263784
38.6,851.5199590186512
38.8,850.6737865594723
39.0,849.809180008119
39.2,848.9259256110048
39.4,848.0238086055601
39.6,847.102613062131
39.8,846.1621217004991
40.0,845.2021156803323
40.2,844.222374364982
40.4,843.2226750581642
40.6,842.2027927132042
40.8,841.1624996146593
41.0,840.1015650322969
41.2,839.0197548475662
41.4,837.9168311528733
41.6,836.7925518241516
41.8,835.6466700674077
42.0,834.4789339401136
42.2,833.2890858485117
42.4,832.0768620221046
42.6,830.8419919667982
42.8,829.5841978983711
43.0,828.3031941581435
43.2,826.9986866129144
43.4,825.6703720414331
43.6,824.3179375098518
43.8,822.9410597387879
44.0,821.5394044647904
44.2,820.1126257991649
44.4,818.6603655872481
44.6,817.1822527713597
44.8,815.6779027607633
45.0,814.1469168120668
45.2,812.5888814235617
45.4,811.003367747063
45.6,809.3899310208309
45.8,807.7481100271775
46.0,806.0774265783342
46.2,804.3773850341273
46.4,802.6474718549408
46.6,800.8871551933568
46.8,799.0958845277497
47.0,797.2730903409791
47.2,795.4181838471533
47.4,793.5305567692591
47.6,791.6095811702382
47.8,789.6546093398649
48.0,787.6649737395219
48.2,785.6399870067099
48.4,783.5789420208306
48.6,781.4811120314846
48.8,779.3457508502071
49.0,777.1720931062372
49.2,774.9593545665782
49.4,772.706732520264
49.6,770.4134062263959
49.8,768.0785374251667
50.0,765.7012709107415
