0.0,830.1708449067174
0.2,832.1725940403368
0.4,834.1191801743493
0.6,836.0102585376153
0.8,837.8456024105795
1.0,839.6251066535818
1.2,841.3487900017108
1.4,843.0167961203449
1.6,844.6293934329783
1.8,846.1869737498708
2.0,847.6900497421676
2.2,849.139251321131
2.4,850.5353209957641
2.6,851.8791082941478
2.8,853.1715633441003
3.0,854.4137297171505
3.2,855.606736646212
3.4,856.7517907316926
3.6,857.8501672530946
3.8,858.9032012034696
4.0,859.9122781624956
4.2,860.878825120535
4.4,861.8043013609904
4.6,862.6901895017481
4.8,863.5379867887104
5.0,864.3491967255701
5.2,865.1253211143012
5.4,865.8678525705601
5.6,866.5782675675347
5.8,867.2580200509749
6.0,867.9085356573871
6.2,868.5312065568698
6.4,869.1273869320005
6.6,869.698389094683
6.8,870.2454802340816
7.0,870.7698797807918
7.2,871.272757365323
7.4,871.7552313428336
7.6,872.2183678509085
7.8,872.6631803630029
8.0,873.0906296969811
8.2,873.5016244359266
8.4,873.8970217170378
8.6,874.2776283438911
8.8,874.6442021775772
9.0,874.997453763115
9.2,875.3380481490369
9.4,875.6666068600239
9.6,875.9837099848628
9.8,876.289898344718
10.0,876.5856757096556
10.2,876.8715110344664
10.4,877.1478406880208
10.6,877.4150706535866
10.8,877.6735786807031
11.0,877.9237163722585
11.2,878.1658111933469
11.4,878.4001683912297
11.6,878.6270728182765
11.8,878.8467906521021
12.0,879.0595710092151
12.2,879.2656474503709
12.4,879.4652393774533
12.6,879.6585533231186
12.8,879.845784135618
13.0,880.0271160621855
13.2,880.2027237351592
13.4,880.3727730655975
13.6,880.5374220495885
13.8,880.696821492736
14.0,880.8511156584673
14.2,881.0004428458599
14.4,881.1449359026406
14.6,881.2847226788882
14.8,881.4199264267938
15.0,881.5506661515958
15.2,881.6770569185444
15.4,881.7992101204509
15.6,881.9172337100772
15.8,882.0312324012913
16.0,882.1413078426068
16.2,882.2475587664035
16.4,882.3500811168244
16.6,882.4489681590511
16.8,882.5443105723813
17.0,882.6361965292738
17.2,882.7247117622809
17.4,882.8099396205682
17.6,882.8919611175165
17.8,882.9708549707102
18.0,883.0466976354563
18.2,883.1195633328198
18.4,883.1895240730317
18.6,883.2566496750046
18.8,883.3210077825837
19.0,883.3826638780735
19.2,883.4416812934941
19.4,883.4981212199536
19.6,883.5520427154618
19.8,883.6035027114565
20.0,883.6525560182719
20.2,883.699255329735
20.4,883.7436512270491
20.6,883.7857921820878
20.8,883.8257245602099
21.0,883.8634926226734
21.2,883.8991385287236
21.4,883.9327023374013
21.6,883.9642220091224
21.8,883.9937334070553
22.0,884.021270298325
22.2,884.0468643550621
22.4,884.0705451553092
22.6,884.0923401837969
22.8,884.1122748325924
23.0,884.1303724016282
23.2,884.1466540991073
23.4,884.1611390417914
23.6,884.1738442551659
23.8,884.1847846734821
24.0,884.1939731396753
24.2,884.2014204051545
24.4,884.2071351294618
24.6,884.211123879801
24.8,884.2133911304311
25.0,884.2139392619238
25.2,884.2127685602842
25.4,884.2098772159338
25.6,884.2052613225552
25.8,884.1989148757989
26.0,884.1908297718542
26.2,884.1809958058836
26.4,884.1694006703246
26.6,884.1560299530589
26.8,884.1408671354544
27.0,884.1238935902796
27.2,884.1050885794966
27.4,884.0844292519316
27.6,884.061890640829
27.8,884.0374456612869
28.0,884.011065107579
28.2,883.9827176503582
28.4,883.9523698337414
28.6,883.9199860722713
28.8,883.8855286477446
29.0,883.8489577058972
29.2,883.8102312529275
29.4,883.7693051518357
29.6,883.726133118549
29.8,883.6806667177908
30.0,883.632855358646
30.2,883.5826462897564
30.4,883.5299845940652
30.6,883.474813183013
30.8,883.4170727900621
31.0,883.3567019633985
31.2,883.2936370576313
31.4,883.2278122242711
31.6,883.1591594007213
31.8,883.0876082974708
32.0,883.013086383113
32.2,882.9355188667479
32.4,882.8548286772451
32.6,882.7709364387568
32.8,882.683760441763
33.0,882.5932166088168
33.2,882.4992184540271
33.4,882.4016770351631
33.6,882.3005008971068
33.8,882.1955960051918
34.0,882.0868656667712
34.2,881.9742104391319
34.4,881.857528021642
34.6,881.7367131297588
34.8,881.6116573482506
35.0,881.4822489607052
35.2,881.3483727520909
35.4,881.2099097808338
35.6,881.0667371165586
35.8,880.9187275393303
36.0,880.7657491959304
36.2,880.6076652084112
36.4,880.4443332299115
36.6,880.275604942491
36.8,880.101325491555
37.0,879.9213328513325
37.2,879.7354571158195
37.4,879.5435197096554
37.6,879.3453325135537
37.8,879.1406968991926
38.0,878.9294026688949
38.2,878.7112268960137
38.4,878.4859326627007
38.6,878.2532676926904
38.8,878.0129628778931
39.0,877.7647306989699
39.2,877.5082635416678
39.4,877.2432319125292
39.6,876.9692825596547
39.8,876.6860365064945
40.0,876.3930870091411
40.2,876.089997450304
40.4,875.7762991860056
40.6,875.4514893640488
40.8,875.1150287364018
41.0,874.7663394907809
41.2,874.4048031298487
41.4,874.0297584294813
41.6,873.6404995104591
41.8,873.2362740605986
42.0,872.8162817466887
42.2,872.3796728575459
42.4,871.9255472209571
42.6,871.4529534381636
42.8,870.9608884797516
43.0,870.4482976862938
43.2,869.9140752157442
43.4,869.3570649773757
43.6,868.776062088909
43.8,868.1698148893944
44.0,867.5370275353399
44.2,866.8763632015676
44.4,866.1864479013204
44.6,865.4658749323191
44.8,864.7132099468419
45.0,863.9269966345746
45.2,863.105762997092
45.4,862.2480281825231
45.6,861.3523098383994
45.8,860.4171319300793
46.0,859.441032961684
46.2,858.4225745263908
46.4,857.3603501034353
46.6,856.2529940104889
46.8,855.0991904124376
47.0,853.8976822811902
47.2,852.647280196198
47.4,851.3468708720292
47.6,849.995425297782
47.8,848.5920063734349
48.0,847.1357759305089
48.2,845.6260010287069
48.4,844.062059426468
48.6,842.4434441316226
48.8,840.7697669484329
49.0,839.0407609491359
49.2,837.2562818115007
49.4,835.416307978634
49.6,833.5209396130936
49.8,831.570396333994
50.0,829.5650137429357
