0.0,822.444523956344
0.2,824.4226936981838
0.4,826.3553436732084
0.6,828.2425616971822
0.8,830.0844692639075
1.0,831.8812228727619
1.2,833.6330151316496
1.4,835.3400756298721
1.6,837.0026715773515
1.8,838.6211082085879
2.0,840.1957289516528
2.2,841.7269153644318
2.4,843.2150868421685
2.6,844.6607001021448
2.8,846.064248453023
3.0,847.4262608579596
3.2,848.7473008020712
3.4,850.0279649761662
3.6,851.2688817898538
3.8,852.4707097281765
4.0,853.6341355668006
4.2,854.7598724615135
4.4,855.8486579283273
4.6,856.9012517308721
4.8,857.9184336919773
5.0,858.9010014463905
5.2,859.8497681514773
5.4,860.7655601724874
5.6,861.6492147585669
5.8,862.5015777251615
6.0,863.3235011577948
6.2,864.115841151434
6.4,864.879455598783
6.6,865.6152020398918
6.8,866.3239355844375
7.0,867.0065069169552
7.2,867.6637603941604
7.4,868.2965322423564
7.6,868.9056488617408
7.8,869.4919252432495
8.0,870.0561635024156
8.2,870.5991515335684
8.4,871.1216617865906
8.6,871.6244501673798
8.8,872.1082550621372
9.0,872.5737964846512
9.2,873.021775344839
9.4,873.452872835992
9.6,873.8677499374099
9.8,874.2670470284426
10.0,874.651383609358
10.2,875.0213581239441
10.4,875.3775478783172
10.6,875.7205090500552
10.8,876.050776781499
11.0,876.3688653508598
11.2,876.6752684146426
11.4,876.9704593148326
11.6,877.2548914442899
11.8,877.5289986638583
12.0,877.7931957648043
12.2,878.0478789703634
12.4,878.2934264703715
12.6,878.5301989831978
12.8,878.7585403394702
13.0,878.9787780823732
13.2,879.1912240796231
13.4,879.396175142552
13.6,879.5939136480823
13.8,879.7847081597167
14.0,879.9688140440295
14.2,880.1464740794889
14.4,880.3179190547927
14.6,880.4833683542361
14.8,880.643030527957
15.0,880.7971038452224
15.2,880.9457768292194
15.4,881.089228772097
15.6,881.2276302292724
15.8,881.3611434922666
16.0,881.4899230395567
16.2,881.6141159651505
16.4,881.7338623847701
16.6,881.8492958197127
16.8,881.9605435585975
17.0,882.0677269973529
17.2,882.1709619579045
17.4,882.2703589861295
17.6,882.366023629725
17.8,882.4580566967051
18.0,882.5465544952972
18.2,882.6316090560466
18.4,882.7133083369744
18.6,882.7917364126446
18.8,882.8669736480132
19.0,882.9390968579273
19.2,883.0081794531404
19.4,883.0742915736926
19.6,883.1375002104901
19.8,883.1978693158927
20.0,883.2554599040895
20.2,883.3103301420169
20.4,883.362535431536
20.6,883.412128483555
20.8,883.4591593847442
21.0,883.5036756574576
21.2,883.5457223134339
21.4,883.5853419018165
21.6,883.6225745519976
21.8,883.6574580117483
22.0,883.6900276810702
22.2,883.7203166421647
22.4,883.7483556858873
22.6,883.77417333502
22.8,883.7977958646676
23.0,883.8192473200529
23.2,883.8385495319625
23.4,883.8557221300634
23.6,883.870782554293
23.8,883.8837460644967
24.0,883.8946257484685
24.2,883.9034325285282
24.4,883.9101751667496
24.6,883.9148602689334
24.8,883.9174922874042
25.0,883.9180735226915
25.2,883.9166041241331
25.4,883.913082089434
25.6,883.9075032631864
25.8,883.8998613343446
26.0,883.8901478326355
26.2,883.8783521238643
26.4,883.8644614040561
26.6,883.8484606923687
26.8,883.8303328226779
27.0,883.8100584337308
27.2,883.787615957737
27.4,883.7629816072479
27.6,883.736129360155
27.8,883.7070309426136
28.0,883.6756558096732
28.2,883.6419711233758
28.4,883.6059417280503
28.6,883.5675301225082
28.8,883.5266964288143
29.0,883.4833983572764
29.2,883.4375911672661
29.4,883.3892276234483
29.6,883.3382579469669
29.8,883.2846297610939
30.0,883.2282880308179
30.2,883.1691749958103
30.4,883.1072300961716
30.6,883.0423898903246
30.8,882.9745879643854
31.0,882.9037548323116
31.2,882.8298178260933
31.4,882.752700975222
31.6,882.6723248746486
31.8,882.5886065404179
32.0,882.5014592521468
32.2,882.4107923815028
32.4,882.3165112058347
32.6,882.2185167061031
32.8,882.1167053482736
33.0,882.0109688473509
33.2,881.90119391326
33.4,881.7872619778277
33.6,881.669048902161
33.8,881.5464246637977
34.0,881.4192530230753
34.2,881.2873911682686
34.4,881.1506893391586
34.6,881.0089904288238
34.8,880.8621295636002
35.0,880.7099336613168
35.2,880.5522209681058
35.4,880.3888005742892
35.6,880.2194719100714
35.8,880.0440242220055
36.0,879.8622360314688
36.2,879.6738745766575
36.4,879.4786952399069
36.6,879.2764409624511
36.8,879.066841649061
37.0,878.8496135653286
37.2,878.6244587307062
37.4,878.3910643107554
37.6,878.1491020124032
37.8,877.8982274863505
38.0,877.6380797411098
38.2,877.3682805734819
38.4,877.0884340205855
38.6,876.7981258388485
38.8,876.4969230156324
39.0,876.1843733193962
39.2,875.8600048945016
39.4,875.5233259069206
39.6,875.1738242472132
39.8,874.8109672971984
40.0,874.4342017667459
40.2,874.0429536070479
40.4,873.6366280066043
40.6,873.2146094759543
40.8,872.7762620269186
41.0,872.3209294517605
41.2,871.8479357072548
41.4,871.3565854081451
41.6,870.8461644338861
41.8,870.3159406519052
42.0,869.7651647598792
42.2,869.1930712487101
42.4,868.5988794870049
42.6,867.9817949269188
42.8,867.3410104302197
43.0,866.6757077123802
43.2,865.985058901414
43.4,865.2682282070458
43.6,864.5243736946601
43.8,863.7526491573236
44.0,862.9522060780195
44.2,862.1221956730985
44.4,861.2617710068472
44.6,860.370089166005
44.8,859.4463134820588
45.0,858.4896157882033
45.2,857.4991786970029
45.4,856.4741978840349
45.6,855.4138843621444
45.8,854.3174667304193
46.0,853.1841933815938
46.2,852.0133346513419
46.4,850.8041848928134
46.6,849.5560644598208
46.8,848.2683215822985
47.0,846.9403341180291
47.2,845.5715111651779
47.4,844.1612945208803
47.6,842.7091599719961
47.8,841.2146184051628
48.0,839.677216724463
48.2,838.0965385663219
48.4,836.4722048027027
48.6,834.8038738252227
48.8,833.0912416044729
49.0,831.3340415205718
49.2,829.5320439628019
49.4,827.6850556980378
49.6,825.7929190095745
49.8,823.8555106098731
50.0,821.8727403326319
