0.0,864.130605202682
0.2,864.8104407849262
0.4,865.4742068717062
0.6,866.1220853903528
0.8,866.7542606329905
1.0,867.370919260094
1.2,867.9722502955251
1.4,868.5584451130071
1.6,869.1296974140207
1.8,869.6862031971481
2.0,870.2281607189183
2.2,870.7557704462422
2.4,871.2692350005578
2.6,871.7687590938375
2.8,872.2545494566401
3.0,872.7268147584198
3.2,873.1857655203324
3.4,873.6316140208082
3.6,874.0645741941837
3.8,874.4848615227111
4.0,874.8926929222888
4.2,875.2882866222716
4.4,875.6718620397468
4.6,876.0436396486725
4.8,876.4038408442943
5.0,876.7526878032701
5.2,877.0904033399441
5.4,877.4172107592203
5.6,877.7333337064932
5.8,878.0389960151027
6.0,878.3344215517794
6.2,878.6198340605515
6.4,878.8954570055824
6.6,879.1615134134088
6.8,879.4182257150401
7.0,879.6658155883805
7.2,879.9045038014218
7.4,880.1345100566494
7.6,880.3560528370903
7.8,880.569349254422
8.0,880.7746148995457
8.2,880.9720636960104
8.4,881.1619077566619
8.6,881.3443572438691
8.8,881.5196202336623
9.0,881.6879025840996
9.2,881.8494078081557
9.4,882.0043369514053
9.6,882.1528884747552
9.8,882.2952581424489
10.0,882.4316389155564
10.2,882.5622208511256
10.4,882.6871910071608
10.6,882.8067333535603
10.8,882.9210286891299
11.0,883.0302545647614
11.2,883.1345852128427
11.4,883.2341914829466
11.6,883.329240783822
11.8,883.4198970316876
12.0,883.5063206048104
12.2,883.5886683043315
12.4,883.6670933212778
12.6,883.7417452096876
12.8,883.812769865751
13.0,883.8803095128583
13.2,883.9445026924259
13.4,884.0054842603613
13.6,884.0633853890101
13.8,884.1183335744164
14.0,884.1704526487191
14.2,884.2198627974915
14.4,884.2666805818244
14.6,884.3110189649469
14.8,884.3529873431643
15.0,884.3926915808958
15.2,884.4302340495813
15.4,884.4657136702258
15.6,884.4992259593473
15.8,884.5308630780889
16.0,884.5607138842574
16.2,884.5888639870457
16.4,884.6153958042037
16.6,884.6403886214149
16.8,884.6639186536438
17.0,884.686059108219
17.2,884.7068802494209
17.4,884.7264494643473
17.6,884.7448313298304
17.8,884.7620876801902
18.0,884.7782776756102
18.2,884.7934578709247
18.4,884.8076822846209
18.6,884.8210024678564
18.8,884.8334675733059
19.0,884.8451244236542
19.2,884.8560175795602
19.4,884.8661894069257
19.6,884.8756801433066
19.8,884.8845279633144
20.0,884.892769042862
20.2,884.9004376221144
20.4,884.9075660670132
20.6,884.9141849292511
20.8,884.9203230045774
21.0,884.926007389327
21.2,884.9312635350655
21.4,884.9361153012565
21.6,884.9405850058597
21.8,884.9446934737732
22.0,884.9484600830456
22.2,884.9519028087807
22.4,884.9550382646723
22.6,884.9578817421036
22.8,884.9604472467562
23.0,884.962747532679
23.2,884.9647941337653
23.4,884.9665973926009
23.6,884.9681664866415
23.8,884.9695094516871
24.0,884.9706332026225
24.2,884.9715435513973
24.4,884.9722452222256
24.6,884.9727418639807
24.8,884.9730360597755
25.0,884.9731293337107
25.2,884.9730221547849
25.4,884.9727139379589
25.6,884.9722030423729
25.8,884.971486766714
26.0,884.9705613417407
26.2,884.9694219199689
26.4,884.9680625625291
26.6,884.9664762232086
26.8,884.9646547296954
27.0,884.962588762043
27.2,884.9602678283786
27.4,884.9576802378862
27.6,884.9548130710893
27.8,884.9516521474759
28.0,884.9481819904986
28.2,884.9443857899996
28.4,884.9402453621057
28.6,884.9357411066483
28.8,884.9308519621682
29.0,884.9255553585675
29.2,884.9198271674807
29.4,884.9136416504377
29.6,884.9069714049041
29.8,884.8997873082823
30.0,884.8920584599716
30.2,884.8837521215866
30.4,884.874833655439
30.6,884.865266461403
30.8,884.8550119122801
31.0,884.8440292877967
31.2,884.8322757073674
31.4,884.8197060617687
31.6,884.8062729438744
31.8,884.7919265786097
32.0,884.7766147522899
32.2,884.7602827415162
32.4,884.7428732418081
32.6,884.7243262961596
32.8,884.7045792237113
33.0,884.6835665487395
33.2,884.6612199301668
33.4,884.6374680918079
33.6,884.612236753565
33.8,884.5854485637973
34.0,884.55702303309
34.2,884.5268764696527
34.4,884.4949219165829
34.6,884.4610690912289
34.8,884.4252243268913
35.0,884.3872905171037
35.2,884.3471670627307
35.4,884.3047498221251
35.6,884.259931064582
35.8,884.2125994273246
36.0,884.1626398762572
36.2,884.1099336707151
36.4,884.0543583324322
36.6,883.995787618948
36.8,883.9340915016635
37.0,883.8691361487489
37.2,883.8007839130979
37.4,883.72889332551
37.6,883.6533190932761
37.8,883.5739121043238
38.0,883.4905194370717
38.2,883.4029843761228
38.4,883.311146433915
38.6,883.2148413784282
38.8,883.1139012670307
39.0,883.0081544865317
39.2,882.8974257994835
39.4,882.7815363967613
39.6,882.6603039564263
39.8,882.5335427088564
40.0,882.4010635081083
40.2,882.2626739094528
40.4,882.1181782530019
40.6,881.9673777533245
40.8,881.8100705949229
41.0,881.6460520334222
41.2,881.4751145023009
41.4,881.2970477249647
41.6,881.1116388319496
41.8,880.9186724830107
42.0,880.7179309938406
42.2,880.5091944671278
42.4,880.2922409276584
42.6,880.0668464611349
42.8,879.8327853563707
43.0,879.5898302505035
43.2,879.3377522768495
43.4,879.0763212150086
43.6,878.805305642815
43.8,878.5244730897158
44.0,878.2335901911498
44.2,877.9324228434866
44.4,877.6207363590822
44.6,877.2982956209979
44.8,876.9648652369269
45.0,876.6202096918697
45.2,876.2640934991014
45.4,875.8962813489703
45.6,875.5165382550781
45.8,875.1246296973889
46.0,874.7203217618293
46.2,874.3033812759483
46.4,873.8735759402136
46.6,873.4306744545407
46.8,872.9744466396629
47.0,872.504663552965
47.2,872.0210975984297
47.4,871.5235226303571
47.6,871.0117140505472
47.8,870.4854488986556
48.0,869.9445059354586
48.2,869.3886657187913
48.4,868.8177106719478
48.6,868.2314251443642
48.8,867.629595464434
49.0,867.0120099843364
49.2,866.3784591167873
49.4,865.7287353636601
49.6,865.0626333364496
49.8,864.3799497685902
50.0,863.6804835196685
