0.0,753.0009780292377
0.2,755.7717551216667
0.4,758.4823567968864
0.6,761.1343600053717
0.8,763.7293080213927
1.0,766.268709319035
1.2,768.7540365850579
1.4,771.1867258703253
1.6,773.5681758805019
1.8,775.899747405693
2.0,778.182762887717
2.2,780.418506122744
2.4,782.6082220961398
2.6,784.7531169455042
2.8,786.854358047122
3.0,788.9130742203403
3.2,790.9303560437595
3.4,792.9072562765872
3.6,794.8447903780462
3.8,796.7439371173625
4.0,798.6056392665768
4.2,800.430804368233
4.4,802.220305569886
4.6,803.9749825173458
4.8,805.6956422986252
5.0,807.3830604306831
5.2,809.0379818812412
5.4,810.6611221182028
5.6,812.253168179509
5.8,813.814779756609
6.0,815.3465902851169
6.2,816.8492080366389
6.4,818.3232172062058
6.6,819.7691789902007
6.8,821.1876326501434
7.0,822.5790965581726
7.2,823.9440692205317
7.4,825.2830302758371
7.6,826.5964414653586
7.8,827.8847475729759
8.0,829.1483773328964
8.2,830.3877443036112
8.4,831.603247706934
8.6,832.7952732313139
8.8,833.9641937989192
9.0,835.1103702962787
9.2,836.234152268523
9.4,837.3358785774897
9.6,838.4158780241578
9.8,839.474469936049
10.0,840.5119647203735
10.2,841.5286643838226
10.4,842.5248630200058
10.6,843.5008472656078
10.8,844.456896726397
11.0,845.393284374257
11.2,846.3102769164404
11.4,847.2081351382508
11.6,848.0871142203628
11.8,848.9474640319786
12.0,849.7894294009997
12.2,850.6132503623694
12.4,851.4191623857116
12.6,852.207396583355
12.8,852.9781798997964
13.0,853.7317352836155
13.2,854.4682818428176
13.4,855.1880349845331
13.6,855.8912065399684
13.8,856.5780048754593
14.0,857.2486349904408
14.2,857.903298603108
14.4,858.5421942245107
14.6,859.1655172217847
14.8,859.7734598711968
15.0,860.3662114016432
15.2,860.9439580292182
15.4,861.5068829834397
15.6,862.0551665256942
15.8,862.5889859604367
16.0,863.108515639666
16.2,863.6139269611649
16.4,864.1053883609828
16.6,864.5830653006159
16.8,865.047120249322
17.0,865.4977126619898
17.2,865.934998952968
17.4,866.3591324662405
17.6,866.7702634423212
17.8,867.1685389822252
18.0,867.5541030088608
18.2,867.9270962261674
18.4,868.2876560763191
18.6,868.6359166952913
18.8,868.9720088670775
19.0,869.2960599768346
19.2,869.608193963213
19.4,869.9085312701225
19.6,870.1971887981709
19.8,870.4742798559962
20.0,870.7399141117045
20.2,870.9941975446139
20.4,871.2372323974929
20.6,871.4691171294662
20.8,871.6899463697581
21.0,871.8998108724252
21.2,872.0987974722224
21.4,872.2869890417405
21.6,872.4644644499355
21.8,872.6312985221679
22.0,872.7875620018574
22.2,872.9333215138518
22.4,873.068639529599
22.6,873.193574334205
22.8,873.3081799954522
23.0,873.4125063348442
23.2,873.5065989007418
23.4,873.5904989436393
23.6,873.6642433936347
23.8,873.7278648401331
24.0,873.7813915138215
24.2,873.8248472709489
24.4,873.8582515799355
24.6,873.881619510336
24.8,873.8949617241735
25.0,873.8982844696587
25.2,873.8915895773019
25.4,873.8748744584236
25.6,873.8481321060651
25.8,873.8113510982931
26.0,873.7645156038946
26.2,873.707605390447
26.4,873.6405958347495
26.6,873.5634579355946
26.8,873.4761583288533
27.0,873.3786593048485
27.2,873.2709188279779
27.4,873.1528905585494
27.6,873.0245238767826
27.8,872.885763908927
28.0,872.7365515554397
28.2,872.5768235211603
28.4,872.4065123474132
28.6,872.2255464459622
28.8,872.0338501347323
29.0,871.8313436752085
29.2,871.6179433114135
29.4,871.3935613103547
29.6,871.158106003826
29.8,870.9114818314386
30.0,870.653589384745
30.2,870.3843254523142
30.4,870.1035830655995
30.6,869.8112515454378
30.8,869.5072165490003
31.0,869.1913601170103
31.2,868.8635607210277
31.4,868.523693310591
31.6,868.1716293599923
31.8,867.8072369144528
32.0,867.4303806354511
32.2,867.0409218449429
32.4,866.6387185682
32.6,866.2236255749842
32.8,865.7954944187517
33.0,865.3541734735791
33.2,864.8995079684794
33.4,864.431340018768
33.6,863.9495086541203
33.8,863.4538498429467
34.0,862.9441965126978
34.2,862.4203785656933
34.4,861.8822228900508
34.6,861.3295533652735
34.8,860.7621908620359
35.0,860.1799532356858
35.2,859.5826553129591
35.4,858.9701088713819
35.6,858.3421226108088
35.8,857.6985021165203
36.0,857.039049813272
36.2,856.3635649096626
36.4,855.6718433321521
36.6,854.9636776480266
36.8,854.2388569765745
37.0,853.4971668876939
37.2,852.7383892871164
37.4,851.9623022873875
37.6,851.1686800636987
37.8,850.357292693624
38.0,849.5279059797657
38.2,848.6802812542676
38.4,847.8141751641082
38.6,846.9293394360423
38.8,846.0255206200136
39.0,845.1024598098246
39.2,844.1598923398124
39.4,843.1975474562475
39.6,842.215147962157
39.8,841.2124098342495
40.0,840.1890418106275
40.2,839.1447449479734
40.4,838.0792121469262
40.6,836.9921276444026
40.8,835.8831664716797
41.0,834.7519938771356
41.2,833.598264712647
41.4,832.4216227827744
41.6,831.2217001560176
41.8,829.9981164376126
42.0,828.7504780035486
42.2,827.478377195735
42.4,826.1813914785185
42.6,824.8590825570631
42.8,823.5109954584408
43.0,822.1366575766581
43.2,820.7355776832339
43.4,819.3072449053835
43.6,817.8511276743071
43.8,816.3666726465611
44.0,814.8533036019843
44.2,813.3104203221526
44.4,811.7373974538554
44.6,810.1335833626006
44.8,808.498298981668
45.0,806.8308366627344
45.2,805.1304590345727
45.4,803.3963978767861
45.6,801.6278530159618
45.8,799.8239912520063
46.0,797.9839453227538
46.2,796.1068129152163
46.4,794.1916557320434
46.6,792.2374986218986
46.8,790.2433287825143
47.0,788.2080950451572
47.2,786.1307072491182
47.4,784.0100357146354
47.6,781.8449108223473
47.8,779.6341227069825
48.0,777.3764210724878
48.2,775.0705151352166
48.4,772.7150737011114
48.6,770.3087253820581
48.8,767.8500589557401
49.0,765.3376238724011
49.2,762.7699309109524
49.4,760.1454529858182
49.6,757.4626261048395
49.8,754.7198504774474
50.0,751.9154917711903
