0.0,820.1073804798807
0.2,822.0905900597365
0.4,824.0297086860569
0.6,825.9248936202545
0.8,827.7763265863844
1.0,829.5842147741713
1.2,831.3487916937532
1.4,833.0703178780411
1.6,834.7490814297348
1.8,836.3853984111745
2.0,837.9796130763668
2.2,839.5320979456556
2.4,841.0432537246295
2.6,842.5135090699519
2.8,843.9433202058375
3.0,845.3331703959119
3.2,846.6835692761222
3.4,847.9950520552487
3.6,849.2681785903737
3.8,850.5035323453856
4.0,851.7017192412434
4.2,852.8633664072834
4.4,853.9891208433115
4.6,855.0796480026073
4.8,856.1356303062395
5.0,857.1577655992836
5.2,858.1467655596317
5.4,859.1033540700829
5.6,860.0282655643334
5.8,860.9222433573079
6.0,861.7860379700395
6.2,862.6204054589833
6.4,863.4261057592635
6.6,864.2039010509013
6.8,864.9545541565743
7.0,865.6788269788939
7.2,866.3774789845991
7.4,867.0512657424338
7.6,867.7009375208138
7.8,868.3272379507152
8.0,868.9309027585264
8.2,869.5126585729055
8.4,870.0732218089952
8.6,870.6132976326518
8.8,871.1335790066773
9.0,871.6347458203804
9.2,872.1174641031616
9.4,872.5823853222138
9.6,873.0301457638535
9.8,873.4613659974635
10.0,873.876650420528
10.2,874.2765868827817
10.4,874.66174638708
10.6,875.0326828642275
10.8,875.3899330186689
11.0,875.7340162416723
11.2,876.065434588388
11.4,876.3846728149774
11.6,876.6921984718518
11.8,876.9884620489526
12.0,877.2738971689276
12.2,877.5489208240335
12.4,877.8139336525827
12.6,878.069320250799
12.8,878.3154495160005
13.0,878.5526750171216
13.2,878.7813353887016
13.4,879.001754744601
13.6,879.2142431078631
13.8,879.4190968533065
14.0,879.6165991596191
14.2,879.8070204679167
14.4,879.9906189439314
14.6,880.1676409411996
14.8,880.3383214628292
15.0,880.5028846196417
15.2,880.661544082681
15.4,880.8145035283044
15.6,880.9619570742592
15.8,881.1040897053521
16.0,881.2410776875065
16.2,881.3730889691835
16.4,881.5002835693158
16.6,881.6228139510653
16.8,881.7408253808703
17.0,881.8544562723881
17.2,881.9638385150711
17.4,882.0690977872366
17.6,882.1703538535992
17.8,882.2677208473331
18.0,882.3613075368221
18.2,882.4512175773325
18.4,882.5375497479126
18.6,882.6203981738822
18.8,882.6998525353264
19.0,882.7759982620465
19.2,882.8489167154592
19.4,882.9186853579591
19.6,882.9853779102796
19.8,883.0490644973984
20.0,883.1098117835494
20.2,883.1676830968942
20.4,883.222738544413
20.6,883.275035117567
20.8,883.3246267892714
21.0,883.3715646027088
21.2,883.4158967524971
21.4,883.4576686587089
21.6,883.4969230342151
21.8,883.5336999458129
22.0,883.5680368695705
22.2,883.5999687407958
22.4,883.6295279990218
22.6,883.6567446283655
22.8,883.681646193603
23.0,883.7042578722715
23.2,883.7246024830887
23.4,883.7427005109536
23.6,883.7585701287693
23.8,883.772227216305
24.0,883.783685376289
24.2,883.7929559479015
24.4,883.8000480178167
24.6,883.804968428915
24.8,883.8077217867669
25.0,883.8083104639707
25.2,883.8067346023967
25.4,883.8029921133781
25.6,883.797078675859
25.8,883.788987732493
26.0,883.7787104836633
26.2,883.7662358793723
26.4,883.7515506089285
26.6,883.7346390883351
26.8,883.7154834452638
27.0,883.6940635014727
27.2,883.6703567525076
27.4,883.6443383445004
27.6,883.6159810478548
27.8,883.5852552275888
28.0,883.5521288100758
28.2,883.516567245905
28.4,883.4785334685564
28.6,883.4379878485616
28.8,883.394888142797
29.0,883.3491894385344
29.2,883.3008440918486
29.4,883.2498016599599
29.6,883.1960088270657
29.8,883.1394093231997
30.0,883.079943835634
30.2,883.0175499123212
30.4,882.9521618568644
30.6,882.883710614485
30.8,882.8121236484506
31.0,882.7373248064204
31.2,882.6592341761652
31.4,882.5777679301146
31.6,882.4928381582018
31.8,882.4043526884809
32.0,882.3122148950171
32.2,882.2163234925713
32.4,882.1165723176384
32.6,882.0128500954352
32.8,881.905040192487
33.0,881.7930203545174
33.2,881.6766624294143
33.4,881.5558320751211
33.6,881.4303884523915
33.8,881.3001839024398
34.0,881.1650636096301
34.2,881.0248652494631
34.4,880.879418622251
34.6,880.7285452730093
34.8,880.5720580982425
35.0,880.4097609404631
35.2,880.2414481714527
35.4,880.066904265447
35.6,879.8859033636191
35.8,879.6982088314229
36.0,879.5035728105579
36.2,879.3017357675212
36.4,879.092426040914
36.6,878.8753593898798
36.8,878.6502385462536
37.0,878.4167527732054
37.2,878.1745774333601
37.4,877.923373569559
37.6,877.6627875016144
37.8,877.3924504425732
38.0,877.1119781381534
38.2,876.8209705331523
38.4,876.5190114687414
38.6,876.2056684146417
38.8,875.8804922402433
39.0,875.5430170287603
39.2,875.192759938514
39.4,874.8292211154023
39.6,874.451883660546
39.8,874.0602136569846
40.0,873.6536602591583
40.2,873.2316558487058
40.4,872.7936162598871
40.6,872.3389410776523
40.8,871.8670140110611
41.0,871.3772033443911
41.2,870.8688624678631
41.4,870.3413304894636
41.6,869.7939329288533
41.8,869.225982493823
42.0,868.6367799391954
42.2,868.0256150074774
42.4,867.3917674499445
42.6,866.7345081261973
42.8,866.0531001795632
43.0,865.3468002850409
43.2,864.6148599658077
43.4,863.8565269736182
43.6,863.0710467277535
43.8,862.2576638065083
44.0,861.4156234845641
44.2,860.5441733089742
44.4,859.6425647059039
44.6,858.7100546097269
44.8,857.7459071055822
45.0,856.7493950760569
45.2,855.7198018422808
45.4,854.6564227894082
45.6,853.5585669662228
45.8,852.4255586484398
46.0,851.2567388552061
46.2,850.0514668082958
46.4,848.8091213236074
46.6,847.5291021247432
46.8,846.2108310687338
47.0,844.8537532743412
47.2,843.4573381438258
47.4,842.0210802696186
47.6,840.5445002179648
47.8,839.0271451823261
48.0,837.4685895001131
48.2,835.8684350271885
48.4,834.2263113655001
48.6,832.5418759401921
48.8,830.8148139235668
49.0,829.0448380043455
49.2,827.2316880017692
49.4,825.3751303252084
49.6,823.4749572810704
49.8,821.5309862299271
50.0,819.5430585978977
