0.0,836.8960743277229
0.2,838.9971868852565
0.4,841.0178516080399
0.6,842.9568606240877
0.8,844.8135184061597
1.0,846.5876447141205
1.2,848.2795674937809
1.4,849.8901062171631
1.6,851.4205464152608
1.8,852.8726063852445
2.0,854.2483972416634
2.2,855.5503776198077
2.4,856.781304425738
2.6,857.944181060866
2.8,859.0422045310659
3.0,860.078712785064
3.2,861.0571335200827
3.4,861.980935551679
3.6,862.8535836776863
3.8,863.678497781884
4.0,864.4590167302697
4.2,865.1983674199591
4.4,865.8996391553345
4.6,866.5657633545873
4.8,867.1994984374088
5.0,867.8034196150265
5.2,868.3799131993687
5.4,868.9311749697938
5.6,869.4592120831977
5.8,869.9658479850145
6.0,870.4527297723424
6.2,870.9213374732685
6.4,871.3729947350784
6.6,871.8088804549379
6.8,872.2300409363099
7.0,872.6374022095221
7.2,873.0317822125246
7.4,873.4139025853655
7.6,873.7843998871366
7.8,874.1438360954307
8.0,874.4927082945186
8.2,874.831457498756
8.4,875.1604765917973
8.6,875.4801173900175
8.8,875.7906968603548
9.0,876.092502539046
9.2,876.3857972089991
9.4,876.6708229005256
9.6,876.947804283511
9.8,877.2169515195483
10.0,877.4784626407495
10.2,877.7325255184671
10.4,877.9793194805433
10.6,878.2190166303907
10.8,878.4517829155653
11.0,878.6777789878059
11.2,878.8971608909892
11.4,879.110080608265
11.6,879.3166864948603
11.8,879.51712361875
12.0,879.7115340276072
12.2,879.9000569571488
12.4,880.0828289931771
12.6,880.2599841972341
12.8,880.4316542037998
13.0,880.5979682953321
13.2,880.7590534601039
13.4,880.915034436723
13.6,881.0660337483532
13.8,881.2121717289813
14.0,881.3535665435295
14.2,881.490334203209
14.4,881.6225885771764
14.6,881.7504414013177
14.8,881.8740022847903
15.0,881.9933787148125
15.2,882.1086760600821
15.4,882.2199975731219
15.6,882.3274443917898
15.8,882.4311155401426
16.0,882.5311079288083
16.2,882.6275163549924
16.4,882.7204335022224
16.6,882.8099499399169
16.8,882.8961541228542
17.0,882.9791323905998
17.2,883.0589689669443
17.4,883.1357459593969
17.6,883.2095433587668
17.8,883.2804390388654
18.0,883.3485087563481
18.2,883.4138261507173
18.4,883.4764627444973
18.6,883.5364879435898
18.8,883.5939690378159
19.0,883.648971201644
19.2,883.7015574951012
19.4,883.7517888648639
19.6,883.7997241455183
19.8,883.845420060982
20.0,883.8889312260712
20.2,883.9303101482042
20.4,883.9696072292196
20.6,884.0068707672966
20.8,884.0421469589575
21.0,884.0754799011326
21.2,884.1069115932706
21.4,884.1364819394713
21.6,884.1642287506222
21.8,884.1901877465184
22.0,884.2143925579458
22.2,884.2368747287067
22.4,884.2576637175696
22.6,884.2767869001229
22.8,884.2942695705149
23.0,884.3101349430617
23.2,884.3244041537087
23.4,884.3370962613255
23.6,884.3482282488245
23.8,884.3578150240851
24.0,884.3658694206755
24.2,884.3724021983568
24.4,884.3774220433627
24.6,884.3809355684459
24.8,884.3829473126818
25.0,884.3834597410274
25.2,884.3824732436298
25.4,884.3799861348804
25.6,884.3759946522167
25.8,884.3704929546693
26.0,884.363473121158
26.2,884.3549251485395
26.4,884.3448369494115
26.6,884.3331943496813
26.8,884.3199810859038
27.0,884.3051788024012
27.2,884.2887670481733
27.4,884.270723273611
27.6,884.2510228270249
27.8,884.229638951006
28.0,884.2065427786312
28.2,884.1817033295324
28.4,884.1550875058449
28.6,884.1266600880542
28.8,884.096383730762
29.0,884.0642189583866
29.2,884.0301241608242
29.4,883.9940555890854
29.6,883.955967350933
29.8,883.9158114065383
30.0,883.8735375641794
30.2,883.8290934760003
30.4,883.7824246338521
30.6,883.7334743652355
30.8,883.6821838293628
31.0,883.6284920133588
31.2,883.5723357286145
31.4,883.5136496073106
31.6,883.4523660991231
31.8,883.3884154681218
32.0,883.3217257898716
32.2,883.2522229487412
32.4,883.1798306354234
32.6,883.1044703446682
32.8,883.0260613732222
33.0,882.9445208179703
33.2,882.8597635742649
33.4,882.771702334429
33.6,882.6802475864088
33.8,882.5853076125478
34.0,882.4867884884517
34.2,882.3845940818943
34.4,882.2786260517215
34.6,882.1687838466825
34.8,882.0549647041196
35.0,881.9370636484194
35.2,881.8149734891151
35.4,881.6885848184995
35.6,881.5577860085754
35.8,881.422463207121
36.0,881.2825003325931
36.2,881.1377790675056
36.4,880.9881788498182
36.6,880.8335768617301
36.8,880.6738480150862
37.0,880.5088649323651
37.2,880.3384979219006
37.4,880.1626149455798
37.6,879.9810815767369
37.8,879.7937609452939
38.0,879.6005136663505
38.2,879.4011977473729
38.4,879.195668467816
38.6,878.9837782234066
38.8,878.7653763253671
39.0,878.5403087425158
39.2,878.3084177714155
39.4,878.0695416165066
39.6,877.8235138584373
39.8,877.5701627845934
40.0,877.3093105511408
40.2,877.0407721407942
40.4,876.764354075105
40.6,876.4798528344744
40.8,876.1870529335524
41.0,875.8857245944665
41.2,875.5756209557871
41.4,875.2564747517198
41.6,874.9279943942315
41.8,874.5898593912543
42.0,874.2417150374079
42.2,873.8831663205252
42.4,873.5137709983417
42.6,873.1330318156644
42.8,872.7403878537592
43.0,872.3352050310085
43.2,871.9167658073467
43.4,871.4842581845473
43.6,871.0367641397665
43.8,870.5732476801037
44.0,870.0925427601629
44.2,869.5933413610373
44.4,869.0741820857138
44.6,868.5334396800321
44.8,867.9693159371051
45.0,867.3798324832397
45.2,866.7628259714796
45.4,866.1159462214715
45.6,865.4366578381674
45.8,864.7222458140524
46.0,863.9698255678977
46.2,863.1763577960743
46.4,862.3386684099137
46.6,861.4534737053682
46.8,860.5174107615717
47.0,859.5270728965166
47.2,858.4790498260197
47.4,857.3699719827947
47.6,856.1965582632173
47.8,854.9556662884548
48.0,853.644344102678
48.2,852.2598820926539
48.4,850.7998638082677
48.6,849.2622142995542
48.8,847.6452445683507
49.0,845.9476907655566
49.2,844.1687468498844
49.4,842.3080895601919
49.6,840.3658947377979
49.8,838.3428442619694
50.0,836.2401231231557
