0.0,817.8359518260637
0.2,819.8276953217201
0.4,821.7763967257222
0.6,823.6822653058708
0.8,825.5455286006916
1.0,827.3664331913718
1.2,829.1452453712942
1.4,830.8822517100851
1.6,832.5777595098085
1.8,834.2320971516502
2.0,835.8456143321665
2.2,837.41868218889
2.4,838.9516933158001
2.6,840.445061669869
2.8,841.8992223705714
3.0,843.3146313949069
3.2,844.6917651711078
3.4,846.0311200748004
3.6,847.3332118319402
3.8,848.5985748333522
4.0,849.8277613661759
4.2,851.021340767924
4.4,852.1798985092388
4.6,853.3040352117317
4.8,854.3943656075586
5.0,855.4515174475767
5.2,856.4761303650849
5.4,857.4688547022329
5.6,858.4303503062293
5.8,859.3612853024596
6.0,860.2623348515568
6.2,861.134179897359
6.4,861.9775059125164
6.6,862.7930016483128
6.8,863.5813578950149
7.0,864.343266258782
7.2,865.0794179608527
7.4,865.7905026643766
7.6,866.4772073338899
7.8,867.1402151320401
8.0,867.780204357756
8.2,868.3978474296325
8.4,868.9938099178725
8.6,869.5687496276847
8.8,870.1233157366021
9.0,870.6581479877436
9.2,871.1738759406156
9.4,871.6711182806233
9.6,872.150482188054
9.8,872.6125627668974
10.0,873.057942533491
10.2,873.4871909646165
10.4,873.9008641043416
10.6,874.2995042285787
10.8,874.6836395660472
11.0,875.0537840740603
11.2,875.410437267314
11.4,875.7540840976471
11.6,876.0851948825534
11.8,876.4042252800656
12.0,876.7116163074999
12.2,877.0077944014403
12.4,877.2931715162588
12.6,877.5681452584087
12.8,877.8330990536952
13.0,878.0884023447079
13.2,878.3344108156102
13.4,878.5714666415062
13.6,878.7998987596447
13.8,879.0200231597843
14.0,879.2321431911097
14.2,879.4365498831841
14.4,879.6335222785107
14.6,879.8233277743906
14.8,880.0062224718732
15.0,880.1824515297227
15.2,880.352249521442
15.4,880.5158407935363
15.6,880.673439823321
15.8,880.8252515747172
16.0,880.971471850611
16.2,881.112287640485
16.4,881.2478774621582
16.6,881.3784116966024
16.8,881.5040529149227
17.0,881.6249561967126
17.2,881.741269439105
17.4,881.8531336559541
17.6,881.9606832666811
17.8,882.0640463744196
18.0,882.1633450331828
18.2,882.2586955038632
18.4,882.3502084989492
18.6,882.4379894159188
18.8,882.5221385593329
19.0,882.6027513517104
19.2,882.6799185333182
19.4,882.7537263510594
19.6,882.824256736677
19.8,882.8915874745311
20.0,882.9557923592355
20.2,883.0169413434601
20.4,883.0751006762307
20.6,883.13033303207
20.8,883.1826976313336
21.0,883.232250352104
21.2,883.2790438340081
21.4,883.3231275743244
21.6,883.364548016741
21.8,883.4033486331256
22.0,883.4395699986536
22.2,883.473249860638
22.4,883.5044232013857
22.6,883.5331222953979
22.8,883.5593767612119
23.0,883.5832136081692
23.2,883.6046572783754
23.4,883.623729684099
23.6,883.6404502408382
23.8,883.6548358962641
24.0,883.6669011552292
24.2,883.676658101008
24.4,883.6841164129157
24.6,883.6892833804322
24.8,883.6921639139306
25.0,883.6927605520946
25.2,883.6910734660836
25.4,883.6871004604799
25.6,883.680836971037
25.8,883.6722760592176
26.0,883.6614084034951
26.2,883.6482222873659
26.4,883.632703583998
26.6,883.6148357374227
26.8,883.5945997401515
27.0,883.5719741070793
27.2,883.5469348455161
27.4,883.5194554211669
27.6,883.4895067198574
27.8,883.4570570047903
28.0,883.4220718690891
28.2,883.3845141833755
28.4,883.3443440381046
28.6,883.3015186803698
28.8,883.2559924448693
29.0,883.2077166787208
29.2,883.1566396597891
29.4,883.1027065081915
29.6,883.0458590906302
29.8,882.9860359172008
30.0,882.9231720303211
30.2,882.8571988854246
30.4,882.7880442230675
30.6,882.7156319321026
30.8,882.6398819035899
31.0,882.5607098751188
31.2,882.4780272652471
31.4,882.3917409977761
31.6,882.3017533156183
31.8,882.20796158404
32.0,882.1102580831094
32.2,882.0085297892183
32.4,881.902658145602
32.6,881.7925188218383
32.8,881.677981462369
33.0,881.5589094241576
33.2,881.435159503676
33.4,881.3065816534919
33.6,881.1730186888216
33.8,881.0343059845054
34.0,880.8902711629655
34.2,880.7407337738149
34.4,880.5855049658918
34.6,880.424387152622
34.8,880.2571736717197
35.0,880.0836484403742
35.2,879.9035856071889
35.4,879.716749202274
35.6,879.5228927870211
35.8,879.3217591052226
36.0,879.1130797373248
36.2,878.8965747597332
36.4,878.6719524112106
36.6,878.4389087685289
36.8,878.1971274336473
37.0,877.9462792347917
37.2,877.6860219439095
37.4,877.4160000130537
37.6,877.1358443323257
37.8,876.8451720120577
38.0,876.5435861919644
38.2,876.2306758800139
38.4,875.9060158237718
38.6,875.5691664169636
38.8,875.2196736439604
39.0,874.8570690648339
39.2,874.4808698435512
39.4,874.0905788217647
39.6,873.6856846405286
39.8,873.2656619121109
40.0,872.8299714438892
40.2,872.3780605161076
40.4,871.9093632150375
40.6,871.4233008228264
40.8,870.9192822650259
41.0,870.3967046164917
41.2,869.8549536660048
41.4,869.2934045396215
41.6,868.7114223823786
41.8,868.1083630975984
42.0,867.4835741426323
42.2,866.8363953794654
42.4,866.1661599781855
42.6,865.4721953708871
42.8,864.7538242531516
43.0,864.0103656298145
43.2,863.2411359013066
43.4,862.4454499864403
43.6,861.6226224771093
43.8,860.7719688199863
44.0,859.8928065199367
44.2,858.9844563595286
44.4,858.0462436287089
44.6,857.0774993584375
44.8,856.0775615518298
45.0,855.0457764061567
45.2,853.9814995188943
45.4,852.8840970708983
45.6,851.7529469797186
45.8,850.5874400160508
46.0,849.3869808763621
46.2,848.1509892048178
46.4,846.8789005577817
46.6,845.5701673043609
46.8,844.2242594567223
47.0,842.8406654242108
47.2,841.4188926856614
47.4,839.9584683747063
47.6,838.4589397733362
47.8,836.9198747094746
48.0,835.3408618548715
48.2,833.7215109202049
48.4,832.0614527448934
48.6,830.3603392797694
48.8,828.6178434614333
49.0,826.8336589777936
49.2,825.0074999250063
49.4,823.1391003567304
49.6,821.2282137273296
49.8,819.2746122313567
50.0,817.2780860423572
