0.0,568.4681850971348
0.2,575.162016231078
0.4,581.7112153432614
0.6,588.1184891167029
0.8,594.38652267925
1.0,600.5179781388807
1.2,606.515493184825
1.4,612.3816797555929
1.6,618.1191227747884
1.8,623.7303789553869
2.0,629.2179756729578
2.2,634.5844099081144
2.4,639.8321472582869
2.6,644.9636210187329
2.8,649.9812313325126
3.0,654.887344408992
3.2,659.684291810263
3.4,664.3743698047126
3.6,668.9598387868234
3.8,673.4429227621314
4.0,677.8258088961412
4.2,682.11064712586
4.4,686.2995498324913
4.6,690.3945915737185
4.8,694.3978088739004
5.0,698.3112000704058
5.2,702.136725214225
5.4,705.8763060229219
5.6,709.5318258839184
5.8,713.105129906041
6.0,716.598025017213
6.2,720.01228010613
6.4,723.3496262057251
6.6,726.6117567162058
6.8,729.8003276654259
7.0,732.9169580043543
7.2,735.9632299353968
7.4,738.9406892713403
7.6,741.8508458227004
7.8,744.6951738112828
8.0,747.4751123077905
8.2,750.1920656913541
8.4,752.8474041288973
8.6,755.4424640723029
8.8,757.9785487713946
9.0,760.4569288008099
9.2,762.8788425988994
9.4,765.2454970168548
9.6,767.558067876338
9.8,769.8177005339527
10.0,772.0255104509775
10.2,774.1825837668542
10.4,776.2899778750016
10.6,778.3487219996072
10.8,780.3598177721257
11.0,782.324239806294
11.2,784.2429362705523
11.4,786.1168294568375
11.6,787.946816344799
11.8,789.7337691605557
12.0,791.4785359291947
12.2,793.1819410202844
12.4,794.8447856857445
12.6,796.4678485894838
12.8,798.0518863282897
13.0,799.5976339435092
13.2,801.1058054231266
13.4,802.577094193902
13.6,804.0121736032892
13.8,805.4116973908995
14.0,806.7763001493363
14.2,808.106597774259
14.4,809.4031879035869
14.6,810.6666503457885
14.8,811.8975474972355
15.0,813.096424748639
15.2,814.2638108806094
15.4,815.4002184484102
15.6,816.5061441560017
15.8,817.5820692194849
16.0,818.6284597200797
16.2,819.645766946785
16.4,820.6344277288783
16.6,821.5948647584258
16.8,822.5274869029802
17.0,823.4326895086502
17.2,824.3108546937291
17.4,825.1623516330717
17.6,825.9875368334106
17.8,826.7867543997987
18.0,827.5603362933679
18.2,828.3086025805836
18.4,829.0318616741758
18.6,829.7304105659182
18.8,830.4045350514217
19.0,831.0545099471025
19.2,831.6805992994749
19.4,832.2830565869143
19.6,832.8621249140236
19.8,833.4180371987308
20.0,833.9510163522365
20.2,834.4612754519177
20.4,834.9490179072925
20.6,835.4144376191338
20.8,835.8577191318182
21.0,836.2790377789844
21.2,836.6785598225689
21.4,837.0564425852793
21.6,837.4128345765588
21.8,837.7478756120861
22.0,838.0616969268536
22.2,838.3544212818562
22.4,838.6261630644191
22.6,838.8770283821904
22.8,839.1071151508155
23.0,839.3165131753107
23.2,839.5053042251458
23.4,839.6735621030463
23.6,839.8213527075188
23.8,839.9487340891053
24.0,840.0557565003653
24.2,840.1424624395886
24.4,840.2088866882342
24.6,840.2550563420937
24.8,840.2809908361767
25.0,840.2867019633115
25.2,840.2721938864594
25.4,840.2374631447319
25.6,840.1824986531125
25.8,840.1072816958704
26.0,840.0117859136628
26.2,839.8959772843187
26.4,839.7598140972959
26.6,839.6032469218038
26.8,839.4262185685832
27.0,839.2286640453312
27.2,839.0105105057642
27.4,838.771677192299
27.6,838.512075372346
27.8,838.231608268189
28.0,837.9301709804369
28.2,837.6076504050235
28.4,837.2639251437275
28.6,836.8988654081844
28.8,836.5123329173548
29.0,836.1041807884106
29.2,835.6742534209936
29.4,835.2223863747976
29.6,834.7484062404171
29.8,834.252130503401
30.0,833.7333674014394
30.2,833.1919157746112
30.4,832.627564908604
30.6,832.0400943708172
30.8,831.4292738392473
31.0,830.794862924047
31.2,830.1366109816423
31.4,829.4542569212844
31.6,828.7475290038997
31.8,828.0161446331018
32.0,827.2598101382121
32.2,826.4782205491356
32.4,825.6710593629291
32.6,824.8379983018885
32.8,823.9786970629838
33.0,823.0928030584579
33.2,822.1799511474068
33.4,821.2397633581515
33.6,820.271848601216
33.8,819.275802372717
34.0,818.2512064479812
34.2,817.1976285652021
34.4,816.1146220989555
34.6,815.0017257234022
34.8,813.8584630650081
35.0,812.6843423446317
35.2,811.4788560088334
35.4,810.2414803502865
35.6,808.971675117177
35.8,807.6688831115138
36.0,806.3325297762823
36.2,804.9620227714111
36.4,803.5567515385462
36.6,802.1160868546632
36.8,800.6393803745837
37.0,799.1259641625002
37.2,797.5751502126615
37.4,795.9862299594101
37.6,794.3584737768186
37.8,792.6911304682214
38.0,790.9834267459951
38.2,789.234566701998
38.4,787.4437312691445
38.6,785.6100776746484
38.8,783.7327388855466
39.0,781.8108230471688
39.2,779.8434129153097
39.4,777.8295652829149
39.6,775.7683104021834
39.8,773.6586514030541
40.0,771.4995637091331
40.2,769.2899944521859
40.4,767.0288618864085
40.6,764.715054803766
40.8,762.3474319517649
41.0,759.9248214551102
41.2,757.4460202427689
41.4,754.9097934820431
41.6,752.3148740213262
41.8,749.6599618432896
42.0,746.9437235303144
42.2,744.164791744051
42.4,741.3217647210437
42.6,738.4132057864264
42.8,735.4376428877353
43.0,732.3935681509414
43.2,729.2794374608422
43.4,726.0936700679888
43.6,722.8346482243551
43.8,719.5007168499766
44.0,716.0901832328005
44.2,712.6013167640016
44.4,709.0323487110087
44.6,705.3814720304896
44.8,701.6468412235154
45.0,697.826572235107
45.2,693.9187424003279
45.4,689.9213904390466
45.6,685.8325165014395
45.8,681.6500822662451
46.0,677.3720110937054
46.2,672.9961882350586
46.4,668.5204611003527
46.6,663.9426395862554
46.8,659.2604964654275
47.0,654.4717678389146
47.2,649.5741536528872
47.4,644.5653182809282
47.6,639.4428911729285
47.8,634.2044675715025
48.0,628.8476092966821
48.2,623.3698455994883
48.4,617.7686740848084
48.6,612.0415617038362
48.8,606.1859458161482
49.0,600.199235321309
49.2,594.0788118597054
49.4,587.822031082114
49.6,581.4262239873068
49.8,574.8886983268006
50.0,568.2067400756459
