0.0,813.4315335407508
0.2,815.447521031334
0.4,817.4218607662775
0.6,819.3548327174891
0.8,821.2467276603765
1.0,823.0978476507986
1.2,824.908506448076
1.4,826.6790298822449
1.6,828.4097561640659
1.8,830.1010361366082
2.0,831.7532334675658
2.2,833.3667247817849
2.4,834.9418997338109
2.6,836.4791610205895
2.8,837.9789243347736
3.0,839.4416182594075
3.2,840.8676841050551
3.4,842.2575756907428
3.6,843.6117590703593
3.8,844.9307122064257
4.0,846.2149245933992
4.2,847.4648968329033
4.4,848.6811401634928
4.6,849.8641759477572
4.8,851.0145351197324
5.0,852.1327575957516
5.2,853.2193916519848
5.4,854.2749932720287
5.6,855.3001254679933
5.8,856.2953575785838
6.0,857.2612645477269
6.2,858.198426187294
6.4,859.1074264274756
6.6,859.9888525583312
6.8,860.8432944659892
7.0,861.6713438669086
7.2,862.4735935435231
7.4,863.2506365844893
7.6,864.0030656326389
7.8,864.7314721436032
8.0,865.4364456579261
8.2,866.1185730893317
8.4,866.7784380316307
8.6,867.4166200865843
8.8,868.0336942148471
9.0,868.6302301119264
9.2,869.2067916108979
9.4,869.7639361134156
9.6,870.3022140503581
9.8,870.8221683732497
10.0,871.3243340774009
10.2,871.8092377575095
10.4,872.2773971962803
10.6,872.7293209864256
10.8,873.1655081862357
11.0,873.5864480087265
11.2,873.9926195442127
11.4,874.3844915159914
11.6,874.7625220686753
11.8,875.127158588576
12.0,875.478837555408
12.2,875.8179844244672
12.4,876.1450135383291
12.6,876.4603280670182
12.8,876.7643199755116
13.0,877.0573700173684
13.2,877.3398477532116
13.4,877.6121115927374
13.6,877.8745088588823
13.8,878.1273758727524
14.0,878.3710380578883
14.2,878.6058100624358
14.4,878.8319958977787
14.6,879.0498890922034
14.8,879.2597728581728
15.0,879.4619202718046
15.2,879.6565944631812
15.4,879.844048816145
15.6,880.0245271762743
15.8,880.1982640657761
16.0,880.3654849040803
16.2,880.5264062329687
16.4,880.6812359451272
16.6,880.8301735150675
16.8,880.9734102314183
17.0,881.111129429651
17.2,881.2435067243625
17.4,881.3707102402988
17.6,881.4929008413662
17.8,881.6102323569373
18.0,881.7228518048161
18.2,881.8308996102909
18.4,881.9345098207561
18.6,882.0338103154436
18.8,882.1289230098549
19.0,882.2199640545418
19.2,882.3070440279263
19.4,882.3902681229042
19.6,882.469736327015
19.8,882.5455435960063
20.0,882.617780020658
20.2,882.686530986767
20.4,882.7518773282272
20.6,882.8138954731683
20.8,882.8726575831445
21.0,882.9282316853898
21.2,882.9806817981764
21.4,883.0300680493293
21.6,883.0764467879746
21.8,883.1198706896007
22.0,883.1603888545329
22.2,883.1980468999244
22.4,883.2328870453763
22.6,883.2649481923005
22.8,883.2942659971459
23.0,883.3208729386045
23.2,883.3447983789133
23.4,883.3660686193699
23.6,883.3847069501654
23.8,883.4007336946424
24.0,883.414166248074
24.2,883.4250191110481
24.4,883.4333039175408
24.6,883.4390294577439
24.8,883.4422016957067
25.0,883.442823781837
25.2,883.440896060298
25.4,883.4364160713221
25.6,883.4293785484539
25.8,883.4197754107171
26.0,883.4075957496962
26.2,883.3928258115019
26.4,883.3754489735836
26.6,883.3554457163413
26.8,883.3327935894723
27.0,883.3074671729875
27.2,883.2794380328125
27.4,883.2486746708901
27.6,883.215142469684
27.8,883.178803630987
28.0,883.1396171089253
28.2,883.0975385370504
28.4,883.0525201494066
28.6,883.0045106954673
28.8,882.9534553488265
29.0,882.8992956095464
29.2,882.8419692000577
29.4,882.7814099545268
29.6,882.7175477016083
29.8,882.6503081405173
30.0,882.5796127103714
30.2,882.5053784527692
30.4,882.4275178675948
30.6,882.3459387620609
30.8,882.2605440930282
31.0,882.1712318026712
31.2,882.0778946475884
31.4,881.9804200214955
31.6,881.8786897716716
31.8,881.7725800093743
32.0,881.6619609144806
32.2,881.5466965346552
32.4,881.4266445794005
32.6,881.3016562093862
32.8,881.1715758215173
33.0,881.0362408302475
33.2,880.8954814457045
33.4,880.7491204492507
33.6,880.5969729671624
33.8,880.4388462431688
34.0,880.2745394106523
34.2,880.1038432653738
34.4,879.9265400396409
34.6,879.7424031789031
34.8,879.5511971218056
35.0,879.3526770847986
35.2,879.1465888524424
35.4,878.9326685746034
35.6,878.7106425717822
35.8,878.4802271498523
36.0,878.2411284255314
36.2,877.993042163931
36.4,877.7356536295622
36.6,877.4686374521917
36.8,877.1916575089531
37.0,876.9043668241233
37.2,876.6064074879708
37.4,876.2974105960689
37.6,875.9769962104423
37.8,875.6447733438898
38.0,875.3003399687776
38.2,874.9432830515498
38.4,874.5731786141394
38.6,874.1895918233901
38.8,873.792077109513
39.0,873.3801783145116
39.2,872.9534288713994
39.4,872.511352014921
39.6,872.0534610243585
39.8,871.5792594988708
40.0,871.088241665667
40.2,870.5798927211595
40.4,870.0536892050764
40.6,869.5090994073502
40.8,868.9455838074106
41.0,868.3625955453335
41.2,867.7595809241067
41.4,867.135979942081
41.6,866.4912268544789
41.8,865.8247507626387
42.0,865.1359762294745
42.2,864.4243239194366
42.4,863.6892112610661
42.6,862.9300531300487
42.8,862.1462625504897
43.0,861.337251411959
43.2,860.5024311996854
43.4,859.6412137351291
43.6,858.7530119240085
43.8,857.8372405087341
44.0,856.893316822082
44.2,855.9206615388373
44.4,854.9186994220556
44.6,853.8868600605268
44.8,852.8245785939728
45.0,851.7312964224905
45.2,850.606461896743
45.4,849.449530985416
45.6,848.2599679164978
45.8,847.0372457889978
46.0,845.7808471518026
46.2,844.490264546474
46.4,843.1650010109166
46.6,841.8045705409976
46.8,840.4084985073648
47.0,838.9763220249033
47.2,837.5075902724807
47.4,836.0018647608584
47.6,834.4587195468938
47.8,832.8777413924175
48.0,831.2585298664492
48.2,829.6006973897
48.4,827.9038692206143
48.6,826.167683382504
48.8,824.391790531653
49.0,822.5758537665799
49.2,820.7195483789774
49.4,818.82256154716
49.6,816.8845919731834
49.8,814.9053494651038
50.0,812.8845544661634
