0.0,778.4878881521352
0.2,780.9768817655685
0.4,783.4140738274673
0.6,785.8005167298493
0.8,788.1372453237286
1.0,790.4252761358335
1.2,792.6656066727384
1.4,794.85921481455
1.6,797.0070582994936
1.8,799.1100742999494
2.0,801.1691790897164
2.2,803.1852678015149
2.4,805.1592142730215
2.6,807.0918709790343
2.8,808.9840690467373
3.0,810.8366183504344
3.2,812.6503076816068
3.4,814.42590498968
3.6,816.1641576884865
3.8,817.8657930230924
4.0,819.5315184913902
4.2,821.1620223146813
4.4,822.7579739513503
4.6,824.3200246476898
4.8,825.8488080199443
5.0,827.344940661726
5.2,828.8090227710841
5.4,830.2416387916966
5.6,831.6433580628885
5.8,833.0147354734484
6.0,834.3563121145266
6.2,835.6686159272325
6.4,836.9521623409062
6.6,838.2074548984151
6.8,839.4349858652108
7.0,840.6352368192681
7.2,841.8086792194231
7.4,842.9557749500045
7.6,844.0769768400332
7.8,845.172729155619
8.0,846.2434680645351
8.2,847.2896220722698
8.4,848.3116124291613
8.6,849.3098535084986
8.8,850.2847531557286
9.0,851.2367130091353
9.2,852.1661287925633
9.4,853.0733905809333
9.6,853.9588830394498
9.8,854.8229856375292
10.0,855.6660728385775
10.2,856.4885142668343
10.4,857.2906748525536
10.6,858.0729149568381
10.8,858.8355904774646
11.0,859.5790529370502
11.2,860.3036495548962
11.4,861.0097233038351
11.6,861.6976129533723
11.8,862.3676531003761
12.0,863.0201741885284
12.2,863.6555025176901
12.4,864.2739602442844
12.6,864.8758653737376
12.8,865.4615317459596
13.0,866.0312690147767
13.2,866.5853826221731
13.4,867.1241737681275
13.6,867.6479393767745
13.8,868.1569720595556
14.0,868.6515600759702
14.2,869.1319872924771
14.4,869.5985331400448
14.6,870.0514725708017
14.8,870.4910760141815
15.0,870.9176093329241
15.2,871.331333779242
15.4,871.7325059514299
15.6,872.121377751155
15.8,872.4981963416357
16.0,872.8632041068822
16.2,873.2166386121523
16.4,873.5587325657395
16.6,873.8897137821983
16.8,874.209805147085
17.0,874.5192245832745
17.2,874.8181850188971
17.4,875.1068943569256
17.6,875.3855554464266
17.8,875.6543660554804
18.0,875.9135188457624
18.2,876.1632013487676
18.4,876.4035959436555
18.6,876.6348798366796
18.8,876.857225042166
19.0,877.0707983649937
19.2,877.2757613845284
19.4,877.4722704399562
19.6,877.66047661696
19.8,877.8405257356792
20.0,878.0125583398898
20.2,878.1767096873425
20.4,878.3331097411923
20.6,878.4818831624544
20.8,878.6231493034202
21.0,878.7570222019663
21.2,878.8836105766906
21.4,879.0030178228112
21.6,879.1153420087621
21.8,879.2206758734235
22.0,879.3191068239248
22.2,879.4107169339601
22.4,879.49558294256
22.6,879.5737762532624
22.8,879.6453629336308
23.0,879.7104037150692
23.2,879.7689539928864
23.4,879.8210638265663
23.6,879.8667779402031
23.8,879.9061357230624
24.0,879.939171230237
24.2,879.9659131833639
24.4,879.9863849713794
24.6,880.0006046512864
24.8,880.0085849489177
25.0,880.0103332596779
25.2,880.0058516492563
25.4,879.9951368543017
25.6,879.9781802830569
25.8,879.9549680159556
26.0,879.9254808061861
26.2,879.8896940802324
26.4,879.8475779384055
26.6,879.7990971553836
26.8,879.7442111807821
27.0,879.6828741397798
27.2,879.6150348338284
27.4,879.5406367414821
27.6,879.4596180193797
27.8,879.3719115034208
28.0,879.2774447101802
28.2,879.176139838604
28.4,879.0679137720392
28.6,878.9526780806477
28.8,878.8303390242569
29.0,878.7007975557071
29.2,878.5639493247519
29.4,878.4196846825723
29.6,878.2678886869684
29.8,878.108441108289
30.0,877.9412164361663
30.2,877.7660838871186
30.4,877.5829074130874
30.6,877.391545710974
30.8,877.1918522332393
31.0,876.9836751996328
31.2,876.7668576101108
31.4,876.5412372590085
31.6,876.3066467505189
31.8,876.0629135155405
32.0,875.8098598299421
32.2,875.547302834293
32.4,875.2750545551048
32.6,874.9929219276189
32.8,874.7007068201731
33.0,874.3982060601709
33.2,874.0852114616675
33.4,873.7615098545805
33.6,873.426883115517
33.8,873.0811082002026
34.0,872.7239571774807
34.2,872.3551972648332
34.4,871.9745908653637
34.6,871.5818956061563
34.8,871.1768643779109
35.0,870.7592453757247
35.2,870.328782140871
35.4,869.8852136033923
35.6,869.4282741253011
35.8,868.9576935441387
36.0,868.4731972166165
36.2,867.9745060620173
36.4,867.4613366049934
36.6,866.9334010173577
36.8,866.3904071584061
37.0,865.8320586132687
37.2,865.2580547287233
37.4,864.6680906458546
37.6,864.0618573288783
37.8,863.4390415893921
38.0,862.7993261052469
38.2,862.1423894331728
38.4,861.4679060142249
38.6,860.7755461710558
38.8,860.0649760959504
39.0,859.3358578285046
39.2,858.5878492217713
39.4,857.8206038956415
39.6,857.0337711761842
39.8,856.22699601963
40.0,855.3999189196534
40.2,854.5521757965904
40.4,853.6833978672212
40.6,852.793211493757
40.8,851.8812380106954
41.0,850.9470935282488
41.2,849.990388711116
41.4,849.0107285314465
41.6,848.0077119949599
41.8,846.980931839305
42.0,845.9299742039052
42.2,844.8544182707169
42.4,843.7538358755321
42.6,842.6277910896947
42.8,841.475839772359
43.0,840.297529093703
43.2,839.0923970298218
43.4,837.8599718303533
43.6,836.5997714602476
43.8,835.3113030174526
44.0,833.9940621286773
44.2,832.6475323257812
44.4,831.27118440574
44.6,829.8644757775336
44.8,828.4268497996958
45.0,826.957735112646
45.2,825.4565449702934
45.4,823.9226765757394
45.6,822.3555104262259
45.8,820.7544096727496
46.0,819.1187195000009
46.2,817.4477665324787
46.4,815.7408582727624
46.6,813.997282578007
46.8,812.2163071807403
47.0,810.3971792599889
47.2,808.5391250686467
47.4,806.6413496227996
47.6,804.7030364584656
47.8,802.723347460871
48.0,800.7014227709757
48.2,798.6363807734901
48.4,796.5273181700834
48.6,794.3733101408844
48.8,792.1734105967231
49.0,789.9266525238513
49.2,787.6320484221492
49.4,785.2885908370371
49.6,782.8952529845244
49.8,780.4509894680089
50.0,777.9547370846334
