0.0,861.5326067878477
0.2,862.2416113726055
0.4,862.9348371961615
0.6,863.6124668903327
0.8,864.274684433334
1.0,864.9216751430686
1.2,865.5536256657482
1.4,866.1707239598086
1.6,866.7731592751015
1.8,867.3611221273646
2.0,867.9348042679827
2.2,868.4943986490736
2.4,869.0400993839451
2.6,869.572101702991
2.8,870.0906019051004
3.0,870.5957973046808
3.2,871.0878861744009
3.4,871.5670676837796
3.6,872.0335418337578
3.8,872.4875093874049
4.0,872.9291717969226
4.2,873.3587311271224
4.4,873.7763899755623
4.6,874.1823513895398
4.8,874.5768187801475
5.0,874.9599958336053
5.2,875.3320864200928
5.4,875.6932945003106
5.6,876.043824030006
5.8,876.3838788627043
6.0,876.7136626508882
6.2,877.0333787458774
6.4,877.3432300966527
6.6,877.6434191478816
6.8,877.9341477373933
7.0,878.2156169933586
7.2,878.4880272314191
7.4,878.7515778520196
7.6,879.0064672381857
7.8,879.2528926539865
8.0,879.4910501439203
8.2,879.7211344334545
8.4,879.943338830942
8.6,880.1578551311347
8.8,880.3648735205013
9.0,880.5645824845534
9.2,880.7571687173734
9.4,880.942817033526
9.6,881.1217102825308
9.8,881.2940292660569
10.0,881.4599526579955
10.2,881.6196569275527
10.4,881.7733162654939
10.6,881.9211025136585
10.8,882.0631850978575
11.0,882.1997309642468
11.2,882.3309045192628
11.4,882.456867573195
11.6,882.5777792874542
11.8,882.693796125587
12.0,882.8050718080759
12.2,882.9117572709489
12.4,883.0140006282134
12.6,883.1119471381191
12.8,883.2057391732435
13.0,883.2955161943758
13.2,883.3814147281787
13.4,883.463568348583
13.6,883.5421076618684
13.8,883.617160295373
14.0,883.6888508897648
14.2,883.7573010947983
14.4,883.8226295684732
14.6,883.8849519795049
14.8,883.9443810130085
15.0,884.0010263792897
15.2,884.0549948256314
15.4,884.1063901509639
15.6,884.1553132232875
15.8,884.201861999731
16.0,884.246131549106
16.2,884.288214076829
16.4,884.3281989520694
16.6,884.366172736983
16.8,884.40221921789
17.0,884.4364194382505
17.2,884.4688517332922
17.4,884.4995917661419
17.6,884.528712565315
17.8,884.5562845634131
18.0,884.5823756368828
18.2,884.6070511466888
18.4,884.6303739797556
18.6,884.6524045910313
18.8,884.6732010460331
19.0,884.6928190637307
19.2,884.7113120596314
19.4,884.7287311889276
19.6,884.7451253895763
19.8,884.7605414251766
20.0,884.7750239275205
20.2,884.7886154386913
20.4,884.80135645259
20.6,884.8132854557726
20.8,884.824438967485
21.0,884.834851578787
21.2,884.8445559906609
21.4,884.8535830510032
21.6,884.8619617904044
21.8,884.8697194566239
22.0,884.8768815476722
22.2,884.8834718434202
22.4,884.8895124356528
22.6,884.8950237564969
22.8,884.9000246051527
23.0,884.9045321728639
23.2,884.9085620660682
23.4,884.91212832767
23.6,884.9152434563879
23.8,884.9179184241303
24.0,884.9201626913558
24.2,884.9219842203855
24.4,884.923389486632
24.6,884.924383487721
24.8,884.9249697504807
25.0,884.925150335783
25.2,884.9249258412215
25.4,884.9242954016212
25.6,884.9232566873733
25.8,884.9218059005962
26.0,884.9199377691309
26.2,884.9176455383789
26.4,884.9149209609982
26.6,884.9117542844774
26.8,884.9081342366136
27.0,884.9040480089202
27.2,884.8994812380012
27.4,884.8944179849302
27.6,884.8888407126764
27.8,884.8827302616261
28.0,884.8760658232527
28.2,884.8688249119926
28.4,884.8609833353887
28.6,884.8525151625679
28.8,884.843392691126
29.0,884.8335864124942
29.2,884.8230649758672
29.4,884.8117951507814
29.6,884.7997417884302
29.8,884.786867781809
30.0,884.7731340247947
30.2,884.7584993702548
30.4,884.742920587299
30.6,884.7263523177803
30.8,884.7087470321646
31.0,884.6900549848831
31.2,884.670224169294
31.4,884.6492002723764
31.6,884.6269266292888
31.8,884.6033441779208
32.0,884.5783914135762
32.2,884.5520043439244
32.4,884.5241164443596
32.6,884.4946586139113
32.8,884.4635591318486
33.0,884.4307436151263
33.2,884.3961349768165
33.4,884.359653385676
33.6,884.321216226995
33.8,884.2807380648778
34.0,884.2381306060993
34.2,884.1933026656886
34.4,884.1461601343824
34.6,884.0966059480921
34.8,884.0445400595288
35.0,883.9898594121233
35.2,883.9324579163788
35.4,883.8722264287875
35.6,883.8090527334434
35.8,883.742821526471
36.0,883.6734144033923
36.2,883.6007098495463
36.4,883.5245832336668
36.6,883.4449068047217
36.8,883.3615496921074
37.0,883.2743779092873
37.2,883.1832543609517
37.4,883.0880388537705
37.6,882.9885881108036
37.8,882.8847557896181
38.0,882.7763925041603
38.2,882.6633458504142
38.4,882.5454604358703
38.6,882.4225779128184
38.8,882.2945370154673
39.0,882.1611736008828
39.2,882.0223206937223
39.4,881.8778085347394
39.6,881.7274646330096
39.8,881.5711138218287
40.0,881.4085783182146
40.2,881.239677785935
40.4,881.064229401973
40.6,880.8820479263293
40.8,880.6929457750479
41.0,880.4967330963419
41.2,880.2932178496873
41.4,880.0822058877345
41.6,879.8635010408873
41.8,879.6369052043793
42.0,879.4022184276749
42.2,879.159239006008
42.4,878.9077635738679
42.6,878.6475872002276
42.8,878.3785034853078
43.0,878.1003046586609
43.2,877.8127816783508
43.4,877.515724331002
43.6,877.2089213324871
43.8,876.8921604290126
44.0,876.565228498368
44.2,876.2279116510916
44.4,875.8799953313135
44.6,875.5212644170288
44.8,875.1515033195586
45.0,874.7704960819561
45.2,874.3780264761164
45.4,873.9738780983527
45.6,873.5578344632054
45.8,873.1296790952548
46.0,872.6891956187134
46.2,872.2361678445825
46.4,871.7703798551624
46.6,871.2916160857159
46.8,870.7996614030926
47.0,870.2943011811321
47.2,869.7753213726747
47.4,869.2425085780205
47.6,868.6956501096868
47.8,868.1345340533301
48.0,867.5589493247116
48.2,866.9686857225948
48.4,866.3635339774854
48.6,865.7432857961315
48.8,865.1077339017219
49.0,864.4566720697336
49.2,863.7898951593958
49.4,863.1071991407537
49.6,862.408381117332
49.8,861.6932393444127
50.0,860.9615732429594
