0.0,779.6743877865214
0.2,781.6589249589805
0.4,783.6180810293555
0.6,785.5531786587533
0.8,787.4653922474215
1.0,789.3557468970088
1.2,791.2251191601999
1.4,793.0742395229494
1.6,794.9036965325992
1.8,796.7139424559581
2.0,798.5053003256388
2.2,800.2779722111875
2.4,802.0320485342419
2.6,803.767518234424
2.8,805.4842795850473
3.0,807.1821514550063
3.2,808.8608848152438
3.4,810.5201742946884
3.6,812.1596696011082
3.8,813.7789866364286
4.0,815.3777181531336
4.2,816.9554438177782
4.4,818.51173956872
4.6,820.0461861772595
4.8,821.5583769438192
5.0,823.0479244829779
5.2,824.5144665725445
5.4,825.9576710619365
5.6,827.3772398534937
5.8,828.7729119867096
6.0,830.1444658694458
6.2,831.4917207118942
6.4,832.8145372282717
6.6,834.112817678032
6.8,835.3865053228149
7.0,836.6355833775834
7.2,837.8600735346306
7.4,839.060034137572
7.6,840.2355580793636
7.8,841.3867704940471
8.0,842.5138263065921
8.2,843.6169076991674
8.4,844.6962215456473
8.6,845.7519968594061
8.8,846.7844822926536
9.0,847.7939437189183
9.2,848.7806619239159
9.4,849.7449304240931
9.6,850.6870534266707
9.8,851.6073439401133
10.0,852.5061220396406
10.2,853.3837132886871
10.4,854.2404473141161
10.6,855.0766565304554
10.8,855.8926750064364
11.0,856.6888374656248
11.2,857.4654784118813
11.4,858.2229313697396
11.6,858.9615282294718
11.8,859.6815986865755
12.0,860.3834697656132
12.2,861.0674654187153
12.4,861.7339061895678
12.6,862.3831089343233
12.8,863.0153865915456
13.0,863.6310479940073
13.2,864.230397715883
13.4,864.8137359495813
13.6,865.3813584071485
13.8,865.9335562418215
14.0,866.4706159859072
14.2,866.9928195017235
14.4,867.5004439428325
14.6,867.9937617232515
14.8,868.473040492718
15.0,868.9385431164377
15.2,869.3905276580455
15.4,869.8292473647654
15.6,870.2549506539784
15.8,870.667881100591
16.0,871.0682774247489
16.2,871.4563734795711
16.4,871.832398238677
16.6,872.1965757833655
16.8,872.5491252893667
17.0,872.8902610131421
17.2,873.2201922777392
17.4,873.539123458243
17.6,873.847253966881
17.8,874.1447782378533
18.0,874.4318857119664
18.2,874.7087608211552
18.4,874.975582972975
18.6,875.2325265351432
18.8,875.4797608202117
19.0,875.717450070439
19.2,875.9457534429276
19.4,876.1648249950905
19.6,876.3748136704938
19.8,876.575863285127
20.0,876.7681125141353
20.2,876.9516948790515
20.4,877.1267387355516
20.6,877.2933672617557
20.8,877.4516984470903
21.0,877.6018450817234
21.2,877.7439147465785
21.4,877.8780098039315
21.6,878.0042273885869
21.8,878.1226593996341
22.0,878.2333924927748
22.2,878.3365080732127
22.4,878.4320822890982
22.6,878.5201860255155
22.8,878.6008848989995
23.0,878.67423925257
23.2,878.7403041512719
23.4,878.7991293782042
23.6,878.8507594310302
23.8,878.8952335189516
24.0,878.9325855601385
24.2,878.9628441796012
24.4,878.9860327074979
24.6,879.0021691778645
24.8,879.0112663277654
25.0,879.013331596853
25.2,879.0083671273367
25.4,878.9963697643551
25.6,878.9773310567518
25.8,878.9512372582541
26.0,878.9180693290568
26.2,878.8778029378147
26.4,878.8304084640475
26.6,878.7758510009645
26.8,878.7140903587157
27.0,878.6450810680782
27.2,878.5687723845884
27.4,878.4851082931286
27.6,878.3940275129809
27.8,878.2954635033589
28.0,878.1893444694306
28.2,878.0755933688422
28.4,877.9541279187558
28.6,877.8248606034113
28.8,877.6876986822213
29.0,877.5425441984105
29.2,877.3892939882015
29.4,877.2278396905566
29.6,877.0580677574733
29.8,876.8798594648358
30.0,876.6930909238154
30.2,876.4976330928126
30.4,876.293351789928
30.6,876.0801077059432
30.8,875.8577564177893
31.0,875.6261484024741
31.2,875.3851290514309
31.4,875.1345386852499
31.6,874.8742125687404
31.8,874.6039809262708
32.0,874.3236689573224
32.2,874.0330968521884
32.4,873.7320798077408
32.6,873.4204280431884
32.8,873.0979468157361
33.0,872.7644364360619
33.2,872.4196922835214
33.4,872.0635048209983
33.6,871.6956596093223
33.8,871.3159373211897
34.0,870.9241137545439
34.2,870.519959845394
34.4,870.1032416800963
34.6,869.6737205071602
34.8,869.2311527487179
35.0,868.775290011866
35.2,868.3058791001953
35.4,867.8226620259476
35.6,867.325376023389
35.8,866.8137535641739
36.0,866.2875223756868
36.2,865.74640546361
36.4,865.1901211402576
36.6,864.6183830605648
36.8,864.0309002680114
37.0,863.427377253201
37.2,862.8075140283181
37.4,862.1710062212225
37.6,861.5175451935464
37.8,860.846818187793
38.0,860.1585085091103
38.2,859.4522957481188
38.4,858.7278560518797
38.6,857.9848624507936
38.8,857.2229852498842
39.0,856.4418924935371
39.2,855.6412505132613
39.4,854.8207245684279
39.6,853.9799795901305
39.8,853.1186810382782
40.0,852.2364958817292
40.2,851.3330937106192
40.4,850.4081479890158
40.6,849.4613374545518
40.8,848.4923476697307
41.0,847.5008727270962
41.2,846.486617107392
41.4,845.4492976861826
41.6,844.3886458801438
41.8,843.304409919397
42.0,842.1963572268685
42.2,841.064276879773
42.4,839.9079821220399
42.6,838.7273128899258
42.8,837.522138306351
43.0,836.292359092818
43.2,835.0379098413301
43.4,833.7587610827603
43.6,832.4549210828509
43.8,831.1264372927476
44.0,829.773397377917
44.2,828.3959297477655
44.4,826.9942035084892
44.6,825.5684277638966
44.8,824.1188501933237
45.0,822.6457548424726
45.2,821.1494590721167
45.4,819.6303096211687
45.6,818.0886777545211
45.8,816.524953482215
46.0,814.9395388546446
46.2,813.3328403583323
46.4,811.7052604579217
46.6,810.0571883519568
46.8,808.3889900321757
47.0,806.7009977578674
47.2,804.9934990776701
47.4,803.2667255503496
47.6,801.5208413329782
47.8,799.7559318188542
48.0,797.9719925179381
48.2,796.1689183789917
48.4,794.3464937546191
48.6,792.5043832077232
48.8,790.6421233503619
49.0,788.7591158936062
49.2,786.8546220699147
49.4,784.9277585680363
49.6,782.9774950949859
49.8,781.0026536507755
50.0,779.0019095700302
