0.0,530.2898618714141
0.2,536.1897034522632
0.4,542.0090144930952
0.6,547.7475294356831
0.8,553.4050518882531
1.0,558.9814556064293
1.2,564.476685098391
1.4,569.8907558540441
1.6,575.2237542008857
1.8,580.4758367920786
2.0,585.6472297350055
2.2,590.7382273712287
2.4,595.7491907213043
2.6,600.6805456102734
2.8,605.5327804918498
3.0,610.3064439913317
3.2,615.0021421890524
3.4,619.6205356677633
3.6,624.1623363486673
3.8,628.6283041419113
4.0,633.01924343818
4.2,637.3359994686172
4.4,641.5794545606211
4.6,645.7505243171388
4.8,649.8501537469076
5.0,653.8793133726823
5.2,657.8389953438427
5.4,661.7302095789236
5.6,665.5539799625457
5.8,669.3113406199885
6.0,673.0033322912345
6.2,676.6309988247558
6.4,680.1953838096337
6.6,683.69752736281
6.8,687.1384630863936
7.0,690.519215208011
7.2,693.84079591521
7.4,697.1042028929287
7.6,700.3104170710412
7.8,703.4604005870201
8.0,706.5550949668136
8.2,709.5954195251581
8.4,712.5822699847371
8.6,715.5165173118809
8.8,718.3990067648833
9.0,721.2305571495052
9.2,724.0119602748503
9.4,726.7439806015514
9.6,729.4273550730803
9.8,732.0627931200248
10.0,734.650976826337
10.2,737.1925612458717
10.4,739.6881748569826
10.6,742.1384201425401
10.8,744.5438742824603
11.0,746.905089945702
11.2,749.222596168671
11.4,751.4968993070783
11.6,753.728484048515
11.8,755.9178144733248
12.0,758.0653351517606
12.2,760.171472265909
12.4,762.2366347454257
12.6,764.2612154067556
12.8,766.2455920861837
13.0,768.1901287577882
13.2,770.0951766281148
13.4,771.961075200165
13.6,773.7881533000799
13.8,775.5767300606886
14.0,777.3271158568798
14.2,779.0396131885277
14.4,780.7145175074646
14.6,782.3521179857217
14.8,783.9526982229635
15.0,785.5165368917125
15.2,787.0439083195885
15.4,788.5350830083746
15.6,789.9903280902709
15.8,791.4099077221877
16.0,792.7940834193903
16.2,794.1431143302008
16.4,795.4572574538244
16.6,796.7367678036724
16.8,797.9818985188147
17.0,799.1929009264114
17.2,800.370024558146
17.4,801.5135171238113
17.6,802.6236244452934
17.8,803.7005903542563
18.0,804.7446565568456
18.2,805.7560624687275
18.4,806.7350450237382
18.6,807.6818384593582
18.8,808.5966740821433
19.0,809.4797800161366
19.2,810.3313809371741
19.4,811.1516977958564
19.6,811.94094753182
19.8,812.6993427817902
20.0,813.4270915837374
20.2,814.1243970793016
20.4,814.7914572164841
20.6,815.428464454445
20.8,816.0356054720862
21.0,816.6130608819398
21.2,817.1610049507336
21.4,817.679605327859
21.6,818.169022782824
21.8,818.6294109526519
22.0,819.0609161000535
22.2,819.4636768830931
22.4,819.8378241369631
22.6,820.1834806683871
22.8,820.5007610630792
23.0,820.789771506623
23.2,821.0506096190517
23.4,821.2833643033626
23.6,821.4881156081435
23.8,821.664934604446
24.0,821.8138832770078
24.2,821.9350144298946
24.4,822.0283716066115
24.6,822.0939890247148
24.8,822.1318915249469
25.0,822.1420945349
25.2,822.1246040472175
25.4,822.0794166123331
25.6,822.0065193457457
25.8,821.9058899498276
26.0,821.7774967501616
26.2,821.6212987463963
26.4,821.4372456776064
26.6,821.2252781021335
26.8,820.9853274918736
27.0,820.7173163409533
27.2,820.4211582887274
27.4,820.0967582569846
27.6,819.7440126012298
27.8,819.3628092758568
28.0,818.9530280129804
28.2,818.514540514639
28.4,818.0472106580048
28.6,817.5508947131716
28.8,817.0254415729967
29.0,816.4706929943802
29.2,815.8864838502661
29.4,815.2726423915259
29.6,814.6289905177732
29.8,813.9553440560217
30.0,813.2515130459615
30.2,812.5173020304846
30.4,811.7525103499387
30.6,810.9569324384315
30.8,810.1303581203495
31.0,809.2725729050932
31.2,808.383358277869
31.4,807.4624919842141
31.6,806.5097483057826
31.8,805.5248983247574
32.0,804.5077101741225
32.2,803.4579492708889
32.4,802.3753785292506
32.6,801.2597585505503
32.8,800.1108477868396
33.0,798.9284026747698
33.2,797.7121777365018
33.4,796.4619256443212
33.6,795.1773972456662
33.8,793.8583415453261
34.0,792.5045056416699
34.2,791.1156346138855
34.4,789.6914713573909
34.6,788.2317563647875
34.8,786.7362274499916
35.0,785.2046194134845
35.2,783.6366636469779
35.4,782.0320876761923
35.6,780.3906146408973
35.8,778.7119627118622
36.0,776.995844444905
36.2,775.2419660728191
36.4,773.4500267365858
36.6,771.6197176579468
36.8,769.7507212561164
37.0,767.8427102121404
37.2,765.8953464851697
37.4,763.9082802856894
37.6,761.8811490115273
37.8,759.8135761532583
38.0,757.7051701764075
38.2,755.5555233886221
38.4,753.3642108007375
38.6,751.1307889913801
38.8,748.854794985422
39.0,746.5357451572369
39.2,744.1731341702588
39.4,741.7664339648451
39.6,739.3150928068491
39.8,736.8185344096255
40.0,734.2761571424078
40.2,731.6873333380998
40.4,729.0514087135153
40.6,726.3677019149526
40.8,723.6355042017315
41.0,720.8540792799043
41.2,718.0226632978104
41.4,715.1404650144524
41.6,712.2066661508411
41.8,709.2204219334769
42.0,706.1808618380231
42.2,703.0870905399729
42.4,699.9381890777296
42.6,696.733216232019
42.8,693.4712101239335
43.0,690.1511900321904
43.2,686.7721584283864
43.4,683.3331032271465
43.6,679.8330002461335
43.8,676.2708158689105
44.0,672.6455099016517
44.2,668.9560386127017
44.4,665.20135794201
44.6,661.3804268655289
44.8,657.4922108977951
45.0,653.5356857141235
45.2,649.5098408721652
45.4,645.4136836110217
45.6,641.2462427047042
45.8,637.0065723454825
46.0,632.6937560316145
46.2,628.3069104330905
46.4,623.8451892083843
46.6,619.3077867447978
46.8,614.6939417948049
47.0,610.0029409808818
47.2,605.2341221416307
47.4,600.3868774925876
47.6,595.4606565759373
47.8,590.4549689744457
48.0,585.3693867662506
48.2,580.2035466987195
48.4,574.9571520613745
48.6,569.6299742398887
48.8,564.2218539353518
49.0,558.7327020353754
49.2,553.1625001261281
49.4,547.5113006370403
49.6,541.7792266126769
49.8,535.9664711090965
50.0,530.0732962149069
