0.0,842.1546354283329
0.2,844.3949759793966
0.4,846.4970462240553
0.6,848.4592444002406
0.8,850.282349173184
1.0,851.9693779878276
1.2,853.5253519446685
1.4,854.9569869105289
1.6,856.2723345187686
1.8,857.480398353827
2.0,858.5907499740309
2.2,859.6131667783955
2.4,860.5573095371735
2.6,861.4324522685401
2.8,862.2472716723865
3.0,863.0096980956678
3.2,863.7268254604705
3.4,864.4048740458015
3.6,865.0491976262141
3.8,865.6643252344708
4.0,866.25402761038
4.2,866.8213990205928
4.4,867.3689463405342
4.6,867.898678832431
4.8,868.4121937109396
5.0,868.9107541831447
5.2,869.395358058681
5.4,869.8667961770603
5.6,870.325700767493
5.8,870.7725844514574
6.0,871.2078709535782
6.2,871.6319187482893
6.4,872.045038888164
6.6,872.4475081816763
6.8,872.8395787535367
7.0,873.2214848608934
7.2,873.593447675959
7.4,873.9556785943613
7.6,874.3083814965962
7.8,874.6517542804429
8.0,874.985989894885
8.2,875.3112770388674
8.4,875.6278006380527
8.6,875.9357421763393
8.8,876.2352799331675
9.0,876.5265891598888
9.2,876.809842216503
9.4,877.0852086821753
9.6,877.3528554478579
9.8,877.6129467961155
10.0,877.86564447127
10.2,878.111107741769
10.4,878.3494934559687
10.6,878.5809560921039
10.8,878.8056478029888
11.0,879.0237184558576
11.2,879.235315667685
11.4,879.4405848362932
11.6,879.639669167531
11.8,879.8327096988003
12.0,880.0198453191995
12.2,880.2012127865482
12.4,880.3769467415513
12.6,880.5471797193541
12.8,880.7120421587354
13.0,880.8716624091732
13.2,881.0261667360118
13.4,881.1756793239463
13.6,881.3203222790346
13.8,881.4602156294279
14.0,881.5954773250079
14.2,881.7262232361007
14.4,881.8525671514287
14.6,881.9746207754483
14.8,882.0924937252105
15.0,882.2062935268702
15.2,882.3161256119558
15.4,882.4220933135033
15.6,882.5242978621466
15.8,882.6228383822446
16.0,882.7178118881184
16.2,882.8093132804595
16.4,882.8974353429633
16.6,882.9822687392334
16.8,883.0639020099928
17.0,883.1424215706338
17.2,883.2179117091281
17.4,883.2904545843147
17.6,883.360130224578
17.8,883.4270165269188
18.0,883.4911892564207
18.2,883.5527220461099
18.4,883.6116863971977
18.6,883.6681516796959
18.8,883.7221851333917
19.0,883.7738518691614
19.2,883.8232148706078
19.4,883.8703349959957
19.6,883.9152709804621
19.8,883.9580794384772
20.0,883.9988148665287
20.2,884.0375296460016
20.4,884.0742740462239
20.6,884.1090962276515
20.8,884.1420422451615
21.0,884.1731560514237
21.2,884.2024795003218
21.4,884.2300523503955
21.6,884.2559122682725
21.8,884.2800948320638
22.0,884.3026335346947
22.2,884.323559787142
22.4,884.3429029215555
22.6,884.3606901942344
22.8,884.376946788438
23.0,884.391695817006
23.2,884.4049583247684
23.4,884.4167532907238
23.6,884.4270976299691
23.8,884.4360061953613
24.0,884.4434917788988
24.2,884.449565112806
24.4,884.454234870311
24.6,884.4575076661041
24.8,884.4593880564709
25.0,884.45987853909
25.2,884.4589795524952
25.4,884.4566894751922
25.6,884.4530046244356
25.8,884.4479192546609
26.0,884.4414255555782
26.2,884.433513649929
26.4,884.4241715909126
26.6,884.4133853592913
26.8,884.4011388601821
27.0,884.3874139195478
27.2,884.3721902803998
27.4,884.3554455987261
27.6,884.3371554391646
27.8,884.3172932704349
28.0,884.2958304605512
28.2,884.2727362718364
28.4,884.2479778557586
28.6,884.2215202476153
28.8,884.193326361088
29.0,884.1633569826954
29.2,884.1315707661686
29.4,884.09792422678
29.6,884.0623717356513
29.8,884.0248655140699
30.0,883.9853556278459
30.2,883.9437899817357
30.4,883.900114313965
30.6,883.8542721908811
30.8,883.8062050017621
31.0,883.7558519538151
31.2,883.7031500673919
31.4,883.6480341714476
31.6,883.5904368992726
31.8,883.5302886845222
32.0,883.4675177575672
32.2,883.4020501421879
32.4,883.3338096526339
32.6,883.2627178910635
32.8,883.1886942453795
33.0,883.111655887473
33.2,883.0315177718835
33.4,882.948192634876
33.6,882.8615909939399
33.8,882.7716211476995
34.0,882.678189176229
34.2,882.581198941754
34.4,882.480552089718
34.6,882.3761480501853
34.8,882.2678840395429
35.0,882.1556550624595
35.2,882.03935391405
35.4,881.9188711821838
35.6,881.7940952498701
35.8,881.6649122976412
36.0,881.531206305846
36.2,881.3928590567571
36.4,881.24975013638
36.6,881.1017569358515
36.8,880.9487546522915
37.0,880.7906162889743
37.2,880.627212654663
37.4,880.4584123619504
37.6,880.2840818244307
37.8,880.1040852525209
38.0,879.918284647742
38.2,879.7265397952552
38.4,879.528708254448
38.6,879.324645347349
38.8,879.1142041446517
39.0,878.8972354491151
39.2,878.6735877761075
39.4,878.4431073310534
39.6,878.2056379835371
39.8,877.961021237806
40.0,877.7090961993977
40.2,877.4496995375789
40.4,877.1826654432128
40.6,876.9078255815461
40.8,876.6250090391721
41.0,876.3340422640183
41.2,876.0347489964997
41.4,875.7269501887971
41.6,875.4104639072519
41.8,875.085105209716
42.0,874.7506859846819
42.2,874.4070147312735
42.4,874.05389624741
42.6,873.6911311760233
42.8,873.3185153339305
43.0,872.9358387122047
43.2,872.5428839876239
43.4,872.1394243187563
43.6,871.7252201144918
43.8,871.3000143552694
44.0,870.8635259176915
44.2,870.4154402046704
44.4,869.9553962234379
44.6,869.4829690967753
44.8,868.9976468606245
45.0,868.4988003245453
45.2,867.9856447895928
45.4,867.4571925772416
45.6,866.9121956719655
45.8,866.3490783644463
46.0,865.7658606350699
46.2,865.1600741481144
46.4,864.5286741107734
46.6,863.8679518178025
46.8,863.1734543303241
47.0,862.4399192522662
47.2,861.6612337523935
47.4,860.8304275909579
47.6,859.9397097080674
47.8,858.980556716469
48.0,857.943859295645
48.2,856.8201290067076
48.4,855.5997635851288
48.6,854.2733636252648
48.8,852.8320881972157
49.0,851.2680318916208
49.2,849.5746016778926
49.4,847.746869362036
49.6,845.7818748026144
49.8,843.6788566566522
50.0,841.439391302102
