0.0,778.1848778901532
0.2,780.237899105828
0.4,782.2599601972018
0.6,784.2522591714709
0.8,786.2159061387774
1.0,788.1519219500469
1.2,790.0612376280194
1.4,791.9446945813854
1.6,793.8030455811796
1.8,795.6369564683782
2.0,797.4470085521708
2.2,799.233701649813
2.4,800.997457711441
2.6,802.7386249668731
2.8,804.4574825263146
3.0,806.1542453630893
3.2,807.8290696040513
3.4,809.4820580522149
3.6,811.1132658663082
3.8,812.7227063233726
4.0,814.310356593115
4.2,815.8761634563415
4.4,817.4200489043676
4.6,818.9419155616549
4.8,820.4416518799267
5.0,821.9191370585116
5.2,823.3742456525019
5.4,824.8068518373368
5.6,826.2168333054879
5.8,827.6040747778908
6.0,828.9684711195115
6.2,830.3099300548497
6.4,831.6283744851509
6.6,832.9237444145732
6.8,834.1959984974371
7.0,835.4451152229591
7.2,836.6710937574924
7.4,837.8739544672585
7.6,839.0537391468586
7.8,840.2105109805219
8.0,841.3443542641093
8.2,842.4553739163689
8.4,843.5436948079224
8.6,844.6094609359483
8.8,845.6528344716287
9.0,846.6739947061661
9.2,847.6731369196428
9.4,848.6504711952248
9.6,849.6062211992906
9.8,850.5406229460265
10.0,851.4539235629318
10.2,852.346380071581
10.4,853.2182581959054
10.6,854.0698312082559
10.8,854.9013788215913
11.0,855.7131861343391
11.2,856.5055426328207
11.4,857.278741254621
11.6,858.0330775149291
11.8,858.7688486966858
12.0,859.48635310434
12.2,860.1858893801368
12.4,860.8677558811382
12.6,861.5322501145847
12.8,862.1796682287528
13.0,862.8103045561245
13.2,863.4244512054556
13.4,864.0223976991882
13.6,864.6044306526016
13.8,865.1708334911066
14.0,865.7218862021583
14.2,866.2578651183833
14.4,866.7790427286653
14.6,867.2856875141207
14.8,867.7780638060901
15.0,868.2564316634888
15.2,868.7210467670743
15.4,869.172160328409
15.6,869.6100190115113
15.8,870.0348648653999
16.0,870.4469352659297
16.2,870.8464628655104
16.4,871.2336755494727
16.6,871.6087963980073
16.8,871.9720436527487
17.0,872.3236306872142
17.2,872.6637659804196
17.4,872.9926530931103
17.6,873.3104906461293
17.8,873.6174723005358
18.0,873.9137867391518
18.2,874.19961764928
18.4,874.475143706389
18.6,874.7405385585987
18.8,874.995970811849
19.0,875.2416040156509
19.2,875.4775966493557
19.4,875.7041021088929
19.6,875.9212686939424
19.8,876.129239595523
20.0,876.3281528839885
20.2,876.5181414974242
20.4,876.69933323045
20.6,876.8718507234349
20.8,877.0358114521292
21.0,877.1913277177244
21.2,877.3385066373517
21.4,877.4774501350242
21.6,877.6082549330365
21.8,877.7310125438224
22.0,877.845809262285
22.2,877.9527261585948
22.4,878.0518390714674
22.6,878.1432186019185
22.8,878.2269301075
23.0,878.3030336970138
23.2,878.3715842257076
23.4,878.4326312909471
23.6,878.4862192283647
23.8,878.5323871084809
24.0,878.5711687337982
24.2,878.602592636361
24.4,878.6266820757819
24.6,878.64345503773
24.8,878.652924232879
25.0,878.6550970963142
25.2,878.649975787394
25.4,878.637557190068
25.6,878.6178329136471
25.8,878.5907892940287
26.0,878.5564073953743
26.2,878.5146630122426
26.4,878.4655266721755
26.6,878.4089636387423
26.8,878.34493391504
27.0,878.2733922476526
27.2,878.1942881310721
27.4,878.1075658125799
27.6,878.0131642975913
27.8,877.9110173554641
28.0,877.8010535257695
28.2,877.6831961250265
28.4,877.5573632538968
28.6,877.4234678048366
28.8,877.2814174702037
29.0,877.1311147508128
29.2,876.9724569649321
29.4,876.805336257714
29.6,876.6296396110506
29.8,876.4452488538425
30.0,876.2520406726707
30.2,876.0498866228601
30.4,875.838653139921
30.6,875.6182015513612
30.8,875.3883880888562
31.0,875.1490639007766
31.2,874.9000750650674
31.4,874.6412626024904
31.6,874.3724624902403
31.8,874.0935056759674
32.0,873.8042180922473
32.2,873.5044206715622
32.4,873.1939293618816
32.6,872.872555142961
32.8,872.5401040435114
33.0,872.1963771594399
33.2,871.8411706734073
33.4,871.4742758760166
33.6,871.0954791890068
33.8,870.7045621909188
34.0,870.3013016457817
34.2,869.8854695354815
34.4,869.4568330965873
34.6,869.015154862543
34.8,868.5601927122798
35.0,868.0916999264601
35.2,867.609425252744
35.4,867.1131129816432
35.6,866.6025030347362
35.8,866.0773310672176
36.0,865.5373285869695
36.2,864.9822230925579
36.4,864.4117382327785
36.6,863.8255939905775
36.8,863.2235068943794
37.0,862.6051902600283
37.2,861.9703544667033
37.4,861.3187072702867
37.6,860.6499541577305
37.8,859.9637987459838
38.0,859.2599432289902
38.2,858.5380888761255
38.4,857.7979365852234
38.6,857.0391874930011
38.8,856.2615436452494
39.0,855.4647087285697
39.2,854.6483888647304
39.4,853.8122934678403
39.6,852.9561361635273
39.8,852.0796357681271
40.0,851.1825173245563
40.2,850.2645131900497
40.4,849.3253641693117
40.6,848.3648206848496
40.8,847.3826439743772
41.0,846.3786073031858
41.2,845.35249717734
41.4,844.3041145414666
41.6,843.2332759428506
41.8,842.1398146415314
42.0,841.0235816441918
42.2,839.8844466378945
42.4,838.7222987981953
42.6,837.5370474449288
42.8,836.3286225180614
43.0,835.0969748455183
43.2,833.8420761748549
43.4,832.56391894113
43.6,831.2625157443812
43.8,829.9378985117495
44.0,828.5901173215827
44.2,827.2192388697657
44.4,825.8253445621102
44.6,824.4085282208496
44.8,822.9688933981168
45.0,821.5065502946833
45.2,820.0216122881344
45.4,818.5141920809989
45.6,816.9843974860028
45.8,815.4323268725087
46.0,813.8580643051755
46.2,812.2616744128163
46.4,810.6431970321835
46.6,809.0026416778285
46.8,807.3399818951121
47.0,805.6551495587329
47.2,803.9480291836439
47.4,802.2184523188175
47.6,800.4661920968583
47.8,798.6909580138662
48.0,796.8923910141227
48.2,795.0700589530576
48.4,793.2234525095208
48.6,791.3519816146323
48.8,789.4549724594322
49.0,787.5316651372743
49.2,785.5812119694693
49.4,783.6026765542149
49.6,781.5950335694966
49.8,779.5571693505455
50.0,777.4878832518147
