0.0,811.2795087195253
0.2,813.3101302301691
0.4,815.2995745975725
0.6,817.2481461604605
0.8,819.1561577345816
1.0,821.0239309935814
1.2,822.8517968092094
1.4,824.6400955494428
1.6,826.3891773333314
1.8,828.0994022415965
2.0,829.7711404822425
2.2,831.4047725106752
2.4,833.0006891040523
2.6,834.55929138982
2.8,836.0809908286262
3.0,837.5662091520173
3.2,839.015378255554
3.4,840.4289400481885
3.6,841.8073462589581
3.8,843.151058202242
4.0,844.4605465030171
4.2,845.7362907837266
4.4,846.9787793145363
4.6,848.1885086289037
4.8,849.3659831065286
5.0,850.5117145258685
5.2,851.6262215885192
5.4,852.7100294178482
5.6,853.7636690343494
5.8,854.7876768102518
6.0,855.7825939059597
6.2,856.7489656909329
6.4,857.6873411516368
6.6,858.5982722891874
6.8,859.4823135093071
7.0,860.3400210071799
7.2,861.1719521497504
7.4,861.9786648579618
7.6,862.7607169913572
7.8,863.5186657373937
8.0,864.2530670077319
8.2,864.96447484366
8.4,865.6534408327108
8.6,866.3205135384118
8.8,866.9662379449873
9.0,867.5911549187042
9.2,868.1958006874222
9.4,868.7807063397687
9.6,869.346397345224
9.8,869.8933930962581
10.0,870.4222064735192
10.2,870.9333434349305
10.4,871.4273026294145
10.6,871.9045750358159
10.8,872.3656436274662
11.0,872.8109830626929
11.2,873.2410594014459
11.4,873.6563298480917
11.6,874.057242520301
11.8,874.4442362438436
12.0,874.8177403729927
12.2,875.1781746361395
12.4,875.5259490061243
12.6,875.8614635946994
12.8,876.1851085704584
13.0,876.4972640994933
13.2,876.7983003079739
13.4,877.088577265784
13.6,877.368444990299
13.8,877.6382434693437
14.0,877.8983027023336
14.2,878.1489427585722
14.4,878.3904738516555
14.6,878.6231964289182
14.8,878.8474012748435
15.0,879.0633696273618
15.2,879.2713733059568
15.4,879.471674850514
15.6,879.664527669851
15.8,879.8501761988946
16.0,880.0288560634809
16.2,880.2007942517935
16.4,880.3662092914697
16.6,880.5253114314472
16.8,880.6783028276534
17.0,880.8253777316771
17.2,880.9667226816033
17.4,881.1025166942276
17.6,881.2329314579163
17.8,881.3581315254092
18.0,881.4782745059192
18.2,881.5935112559114
18.4,881.7039860680001
18.6,881.8098368574354
18.8,881.9111953457003
19.0,882.0081872407751
19.2,882.1009324136679
19.4,882.189545070854
19.6,882.2741339222937
19.8,882.3548023447462
20.0,882.4316485401228
20.2,882.5047656886607
20.4,882.5742420967255
20.6,882.6401613390834
20.8,882.7026023955074
21.0,882.761639781609
21.2,882.8173436738086
21.4,882.8697800283803
21.6,882.9190106945224
21.8,882.9650935214254
22.0,883.0080824593224
22.2,883.0480276545192
22.4,883.0849755384131
22.6,883.11896891052
22.8,883.150047015534
23.0,883.1782456144537
23.2,883.203597049809
23.4,883.2261303050294
23.6,883.2458710579945
23.8,883.2628417288074
24.0,883.2770615218318
24.2,883.288546462031
24.4,883.2973094256456
24.6,883.3033601652409
24.8,883.3067053291534
25.0,883.3073484753592
25.2,883.3052900797816
25.4,883.3005275390528
25.6,883.2930551677332
25.8,883.2828641899918
26.0,883.2699427257438
26.2,883.2542757712309
26.4,883.2358451740345
26.6,883.2146296024958
26.8,883.1906045095226
27.0,883.1637420907514
27.2,883.1340112370361
27.4,883.101377481228
27.6,883.0658029392135
27.8,883.0272462451769
28.0,882.9856624810545
28.2,882.9410031001498
28.4,882.8932158448855
28.6,882.8422446586716
28.8,882.7880295918757
29.0,882.7305067018948
29.2,882.6696079473321
29.4,882.6052610763003
29.6,882.5373895088852
29.8,882.4659122138195
30.0,882.3907435794355
30.2,882.3117932789863
30.4,882.2289661304454
30.6,882.1421619509221
30.8,882.0512754058526
31.0,881.9561958531588
31.2,881.8568071825929
31.4,881.7529876505218
31.6,881.6446097104362
31.8,881.5315398395038
32.0,881.4136383615286
32.2,881.2907592667075
32.4,881.1627500286231
32.6,881.029451418946
32.8,880.8906973203659
33.0,880.7463145383078
33.2,880.5961226120365
33.4,880.4399336257898
33.6,880.2775520206283
33.8,880.1087744077274
34.0,879.9333893838767
34.2,879.7511773499963
34.4,879.5619103335135
34.6,879.3653518154804
34.8,879.1612565633476
35.0,878.9493704703392
35.2,878.7294304024036
35.4,878.5011640537389
35.6,878.2642898119115
35.8,878.0185166336058
36.0,877.7635439320533
36.2,877.4990614771942
36.4,877.2247493096348
36.6,876.9402776694485
36.8,876.6453069408681
37.0,876.3394876138967
37.2,876.0224602638432
37.4,875.6938555497562
37.6,875.3532942326993
37.8,875.000387214762
38.0,874.6347355996505
38.2,874.2559307756491
38.4,873.8635545216695
38.6,873.45717913704
38.8,873.036367595602
39.0,872.600673724593
39.2,872.1496424087076
39.4,871.6828098196178
39.6,871.1997036711342
39.8,870.6998435000748
40.0,870.1827409727842
40.2,869.6479002171316
40.4,869.0948181796796
40.6,868.5229850075888
40.8,867.931884454685
41.0,867.3209943109817
41.2,866.6897868548086
41.4,866.0377293265586
41.6,865.3642844229254
41.8,864.6689108103658
42.0,863.9510636563839
42.2,863.2101951770995
42.4,862.4457551994334
42.6,861.6571917361191
42.8,860.8439515716287
43.0,860.0054808569878
43.2,859.1412257113517
43.4,858.250632828119
43.6,857.3331500832692
43.8,856.3882271435374
44.0,855.4153160719757
44.2,854.4138719283942
44.4,853.3833533621381
44.6,852.3232231946301
44.8,851.2329489890919
45.0,850.112003604866
45.2,848.9598657337676
45.4,847.7760204159383
45.6,846.5599595327076
45.8,845.3111822740407
46.0,844.0291955782243
46.2,842.7135145415308
46.4,841.3636627957167
46.6,839.9791728513221
46.8,838.5595864048846
47.0,837.1044546083185
47.2,835.6133382988822
47.4,834.0858081883207
47.6,832.5214450099597
47.8,830.919839622722
48.0,829.2805930712329
48.2,827.6033166014031
48.4,825.8876316310801
48.6,824.1331696755954
48.8,822.3395722282482
49.0,820.5064905960019
49.2,818.6335856908935
49.4,816.7205277778867
49.6,814.7669961801242
49.8,812.7726789427572
50.0,810.7372724567464
