0.0,865.0107364031057
0.2,865.6809191025088
0.4,866.3348923165581
0.6,866.9728371519735
0.8,867.5949375887116
1.0,868.2013804880816
1.2,868.7923555902765
1.4,869.3680555012685
1.6,869.9286756690678
1.8,870.4744143493843
2.0,871.0054725607748
2.2,871.5220540293998
2.4,872.02436512356
2.6,872.5126147782173
2.8,872.987014409749
3.0,873.4477778212174
3.2,873.8951210984807
3.4,874.329262497495
3.6,874.7504223232012
3.8,875.1588228004106
4.0,875.5546879371424
4.2,875.9382433808806
4.4,876.3097162682518
4.6,876.6693350686397
4.8,877.0173294222751
5.0,877.3539299733524
5.2,877.6793681987408
5.4,877.9938762328667
5.6,878.2976866893509
5.8,878.5910324799922
6.0,878.8741466316906
6.2,879.1472621018997
6.4,879.4106115932043
6.6,879.6644273675996
6.8,879.9089410610582
7.0,880.144383498944
7.2,880.3709845128341
7.4,880.5889727592837
7.6,880.7985755410622
7.8,881.0000186313617
8.0,881.1935261014671
8.2,881.3793201523451
8.4,881.5576209505986
8.6,881.7286464691945
8.8,881.8926123333581
9.0,882.0497316719943
9.2,882.200214974969
9.4,882.344269956556
9.6,882.4821014253259
9.8,882.6139111607222
10.0,882.7398977965414
10.2,882.8602567115039
10.4,882.9751799270708
10.6,883.0848560126351
10.8,883.1894699981815
11.0,883.2892032944866
11.2,883.3842336208968
11.4,883.4747349406961
11.6,883.5608774040509
11.8,883.642827298488
12.0,883.7207470068431
12.2,883.7947949725879
12.4,883.8651256724238
12.6,883.9318895960108
12.8,883.9952332326727
13.0,884.0552990649094
13.2,884.1122255685249
13.4,884.166147219163
13.6,884.2171945050316
13.8,884.2654939455779
14.0,884.3111681158705
14.2,884.3543356764305
14.4,884.3951114082454
14.6,884.4336062526921
14.8,884.4699273560904
15.0,884.5041781185996
15.2,884.5364582471739
15.4,884.5668638122808
15.6,884.5954873080951
15.8,884.6224177158742
16.0,884.6477405702242
16.2,884.6715380279685
16.4,884.693888939333
16.6,884.7148689211671
16.8,884.7345504319218
17.0,884.7530028481159
17.2,884.7702925420236
17.4,884.7864829603275
17.6,884.8016347034835
17.8,884.8158056055588
18.0,884.8290508143051
18.2,884.8414228712454
18.4,884.8529717915534
18.6,884.8637451435231
18.8,884.8737881274278
19.0,884.8831436535812
19.2,884.8918524194214
19.4,884.8999529854506
19.6,884.9074818498682
19.8,884.9144735217494
20.0,884.9209605926268
20.2,884.926973806344
20.4,884.9325421270589
20.6,884.9376928052807
20.8,884.942451441836
21.0,884.9468420496661
21.2,884.9508871133633
21.4,884.9546076463669
21.6,884.9580232457397
21.8,884.9611521444587
22.0,884.9640112611535
22.2,884.9666162472408
22.4,884.9689815313983
22.6,884.9711203613356
22.8,884.9730448428184
23.0,884.9747659759119
23.2,884.9762936884074
23.4,884.9776368664062
23.6,884.9788033820329
23.8,884.9798001182581
24.0,884.9806329908108
24.2,884.9813069671625
24.4,884.9818260825708
24.6,884.9821934531702
24.8,884.9824112861007
25.0,884.9824808866658
25.2,884.9824026625149
25.4,884.9821761248465
25.6,884.9817998866293
25.8,884.9812716578407
26.0,884.9805882377251
26.2,884.9797455040742
26.4,884.978738399534
26.6,884.9775609149468
26.8,884.9762060697356
27.0,884.9746658893436
27.2,884.9729313797421
27.4,884.9709924990235
27.6,884.9688381260977
27.8,884.9664560265163
28.0,884.9638328154501
28.2,884.9609539178488
28.4,884.957803525818
28.6,884.9543645532519
28.8,884.9506185877643
29.0,884.9465458399669
29.2,884.942125090149
29.4,884.9373336324177
29.6,884.9321472163649
29.8,884.9265399863359
30.0,884.9204844183754
30.2,884.9139512549422
30.4,884.9069094374851
30.6,884.8993260369834
30.8,884.8911661825636
31.0,884.8823929883123
31.2,884.8729674784134
31.4,884.8628485107486
31.6,884.8519926991063
31.8,884.8403543341593
32.0,884.827885303373
32.2,884.8145350100234
32.4,884.8002502915086
32.6,884.7849753371493
32.8,884.7686516056826
33.0,884.7512177426639
33.2,884.7326094979986
33.4,884.7127596438364
33.6,884.6915978930681
33.8,884.6690508186737
34.0,884.6450417741777
34.2,884.6194908154758
34.4,884.5923146243008
34.6,884.5634264336051
34.8,884.5327359551395
35.0,884.5001493095137
35.2,884.4655689590253
35.4,884.4288936435494
35.6,884.3900183197804
35.8,884.3488341041176
36.0,884.3052282194857
36.2,884.2590839463812
36.4,884.2102805784291
36.6,884.158693382732
36.8,884.1041935652875
37.0,884.0466482417421
37.2,883.9859204137409
37.4,883.9218689511245
37.6,883.8543485802086
37.8,883.7832098783762
38.0,883.708299275188
38.2,883.629459060212
38.4,883.5465273977466
38.6,883.4593383486009
38.8,883.3677218990686
39.0,883.2715039972182
39.2,883.1705065965951
39.4,883.0645477074075
39.6,882.9534414552487
39.8,882.8369981473769
40.0,882.7150243465493
40.2,882.5873229523819
40.4,882.4536932901766
40.6,882.3139312071274
40.8,882.1678291757927
41.0,882.0151764046852
41.2,881.855758955809
41.4,881.6893598689359
41.6,881.5157592923888
41.8,881.3347346200704
42.0,881.1460606344427
42.2,880.949509655138
42.4,880.744851692854
42.6,880.5318546081577
42.8,880.3102842747963
43.0,880.0799047470928
43.2,879.840478430972
43.4,879.591766258154
43.6,879.3335278630178
43.8,879.0655217616287
44.0,878.7875055324038
44.2,878.4992359978748
44.4,878.2004694069959
44.6,877.8909616174305
44.8,877.5704682772513
45.0,877.2387450054734
45.2,876.8955475708423
45.4,876.5406320682972
45.6,876.173755092532
45.8,875.7946739080819
46.0,875.4031466153693
46.2,874.9989323121558
46.4,874.5817912498561
46.6,874.1514849841893
46.8,873.707776519658
47.0,873.2504304473651
47.2,872.779213075709
47.4,872.2938925535097
47.6,871.7942389851612
47.8,871.2800245374226
48.0,870.7510235375014
48.2,870.2070125621101
48.4,869.6477705172163
48.6,869.0730787082416
48.8,868.4827209005045
49.0,867.8764833697406
49.2,867.2541549425765
49.4,866.6155270268715
49.6,865.9603936318882
49.8,865.2885513782911
50.0,864.5997994980177
