0.0,824.8711840709396
0.2,826.8491377451913
0.4,828.7795598216236
0.6,830.6624428365475
0.8,832.4978274651843
1.0,834.2858043179904
1.2,836.0265153761629
1.4,837.7201550590413
1.6,839.3669709196681
1.8,840.9672639683207
2.0,842.5213886273204
2.2,844.0297523238203
2.4,845.4928147305383
2.6,846.9110866674943
2.8,848.285128680688
3.0,849.6155493163017
3.2,850.9030031113866
3.4,852.1481883240814
3.6,853.3518444281901
3.8,854.514749398413
4.0,855.6377168136469
4.2,856.7215928065804
4.4,857.7672528882708
4.6,858.7755986765337
4.8,859.7475545568038
5.0,860.6840643036455
5.2,861.5860876903381
5.4,862.454597112931
5.6,863.2905742539044
5.8,864.0950068090962
6.0,864.8688852998856
6.2,865.6131999908167
6.4,866.3289379308851
6.6,867.0170801346787
6.8,867.678598917447
7.0,868.3144553960271
7.2,868.9255971654003
7.4,869.512956158507
7.6,870.0774466948614
7.8,870.6199637214619
8.0,871.1413812475646
8.2,871.6425509730312
8.4,872.1243011082552
8.6,872.5874353820749
8.8,873.0327322326476
9.0,873.460944174957
9.2,873.8727973375028
9.4,874.2689911597362
9.6,874.6501982409972
9.8,875.0170643310428
10.0,875.370208451755
10.2,875.7102231392602
10.4,876.0376747954695
10.6,876.3531041379708
10.8,876.6570267372365
11.0,876.9499336302567
11.2,877.2322919999648
11.4,877.5045459101491
11.6,877.7671170859691
11.8,878.0204057306655
12.0,878.2647913695941
12.2,878.5006337132836
12.4,878.728273531828
12.6,878.9480335335514
12.8,879.1602192415241
13.0,879.3651198621506
13.2,879.5630091406919
13.4,879.7541461992095
13.6,879.9387763530258
13.8,880.1171319023846
14.0,880.2894328965498
14.2,880.4558878681088
14.4,880.6166945357385
14.6,880.7720404741463
14.8,880.9221037503197
15.0,881.0670535255954
15.2,881.2070506234033
15.4,881.342248062841
15.6,881.4727915585065
15.8,881.5988199872423
16.0,881.7204658226466
16.2,881.8378555383662
16.4,881.951109981326
16.6,882.0603447161525
16.8,882.1656703421287
17.0,882.2671927840788
17.2,882.3650135586121
17.4,882.4592300171762
17.6,882.5499355673691
17.8,882.6372198739447
18.0,882.7211690409216
18.2,882.8018657761676
18.4,882.8793895397896
18.6,882.9538166776024
18.8,883.0252205408975
19.0,883.093671593669
19.2,883.1592375083909
19.4,883.2219832513765
19.6,883.2819711586812
19.8,883.3392610034481
20.0,883.3939100555298
20.2,883.4459731341553
20.4,883.4955026543543
20.6,883.5425486677844
20.8,883.587158898563
21.0,883.6293787746371
21.2,883.6692514551903
21.4,883.7068178545265
21.6,883.7421166628334
21.8,883.7751843641839
22.0,883.8060552521017
22.2,883.8347614429745
22.4,883.8613328875734
22.6,883.885797380906
22.8,883.9081805706019
23.0,883.928505964008
23.2,883.9467949341492
23.4,883.9630667246876
23.6,883.9773384539986
23.8,883.9896251184645
24.0,883.9999395950717
24.2,884.0082926433852
24.4,884.0146929069601
24.6,884.0191469142427
24.8,884.0216590789986
25.0,884.0222317003002
25.2,884.0208649620942
25.4,884.0175569323635
25.6,884.012303561888
25.8,884.0050986826002
26.0,883.9959340055279
26.2,883.9847991182988
26.4,883.9716814821841
26.6,883.9565664286409
26.8,883.9394371553059
27.0,883.9202747213812
27.2,883.8990580423447
27.4,883.8757638838994
27.6,883.8503668550654
27.8,883.8228394003016
28.0,883.7931517905249
28.2,883.7612721128797
28.4,883.7271662590838
28.6,883.690797912157
28.8,883.6521285313125
29.0,883.6111173347608
29.2,883.5677212801455
29.4,883.5218950423
29.6,883.4735909879697
29.8,883.422759147114
30.0,883.3693471803497
30.2,883.3133003420613
30.4,883.2545614386468
30.6,883.1930707813182
30.8,883.1287661328254
31.0,883.0615826474071
31.2,882.9914528032182
31.4,882.9183063264192
31.6,882.8420701060516
31.8,882.7626680987571
32.0,882.6800212223336
32.2,882.5940472370601
32.4,882.5046606136588
32.6,882.4117723867005
32.8,882.3152899922082
33.0,882.2151170881589
33.2,882.1111533565414
33.4,882.003294285593
33.6,881.8914309308104
33.8,881.7754496533175
34.0,881.6552318341747
34.2,881.5306535632275
34.4,881.4015853011324
34.6,881.26789151325
34.8,881.1294302741743
35.0,880.9860528417755
35.2,880.8376031997603
35.4,880.6839175679188
35.6,880.5248238794172
35.8,880.3601412247277
36.0,880.1896792620405
36.2,880.0132375943095
36.4,879.8306051134122
36.6,879.6415593122805
36.8,879.4458655662679
37.0,879.2432763854663
37.2,879.0335306401685
37.4,878.8163527621872
37.6,878.5914519252899
37.8,878.3585212085819
38.0,878.1172367472672
38.2,877.8672568758311
38.4,877.6082212693166
38.6,877.3397500889935
38.8,877.0614431393523
39.0,876.7728790439653
39.2,876.473614448359
39.4,876.1631832585978
39.6,875.841095924812
39.8,875.5068387793625
40.0,875.1598734397471
40.2,874.7996362866814
40.4,874.4255380280325
40.6,874.0369633594225
40.8,873.6332707323626
41.0,873.2137922406849
41.2,872.7778336358335
41.4,872.324674481215
41.6,871.8535684553203
41.8,871.3637438126779
42.0,870.8544040108935
42.2,870.3247285110803
42.4,869.7738737578608
42.6,869.2009743438599
42.8,868.6051443621868
43.0,867.9854789488492
43.2,867.3410560153513
43.4,866.6709381699239
43.6,865.9741748239211
43.8,865.2498044779292
44.0,864.4968571800703
44.2,863.7143571468864
44.4,862.9013255350717
44.6,862.0567833502118
44.8,861.1797544766208
45.0,860.2692688103599
45.2,859.3243654756112
45.4,858.3440961027992
45.6,857.3275281452159
45.8,856.2737482094633
46.0,855.181865373785
46.2,854.0510144673576
46.4,852.8803592828687
46.6,851.6690956942399
46.8,850.4164546511927
47.0,849.121705022486
47.2,847.7841562601247
47.4,846.4031608576214
47.6,844.9781165765052
47.8,843.5084684167142
48.0,841.993710308251
48.2,840.4333865035384
48.4,838.8270926522456
48.6,837.1744765429536
48.8,835.475238498857
49.0,833.7291314177373
49.2,831.9359604496486
49.4,830.0955823090897
49.6,828.2079042218725
49.8,826.2728825103754
50.0,824.2905208243589
