0.0,798.7632200775578
0.2,800.8995537204964
0.4,802.9960578336747
0.6,805.0531094715915
0.8,807.0710878522458
1.0,809.0503744660037
1.2,810.9913531740347
1.4,812.8944102959081
1.6,814.759934685993
1.8,816.5883177983376
2.0,818.3799537397528
2.2,820.1352393108677
2.4,821.8545740349671
2.6,823.5383601744682
2.8,825.1870027349405
3.0,826.8009094566137
3.2,828.3804907933692
3.4,829.9261598792526
3.6,831.4383324825894
3.8,832.9174269478306
4.0,834.3638641252975
4.2,835.7780672890378
4.4,837.160462043043
4.6,838.5114762161185
4.8,839.8315397457358
5.0,841.1210845512284
5.2,842.380544396733
5.4,843.6103547443017
5.6,844.8109525976491
5.8,845.9827763370182
6.0,847.1262655456811
6.2,848.2418608286087
6.4,849.3300036238647
6.6,850.3911360073013
6.8,851.4257004911433
7.0,852.4341398170673
7.2,853.4168967443848
7.4,854.3744138339556
7.6,855.3071332284545
7.8,856.2154964296227
8.0,857.0999440731318
8.2,857.9609157016916
8.4,858.7988495370214
8.6,859.6141822513018
8.8,860.4073487387172
9.0,861.1787818876818
9.2,861.9289123543332
9.4,862.6581683378619
9.6,863.3669753582263
9.8,864.0557560367863
10.0,864.7249298803645
10.2,865.3749130692282
10.4,866.0061182494549
10.6,866.6189543301253
10.8,867.2138262857598
11.0,867.7911349643864
11.2,868.3512769016062
11.4,868.8946441409865
11.6,869.421624061091
11.8,869.9325992094214
12.0,870.4279471435196
12.2,870.9080402794496
12.4,871.3732457478426
12.6,871.8239252576742
12.8,872.2604349678934
13.0,872.6831253670134
13.2,873.0923411607326
13.4,873.4884211676329
13.6,873.8716982229727
13.8,874.2424990905673
14.0,874.601144382721
14.2,874.9479484881541
14.4,875.2832195078388
14.6,875.6072591986427
14.8,875.9203629246495
15.0,876.222819616008
15.2,876.5149117351457
15.4,876.7969152501563
15.6,877.0690996151613
15.8,877.3317277574257
16.0,877.5850560709915
16.2,877.829334416588
16.4,878.0648061275516
16.6,878.2917080214917
16.8,878.510270417419
17.0,878.7207171580488
17.2,878.9232656369852
17.4,879.118126830481
17.6,879.305505333471
17.8,879.4855993995669
18.0,879.6586009846994
18.2,879.824695794096
18.4,879.9840633322768
18.6,880.1368769557564
18.8,880.2833039281353
19.0,880.4235054772735
19.2,880.5576368542356
19.4,880.6858473937044
19.6,880.8082805755638
19.8,880.9250740873553
20.0,881.0363598873223
20.2,881.1422642677578
20.4,881.2429079183833
20.6,881.338405989489
20.8,881.4288681545811
21.0,881.5143986722796
21.2,881.5950964472307
21.4,881.6710550897984
21.6,881.7423629743133
21.8,881.8091032956667
22.0,881.8713541240453
22.2,881.9291884576157
22.4,881.9826742729758
22.6,882.0318745732017
22.8,882.0768474333297
23.0,882.1176460431232
23.2,882.1543187469856
23.4,882.1869090808921
23.6,882.2154558062214
23.8,882.2399929403856
24.0,882.2605497841589
24.2,882.2771509456257
24.4,882.2898163606742
24.6,882.298561309975
24.8,882.3033964323944
25.0,882.3043277348058
25.2,882.3013565982695
25.4,882.2944797805661
25.6,882.2836894150803
25.8,882.2689730060374
26.0,882.2503134201153
26.2,882.2276888744557
26.4,882.2010729211196
26.6,882.1704344280337
26.8,882.135737556492
27.0,882.0969417352878
27.2,882.0540016315565
27.4,882.006867118429
27.6,881.9554832395995
27.8,881.8997901709272
28.0,881.8397231791985
28.2,881.7752125781915
28.4,881.706183682191
28.6,881.6325567571158
28.8,881.5542469694303
29.0,881.4711643330205
29.2,881.3832136542277
29.4,881.2902944752426
29.6,881.192301016071
29.8,881.0891221152921
30.0,880.9806411698413
30.2,880.8667360740574
30.4,880.7472791582422
30.6,880.6221371269902
30.8,880.4911709975513
31.0,880.3542360385022
31.2,880.2111817090007
31.4,880.0618515989122
31.6,879.9060833700979
31.8,879.74370869916
32.0,879.5745532219461
32.2,879.3984364801155
32.4,879.2151718700763
32.6,879.0245665945996
32.8,878.8264216174238
33.0,878.6205316211584
33.2,878.406684968797
33.4,878.1846636691477
33.6,877.9542433464869
33.8,877.7151932147378
34.0,877.4672760564695
34.2,877.2102482070086
34.4,876.9438595439465
34.6,876.6678534823155
34.8,876.3819669757025
35.0,876.0859305235509
35.2,875.7794681848964
35.4,875.4622975987637
35.6,875.1341300114403
35.8,874.7946703108241
36.0,874.4436170680287
36.2,874.0806625864102
36.4,873.7054929581561
36.6,873.3177881285669
36.8,872.9172219681263
37.0,872.5034623524434
37.2,872.0761712501223
37.4,871.6350048185918
37.6,871.1796135078994
37.8,870.7096421724526
38.0,870.2247301906594
38.2,869.7245115923953
38.4,869.208615194193
38.6,868.6766647420279
38.8,868.1282790615373
39.0,867.5630722154876
39.2,866.9806536682721
39.4,866.3806284571943
39.6,865.762597370262
39.8,865.1261571301893
40.0,864.4709005842756
40.2,863.7964168998038
40.4,863.1022917645716
40.6,862.388107592145
40.8,861.6534437313974
41.0,860.8978766798734
41.2,860.1209803004965
41.4,859.3223260411111
41.6,858.5014831563393
41.8,857.6580189312061
42.0,856.7914989059735
42.2,855.9014871016107
42.4,854.9875462453093
42.6,854.049237995448
42.8,853.0861231653976
43.0,852.0977619455516
43.2,851.0837141229671
43.4,850.0435392979894
43.6,848.9767970972483
43.8,847.8830473824013
44.0,846.7618504540169
44.2,845.6127672499914
44.4,844.4353595379065
44.6,843.2291901007474
44.8,841.9938229154131
45.0,840.7288233234774
45.2,839.4337581936658
45.4,838.1081960755492
45.6,836.7517073439749
45.8,835.3638643337772
46.0,833.9442414643534
46.2,832.4924153537046
46.4,831.0079649215932
46.6,829.490471481485
46.8,827.939518820998
47.0,826.3546932706076
47.2,824.7355837604006
47.4,823.081781864714
47.6,821.3928818345341
47.8,819.6684806175757
48.0,817.9081778660036
48.2,816.1115759318069
48.4,814.2782798498752
48.6,812.4078973088763
48.8,810.5000386100766
49.0,808.5543166142902
49.2,806.5703466771884
49.4,804.5477465732403
49.6,802.4861364086061
49.8,800.3851385233344
50.0,798.2443773832658
