0.0,807.0456381350178
0.2,809.1088466472785
0.4,811.1315409156108
0.6,813.1140602383572
0.8,815.0567492592381
1.0,816.9599582153689
1.2,818.8240431608115
1.4,820.6493661647626
1.6,822.4362954836007
1.8,824.1852057061294
2.0,825.8964778714791
2.2,827.5704995592566
2.4,829.2076649516521
2.6,830.8083748673433
2.8,832.373036767159
3.0,833.9020647315898
3.2,835.3958794103573
3.4,836.8549079443702
3.6,838.2795838605161
3.8,839.6703469398491
4.0,841.0276430598443
4.2,842.3519240114917
4.4,843.6436472921064
4.6,844.9032758748184
4.8,846.1312779558009
5.0,847.3281266803682
5.2,848.4942998491551
5.4,849.6302796056522
5.6,850.7365521064331
5.8,851.8136071754602
6.0,852.8619379438987
6.2,853.8820404769076
6.4,854.8744133889023
6.6,855.839557448804
6.8,856.7779751768064
7.0,857.6901704341916
7.2,858.5766480077269
7.4,859.4379131901661
7.6,860.2744713583559
7.8,861.0868275504331
8.0,861.8754860435603
8.2,862.640949933616
8.4,863.3837207182105
8.6,864.1042978843547
8.8,864.8031785020497
9.0,865.4808568250171
9.2,866.1378238997187
9.4,866.7745671837584
9.6,867.3915701746841
9.8,867.9893120501378
10.0,868.5682673202331
10.2,869.1289054929576
10.4,869.6716907533265
10.6,870.1970816569321
10.8,870.7055308384608
11.0,871.1974847356661
11.2,871.6733833292128
11.4,872.1336598987283
11.6,872.578740795323
11.8,873.0090452307662
12.0,873.4249850834339
12.2,873.8269647210722
12.4,874.2153808403549
12.6,874.5906223231473
12.8,874.9530701093282
13.0,875.3030970859616
13.2,875.6410679925533
13.4,875.9673393420807
13.6,876.2822593574282
13.8,876.5861679228226
14.0,876.8793965498187
14.2,877.1622683573469
14.4,877.4350980653056
14.6,877.6981920011464
14.8,877.9518481188788
15.0,878.1963560298965
15.2,878.431997045008
15.4,878.6590442270439
15.6,878.8777624533947
15.8,879.0884084878329
16.0,879.291231060961
16.2,879.4864709586291
16.4,879.6743611176662
16.6,879.855126728273
16.8,880.0289853424281
17.0,880.1961469876713
17.2,880.3568142856371
17.4,880.5111825747223
17.6,880.6594400362892
17.8,880.801767823821
18.0,880.9383401944618
18.2,881.0693246423946
18.4,881.1948820335292
18.6,881.3151667409943
18.8,881.4303267809462
19.0,881.5405039482312
19.2,881.6458339514618
19.4,881.7464465470848
19.6,881.8424656720483
19.8,881.9340095746905
20.0,882.0211909435011
20.2,882.1041170334263
20.4,882.182889789407
20.6,882.2576059668665
20.8,882.32835724888
21.0,882.3952303597808
21.2,882.4583071749765
21.4,882.5176648267651
21.6,882.5733758059641
21.8,882.6255080591744
22.0,882.6741250815253
22.2,882.7192860047543
22.4,882.761045680495
22.6,882.7994547586587
22.8,882.8345597608039
23.0,882.8664031484047
23.2,882.8950233859372
23.4,882.9204549987126
23.6,882.9427286253956
23.8,882.9618710651553
24.0,882.9779053194038
24.2,882.9908506280826
24.4,883.0007225004676
24.6,883.007532740466
24.8,883.0112894663857
25.0,883.0119971251631
25.2,883.0096565010405
25.4,883.0042647186876
25.6,882.9958152407695
25.8,882.9842978599646
26.0,882.9696986854441
26.2,882.9520001238262
26.4,882.9311808546261
26.6,882.9072158002263
26.8,882.8800760903989
27.0,882.8497290214153
27.2,882.8161380097872
27.4,882.7792625406889
27.6,882.7390581111201
27.8,882.6954761678718
28.0,882.6484640403739
28.2,882.5979648685075
28.4,882.5439175254759
28.6,882.4862565358419
28.8,882.42491198885
29.0,882.3598094471628
29.2,882.2908698511582
29.4,882.2180094189472
29.6,882.1411395422855
29.8,882.0601666785735
30.0,881.9749922391497
30.2,881.8855124741085
30.4,881.7916183538835
30.6,881.6931954478641
30.8,881.59012380033
31.0,881.4822778040076
31.2,881.3695260715759
31.4,881.2517313054718
31.6,881.1287501663603
31.8,881.0004331406661
32.0,880.8666244075789
32.2,880.7271617059656
32.4,880.5818762016513
32.6,880.4305923555447
32.8,880.2731277931081
33.0,880.1092931756934
33.2,879.9388920742805
33.4,879.7617208461766
33.6,879.5775685152515
33.8,879.3862166562976
34.0,879.1874392841175
34.2,878.9810027479584
34.4,878.7666656319168
34.6,878.5441786619494
34.8,878.3132846201324
35.0,878.0737182668099
35.2,877.8252062712787
35.4,877.5674671516523
35.6,877.3002112245393
35.8,877.0231405651696
36.0,876.7359489785807
36.2,876.4383219824747
36.4,876.129936802323
36.6,875.8104623792871
36.8,875.4795593914912
37.0,875.1368802891543
37.2,874.7820693440567
37.4,874.4147627137814
37.6,874.0345885211264
37.8,873.6411669490425
38.0,873.2341103514042
38.2,872.8130233798677
38.4,872.377503127017
38.6,871.9271392859408
38.8,871.4615143263228
39.0,870.9802036870624
39.2,870.4827759853794
39.4,869.9687932422826
39.6,869.4378111242185
39.8,868.8893792006346
40.0,868.3230412171266
40.2,867.7383353837555
40.4,867.1347946780501
40.6,866.5119471621325
40.8,865.8693163133239
41.0,865.2064213675186
41.2,864.5227776745336
41.4,863.817897064569
41.6,863.0912882248448
41.8,862.3424570854049
42.0,861.5709072130187
42.2,860.7761402120398
42.4,859.9576561310266
42.6,859.114953873872
42.8,858.2475316141355
43.0,857.3548872112277
43.2,856.4365186270536
43.4,855.4919243416871
43.6,854.5206037666184
43.8,853.5220576540929
44.0,852.495788501046
44.2,851.4413009461244
44.4,850.3581021582886
44.6,849.2457022154887
44.8,848.1036144719266
45.0,846.9313559124313
45.2,845.728447492506
45.4,844.4944144626396
45.6,843.2287866755197
45.8,841.9310988748346
46.0,840.60089096441
46.2,839.2377082564942
46.4,837.8411016980734
46.6,836.4106280741836
46.8,834.9458501872692
47.0,833.4463370117293
47.2,831.911663822892
47.4,830.3414122997603
47.6,828.7351706009786
47.8,827.0925334135811
48.0,825.4131019742023
48.2,823.6964840625405
48.4,821.9422939669934
48.6,820.1501524225023
48.8,818.3196865207673
49.0,816.4505295931175
49.2,814.5423210664453
49.4,812.5947062927359
49.6,810.6073363528415
49.8,808.5798678352728
50.0,806.51196259089
