0.0,865.9001455280697
0.2,866.5607493109333
0.4,867.2049730832222
0.6,867.8329967373711
0.8,868.4450036756095
1.0,869.0411808233529
1.2,869.6217186292909
1.4,870.186811052124
1.6,870.7366555339615
1.8,871.2714529604474
2.0,871.7914076077387
2.2,872.2967270765192
2.4,872.7876222132797
2.6,873.2643070191579
2.8,873.726998546673
3.0,874.175916784747
3.2,874.6112845324443
3.4,875.0333272619142
3.6,875.4422729710521
3.8,875.8383520264454
4.0,876.2217969971932
4.2,876.5928424802345
4.4,876.9517249178363
4.6,877.298682407927
4.8,877.633954507978
5.0,877.9577820331577
5.2,878.2704068494918
5.4,878.5720716627827
5.6,878.8630198040377
5.8,879.14349501217
6.0,879.413741214727
6.2,879.674002307404
6.4,879.9245219330887
6.6,880.1655432611773
6.8,880.3973087678819
7.0,880.6200600182407
7.2,880.8340374505146
7.4,881.0394801636386
7.6,881.2366257083645
7.8,881.4257098827111
8.0,881.6069665323013
8.2,881.7806273561399
8.4,881.9469217183491
8.6,882.1060764663448
8.8,882.2583157558996
9.0,882.4038608835042
9.2,882.542930126397
9.4,882.6757385905937
9.6,882.8024980672126
9.8,882.9234168973461
10.0,883.0386998456966
10.2,883.1485479831478
10.4,883.2531585784114
10.6,883.3527249988447
10.8,883.4474366205002
11.0,883.5374787474327
11.2,883.6230325402503
11.4,883.7042749538646
11.6,883.7813786843631
11.8,883.8545121248906
12.0,883.9238393304045
12.2,883.9895199911317
12.4,884.0517094145373
12.6,884.1105585155836
12.8,884.166213815041
13.0,884.2188174455864
13.2,884.2685071654112
13.4,884.3154163790406
13.6,884.3596741650516
13.8,884.4014053103664
14.0,884.4407303507837
14.2,884.4777656174048
14.4,884.5126232886004
14.6,884.5454114471626
14.8,884.5762341422799
15.0,884.6051914559724
15.2,884.6323795736245
15.4,884.6578908582507
15.6,884.6818139281374
15.8,884.7042337375049
16.0,884.7252316598357
16.2,884.7448855735305
16.4,884.7632699495502
16.6,884.7804559407194
16.8,884.7965114723702
17.0,884.8115013340198
17.2,884.8254872717816
17.4,884.8385280812254
17.6,884.8506797004097
17.8,884.8619953028262
18.0,884.8725253900044
18.2,884.8823178835391
18.4,884.8914182163194
18.6,884.899869422743
18.8,884.907712227722
19.0,884.9149851342902
19.2,884.9217245096443
19.4,884.9279646694514
19.6,884.9337379602816
19.8,884.9390748400241
20.0,884.9440039561633
20.2,884.9485522218023
20.4,884.9527448893273
20.6,884.9566056216228
20.8,884.9601565607506
21.0,884.963418394022
21.2,884.9664104173917
21.4,884.9691505961205
21.6,884.9716556226527
21.8,884.9739409716658
22.0,884.9760209522525
22.2,884.9779087572072
22.4,884.979616509385
22.6,884.9811553051153
22.8,884.9825352546494
23.0,884.9837655196283
23.2,884.9848543475575
23.4,884.9858091032843
23.6,884.9866362974648
23.8,884.9873416120206
24.0,884.9879299225793
24.2,884.9884053178974
24.4,884.988771116263
24.6,884.9890298788785
24.8,884.9891834202207
25.0,884.9892328153798
25.2,884.9891784043751
25.4,884.9890197934466
25.6,884.9887558533215
25.8,884.9883847144561
26.0,884.9879037592473
26.2,884.987309611217
26.4,884.9865981211644
26.6,884.9857643502863
26.8,884.9848025502616
27.0,884.9837061403028
27.2,884.9824676811713
27.4,884.9810788461589
27.6,884.9795303890372
27.8,884.9778121089804
28.0,884.9759128124651
28.2,884.9738202721585
28.4,884.9715211828058
28.6,884.9690011141316
28.8,884.9662444607768
29.0,884.9632343892918
29.2,884.9599527822177
29.4,884.9563801792896
29.6,884.9524957158021
29.8,884.9482770581852
30.0,884.943700336846
30.2,884.9387400763381
30.4,884.9333691229322
30.6,884.9275585696654
30.8,884.9212776789617
31.0,884.914493802923
31.2,884.9071723014005
31.4,884.8992764579699
31.6,884.8907673939416
31.8,884.881603980552
32.0,884.8717427494937
32.2,884.8611378019525
32.4,884.8497407163343
32.6,884.8375004548784
32.8,884.8243632693628
33.0,884.810272606124
33.2,884.7951690106269
33.4,884.7789900318271
33.6,884.761670126592
33.8,884.7431405644454
34.0,884.7233293329251
34.2,884.7021610438463
34.4,884.6795568407765
34.6,884.6554343080411
34.8,884.6297073815838
35.0,884.6022862620166
35.2,884.573077330204
35.4,884.5419830657279
35.6,884.5089019685895
35.8,884.4737284845073
36.0,884.4363529341725
36.2,884.3966614468255
36.4,884.3545358985168
36.6,884.3098538554146
36.8,884.2624885225167
37.0,884.2123086981227
37.2,884.1591787344092
37.4,884.1029585044519
37.6,884.0435033760164
37.8,883.9806641924387
38.0,883.914287260893
38.2,883.8442143483321
38.4,883.7702826853684
38.6,883.6923249783418
38.8,883.6101694297971
39.0,883.5236397675745
39.2,883.4325552826854
39.4,883.3367308761221
39.6,883.2359771147198
39.8,883.1301002961568
40.0,883.0189025231501
40.2,882.9021817868669
40.4,882.7797320595365
40.6,882.6513433962182
40.8,882.5168020456335
41.0,882.3758905699423
41.2,882.228387973298
41.4,882.074069838984
41.6,881.9127084748865
41.8,881.7440730670295
42.0,881.5679298408505
42.2,881.3840422298624
42.4,881.1921710513066
42.6,880.992074688366
42.8,880.783509278472
43.0,880.5662289072021
43.2,880.3399858072336
43.4,880.1045305617882
43.6,879.859612311971
43.8,879.6049789673792
44.0,879.3403774193351
44.2,879.0655537560709
44.4,878.7802534791747
44.6,878.484221720592
44.8,878.1772034594602
45.0,877.8589437380446
45.2,877.5291878760373
45.4,877.1876816824755
45.6,876.8341716645357
45.8,876.4684052324636
46.0,876.0901308999066
46.2,875.6990984789235
46.4,875.2950592689647
46.6,874.87776623913
46.8,874.4469742030332
47.0,874.0024399856289
47.2,873.5439225813823
47.4,873.0711833031979
47.6,872.5839859215549
47.8,872.0820967933353
48.0,871.5652849798723
48.2,871.0333223537908
48.4,870.4859836942543
48.6,869.923046770284
48.8,869.3442924118652
49.0,868.7495045686059
49.2,868.1384703557706
49.4,867.5109800875618
49.6,866.866827297581
49.8,866.2058087464547
50.0,865.5277244166706
