0.0,768.6281536546597
0.2,770.9442985122126
0.4,773.2192877756512
0.6,775.4540078673161
0.8,777.6493245353347
1.0,779.8060822032625
1.2,781.9251034032203
1.4,784.0071882938378
1.6,786.0531142637948
1.8,788.0636356212358
2.0,790.0394833688096
2.2,791.9813650635886
2.4,793.8899647606246
2.6,795.7659430384226
2.8,797.6099371041615
3.0,799.4225609760557
3.2,801.2044057398498
3.4,802.956039876066
3.6,804.6780096542784
3.8,806.3708395903842
4.0,808.0350329625702
4.2,809.6710723814389
4.4,811.279420409565
4.6,812.8605202255974
4.8,814.4147963279058
5.0,815.9426552726924
5.2,817.444486441455
5.4,818.9206628326832
5.6,820.3715418727102
5.8,821.7974662407084
6.0,823.1987647029295
6.2,824.5757529514178
6.4,825.9287344425982
6.6,827.2580012313247
6.8,828.563834796199
7.0,829.8465068521966
7.2,831.1062801469033
7.4,832.3434092369255
7.6,833.5581412413304
7.8,834.7507165692588
8.0,835.9213696191563
8.2,837.0703294473722
8.4,838.1978204041814
8.6,839.3040627355861
8.8,840.3892731495582
9.0,841.4536653456743
9.2,842.4974505073833
9.4,843.5208377564231
9.6,844.524034569163
9.8,845.5072471549053
10.0,846.4706807964118
10.2,847.4145401531397
10.4,848.3390295278812
10.6,849.2443530976774
10.8,850.1307151100558
11.0,850.9983200457838
11.2,851.8473727494612
11.4,852.6780785293956
11.6,853.4906432282909
11.8,854.2852732663623
12.0,855.0621756585517
12.2,855.821558007558
12.4,856.5636284744295
12.6,857.2885957284777
12.8,857.9966688782702
13.0,858.6880573854512
13.2,859.3629709631105
13.4,860.0216194603875
13.6,860.6642127349518
13.8,861.2909605149496
14.0,861.9020722519427
14.2,862.497756966302
14.4,863.0782230864411
14.6,863.643678283208
14.8,864.1943293006607
15.0,864.7303817843816
15.2,865.2520401083987
15.4,865.7595072016953
15.6,866.2529843752098
15.8,866.7326711501424
16.0,867.1987650883063
16.2,867.6514616251794
16.4,868.0909539062365
16.6,868.5174326270707
16.8,868.931085877738
17.0,869.3320989916951
17.2,869.7206543996363
17.4,870.096931488477
17.6,870.4611064656746
17.8,870.8133522290276
18.0,871.1538382420473
18.2,871.4827304149516
18.4,871.8001909912957
18.6,872.1063784402147
18.8,872.4014473542271
19.0,872.6855483525171
19.2,872.9588279895935
19.4,873.2214286691997
19.6,873.4734885633353
19.8,873.7151415362334
20.0,873.9465170731268
20.2,874.1677402136306
20.4,874.3789314895579
20.6,874.5802068669846
20.8,874.7716776923764
21.0,874.9534506425903
21.2,875.1256276785629
21.4,875.2883060025056
21.6,875.4415780184233
21.8,875.5855312957835
22.0,875.7202485361673
22.2,875.8458075427402
22.4,875.9622811923866
22.6,876.0697374103632
22.8,876.1682391473316
23.0,876.2578443586398
23.2,876.338605985733
23.4,876.4105719395825
23.6,876.473785086028
23.8,876.5282832329435
24.0,876.5740991191423
24.2,876.611260404946
24.4,876.6397896643576
24.6,876.6597043787797
24.8,876.671016932236
25.0,876.6737346080597
25.2,876.6678595870231
25.4,876.6533889468933
25.6,876.6303146634053
25.8,876.5986236126586
26.0,876.5582975749454
26.2,876.5093132400377
26.4,876.4516422139592
26.6,876.3852510272867
26.8,876.3101011450316
27.0,876.2261489781579
27.2,876.1333458968118
27.4,876.0316382453366
27.6,875.9209673591662
27.8,875.8012695836911
28.0,875.6724762952076
28.2,875.5345139240646
28.4,875.3873039801326
28.6,875.2307630807325
28.8,875.0648029811608
29.0,874.8893306079673
29.2,874.7042480951364
29.4,874.5094528233419
29.6,874.3048374624392
29.8,874.0902900173741
30.0,873.8656938776843
30.2,873.6309278707748
30.4,873.3858663191505
30.6,873.130379101787
30.8,872.8643317198198
31.0,872.5875853667295
31.2,872.2999970031893
31.4,872.0014194367405
31.6,871.691701406443
31.8,871.3706876726387
32.0,871.0382191119486
32.2,870.6941328176022
32.4,870.338262205177
32.6,869.9704371237984
32.8,869.5904839728188
33.0,869.1982258239628
33.2,868.7934825488869
33.4,868.3760709520558
33.6,867.9458049087995
33.8,867.5024955083567
34.0,867.045951201661
34.2,866.5759779535668
34.4,866.0923793991485
34.6,865.5949570036414
34.8,865.0835102255253
35.0,864.557836682176
35.2,864.0177323174344
35.4,863.4629915703698
35.6,862.8934075444287
35.8,862.3087721760788
36.0,861.7088764019835
36.2,861.093510323648
36.4,860.4624633684072
36.6,859.8155244455362
36.8,859.1524820961955
37.0,858.4731246358372
37.2,857.7772402876371
37.4,857.0646173054471
37.6,856.3350440847024
37.8,855.5883092596686
38.0,854.8242017853679
38.2,854.0425110024904
38.4,853.2430266835702
38.6,852.4255390586975
38.8,851.5898388190368
39.0,850.7357170964333
39.2,849.8629654174216
39.4,848.9713756299936
39.6,848.0607398015422
39.8,847.1308500864761
40.0,846.1814985620944
40.2,845.2124770314219
40.4,844.2235767918393
40.6,843.2145883684839
40.8,842.1853012115747
41.0,841.1355033569853
41.2,840.0649810496021
41.4,838.9735183292156
41.6,837.8608965789296
41.8,836.7268940363172
42.0,835.571285267821
42.2,834.3938406071584
42.4,833.1943255587818
42.6,831.9725001677359
42.8,830.7281183575429
43.0,829.4609272380563
43.2,828.1706663855191
43.4,826.8570670973644
43.6,825.519851624596
43.8,824.1587323848674
44.0,822.7734111596698
44.2,821.3635782792934
44.4,819.92891179949
44.6,818.4690766739923
44.8,816.9837239272559
45.0,815.4724898319894
45.2,813.9349950961843
45.4,812.3708440645088
45.6,810.7796239390159
45.8,809.1609040241977
46.0,807.5142350014468
46.2,805.8391482379864
46.4,804.1351551352953
46.6,802.40174652197
46.8,800.6383920958572
47.0,798.8445399201335
47.2,797.019615977814
47.4,795.1630237889425
47.6,793.2741440944437
47.8,791.35233461032
48.0,789.3969298555277
48.2,787.4072410565055
48.4,785.3825561309205
48.6,783.322139752775
48.8,781.2252335005644
49.0,779.0910560897047
49.2,776.9188036899614
49.4,774.707650328108
49.6,772.4567483755361
49.8,770.1652291200206
50.0,767.8322034203285
