0.0,753.3147633542125
0.2,755.6274214602565
0.4,757.9359905564172
0.6,760.2413291458437
0.8,762.5431237597918
1.0,764.8400171000383
1.2,767.1297846742659
1.4,769.4095436624456
1.6,771.6759761431907
1.8,773.9255492374007
2.0,776.1547169484807
2.2,778.3600920247047
2.4,780.5385804430732
2.6,782.6874754994734
2.8,784.8045124492032
3.0,786.8878877842459
3.2,788.9362493484114
3.4,790.9486645451627
3.6,792.9245739978991
3.8,794.8637373883569
4.0,796.7661770795016
4.2,798.6321237756923
4.4,800.4619670980104
4.6,802.2562127122374
4.8,804.0154466343151
5.0,805.7403065901316
5.2,807.4314598162102
5.4,809.0895864198928
5.6,810.7153673222269
5.8,812.3094758317234
6.0,813.8725719952783
6.2,815.4052990060857
6.4,816.9082810901149
6.6,818.3821224254322
6.8,819.8274067630934
7.0,821.2446975111915
7.2,822.634538115381
7.4,823.9974526223615
7.6,825.3339463507914
7.8,826.6445066204011
8.0,827.929603507745
8.2,829.1896906086153
8.4,830.4252057945648
8.6,831.6365719556524
8.8,832.8241977244313
9.0,833.9884781780032
9.2,835.1297955160774
9.4,836.2485197136992
9.6,837.3450091477864
9.8,838.4196111969458
10.0,839.472662814296
10.2,840.5044910732181
10.4,841.5154136861189
10.6,842.5057394964275
10.8,843.4757689441672
11.0,844.4257945055432
11.2,845.3561011070766
11.4,846.2669665148858
11.6,847.1586616997844
11.8,848.0314511789086
12.0,848.8855933346341
12.2,849.721340711571
12.4,850.5389402924478
12.6,851.3386337537131
12.8,852.1206577016926
13.0,852.8852438901374
13.2,853.6326194200038
13.4,854.3630069222921
13.6,855.0766247247641
13.8,855.7736870033427
14.0,856.4544039189851
14.2,857.118981740794
14.4,857.7676229561196
14.6,858.4005263683778
14.8,859.0178871832878
15.0,859.6198970842115
15.2,860.2067442972517
15.4,860.7786136467436
15.6,861.3356866017468
15.8,861.8781413141298
16.0,862.4061526488055
16.2,862.9198922066637
16.4,863.4195283407183
16.6,863.9052261659674
16.8,864.3771475634451
17.0,864.835451178923
17.2,865.2802924166984
17.4,865.7118234288918
17.6,866.1301931006515
17.8,866.5355470316554
18.0,866.9280275142713
18.2,867.3077735087313
18.4,867.6749206156553
18.6,868.0296010462414
18.8,868.3719435904333
19.0,868.7020735833512
19.2,869.0201128702683
19.4,869.3261797703934
19.6,869.6203890397139
19.8,869.9028518331356
20.0,870.1736756661475
20.2,870.4329643762245
20.4,870.680818084173
20.6,870.9173331556094
20.8,871.1426021627537
21.0,871.356713846709
21.2,871.5597530803859
21.4,871.7518008322245
21.6,871.9329341308514
21.8,872.1032260308093
22.0,872.2627455794741
22.2,872.4115577852809
22.4,872.5497235873602
22.6,872.677299826683
22.8,872.7943392188057
23.0,872.9008903282947
23.2,872.996997544909
23.4,873.0827010616059
23.6,873.1580368544304
23.8,873.2230366643471
24.0,873.2777279810573
24.2,873.3221340288461
24.4,873.356273754496
24.6,873.380161817293
24.8,873.3938085811545
25.0,873.397220108892
25.2,873.3903981586263
25.4,873.3733401823579
25.6,873.3460393266976
25.8,873.3084844357521
26.0,873.2606600561548
26.2,873.2025464442282
26.4,873.1341195752559
26.6,873.05535115484
26.8,872.9662086323103
27.0,872.866655216149
27.2,872.7566498913852
27.4,872.6361474389126
27.6,872.5050984566698
27.8,872.3634493826247
28.0,872.2111425194905
28.2,872.0481160610988
28.4,871.8743041203439
28.6,871.6896367586107
28.8,871.4940400165833
29.0,871.2874359463303
29.2,871.0697426445511
29.4,870.8408742868586
29.6,870.6007411629677
29.8,870.3492497126454
30.0,870.0863025622742
30.2,869.8117985618655
30.4,869.525632822353
30.6,869.2276967529843
30.8,868.9178780986185
31.0,868.596060976726
31.2,868.2621259138747
31.4,867.9159498814772
31.6,867.5574063305577
31.8,867.1863652252869
32.0,866.8026930750195
32.2,866.4062529645561
32.4,865.9969045823333
32.6,865.5745042462376
32.8,865.1389049267167
33.0,864.6899562668514
33.2,864.227504599029
33.4,863.7513929578511
33.6,863.2614610888791
33.8,862.757545452813
34.0,862.2394792246731
34.2,861.7070922875357
34.4,861.1602112203564
34.6,860.5986592793871
34.8,860.0222563726761
35.0,859.4308190271124
35.2,858.824160347457
35.4,858.2020899667729
35.6,857.5644139876459
35.8,856.9109349135593
36.0,856.2414515697589
36.2,855.555759012921
36.4,854.853648428909
36.6,854.134907017872
36.8,853.3993178659254
37.0,852.6466598026146
37.2,851.876707243351
37.4,851.0892300159785
37.6,850.2839931706164
37.8,849.4607567719032
38.0,848.6192756727531
38.2,847.7592992687295
38.4,846.8805712321331
38.6,845.9828292249055
38.8,845.065804589454
39.0,844.1292220165217
39.2,843.172799189246
39.4,842.1962464025868
39.6,841.199266157341
39.8,840.1815527280187
40.0,839.1427917039216
40.2,838.0826595028394
40.4,837.0008228568768
40.6,835.8969382700291
40.8,834.7706514472535
41.0,833.6215966949276
41.2,832.4493962927593
41.4,831.2536598374245
41.6,830.0339835584682
41.8,828.7899496073536
42.0,827.5211253210365
42.2,826.2270624621679
42.4,824.9072964391594
42.6,823.5613455111483
42.8,822.1887099857843
43.0,820.7888714224051
43.2,819.3612918605113
43.4,817.9054131049209
43.6,816.4206561164527
43.8,814.9064205829741
44.0,813.3620847831833
44.2,811.7870059080033
44.4,810.1805210753051
44.6,808.5419493653801
44.8,806.8705953175826
45.0,805.165754459594
45.2,803.4267215807179
45.4,801.6528025924506
45.6,799.8433309164697
45.8,797.9976893648235
46.0,796.115338382973
46.2,794.1958512617811
46.4,792.2389564405768
46.6,790.2445862850087
46.8,788.2129307237245
47.0,786.1444929033751
47.2,784.0401426641325
47.4,781.9011623015982
47.6,779.7292779759322
47.8,777.5266695029018
48.0,775.2959513649809
48.2,773.0401188205842
48.4,770.7624550769084
48.6,768.4663985936329
48.8,766.1553734930271
49.0,763.8325903811075
49.2,761.5008291034767
49.4,759.1622184604473
49.6,756.8180300998829
49.8,754.4685042295633
50.0,752.1127232031457
