0.0,866.8006720930584
0.2,867.4518025612849
0.4,868.086343969503
0.6,868.7044745184609
0.8,869.3063767255684
1.0,869.8922374443587
1.2,870.4622478670086
1.4,871.0166035098736
1.6,871.5555041820758
1.8,872.0791539372555
2.0,872.587761008679
2.2,873.0815377279639
2.4,873.5607004277616
2.6,874.0254693288019
2.8,874.4760684117774
3.0,874.9127252746072
3.2,875.3356709756806
3.4,875.7451398637425
3.6,876.14136939513
3.8,876.5245999391256
4.0,876.8950745722334
4.2,877.2530388622258
4.4,877.5987406428433
4.6,877.932429780061
4.8,878.2543579308627
5.0,878.5647782954774
5.2,878.8639453640557
5.4,879.15211465877
5.6,879.4295424723242
5.8,879.6964856038643
6.0,879.9532010932714
6.2,880.1999459548116
6.4,880.4369769110986
6.6,880.6645501283106
6.8,880.8829209535754
7.0,881.0923436554125
7.2,881.2930711680881
7.4,881.4853548407057
7.6,881.6694441918153
7.8,881.8455866702832
8.0,882.0140274231236
8.2,882.1750090709422
8.4,882.3287714915987
8.6,882.4755516126431
8.8,882.6155832130307
9.0,882.7490967345668
9.2,882.8763191034828
9.4,882.9974735624896
9.6,883.1127795136023
9.8,883.222452371977
10.0,883.3267034309489
10.2,883.425739738407
10.4,883.5197639845956
10.6,883.6089744013764
10.8,883.6935646729436
11.0,883.7737238579352
11.2,883.8496363228405
11.4,883.9214816865623
11.6,883.9894347759536
11.8,884.0536655921078
12.0,884.1143392871517
12.2,884.1716161512543
12.4,884.2256516095372
12.6,884.2765962285453
12.8,884.3245957319101
13.0,884.3697910248223
13.2,884.4123182269026
13.4,884.4523087130538
13.6,884.4898891618582
13.8,884.5251816110726
14.0,884.5583035197706
14.2,884.5893678366704
14.4,884.618483074189
14.6,884.6457533877557
14.8,884.6712786599268
15.0,884.6951545888406
15.2,884.7174727805606
15.4,884.738320844859
15.6,884.7577824940054
15.8,884.7759376441312
16.0,884.7928625187536
16.2,884.8086297540586
16.4,884.8233085055508
16.6,884.836964555698
16.8,884.8496604222111
17.0,884.8614554666153
17.2,884.872406002792
17.4,884.8825654051756
17.6,884.8919842163228
17.8,884.9007102535753
18.0,884.9087887145631
18.2,884.916262281312
18.4,884.9231712227343
18.6,884.9295534952987
18.8,884.9354448416982
19.0,884.9408788873421
19.2,884.9458872345239
19.4,884.9504995541236
19.6,884.9547436747263
19.8,884.9586456690461
20.0,884.9622299375623
20.2,884.9655192892857
20.4,884.9685350195871
20.6,884.971296985028
20.8,884.9738236751473
21.0,884.9761322811654
21.2,884.9782387615778
21.4,884.980157904615
21.6,884.9819033875583
21.8,884.9834878329007
22.0,884.9849228613541
22.2,884.9862191417047
22.4,884.9873864375236
22.6,884.9884336507444
22.8,884.9893688621205
23.0,884.9901993685786
23.2,884.9909317174826
23.4,884.9915717378298
23.6,884.9921245683934
23.8,884.9925946828317
24.0,884.9929859117799
24.2,884.9933014619396
24.4,884.9935439321838
24.6,884.9937153266853
24.8,884.9938170650825
25.0,884.9938499896896
25.2,884.9938143697568
25.4,884.9937099027841
25.6,884.9935357128877
25.8,884.9932903462185
26.0,884.9929717634257
26.2,884.9925773291593
26.4,884.9921037986
26.6,884.9915473010044
26.8,884.9909033202496
27.0,884.9901666723633
27.2,884.9893314800181
27.4,884.9883911439723
27.6,884.987338311436
27.8,884.9861648413441
28.0,884.9848617665139
28.2,884.9834192526679
28.4,884.981826554307
28.6,884.9800719674123
28.8,884.9781427789677
29.0,884.9760252132887
29.2,884.973704375154
29.4,884.9711641897385
29.6,884.9683873393491
29.8,884.9653551969772
30.0,884.9620477566837
30.2,884.9584435608424
30.4,884.954519624278
30.6,884.9502513553379
30.8,884.9456124739598
31.0,884.9405749267943
31.2,884.9351087994618
31.4,884.9291822260374
31.6,884.9227612958648
31.8,884.9158099578178
32.0,884.9082899221435
32.2,884.9001605600371
32.4,884.8913788011098
32.6,884.8818990289357
32.8,884.8716729748714
33.0,884.8606496103696
33.2,884.8487750380145
33.4,884.8359923815347
33.6,884.8222416750604
33.8,884.8074597519117
34.0,884.7915801332243
34.2,884.7745329167327
34.4,884.7562446660505
34.6,884.7366383008036
34.8,884.7156329879866
35.0,884.6931440349304
35.2,884.6690827842784
35.4,884.6433565113895
35.6,884.6158683245867
35.8,884.5865170686939
36.0,884.5551972323003
36.2,884.5217988592085
36.4,884.4862074645207
36.6,884.4483039558266
36.8,884.407964559956
37.0,884.3650607557577
37.2,884.3194592133655
37.4,884.2710217404065
37.6,884.2196052355971
37.8,884.1650616501674
38.0,884.1072379575352
38.2,884.0459761316405
38.4,883.9811131343337
38.6,883.912480912183
38.8,883.8399064030547
39.0,883.7632115527817
39.2,883.6822133422172
39.4,883.5967238249297
39.6,883.5065501757698
39.8,883.4114947504979
40.0,883.3113551566229
40.2,883.2059243355623
40.4,883.094990656193
40.6,882.9783380198115
40.8,882.8557459764795
41.0,882.7269898526816
41.2,882.5918408901715
41.4,882.4500663958314
41.6,882.3014299023206
41.8,882.1456913392333
42.0,881.982607214435
42.2,881.8119308051963
42.4,881.633412358686
42.6,881.4467993013386
42.8,881.2518364565587
43.0,881.0482662701746
43.2,880.8358290430089
43.4,880.6142631698834
43.6,880.3833053843389
43.8,880.1426910083018
44.0,879.8921542058988
44.2,879.6314282405799
44.4,879.3602457346843
44.6,879.0783389305514
44.8,878.7854399522574
45.0,878.4812810670417
45.2,878.1655949454644
45.4,877.8381149193351
45.6,877.4985752364405
45.8,877.1467113111011
46.0,876.7822599695902
46.2,876.4049596894595
46.4,876.0145508318254
46.6,875.6107758656975
46.8,875.193379583446
47.0,874.7621093065417
47.2,874.3167150807334
47.4,873.8569498598672
47.6,873.3825696775972
47.8,872.8933338062831
48.0,872.3890049024258
48.2,871.8693491380467
48.4,871.3341363174777
48.6,870.7831399790897
48.8,870.2161374815587
49.0,869.6329100743344
49.2,869.0332429520485
49.4,868.4169252926719
49.6,867.7837502793107
49.8,867.1335151055971
50.0,866.4660209647182
