0.0,859.8266656070178
0.2,860.5551240956256
0.4,861.2679253568865
0.6,861.9652514499485
0.8,862.6472853668329
1.0,863.3142110209825
1.2,863.9662132325876
1.4,864.6034777106604
1.6,865.2261910318451
1.8,865.8345406159535
2.0,866.4287146982367
2.2,867.0089022984048
2.4,867.5752931864255
2.6,868.1280778451367
2.8,868.667447429723
3.0,869.1935937241145
3.2,869.7067090943755
3.4,870.2069864391624
3.6,870.6946191373378
3.8,871.1698009928393
4.0,871.6327261769037
4.2,872.083589167766
4.4,872.52258468795
4.6,872.9499076392814
4.8,873.3657530357572
5.0,873.770315934415
5.2,874.1637913643477
5.4,874.5463742540179
5.6,874.9182593570279
5.8,875.2796411765079
6.0,875.6307138882872
6.2,875.9716712630155
6.4,876.3027065874047
6.6,876.6240125847645
6.8,876.9357813350036
7.0,877.2382041942698
7.2,877.5314717144041
7.4,877.815773562381
7.6,878.0912984399071
7.8,878.3582340033479
8.0,878.6167667841514
8.2,878.8670821099331
8.4,879.1093640263846
8.6,879.3437952201633
8.8,879.5705569429189
9.0,879.7898289366033
9.2,880.0017893602095
9.4,880.2066147180788
9.6,880.4044797899065
9.8,880.5955575625767
10.0,880.7800191639404
10.2,880.9580337986565
10.4,881.1297686861963
10.6,881.2953890011145
10.8,881.4550578156744
11.0,881.608936044914
11.2,881.7571823942259
11.4,881.899953309522
11.6,882.0374029300393
11.8,882.1696830438423
12.0,882.296943046062
12.2,882.4193298999099
12.4,882.5369881004934
12.6,882.6500596414522
12.8,882.7586839844263
13.0,882.8629980313622
13.2,882.9631360996506
13.4,883.0592299000841
13.6,883.1514085176198
13.8,883.2397983949155
14.0,883.3245233186109
14.2,883.4057044083119
14.4,883.4834601082317
14.6,883.5579061814386
14.8,883.6291557066489
15.0,883.6973190775036
15.2,883.7625040042574
15.4,883.8248155178073
15.6,883.8843559759795
15.8,883.9412250719931
16.0,883.9955198450109
16.2,884.0473346926866
16.4,884.0967613856126
16.6,884.1438890835701
16.8,884.1888043534813
17.0,884.2315911889583
17.2,884.2723310313451
17.4,884.3111027921425
17.6,884.3479828767088
17.8,884.3830452091241
18.0,884.4163612581093
18.2,884.448000063884
18.4,884.4780282658555
18.6,884.5065101310233
18.8,884.5335075829882
19.0,884.5590802314553
19.2,884.5832854021178
19.4,884.6061781668158
19.6,884.6278113738576
19.8,884.6482356783991
20.0,884.6674995727755
20.2,884.6856494166823
20.4,884.7027294671046
20.6,884.7187819078958
20.8,884.7338468789093
21.0,884.7479625045906
21.2,884.7611649219393
21.4,884.7734883077511
21.6,884.78496490506
21.8,884.7956250486941
22.0,884.8054971898728
22.2,884.814607919766
22.4,884.8229819919495
22.6,884.830642343687
22.8,884.8376101159762
23.0,884.8439046723006
23.2,884.8495436160325
23.4,884.854542806435
23.6,884.8589163732157
23.8,884.862676729593
24.0,884.8658345838314
24.2,884.8683989492166
24.4,884.8703771524371
24.6,884.8717748403483
24.8,884.8725959850988
25.0,884.8728428875999
25.2,884.8725161793284
25.4,884.8716148224537
25.6,884.8701361082857
25.8,884.8680756540454
26.0,884.8654273979615
26.2,884.862183592708
26.4,884.8583347971891
26.6,884.8538698666988
26.8,884.8487759414719
27.0,884.8430384336573
27.2,884.8366410127443
27.4,884.8295655894776
27.6,884.8217922983036
27.8,884.8132994783894
28.0,884.804063653266
28.2,884.7940595091474
28.4,884.7832598719821
28.6,884.7716356832996
28.8,884.7591559749146
29.0,884.7457878425588
29.2,884.7314964185127
29.4,884.7162448433118
29.6,884.6999942366085
29.8,884.6827036672715
30.0,884.6643301228077
30.2,884.6448284781974
30.4,884.624151464235
30.6,884.6022496354665
30.8,884.5790713378262
31.0,884.5545626760694
31.2,884.528667481103
31.4,884.5013272773205
31.6,884.4724812500453
31.8,884.4420662131909
32.0,884.410016577246
32.2,884.3762643176987
32.4,884.3407389440036
32.6,884.3033674692125
32.8,884.2640743803726
33.0,884.2227816098114
33.2,884.1794085074157
33.4,884.1338718140198
33.6,884.0860856360107
33.8,884.0359614212633
34.0,883.9834079365123
34.2,883.9283312462684
34.4,883.8706346933834
34.6,883.8102188813671
34.8,883.7469816585558
35.0,883.6808181042287
35.2,883.6116205167679
35.4,883.5392784039487
35.6,883.4636784754501
35.8,883.3847046376644
36.0,883.3022379908844
36.2,883.2161568289401
36.4,883.1263366413535
36.6,883.0326501180701
36.8,882.9349671568269
37.0,882.8331548732035
37.2,882.7270776134018
37.4,882.6165969697904
37.6,882.5015717992445
37.8,882.381858244305
38.0,882.2573097571702
38.2,882.1277771265339
38.4,881.993108507266
38.6,881.8531494529318
38.8,881.7077429511367
39.0,881.5567294616708
39.2,881.3999469574279
39.4,881.2372309680578
39.6,881.0684146263071
39.8,880.8933287169963
40.0,880.7118017285677
40.2,880.5236599071405
40.4,880.3287273129903
40.6,880.1268258793714
40.8,879.9177754735902
41.0,879.7013939602275
41.2,879.4774972664076
41.4,879.2458994489964
41.6,879.0064127636132
41.8,878.7588477353273
42.0,878.5030132309104
42.2,878.2387165325043
42.4,877.965763412566
42.6,877.6839582099403
42.8,877.3931039069083
43.0,877.0930022070606
43.2,876.7834536138319
43.4,876.464257509539
43.6,876.1352122347596
43.8,875.7961151678817
44.0,875.4467628046636
44.2,875.0869508376309
44.4,874.7164742351475
44.6,874.3351273199919
44.8,873.9427038472718
45.0,873.5389970815139
45.2,873.1237998727657
45.4,872.69690473155
45.6,872.2581039025155
45.8,871.8071894366299
46.0,871.3439532617701
46.2,870.8681872515633
46.4,870.3796832923423
46.6,869.878233348085
46.8,869.3636295232096
47.0,868.8356641231107
47.2,868.2941297123231
47.4,867.7388191702114
47.6,867.1695257440917
47.8,866.5860430996978
48.0,865.9881653689154
48.2,865.3756871947188
48.4,864.7484037732493
48.6,864.1061108929894
48.8,863.4486049709934
49.0,862.7756830861488
49.2,862.0871430094481
49.4,861.382783231269
49.6,860.6624029856603
49.8,859.9258022716552
50.0,859.1727818716317
