0.0,781.0198128443811
0.2,782.8194248499118
0.4,784.6365131171034
0.6,786.472176801563
0.8,788.3261987211353
1.0,790.1971509933951
1.2,792.082550759881
1.4,793.9790533459676
1.6,795.8826682537215
1.8,797.7889828836361
2.0,799.6933797649845
2.2,801.5912351216791
2.4,803.47808947569
2.6,805.3497843006708
2.8,807.2025620924073
3.0,809.0331302787538
3.2,810.838691895388
3.4,812.616947755432
3.6,814.3660758965839
3.8,816.084694445847
4.0,817.7718138132902
4.2,819.4267834654901
4.4,821.0492376008762
4.6,822.6390430065989
4.8,824.1962513465043
5.0,825.7210572042569
5.2,827.213762440213
5.4,828.6747468383791
5.6,830.1044446179653
5.8,831.5033261423507
6.0,832.8718840465392
6.2,834.2106229890751
6.4,835.5200522841443
6.6,836.8006807570661
6.8,838.0530132704228
7.0,839.2775484736511
7.2,840.4747774264983
7.4,841.6451828312421
7.6,842.7892386781373
7.8,843.9074101634934
8.0,845.0001537816698
8.2,846.0679175232087
8.4,847.1111411335443
8.6,848.1302564022704
8.8,849.1256874635861
9.0,850.0978510956523
9.2,851.0471570112734
9.4,851.9740081353397
9.6,852.878800866403
9.8,853.7619253209789
10.0,854.6237655599489
10.2,855.4646997969289
10.4,856.28510058879
10.6,857.0853350087301
10.8,857.865764802437
11.0,858.626746527984
11.2,859.3686316801724
11.4,860.0917668000806
11.6,860.7964935706212
11.8,861.4831488989232
12.0,862.1520649863749
12.2,862.8035693871632
12.4,863.4379850561435
12.6,864.0556303868613
12.8,864.6568192405343
13.0,865.2418609667812
13.2,865.8110604168554
13.4,866.3647179501194
13.6,866.9031294344601
13.8,867.4265862413118
14.0,867.9353752359219
14.2,868.4297787634523
14.4,868.9100746314821
14.6,869.3765360894276
14.8,869.8294318053728
15.0,870.269025840753
15.2,870.6955776233109
15.4,871.109341918702
15.6,871.5105688010939
15.8,871.899503623076
16.0,872.2763869851585
16.2,872.6414547051157
16.4,872.994937787399
16.6,873.3370623928171
16.8,873.66804980866
17.0,873.9881164194165
17.2,874.2974736782154
17.4,874.5963280791026
17.6,874.884881130243
17.8,875.1633293281259
18.0,875.4318641328307
18.2,875.6906719443999
18.4,875.939934080353
18.6,876.1798267543616
18.8,876.4105210560962
19.0,876.6321829322495
19.2,876.8449731687252
19.4,877.049047373983
19.6,877.244555963515
19.8,877.431644145432
20.0,877.6104519071241
20.2,877.7811140029671
20.4,877.943759943029
20.6,878.0985139827422
20.8,878.2454951134935
21.0,878.3848170540888
21.2,878.5165882430473
21.4,878.6409118316752
21.6,878.7578856778747
21.8,878.8676023406393
22.0,878.9701490751889
22.2,879.0656078287002
22.4,879.1540552365841
22.6,879.2355626192708
22.8,879.3101959794573
23.0,879.3780159997789
23.2,879.439078040866
23.4,879.4934321397511
23.6,879.5411230085932
23.8,879.5821900336864
24.0,879.6166672747288
24.2,879.644583464324
24.4,879.665962007694
24.6,879.6808209825856
24.8,879.6891731393524
25.0,879.6910259012044
25.2,879.6863813646113
25.4,879.6752362998573
25.6,879.6575821517436
25.8,879.6334050404408
26.0,879.6026857624953
26.2,879.565399791996
26.4,879.521517281916
26.6,879.4710030656407
26.8,879.4138166587018
27.0,879.3499122607357
27.2,879.2792387576947
27.4,879.2017397243313
27.6,879.1173534269914
27.8,879.0260128267439
28.0,878.9276455828842
28.2,878.8221740568476
28.4,878.7095153165692
28.6,878.5895811413367
28.8,878.4622780271721
29.0,878.3275071927915
29.2,878.1851645861826
29.4,878.0351408918522
29.6,877.8773215387824
29.8,877.711586709148
30.0,877.5378113478355
30.2,877.3558651728131
30.4,877.165612686393
30.6,876.9669131874282
30.8,876.7596207844841
31.0,876.5435844100231
31.2,876.3186478356316
31.4,876.0846496883236
31.6,875.8414234679417
31.8,875.5887975656764
32.0,875.3265952837141
32.2,875.0546348560205
32.4,874.772729470253
32.6,874.4806872907936
32.8,874.1783114828731
33.0,873.8654002377561
33.2,873.5417467989362
33.4,873.2071394892782
33.6,872.8613617390329
33.8,872.5041921146252
34.0,872.1354043481035
34.2,871.7547673671185
34.4,871.362045325271
34.6,870.9569976326574
34.8,870.5393789864003
35.0,870.1089394009417
35.2,869.665424237836
35.4,869.2085742347543
35.6,868.7381255333836
35.8,868.2538097058637
36.0,867.7553537793796
36.2,867.2424802584846
36.4,866.7149071446972
36.6,866.172347952876
36.8,865.6145117238402
37.0,865.041103032667
37.2,864.4518219920565
37.4,863.846364250119
37.6,863.2244209819097
37.8,862.5856788739912
38.0,861.9298201012839
38.2,861.256522295425
38.4,860.5654585038421
38.6,859.8562971387163
38.8,859.1287019150006
39.0,858.3823317766471
39.2,857.6168408101908
39.4,856.831878144845
39.6,856.0270878382763
39.8,855.2021087472465
40.0,854.3565743823498
40.2,853.490112746123
40.4,852.6023461538762
40.6,851.6928910366964
40.8,850.7613577262198
41.0,849.8073502209784
41.2,848.8304659344502
41.4,847.8302954254309
41.6,846.8064221121185
41.8,845.7584219725195
42.0,844.6858632356955
42.2,843.5883060713707
42.4,842.4653022900404
42.6,841.3163950727684
42.8,840.1411187603647
43.0,838.9389987470148
43.2,837.709551545379
43.4,836.4522851207639
43.6,835.1666996333499
43.8,833.8522887817586
44.0,832.5085420099865
44.2,831.1349479232251
44.4,829.7309993545174
44.6,828.2962006285272
44.8,826.8300776715124
45.0,825.3321917030448
45.2,823.8021572942023
45.4,822.2396655620481
45.6,820.6445131598416
45.8,819.0166374836382
46.0,817.3561581189479
46.2,815.6634239758373
46.4,813.9390648045913
46.6,812.1840448695859
46.8,810.3997155413028
47.0,808.587862536253
47.2,806.750742617206
47.4,804.8911039131559
47.6,803.0121837924189
47.8,801.1176785742838
48.0,799.2116804074161
48.2,797.2985784231737
48.4,795.3829237454744
48.6,793.4692609581447
48.8,791.561931944323
49.0,789.6648612833667
49.2,787.781335231438
49.4,785.9137883346591
49.6,784.0636125971901
49.8,782.2310036314302
50.0,780.4148562897477
